25.104415
18.650672
14.514274
14.340837
14.303689
14.272072
14.243273
14.216846
14.192507
14.170017
14.149164
14.129764
14.111652
14.094684
14.078730
14.063677
14.049422
14.035875
14.022954
14.010586
13.998706
13.987255
13.976182
13.965438
13.954983
13.944777
13.934788
13.924985
13.915341
13.905833
13.896441
13.887146
13.877934
13.868790
13.859703
13.850665
13.841667
13.832703
13.823768
13.814856
13.805965
13.797090
13.788228
13.779374
13.770525
13.761676
13.752821
13.743956
13.735072
13.726163
13.717222
13.708239
13.699205
13.690113
13.680951
13.671711
13.662383
13.652957
13.643424
13.633775
13.624001
13.614094
13.604046
13.593849
13.583497
13.572981
13.562298
13.551439
13.540400
13.529176
13.517760
13.506149
13.494336
13.482317
13.470086
13.457637
13.444964
13.432061
13.418918
13.405528
13.391882
13.377969
13.363776
13.349292
13.334502
13.319389
13.303936
13.288124
13.271932
13.255336
13.238312
13.220833
13.202870
13.184393
13.165368
13.145760
13.125533
13.104648
13.083063
13.060737
13.037623
13.013675
12.988845
12.963079
12.936327
12.908530
12.879631
12.849568
12.818278
12.785694
12.751747
12.716365
12.679477
12.641013
12.600902
12.559082
12.515498
12.470107
12.422887
12.373841
12.323001
12.270442
12.216281
12.160687
12.103877
12.046115
11.987704
11.928969
11.870244
11.811847
11.754063
11.697130
11.641230
11.586479
11.532936
11.480601
11.429427
11.379331
11.330196
11.281885
11.234243
11.187108
11.140311
11.093684
11.047062
11.000289
10.953217
10.905715
10.857666
10.808971
10.759546
10.709328
10.658264
10.606319
10.553464
10.499676
10.444934
10.389213
10.332477
10.274674
10.215730
10.155543
10.093970
10.030824
9.965861
9.898764
9.829130
9.756446
9.680052
9.599103
9.512501
9.418820
9.316224
9.202413
9.074717
8.930568
8.768658
8.590741
8.402708
8.212953
8.028637
7.853308
7.687238
7.529033
7.377046
7.230116
7.087774
6.950160
6.817838
6.691602
6.572281
6.460596
6.357032
6.261780
6.174719
6.095466
6.023460
5.958070
5.898684
5.844774
5.795920
5.751795
5.712140
5.676719
5.645282
5.617541
5.593155
5.571729
5.552830
5.535999
5.520775
5.506711
5.493389
5.480427
5.467490
5.454295
5.440612
5.426264
5.411124
5.395107
5.378166
5.360281
5.341452
5.321692
5.301020
5.279459
5.257046
5.233853
5.210011
5.185745
5.161375
5.137271
5.113769
5.091105
5.069401
5.048708
5.029062
5.010525
4.993188
4.977148
4.962458
4.949062
4.936745
4.925136
4.913760
4.902139
4.889866
4.876651
4.862328
4.846828
4.830144
4.812303
4.793341
4.773297
4.752207
4.730103
4.707017
4.682987
4.658053
4.632267
4.605694
4.578416
4.550533
4.522166
4.493455
4.464561
4.435659
4.406933
4.378571
4.350753
4.323643
4.297386
4.272093
4.247849
4.224702
4.202673
4.181753
4.161915
4.143111
4.125281
4.108358
4.092266
4.076926
4.062257
4.048173
4.034589
4.021419
4.008577
3.995982
3.983558
3.971237
3.958960
3.946685
3.934382
3.922035
3.909643
3.897217
3.884773
3.872331
3.859907
3.847498
3.835079
3.822593
3.809951
3.797045
3.783766
3.770027
3.755778
3.741010
3.725746
3.710029
3.693905
3.677415
3.660592
3.643458
3.626024
3.608298
3.590281
3.571973
3.553374
3.534488
3.515325
3.495900
3.476242
3.456390
3.436398
3.416332
3.396271
3.376299
3.356507
3.336984
3.317809
3.299047
3.280736
3.262885
3.245463
3.228406
3.211624
3.195024
3.178525
3.162085
3.145689
3.129336
3.113003
3.096631
3.080122
3.063347
3.046137
3.028225
3.009101
2.987699
2.961624
2.924872
2.858491
2.717398
3.099557
2.599637
2.604641
2.548425
2.601770
2.498212
2.641313
2.535040
2.526456
2.521477
2.660590
2.638566
2.323883
2.512782
2.620407
2.812443
2.529519
2.356880
2.773406
2.617026
2.780817
2.478558
2.575073
2.044078
2.994202
2.478623
2.654343
2.383853
2.756953
2.691079
2.217862
2.114584
2.762113
2.832964
2.256157
2.010049
2.697971
2.757206
2.169979
2.118659
2.649705
2.859648
1.823516
2.634089
2.856349
1.854863
2.604567
2.777809
1.779594
2.614415
2.881505
1.783848
2.598149
2.907419
1.743358
2.514793
2.698223
1.748052
2.467193
2.503699
1.842419
2.146203
2.774585
2.194014
1.834753
2.258137
1.811924
2.096607
1.464924
2.225462
2.187390
2.944899
1.516879
1.815810
1.448953
2.149992
2.143964
1.263572
1.497134
2.320291
2.321209
1.232558
1.631603
1.064215
2.338383
2.044811
1.086773
1.034575
1.198619
1.831696
1.103115
0.934631
0.889009
0.820056
0.785657
0.807781
0.807872
0.797015
0.776250
0.770116
0.785877
0.716848
0.629945
1.051150
0.799882
0.754558
0.778393
1.054844
0.785410
0.928704
1.570630
1.245360
0.753251
0.706924
1.582306
1.218698
2.510532
1.134093
0.982191
0.976374
1.119291
1.653865
1.399069
0.795090
0.543504
0.735751
0.568130
0.837736
0.543810
1.078381
0.642551
0.512543
0.891309
0.825306
0.992224
0.636641
1.563362
1.281910
0.545705
0.725572
0.585289
0.602570
0.496938
0.714246
0.567218
