16.625900
14.339222
13.865801
13.648934
13.518516
13.416936
13.324966
13.235393
13.144763
13.050881
12.952181
12.847757
12.737610
12.622779
12.505065
12.386397
12.268242
12.151376
12.036015
11.922074
11.809376
11.697750
11.587017
11.476917
11.367004
11.256542
11.144411
11.029054
10.908497
10.780476
10.642734
10.493427
10.331484
10.156691
9.969521
9.770917
9.562178
9.344970
9.121525
8.894962
8.669265
8.448493
8.235650
8.032096
7.837796
7.651962
7.473609
7.301882
7.136166
6.976067
6.821366
6.671957
6.527838
6.389120
6.256057
6.129059
6.008649
5.895387
5.789737
5.691954
5.602009
5.519574
5.444084
5.374827
5.311040
5.251992
5.197029
5.145601
5.097256
5.051630
5.008424
4.967386
4.928289
4.890922
4.855082
4.820573
4.787213
4.754838
4.723306
4.692504
4.662345
4.632772
4.603747
4.575252
4.547279
4.519826
4.492892
4.466474
4.440560
4.415129
4.390146
4.365561
4.341307
4.317299
4.293433
4.269589
4.245630
4.221404
4.196748
4.171493
4.145472
4.118527
4.090523
4.061352
4.030938
3.999231
3.966204
3.931839
3.896123
3.859042
3.820587
3.780769
3.739637
3.697287
3.653872
3.609584
3.564634
3.519200
3.473378
3.427123
3.380211
3.332259
3.282931
3.232545
3.183023
3.137803
3.099086
3.065696
3.035207
3.006335
2.978823
2.952559
2.927155
2.902038
2.876684
2.850937
2.825243
2.800574
2.778007
2.758360
2.741810
2.727520
2.713960
2.699675
2.683877
2.666682
2.649157
2.633416
2.622739
2.620971
2.628403
2.635086
2.634968
2.631707
2.626703
2.618718
2.609658
2.602695
2.597411
2.594099
2.593662
2.592457
2.588132
2.581707
2.572373
2.558277
2.541488
2.525280
2.509007
2.493290
2.480926
2.470256
2.458778
2.449521
2.443783
2.435850
2.425993
2.422628
2.420642
2.409407
2.401617
2.408855
2.402885
2.383613
2.392230
2.396049
2.360069
2.303354
2.339043
2.325738
2.356363
2.315244
2.303900
2.426920
2.468711
2.269784
2.249161
2.459684
2.070459
2.640638
2.187996
2.454498
2.420598
2.176476
2.563248
2.101148
2.286815
2.589896
2.151267
2.558283
2.137059
2.282858
2.422731
1.868615
2.803799
1.864684
2.452337
2.463580
1.939933
2.353592
1.947248
2.555437
2.509683
1.785246
2.510125
1.947757
2.581392
1.877382
2.790649
2.031618
2.639275
1.777593
2.084138
1.899318
2.143709
1.958353
2.410109
2.406675
2.090453
2.491953
1.984290
2.035025
1.941283
2.531849
2.328085
2.634564
1.881843
2.529207
2.163505
2.083465
2.430084
1.876106
2.477723
2.444755
2.277855
2.093311
2.263300
2.638011
1.737903
1.719628
2.047816
2.034182
2.018814
1.743237
1.622169
1.649356
1.923640
1.543116
1.543966
1.554090
2.191400
1.520217
1.564744
1.834671
1.519889
1.514869
1.511674
1.510068
1.509279
1.508852
1.508507
1.508125
1.507680
1.507174
1.506618
1.506025
1.505407
1.504775
1.504138
1.503503
1.502870
1.502242
1.501617
1.500999
1.500387
1.499783
1.499187
1.498602
1.498026
1.497461
1.496908
1.496366
1.495837
1.495320
1.494816
1.494325
1.493848
1.493384
1.492935
1.492499
1.492077
1.491669
1.491276
1.490898
1.490534
1.490185
1.489852
1.489535
1.489237
1.488957
1.488699
1.488466
1.488263
1.488100
1.487991
1.487961
1.488058
1.488386
1.489209
1.491399
1.499914
1.639402
1.967229
1.955787
1.928836
3.089376
1.689511
1.968498
1.956828
1.940209
2.058338
1.967726
1.961954
1.956322
1.948226
1.927318
1.927604
1.484778
1.470587
1.466825
1.467990
1.469076
1.469484
1.469535
1.469377
1.469105
1.468775
1.468416
1.468043
1.467662
1.467278
1.466893
1.466510
1.466130
1.465757
1.465393
1.465040
1.464702
1.464381
1.464082
1.463807
1.463557
1.463332
1.463129
1.462945
1.462772
1.462603
1.462429
1.462241
1.462028
1.461782
1.461492
1.461143
1.460721
1.460207
1.459579
1.458810
1.457866
1.456710
1.455299
1.453584
1.451514
1.449035
1.446095
1.442646
1.438660
1.434181
1.429542
1.426616
1.447681
2.982550
1.882545
1.477137
1.490842
1.456852
1.457621
1.506205
1.504288
1.576192
1.843654
1.818818
1.797880
2.666069
1.459822
1.473204
1.426825
1.410300
1.436263
1.398180
1.377390
1.330069
1.265615
1.215293
1.229341
1.210917
1.314394
1.137966
1.218351
2.030921
2.470667
1.607905
1.483239
1.660526
2.432864
1.798802
3.837278
1.564444
1.565079
3.660945
4.524324
1.955732
2.695685
3.550856
3.151943
1.846891
1.571514
1.385092
1.480896
1.739723
1.430245
1.439999
1.443200
1.936893
1.400650
1.319496
1.368766
1.289384
1.280144
1.172024
1.293036
1.162738
1.375857
1.154403
1.267277
1.116728
1.123581
1.132201
1.752471
1.515664
1.087958
1.660663
3.564161
2.169190
2.486289
2.717807
3.301984
2.264656
3.352001
2.863687
2.180573
2.130069
1.956748
2.346533
2.327675
3.569090
1.569237
2.856394
2.263033
2.459007
2.035589
1.854929
1.652865
1.895463
1.851107
2.172150
1.846487
1.780113
1.534234
1.391228
1.430824
1.433417
1.308334
1.318714
1.382273
1.361859
1.298517
1.277605
1.194681
1.236469
1.135539
1.257805
1.122454
1.572459
1.503847
3.028836
2.195844
1.736285
2.325193
3.765313
3.021516
1.884404
2.242107
1.761242
2.263298
1.588427
1.483808
1.403955
1.314173
1.183174
1.141140
1.222495
1.104077
1.130898
1.066986
1.047158
1.027807
1.024279
1.022339
1.021105
1.020234
1.019572
1.019041
1.018597
1.018215
1.017878
1.017576
1.017300
1.017046
1.016810
1.016589
1.016381
1.016184
1.015997
1.015819
1.015648
1.015484
1.015327
1.015175
1.015029
1.014887
1.014750
1.014618
1.014489
1.014364
1.014243
1.014125
1.014010
1.013898
1.013789
1.013682
1.013578
1.013476
1.013377
1.013280
1.013185
1.013092
1.013001
1.012912
1.012824
1.012738
1.012654
1.012572
1.012491
1.012412
1.012334
1.012257
1.012182
1.012108
1.012035
1.011963
1.011893
1.011824
1.011756
1.011689
1.011623
1.011558
1.011494
1.011431
1.011369
1.011308
1.011248
1.011188
1.011130
1.011072
1.011015
1.010959
1.010903
1.010848
1.010794
1.010741
1.010689
1.010637
1.010585
1.010535
1.010485
1.010435
1.010387
1.010338
1.010291
1.010244
1.010197
1.010151
1.010106
1.010061
1.010016
1.009972
1.009929
1.009886
1.009843
1.009801
1.009759
1.009718
1.009678
1.009637
1.009597
1.009558
1.009519
1.009480
1.009441
1.009403
1.009366
1.009329
1.009292
1.009255
1.009219
1.009183
1.009148
1.009113
1.009078
1.009043
1.009009
1.008975
1.008941
1.008908
1.008875
1.008842
1.008810
1.008778
1.008746
1.008714
1.008683
1.008652
1.008621
1.008590
1.008560
1.008530
1.008500
1.008470
1.008441
1.008412
1.008383
1.008354
1.008326
1.008298
1.008270
1.008242
1.008214
1.008187
1.008160
1.008133
1.008106
1.008080
1.008053
1.008027
1.008001
1.007976
1.007950
1.007925
1.007899
1.007874
1.007850
1.007825
1.007800
1.007776
1.007752
1.007728
1.007704
1.007680
1.007657
1.007633
