25.851326
25.826892
25.800628
25.772326
25.741746
25.708611
25.672596
25.633322
25.590342
25.543125
25.491039
25.433321
25.369048
25.297093
25.216065
25.124232
25.019418
24.898856
24.758991
24.595196
24.401383
24.169448
23.888495
23.543794
23.115477
22.577238
21.896113
21.036264
19.973115
18.725221
17.394898
16.165685
15.208686
14.577154
14.211479
14.017571
13.920057
13.872475
13.849641
13.838776
13.833614
13.831143
13.829930
13.829300
13.828937
13.828693
13.828501
13.828331
13.828169
13.828010
13.827852
13.827694
13.827535
13.827376
13.827217
13.827058
13.826899
13.826741
13.826583
13.826425
13.826268
13.826111
13.825954
13.825799
13.825643
13.825488
13.825334
13.825179
13.825026
13.824873
13.824720
13.824568
13.824416
13.824265
13.824114
13.823964
13.823814
13.823665
13.823516
13.823367
13.823219
13.823072
13.822924
13.822778
13.822632
13.822486
13.822340
13.822195
13.822051
13.821907
13.821763
13.821620
13.821477
13.821335
13.821193
13.821052
13.820910
13.820770
13.820630
13.820490
13.820350
13.820211
13.820073
13.819935
13.819797
13.819659
13.819522
13.819386
13.819250
13.819114
13.818979
13.818844
13.818709
13.818575
13.818441
13.818308
13.818174
13.818042
13.817910
13.817778
13.817646
13.817515
13.817384
13.817254
13.817124
13.816994
13.816865
13.816736
13.816607
13.816479
13.816351
13.816224
13.816097
13.815970
13.815844
13.815718
13.815592
13.815467
13.815342
13.815217
13.815093
13.814969
13.814845
13.814722
13.814599
13.814476
13.814354
13.814232
13.814111
13.813989
13.813868
13.813748
13.813628
13.813508
13.813388
13.813269
13.813150
13.813031
13.812913
13.812795
13.812677
13.812560
13.812443
13.812326
13.812210
13.812094
13.811978
13.811863
13.811747
13.811632
13.811518
13.811404
13.811290
13.811176
13.811063
13.810950
13.810837
13.810724
13.810612
13.810500
13.810389
13.810278
13.810167
13.810056
13.809945
13.809835
13.809725
13.809616
13.809507
13.809397
13.809289
13.809180
13.809072
13.808964
13.808857
13.808749
13.808642
13.808535
13.808429
13.808323
13.808217
13.808111
13.808005
13.807900
13.807795
13.807691
13.807586
13.807482
13.807378
13.807274
13.807171
13.807068
13.806965
13.806862
13.806760
13.806658
13.806556
13.806454
13.806353
13.806252
13.806151
13.806050
13.805950
13.805850
13.805750
13.805650
13.805551
13.805452
13.805353
13.805254
13.805156
13.805057
13.804959
13.804862
13.804764
13.804667
13.804570
13.804473
13.804376
13.804280
13.804184
13.804088
13.803992
13.803897
13.803801
13.803706
13.803611
13.803517
13.803422
13.803328
13.803234
13.803141
13.803047
13.802954
13.802861
13.802768
13.802675
13.802583
13.802490
13.802398
13.802306
13.802215
13.802123
13.802032
13.801941
13.801850
13.801760
13.801669
13.801579
13.801489
13.801399
13.801310
13.801220
13.801131
13.801042
13.800953
13.800865
13.800776
13.800688
13.800600
13.800512
13.800424
13.800337
13.800249
13.800162
13.800075
13.799989
13.799902
13.799816
13.799730
13.799644
13.799558
13.799472
13.799387
13.799301
13.799216
13.799131
13.799047
13.798962
13.798878
13.798793
13.798709
13.798625
13.798542
13.798458
13.798375
13.798292
13.798209
13.798126
13.798043
13.797961
13.797878
13.797796
13.797714
13.797632
13.797551
13.797469
13.797388
13.797307
13.797225
13.797145
13.797064
13.796983
13.796903
13.796823
13.796743
13.796663
13.796583
13.796503
13.796424
13.796345
13.796265
13.796186
13.796108
13.796029
13.795950
13.795872
13.795794
13.795716
13.795638
13.795560
13.795482
13.795405
13.795327
13.795250
13.795173
13.795096
13.795019
13.794943
13.794866
13.794790
13.794713
13.794637
13.794561
13.794486
13.794410
13.794334
13.794259
13.794184
13.794109
13.794034
13.793959
13.793884
13.793809
13.793735
13.793661
13.793586
13.793512
13.793438
13.793364
13.793291
13.793217
13.793144
13.793070
13.792997
13.792924
13.792851
13.792778
13.792706
13.792633
13.792561
13.792488
13.792416
13.792344
13.792272
13.792200
13.792129
13.792057
13.791986
13.791914
13.791843
13.791772
13.791701
13.791630
13.791559
13.791489
13.791418
13.791348
13.791277
13.791207
13.791137
13.791067
13.790997
13.790927
13.790858
13.790788
13.790719
13.790649
13.790580
13.790511
13.790442
13.790373
13.790304
13.790236
13.790167
13.790098
13.790030
13.789962
13.789894
13.789825
13.789758
13.789690
13.789622
13.789554
13.789487
13.789419
13.789352
13.789284
13.789217
13.789150
13.789083
13.789016
13.788949
13.788883
13.788816
13.788750
13.788683
13.788617
13.788551
13.788484
13.788418
13.788352
13.788287
13.788221
13.788155
13.788089
13.788024
13.787958
13.787893
13.787828
13.787763
13.787698
13.787633
13.787568
13.787503
13.787438
13.787373
13.787309
13.787244
13.787180
13.787116
13.787051
13.786987
13.786923
13.786859
13.786795
13.786731
13.786668
13.786604
13.786540
13.786477
13.786413
13.786350
13.786287
13.786223
13.786160
13.786097
13.786034
13.785971
13.785908
13.785846
13.785783
13.785720
13.785658
13.785595
13.785533
13.785470
13.785408
13.785346
13.785284
13.785222
13.785160
13.785098
13.785036
13.784974
13.784912
13.784851
13.784789
13.784728
13.784666
13.784605
13.784543
13.784482
13.784421
13.784360
13.784299
13.784238
13.784177
13.784116
13.784055
13.783994
13.783933
13.783873
13.783812
13.783752
13.783691
13.783631
13.783570
13.783510
13.783450
13.783390
13.783329
13.783269
13.783209
13.783149
13.783089
13.783030
13.782970
13.782910
13.782850
13.782791
13.782731
13.782671
13.782612
13.782553
13.782493
13.782434
13.782374
13.782315
13.782256
13.782197
13.782138
13.782079
13.782020
13.781961
13.781902
13.781843
13.781784
13.781725
13.781667
13.781608
13.781549
13.781491
13.781432
13.781374
13.781315
13.781257
13.781199
13.781140
13.781082
13.781024
13.780965
13.780907
13.780849
13.780791
13.780733
13.780675
13.780617
13.780559
13.780501
13.780443
13.780386
13.780328
13.780270
13.780212
13.780155
13.780097
13.780039
13.779982
13.779924
13.779867
13.779809
13.779752
13.779695
13.779637
13.779580
13.779523
13.779465
13.779408
13.779351
13.779294
13.779237
13.779179
13.779122
13.779065
13.779008
13.778951
13.778894
13.778837
13.778780
13.778723
13.778667
13.778610
13.778553
13.778496
13.778439
13.778383
13.778326
13.778269
13.778213
13.778156
13.778099
13.778043
13.777986
13.777930
13.777873
13.777816
13.777760
13.777703
13.777647
13.777591
13.777534
13.777478
13.777421
13.777365
13.777309
13.777252
13.777196
13.777140
13.777083
13.777027
13.776971
13.776915
13.776858
13.776802
13.776746
13.776690
13.776634
13.776578
13.776521
13.776465
13.776409
13.776353
13.776297
13.776241
13.776185
13.776129
13.776073
13.776017
13.775961
13.775905
13.775849
13.775793
13.775737
13.775681
13.775625
13.775569
13.775513
13.775457
13.775401
13.775345
13.775289
13.775233
13.775177
13.775121
13.775065
13.775009
13.774953
13.774898
13.774842
13.774786
13.774730
13.774674
13.774618
13.774562
13.774506
13.774450
13.774394
13.774338
13.774282
13.774227
13.774171
13.774115
13.774059
13.774003
13.773947
13.773891
13.773835
13.773779
13.773723
13.773667
13.773611
13.773555
13.773499
13.773443
13.773387
13.773331
13.773275
13.773219
13.773163
13.773107
13.773051
13.772995
13.772939
13.772883
13.772827
13.772771
13.772715
13.772659
13.772603
13.772547
13.772490
13.772434
13.772378
13.772322
13.772266
13.772209
13.772153
13.772097
13.772041
13.771984
13.771928
13.771872
13.771815
13.771759
13.771703
13.771646
13.771590
13.771534
13.771477
13.771421
13.771364
13.771308
13.771251
13.771195
13.771138
13.771081
13.771025
13.770968
13.770912
13.770855
13.770798
13.770741
13.770685
13.770628
13.770571
13.770514
13.770457
13.770401
13.770344
13.770287
13.770230
13.770173
13.770116
13.770059
13.770002
13.769945
13.769887
13.769830
13.769773
13.769716
13.769659
13.769601
13.769544
13.769487
13.769429
13.769372
13.769314
13.769257
13.769199
13.769142
13.769084
13.769026
13.768969
13.768911
13.768853
13.768796
13.768738
13.768680
13.768622
13.768564
13.768506
13.768448
13.768390
13.768332
13.768274
13.768216
13.768157
13.768099
13.768041
13.767982
13.767924
13.767866
13.767807
13.767749
13.767690
13.767631
13.767573
13.767514
13.767455
13.767397
13.767338
13.767279
13.767220
13.767161
13.767102
13.767043
13.766984
13.766924
13.766865
13.766806
13.766746
13.766687
13.766628
13.766568
13.766508
13.766449
13.766389
13.766329
13.766270
13.766210
13.766150
13.766090
13.766030
13.765970
13.765910
13.765850
13.765789
13.765729
13.765669
13.765608
13.765548
13.765487
13.765427
13.765366
13.765305
13.765244
13.765184
13.765123
13.765062
13.765001
13.764939
13.764878
13.764817
13.764756
13.764694
13.764633
13.764571
13.764510
13.764448
13.764386
13.764325
13.764263
13.764201
13.764139
13.764077
13.764015
13.763952
13.763890
13.763828
13.763765
13.763703
13.763640
13.763577
13.763515
13.763452
13.763389
13.763326
13.763263
13.763200
13.763136
13.763073
13.763010
13.762946
13.762883
13.762819
13.762755
13.762692
13.762628
13.762564
13.762500
13.762435
13.762371
13.762307
13.762243
13.762178
13.762113
13.762049
13.761984
13.761919
13.761854
13.761789
13.761724
13.761659
13.761594
13.761528
13.761463
13.761397
13.761332
13.761266
13.761200
13.761134
13.761068
13.761002
13.760935
13.760869
13.760803
13.760736
13.760669
13.760603
13.760536
13.760469
13.760402
13.760335
13.760267
13.760200
13.760133
13.760065
13.759997
13.759930
13.759862
13.759794
13.759726
13.759657
13.759589
13.759521
13.759452
13.759383
13.759315
13.759246
13.759177
13.759107
13.759038
13.758969
13.758899
13.758830
13.758760
13.758690
13.758620
13.758550
13.758480
13.758410
13.758339
13.758269
13.758198
13.758127
13.758056
13.757985
13.757914
13.757843
13.757772
13.757700
13.757628
13.757557
13.757485
13.757413
13.757340
13.757268
13.757196
13.757123
13.757050
13.756977
13.756904
13.756831
13.756758
13.756685
13.756611
13.756537
13.756463
13.756389
13.756315
13.756241
13.756167
13.756092
13.756018
13.755943
13.755868
13.755793
13.755717
13.755642
13.755566
13.755491
13.755415
13.755339
13.755263
13.755186
13.755110
13.755033
13.754956
13.754880
13.754802
13.754725
13.754648
13.754570
13.754492
13.754415
13.754337
13.754258
13.754180
13.754101
