18.273276
17.440864
17.406990
17.372598
17.337563
17.301822
17.265359
17.228197
17.190396
17.152036
17.113219
17.074051
17.034641
16.995092
16.955499
16.915945
16.876498
16.837214
16.798132
16.759282
16.720680
16.682331
16.644232
16.606373
16.568735
16.531299
16.494044
16.456948
16.419994
16.383171
16.346474
16.309906
16.273482
16.237222
16.201161
16.165337
16.129797
16.094591
16.059771
16.025389
15.991491
15.958117
15.925301
15.893065
15.861422
15.830372
15.799908
15.770011
15.740655
15.711807
15.683427
15.655474
15.627902
15.600664
15.573715
15.547007
15.520496
15.494139
15.467895
15.441727
15.415603
15.389491
15.363368
15.337213
15.311015
15.284765
15.258466
15.232125
15.205761
15.179399
15.153076
15.126833
15.100722
15.074797
15.049116
15.023738
14.998716
14.974100
14.949930
14.926232
14.903024
14.880307
14.858072
14.836295
14.814943
14.793970
14.773327
14.752955
14.732791
14.712770
14.692825
14.672887
14.652889
14.632763
14.612441
14.591858
14.570950
14.549653
14.527906
14.505648
14.482819
14.459360
14.435213
14.410319
14.384624
14.358070
14.330604
14.302174
14.272730
14.242229
14.210633
14.177915
14.144061
14.109072
14.072972
14.035807
13.997651
13.958606
13.918799
13.878380
13.837519
13.796395
13.755194
13.714097
13.673277
13.632892
13.593083
13.553968
13.515645
13.478189
13.441656
13.406082
13.371488
13.337878
13.305246
13.273575
13.242841
13.213013
13.184053
13.155921
13.128573
13.101962
13.076038
13.050750
13.026044
13.001862
12.978149
12.954845
12.931888
12.909216
12.886767
12.864475
12.842277
12.820109
12.797909
12.775618
12.753176
12.730533
12.707640
12.684455
12.660946
12.637087
12.612859
12.588256
12.563277
12.537932
12.512235
12.486208
12.459880
12.433279
12.406438
12.379392
12.352173
12.324814
12.297345
12.269796
12.242192
12.214556
12.186908
12.159266
12.131644
12.104053
12.076503
12.049003
12.021556
11.994170
11.966846
11.939587
11.912397
11.885275
11.858224
11.831244
11.804335
11.777496
11.750728
11.724028
11.697396
11.670828
11.644324
11.617880
11.591493
11.565162
11.538881
11.512650
11.486463
11.460320
11.434217
11.408150
11.382119
11.356119
11.330149
11.304207
11.278288
11.252392
11.226514
11.200653
11.174803
11.148961
11.123122
11.097282
11.071434
11.045572
11.019689
10.993777
10.967827
10.941832
10.915783
10.889669
10.863483
10.837215
10.810856
10.784399
10.757837
10.731164
10.704376
10.677468
10.650441
10.623293
10.596026
10.568644
10.541152
10.513555
10.485863
10.458085
10.430230
10.402310
10.374339
10.346329
10.318295
10.290254
10.262224
10.234224
10.206277
10.178410
10.150651
10.123033
10.095593
10.068371
10.041413
10.014765
9.988476
9.962598
9.937181
9.912276
9.887932
9.864192
9.841101
9.818694
9.797005
9.776061
9.755884
9.736490
9.717888
9.700082
9.683070
9.666844
9.651389
9.636688
9.622717
9.609451
9.596859
9.584907
9.573561
9.562781
9.552526
9.542750
9.533407
9.524446
9.515814
9.507457
9.499318
9.491342
9.483471
9.475652
9.467833
9.459963
9.451995
9.443886
9.435597
9.427090
9.418333
9.409296
9.399952
9.390278
9.380251
9.369854
9.359069
9.347883
9.336282
9.324258
9.311802
9.298909
9.285578
9.271811
9.257612
9.242992
9.227968
9.212559
9.196793
9.180704
9.164328
9.147708
9.130889
9.113914
9.096824
9.079651
9.062421
9.045147
9.027830
9.010465
8.993035
8.975522
8.957906
8.940170
8.922299
8.904284
8.886122
8.867815
8.849369
8.830798
8.812121
8.793361
8.774551
8.755727
8.736934
8.718220
8.699639
8.681246
8.663097
8.645241
8.627725
8.610581
8.593833
8.577492
8.561554
8.546006
8.530824
8.515975
8.501421
8.487119
8.473021
8.459079
8.445241
8.431456
8.417671
8.403833
8.389890
8.375790
8.361484
8.346923
8.332066
8.316876
8.301325
8.285396
8.269084
8.252399
8.235371
8.218047
8.200495
8.182801
8.165067
8.147407
8.129940
8.112783
8.096043
8.079813
8.064164
8.049145
8.034784
8.021090
8.008055
7.995663
7.983886
7.972694
7.962051
7.951922
7.942271
7.933060
7.924253
7.915813
7.907705
7.899892
7.892338
7.885009
7.877869
7.870885
7.864023
7.857252
7.850537
7.843849
7.837155
7.830420
7.823608
7.816679
7.809586
7.802271
7.794669
7.786696
7.778250
7.769205
7.759400
7.748629
7.736625
7.723040
7.707424
7.689255
7.668281
7.647887
7.982803
7.376295
8.593565
8.970848
7.786773
7.258753
7.969028
7.588501
7.494079
7.459072
8.056263
7.304627
7.577603
7.283248
8.021083
7.124126
7.330555
8.725318
7.278653
7.200500
8.110952
7.292490
7.299803
6.931129
6.983201
7.053333
7.628307
7.230396
7.327319
7.127945
6.777229
8.065089
8.494463
8.337055
7.427938
6.755757
8.066430
7.214376
6.817922
7.986246
6.671175
6.863752
6.789948
7.901196
6.655269
7.231814
6.733606
7.976730
6.546803
8.043519
8.119397
7.501509
6.539649
7.858943
7.638365
7.417628
6.475291
7.839802
6.789228
7.653184
7.455997
7.216393
6.493406
7.683787
6.625437
7.684182
7.436401
6.898870
6.412027
7.776243
7.400752
6.493050
7.669999
7.620113
6.774510
6.275630
7.374269
6.849369
6.935337
6.074648
7.474936
7.424414
6.244796
7.574143
7.830918
6.110196
7.323665
7.173753
6.486930
6.685971
6.130429
6.971750
6.158122
6.596706
5.715645
6.356572
6.376237
6.670264
6.215205
6.096070
5.909672
5.751204
6.000102
5.871096
5.924978
5.776373
5.851558
5.919596
5.803512
5.724532
5.734335
6.152697
5.722992
5.651995
5.713737
6.190031
5.656153
5.652559
5.769937
6.335959
5.700751
5.722951
5.777330
5.618699
5.372740
5.566689
5.605792
5.733937
5.543692
5.486208
5.686829
5.678496
5.661186
5.572087
5.188443
5.496210
5.969982
5.441299
5.243714
5.583709
5.561792
5.183441
5.443688
5.061221
5.372039
5.958830
5.321183
5.084184
5.363841
5.319725
5.478738
5.190131
5.375544
4.744941
5.480222
5.808718
4.920673
6.288187
6.371840
6.059620
4.874953
5.115515
5.552384
4.953119
5.239357
5.146540
5.042575
5.163073
5.108224
4.844454
6.705832
6.042337
5.780258
5.802156
4.824693
4.759031
4.755483
4.705955
5.126298
5.206643
5.688421
4.834562
5.376910
4.475769
5.443607
4.804416
4.088008
5.347045
6.608186
5.629010
4.608463
4.991787
6.023641
4.308791
5.401003
5.676307
4.884281
4.041815
4.118457
5.351235
4.405817
4.132731
4.461059
4.317043
4.150316
3.597099
4.047625
4.263436
4.519221
4.708058
4.141156
4.222318
4.454451
4.070439
4.017409
3.589688
4.284608
5.088150
4.125461
4.215643
4.966652
4.616925
4.114782
3.732298
3.876992
4.035371
4.361042
4.504910
4.758188
5.671001
3.744931
3.323679
3.335147
3.235433
3.194134
3.212830
3.291538
3.813945
3.515154
3.725915
4.474599
3.340846
4.592101
3.894139
5.453001
4.724177
3.281474
3.950125
5.111828
4.679728
4.568074
4.134285
4.587755
4.759443
4.586566
3.306553
3.454053
3.193235
3.155744
3.059710
2.981110
2.918463
2.961167
2.884270
3.100531
3.021916
2.872812
3.029782
2.916623
2.982472
3.012214
3.085596
2.992395
2.723316
3.586441
3.772311
3.219596
3.091929
3.396712
4.689871
2.874309
3.365040
4.203130
5.237228
3.727657
3.387710
3.669118
3.211251
2.765072
3.349617
2.755797
3.042331
2.886955
3.275701
2.587908
2.685223
3.074445
2.643932
2.557573
2.666476
2.662297
5.248979
5.166710
4.688442
2.765978
2.930463
2.587824
2.673376
3.327918
3.112672
2.591446
2.854563
2.814199
2.535340
2.417601
2.921570
2.473197
2.438479
3.071245
2.914051
2.942834
4.466460
5.995143
4.959261
3.640565
4.172037
2.925344
2.728453
2.728643
2.414510
3.409515
2.297910
2.402151
2.211012
2.172103
2.184223
2.152183
2.130078
2.183824
2.097378
2.357909
2.174138
3.279108
2.738899
2.214258
2.853207
4.037971
3.182335
2.671520
2.735443
2.030880
2.326770
2.172430
2.670711
4.471472
3.349063
2.828234
2.394787
2.433413
3.753905
4.932783
3.594725
2.361765
2.557372
2.373763
2.302376
2.180940
2.207921
2.353934
2.093141
2.215328
2.122157
2.210952
2.342080
4.195446
3.071558
4.547988
2.086643
2.564607
2.277979
2.414565
2.218064
2.329608
2.217719
2.264881
2.078205
2.279838
2.232999
2.323169
2.515305
3.942910
3.872288
4.537013
2.097744
2.649446
2.522816
2.356215
2.287379
2.448123
2.371424
2.600458
3.440281
2.624692
2.561884
2.911790
2.369335
2.295066
2.238310
2.235191
2.277636
2.035951
2.478698
2.262567
2.415616
2.358421
2.637104
2.240692
1.823794
2.452566
2.492539
2.951229
2.265319
3.000399
2.319391
2.177883
2.065093
2.205057
1.947893
2.411826
2.409616
2.235380
1.943217
2.356618
2.156629
2.158980
2.392593
2.044578
2.348366
2.239011
2.387483
2.292617
2.636742
2.097745
2.345579
2.665669
2.272899
2.432765
2.426065
2.331838
2.467582
2.193029
2.016428
3.024029
2.694183
2.126091
2.142131
1.907071
1.965178
2.392824
2.976196
2.594820
2.359751
3.244252
2.131934
2.323943
2.430482
1.909009
2.817777
2.216574
2.398014
2.411889
2.406182
2.204925
2.078456
2.076571
1.989305
2.163572
2.637564
2.089875
2.142223
2.004583
2.167250
2.048146
3.536596
3.752406
2.582525
3.950587
2.674122
3.147833
2.800605
2.843034
2.323910
2.419353
2.429596
2.414736
2.420507
2.250647
2.074422
2.282857
2.273927
2.246601
2.208123
2.172660
2.111113
2.087611
2.065723
2.073143
2.085770
2.091336
2.051232
2.022779
2.025324
2.019398
2.010514
2.000642
1.986256
1.964128
2.068060
2.202829
2.049035
2.187874
2.158223
2.095838
2.094758
2.040165
2.021473
2.169840
2.194683
2.149605
1.951886
1.949671
2.862461
2.772211
1.878997
2.128323
2.521074
2.002770
1.938257
1.961982
1.992260
1.943893
1.947312
1.900930
1.907829
1.874746
1.876400
1.857441
1.854915
1.844930
1.840684
1.834914
1.830701
1.826510
1.822782
1.819260
1.815963
1.812842
1.809878
1.807053
1.804353
1.801766
1.799281
1.796889
1.794582
1.792353
1.790196
1.788105
1.786075
1.784102
1.782182
1.780310
1.778484
1.776701
1.774957
1.773250
1.771578
1.769938
1.768329
1.766749
1.765196
1.763668
1.762165
1.760684
1.759225
1.757786
1.756366
1.754965
1.753580
1.752213
1.750861
1.749524
1.748201
1.746891
1.745594
1.744310
1.743037
1.741776
1.740525
1.739284
1.738053
1.736832
1.735620
1.734416
1.733220
1.732033
1.730853
1.729681
1.728515
1.727356
1.726204
1.725059
1.723919
1.722785
1.721657
1.720534
1.719417
1.718305
1.717197
1.716094
1.714996
1.713902
1.712813
1.711727
1.710646
1.709568
1.708494
1.707424
1.706357
1.705293
1.704232
1.703175
1.702120
1.701068
1.700019
1.698973
1.697929
1.696887
1.695847
1.694810
1.693774
1.692740
1.691708
1.690677
1.689648
1.688619
1.687592
1.686566
1.685540
1.684514
1.683488
1.682462
1.681436
1.680409
1.679380
1.678350
1.677318
1.676283
1.675245
1.674203
1.673157
1.672106
1.671049
1.669985
1.668913
1.667833
1.666742
1.665640
1.664526
1.663397
1.662253
1.661091
1.659910
1.658707
1.657481
1.656229
1.654949
1.653638
1.652293
1.650912
1.649492
1.648028
1.646518
1.644959
1.643346
1.641676
1.639945
1.638148
1.636281
1.634340
1.632319
1.630213
1.628017
1.625725
1.623331
1.620827
1.618208
1.615465
1.612590
1.609574
1.606410
1.603087
1.599597
1.595930
1.592078
1.588034
1.583792
1.579352
1.574715
1.569890
1.564894
1.559750
1.554492
1.549160
1.543803
1.538470
1.533213
1.528077
1.523098
1.518307
1.513722
1.509361
1.505241
1.501386
1.497834
1.494641
1.491882
1.489658
1.488093
1.487322
1.487426
1.488255
1.489214
1.489417
1.488359
1.486595
1.483925
1.479468
1.470787
1.462189
1.447325
1.425076
1.396239
1.329805
1.301301
1.220378
1.163845
1.137836
1.120145
1.112227
1.106114
1.099983
1.094030
1.088411
1.083189
1.078385
1.073987
1.069966
1.066285
1.062907
1.059797
1.056924
1.054261
1.051785
1.049476
1.047317
1.045291
1.043387
1.041592
1.039896
1.038291
1.036769
1.035322
1.033945
1.032631
1.031376
1.030176
1.029026
1.027923
1.026864
1.025845
1.024864
1.023918
1.023005
1.022124
1.021272
1.020447
1.019648
1.018873
1.018121
1.017391
1.016682
1.015991
1.015320
1.014666
1.014028
1.013406
1.012800
1.012207
1.011629
1.011063
1.010510
1.009968
1.009438
1.008919
1.008410
1.007911
1.007422
1.006942
1.006470
1.006007
1.005552
1.005106
1.004666
1.004234
1.003809
1.003390
1.002978
1.002573
1.002173
1.001779
1.001391
1.001009
1.000631
1.000259
0.999892
0.999529
0.999172
0.998819
0.998470
0.998126
0.997785
0.997449
0.997117
0.996788
0.996464
0.996143
0.995825
0.995511
0.995201
0.994893
0.994589
0.994288
0.993990
0.993696
0.993404
0.993115
0.992828
0.992545
0.992264
0.991986
0.991711
0.991438
0.991167
0.990899
0.990633
0.990370
0.990109
0.989851
0.989594
0.989340
0.989088
0.988838
0.988590
0.988344
0.988100
0.987858
0.987618
0.987381
0.987144
0.986910
0.986678
0.986447
0.986219
0.985991
0.985766
0.985543
0.985321
0.985100
0.984882
0.984665
0.984449
0.984235
0.984023
0.983812
0.983603
0.983395
0.983189
0.982984
0.982780
0.982578
0.982377
0.982178
0.981980
0.981783
0.981588
0.981394
0.981201
0.981009
0.980819
0.980630
0.980442
0.980256
0.980070
0.979886
0.979703
0.979521
0.979340
0.979161
0.978982
0.978805
0.978628
0.978453
0.978279
0.978105
0.977933
0.977762
0.977592
0.977423
0.977255
0.977088
0.976921
0.976756
0.976592
0.976429
0.976266
0.976105
0.975944
0.975784
0.975626
0.975468
0.975311
0.975155
0.974999
0.974845
0.974691
0.974538
0.974386
0.974235
0.974085
0.973935
0.973786
0.973638
0.973491
0.973345
0.973199
0.973054
0.972910
0.972766
0.972624
0.972481
0.972340
0.972200
0.972060
0.971920
0.971782
0.971644
0.971507
0.971370
0.971234
0.971099
0.970965
0.970831
0.970697
0.970565
0.970433
0.970301
0.970170
0.970040
0.969910
0.969781
0.969653
0.969525
0.969398
0.969271
0.969145
0.969019
0.968894
0.968770
0.968646
0.968522
0.968399
0.968277
0.968155
0.968034
0.967913
0.967793
0.967673
0.967554
0.967435
0.967316
0.967198
0.967081
0.966964
0.966848
0.966732
0.966616
0.966501
0.966386
0.966272
0.966158
0.966045
0.965932
0.965819
0.965707
0.965596
0.965484
0.965374
0.965263
0.965153
0.965043
0.964934
0.964825
0.964717
0.964609
0.964501
0.964394
0.964287
0.964180
0.964074
0.963968
0.963862
0.963757
0.963652
0.963547
0.963443
0.963339
0.963236
0.963132
0.963029
0.962927
0.962824
0.962722
0.962621
0.962519
0.962418
0.962317
0.962217
0.962117
0.962017
0.961917
0.961818
0.961718
0.961620
0.961521
0.961423
0.961325
0.961227
0.961129
0.961032
0.960935
0.960838
0.960741
0.960645
0.960549
0.960453
0.960357
0.960262
0.960167
0.960072
0.959977
0.959882
0.959788
0.959694
0.959600
0.959506
0.959413
0.959319
0.959226
0.959133
0.959040
0.958948
0.958855
0.958763
0.958671
0.958579
0.958487
0.958396
0.958304
0.958213
0.958122
0.958031
0.957940
0.957850
0.957759
0.957669
0.957579
0.957489
0.957399
0.957309
0.957219
0.957130
0.957040
0.956951
0.956862
0.956773
0.956684
0.956595
0.956506
0.956418
0.956329
0.956241
0.956152
0.956064
0.955976
0.955888
0.955800
0.955712
0.955624
0.955537
0.955449
0.955362
0.955274
0.955187
0.955099
0.955012
0.954925
0.954838
0.954751
0.954664
0.954577
0.954490
0.954403
0.954316
0.954229
0.954143
0.954056
0.953969
0.953883
0.953796
0.953709
0.953623
0.953536
0.953450
0.953363
0.953277
0.953191
0.953104
0.953018
0.952931
0.952845
0.952758
0.952672
0.952586
0.952499
0.952413
0.952326
0.952240
0.952154
0.952067
0.951981
0.951894
0.951808
0.951721
0.951634
0.951548
0.951461
0.951375
0.951288
0.951201
0.951114
0.951027
0.950941
0.950854
0.950767
0.950679
0.950592
0.950505
0.950418
0.950331
0.950243
0.950156
0.950068
0.949981
0.949893
0.949805
0.949718
0.949630
0.949542
0.949453
0.949365
0.949277
0.949189
0.949100
0.949012
0.948923
0.948834
0.948745
0.948656
0.948567
0.948478
0.948388
0.948299
0.948209
0.948120
0.948030
0.947940
0.947849
0.947759
0.947669
0.947578
0.947487
0.947397
0.947306
0.947214
0.947123
0.947032
0.946940
0.946848
0.946756
0.946664
0.946572
0.946479
0.946386
0.946293
0.946200
0.946107
0.946014
0.945920
0.945826
0.945732
0.945638
0.945543
0.945449
0.945354
0.945259
0.945164
0.945068
0.944972
0.944876
0.944780
0.944684
0.944587
0.944490
0.944393
0.944296
0.944198
0.944101
0.944003
0.943904
0.943806
0.943707
0.943608
0.943508
0.943409
0.943309
0.943209
0.943108
0.943007
0.942906
0.942805
0.942704
0.942602
0.942500
0.942397
0.942294
0.942191
0.942088
0.941984
0.941880
0.941776
0.941671
0.941567
0.941461
0.941356
0.941250
0.941144
0.941037
0.940930
0.940823
0.940715
0.940608
0.940499
0.940391
0.940282
0.940172
0.940063
0.939953
0.939842
0.939732
0.939621
0.939509
0.939397
0.939285
0.939172
0.939059
0.938946
0.938832
0.938718
0.938603
0.938488
0.938373
0.938257
0.938141
0.938025
0.937908
0.937790
0.937672
0.937554
0.937436
0.937317
0.937197
0.937077
0.936957
0.936836
0.936715
0.936593
0.936471
0.936349
0.936226
0.936102
0.935978
0.935854
0.935729
0.935604
0.935478
0.935352
0.935226
0.935099
0.934971
0.934843
0.934715
0.934586
0.934456
0.934326
0.934196
0.934065
0.933934
0.933802
0.933670
0.933537
0.933404
0.933270
0.933136
0.933001
0.932866
0.932730
0.932594
0.932457
0.932320
0.932182
0.932044
0.931905
0.931766
0.931626
0.931486
0.931345
0.931204
0.931062
0.930920
0.930777
0.930634
0.930490
0.930346
0.930201
0.930056
0.929910
0.929763
0.929617
0.929469
0.929321
0.929173
0.929024
0.928875
0.928725
0.928574
0.928423
0.928272
0.928120
0.927967
0.927814
0.927661
0.927507
0.927352
0.927197
0.927042
0.926886
0.926729
0.926572
0.926415
0.926257
0.926098
0.925939
0.925780
0.925620
0.925459
0.925298
0.925137
0.924975
0.924812
0.924649
0.924486
0.924322
0.924158
0.923993
0.923828
0.923662
0.923496
0.923329
0.923162
0.922994
0.922826
0.922658
0.922489
0.922319
0.922150
0.921979
0.921809
0.921637
0.921466
0.921294
0.921122
0.920949
0.920775
0.920602
0.920428
0.920253
0.920078
0.919903
0.919727
0.919551
0.919375
0.919198
0.919021
0.918843
0.918665
0.918487
0.918308
0.918129
0.917950
0.917770
0.917590
0.917409
0.917228
0.917047
0.916865
0.916683
0.916501
0.916318
0.916135
0.915952
0.915768
0.915584
0.915400
0.915215
0.915030
0.914845
0.914659
0.914473
0.914287
0.914101
0.913914
0.913726
0.913539
0.913351
0.913163
0.912974
0.912785
0.912596
0.912407
0.912217
0.912027
0.911837
0.911646
0.911455
0.911264
0.911072
0.910880
0.910688
0.910495
0.910302
0.910109
0.909916
0.909722
0.909528
0.909333
0.909138
0.908943
0.908748
0.908552
0.908356
0.908159
0.907963
0.907766
0.907568
0.907370
0.907172
0.906974
0.906775
0.906576
0.906376
0.906176
0.905976
0.905775
0.905574
0.905373
0.905171
0.904969
0.904766
0.904563
0.904360
0.904156
0.903952
0.903748
0.903543
0.903337
0.903131
0.902925
0.902719
0.902512
0.902304
0.902096
0.901888
0.901679
0.901469
0.901260
0.901049
0.900839
0.900627
0.900416
0.900203
0.899991
0.899778
0.899564
0.899350
0.899135
0.898919
0.898704
0.898487
0.898270
0.898053
0.897835
0.897616
0.897397
0.897177
0.896957
0.896736
0.896514
0.896292
0.896069
0.895846
0.895621
0.895397
0.895171
0.894945
0.894718
0.894491
0.894263
0.894034
0.893804
0.893574
0.893343
0.893111
0.892879
0.892646
0.892412
0.892177
0.891942
0.891705
0.891468
0.891230
0.890991
0.890752
0.890511
0.890270
0.890028
0.889785
0.889541
0.889296
0.889050
0.888803
0.888556
0.888307
