15.086684
15.040352
14.980045
14.923872
14.869134
14.814695
14.760305
14.706099
14.652264
14.598856
14.545752
14.492681
14.439264
14.385041
14.329448
14.271817
14.211415
14.147557
14.079773
14.007990
13.932619
13.854478
13.774471
13.693156
13.610428
13.525499
13.437162
13.344103
13.245106
13.139157
13.025588
12.904375
12.776517
12.644202
12.510535
12.379166
12.254115
12.138769
12.033284
11.933675
11.837925
11.750376
11.674628
11.609244
11.549631
11.490692
11.428786
11.362815
11.294050
11.225032
11.158376
11.096007
11.038959
10.987549
10.941637
10.900832
10.864626
10.832482
10.803886
10.778386
10.755633
10.735422
10.717712
10.702589
10.690115
10.680088
10.671775
10.663434
10.651198
10.627863
10.584343
10.517158
10.438004
10.370743
10.320452
10.280062
10.251706
10.236599
10.228000
10.214998
10.193527
10.166279
10.135659
10.102654
10.067787
10.031526
9.994295
9.956411
9.918025
9.879120
9.839542
9.799090
9.757616
9.715252
9.672921
9.633004
9.598852
9.571458
9.546499
9.517809
9.481244
9.434668
9.375686
9.301963
9.216219
9.127456
9.043223
8.965012
8.888206
8.809779
8.732791
8.660824
8.592528
8.537239
8.502140
8.911966
9.618224
8.852514
8.303423
8.425108
9.271993
8.385064
9.175161
8.639455
8.186470
8.187339
8.456675
9.145102
8.063193
9.100512
8.194022
8.991380
7.988983
8.338753
8.200538
8.161275
8.129437
8.470856
7.948732
8.770821
7.859150
8.608835
7.918345
7.931190
8.069245
7.951234
7.965341
7.840882
7.983640
8.016363
8.018659
8.494587
7.760674
8.168740
7.806592
7.779956
7.770349
8.189989
7.730200
7.821833
7.833536
7.698392
7.939743
7.725635
7.985206
8.003956
7.858722
7.786533
7.760984
7.872423
7.810192
7.661482
7.736534
7.989965
7.510361
7.502685
7.396402
7.320562
7.229608
7.331582
7.248050
7.198786
7.247720
7.171722
7.198863
7.195828
7.184437
7.381775
7.444308
7.129843
7.123390
7.231852
7.031327
7.138114
7.100981
7.321999
7.322231
7.247816
7.251986
7.182495
7.008639
7.224558
7.309235
7.108292
7.041015
6.828144
6.852107
6.949174
6.802970
6.676491
6.636529
6.661774
6.638212
6.618395
6.611248
6.610285
6.618907
6.645972
6.688438
6.552398
6.697697
6.659934
6.578803
6.506131
6.546084
6.678961
6.619632
6.622498
6.557025
6.523907
6.501466
6.492833
6.491590
6.499990
6.495458
6.452619
6.387343
6.408491
6.373174
6.395504
6.373090
6.402965
6.329999
6.403435
6.355151
6.429162
6.220647
6.434133
6.557319
6.470759
6.061848
6.142028
6.850526
7.396252
7.780474
6.377178
6.049292
6.696487
6.313264
5.983874
5.922313
5.995191
6.298553
6.362295
6.431175
5.971956
5.997717
5.864934
5.890155
5.901062
5.893534
5.862460
5.850807
5.826612
5.814688
5.806796
5.805226
5.805906
5.807542
5.808059
5.806550
5.803286
5.799122
5.794649
5.790097
5.785571
5.781101
5.776473
5.771149
5.764232
5.754499
5.741019
5.724194
5.706720
5.693715
5.684230
5.674314
5.667793
5.660952
5.654077
5.646663
5.638704
5.630346
5.621878
5.613458
5.605141
5.596823
5.588386
5.579710
5.570817
5.561778
5.552453
5.542356
5.531189
5.518948
5.505818
5.491864
5.477090
5.461516
5.444943
5.427177
5.407942
5.386534
5.363331
5.334856
5.310164
5.249696
5.375431
8.198710
8.828523
6.568962
6.640150
5.088426
5.589797
4.324277
7.347627
4.803906
4.510069
5.821695
5.259691
3.634543
3.010440
3.226219
3.185679
2.840891
2.412514
3.215297
2.594200
4.313937
2.439500
2.632464
4.568083
2.633735
5.223473
2.757362
4.130437
3.969032
3.285524
1.832294
1.748409
1.632424
1.780299
1.809863
1.700329
1.864221
1.768844
1.862117
2.206982
1.821187
3.880991
2.662147
1.579437
1.531181
1.416441
1.635192
1.404060
1.425877
1.345218
1.370426
1.313179
1.342911
1.311738
1.336901
1.318886
1.351488
1.759074
1.320139
1.247912
1.353551
2.188310
1.535079
2.402337
2.066097
4.087807
2.733508
2.751503
2.535847
1.559476
2.050246
1.424918
1.490088
1.385835
1.490005
1.326137
1.415444
1.251573
1.261729
1.216982
1.248638
1.203329
1.258480
1.053227
1.842843
5.603872
4.007167
3.462662
1.904022
2.254286
1.245618
3.564816
2.677719
1.535124
1.331032
1.517557
1.622739
1.353555
1.646555
1.268012
1.195145
1.241066
1.260998
1.143373
1.232969
1.203306
1.210135
1.170784
1.087167
1.165055
0.982553
1.071804
1.051908
1.953598
3.291844
2.275200
1.369036
1.150191
1.144057
1.092823
1.394775
1.878554
3.648898
1.444004
3.811655
2.111253
2.154482
1.703023
3.263256
1.509711
1.407190
1.281101
1.130732
1.114973
1.473434
1.123893
0.998984
2.064635
2.453577
7.714699
3.774989
3.780385
4.123904
3.715646
4.830748
1.833673
1.358886
1.327008
1.116068
1.116758
1.078239
1.093684
1.001666
0.993461
0.822202
0.928422
1.348866
1.154277
1.130688
1.334660
1.755940
0.925790
1.146635
0.958939
1.017485
0.906986
0.933913
0.974192
0.713291
0.476629
0.446110
0.427356
0.420775
0.417313
0.415357
0.414924
0.415248
0.414754
0.413849
0.412975
0.412116
0.411276
0.410454
0.409649
0.408864
0.408097
0.407348
0.406618
0.405906
0.405211
0.404535
0.403876
0.403235
0.402611
0.402007
0.401421
0.400854
0.400308
0.399784
0.399283
0.398806
0.398354
0.397930
0.397535
0.397171
0.396839
0.396542
0.396282
0.396060
0.395879
0.395739
0.395644
0.395595
0.395593
0.395640
0.395737
0.395883
0.396080
0.396326
0.396619
0.396957
0.397336
0.397751
0.398196
0.398666
0.399156
0.399659
0.400173
0.400694
0.401222
0.401756
0.402296
0.402841
0.403391
0.403946
0.404506
0.405071
0.405638
0.406206
0.406774
0.407345
0.407921
0.408487
0.409014
0.409507
0.410096
0.410971
0.411840
0.411184
0.407753
0.408670
0.431378
0.522862
0.518190
1.305668
0.810716
0.584962
5.281674
5.812695
1.684559
2.832331
3.741370
6.201472
2.419257
2.767236
0.976912
3.476788
1.101065
2.959176
1.294961
1.632787
1.421865
2.006843
1.132149
2.721896
1.927881
0.901945
2.214294
2.441194
1.430465
1.317726
0.816976
1.308440
1.243544
0.505196
0.438785
0.426968
0.420906
0.416210
0.412315
0.410663
0.414892
0.412967
0.411176
0.409755
0.408274
0.407032
0.405763
0.404673
0.403565
0.402601
0.401620
0.400760
0.399879
0.399108
0.398306
0.397613
0.396874
0.396252
0.395564
0.395012
0.394359
0.393881
0.393244
0.392857
0.392205
0.391943
0.391219
0.391160
0.390244
0.390559
0.389192
0.390279
0.387858
0.390678
0.385767
0.392710
0.382006
0.398464
0.376257
0.404829
0.372386
0.397925
0.373403
0.407728
0.369235
0.395534
0.372402
0.412891
0.365711
0.390968
0.373902
0.412761
0.363141
0.399390
0.366405
0.424183
0.357898
0.384139
0.380147
0.396732
0.369209
0.421371
0.354588
0.406450
0.359992
0.431384
0.349154
0.395192
0.370616
0.415687
0.356769
0.409455
0.368417
0.389097
0.411558
0.354822
0.411731
0.392808
0.350192
0.484004
0.351214
0.336000
0.432370
0.392386
0.333989
0.474958
0.373013
0.328506
0.391658
0.606404
5.736508
12.442543
11.419457
9.803638
4.041154
5.013110
2.950596
2.396759
2.623233
5.297432
2.416607
2.203144
1.654961
1.593948
1.910528
1.566735
1.677259
1.619643
1.697006
1.761288
1.703102
1.214971
1.022220
1.002117
0.997299
0.993788
0.990917
0.988279
0.985376
0.981008
0.979473
3.833212
3.453343
3.372546
4.726643
3.008927
1.439947
1.084983
1.339853
1.352090
0.991087
0.985925
0.983558
0.981968
0.980784
0.979849
0.979081
0.978432
0.977870
0.977375
0.976931
0.976530
0.976162
0.975822
0.975505
0.975208
0.974929
0.974664
0.974412
0.974171
0.973941
0.973720
0.973508
0.973303
0.973105
0.972914
0.972729
0.972550
0.972376
0.972207
0.972042
0.971882
0.971727
0.971575
0.971427
0.971283
0.971142
0.971005
0.970871
0.970740
0.970612
0.970486
0.970364
0.970244
0.970126
0.970011
0.969899
0.969788
0.969680
0.969574
0.969470
0.969368
0.969268
0.969170
0.969074
0.968979
0.968886
0.968794
0.968705
0.968616
0.968529
0.968444
0.968360
0.968277
0.968196
0.968116
0.968037
0.967959
0.967882
0.967807
0.967732
0.967659
0.967586
0.967515
0.967445
0.967375
0.967306
0.967239
0.967172
0.967106
0.967040
0.966976
0.966912
0.966849
0.966787
0.966725
0.966664
0.966604
0.966544
0.966485
0.966427
0.966369
0.966312
0.966255
0.966199
0.966143
0.966088
0.966033
0.965978
0.965925
0.965871
0.965818
0.965766
0.965714
0.965662
0.965610
0.965559
0.965509
0.965459
0.965409
0.965359
0.965310
0.965261
0.965212
0.965163
0.965115
0.965067
0.965020
0.964972
0.964925
0.964878
0.964832
0.964785
0.964739
0.964693
0.964647
0.964602
0.964556
0.964511
0.964466
0.964421
0.964376
0.964331
0.964287
0.964243
0.964198
0.964154
0.964110
0.964066
0.964023
0.963979
0.963936
0.963892
0.963849
0.963806
0.963762
0.963719
0.963676
0.963633
0.963590
0.963548
0.963505
0.963462
0.963420
0.963377
0.963334
0.963292
0.963249
0.963207
0.963164
0.963122
0.963080
0.963037
0.962995
0.962953
0.962910
0.962868
0.962826
0.962783
0.962741
0.962699
0.962656
0.962614
0.962572
0.962529
0.962487
0.962445
0.962402
0.962360
0.962317
0.962275
0.962232
0.962190
0.962147
0.962105
0.962062
0.962020
0.961977
0.961934
0.961892
0.961849
0.961806
0.961763
0.961720
0.961678
0.961635
0.961592
0.961549
0.961506
0.961463
0.961419
0.961376
0.961333
0.961290
0.961247
0.961203
0.961160
0.961117
0.961073
0.961030
0.960986
0.960943
0.960899
0.960855
0.960812
0.960768
0.960724
0.960681
0.960637
0.960593
0.960549
0.960505
0.960461
0.960417
0.960374
0.960330
0.960286
0.960242
0.960198
0.960154
0.960109
0.960065
0.960021
0.959977
0.959933
0.959889
0.959845
0.959801
0.959757
0.959713
0.959668
0.959624
0.959580
0.959536
0.959492
0.959448
0.959404
0.959360
0.959316
0.959272
0.959228
