16.798114
14.158865
14.140236
14.112211
14.085103
14.058836
14.033284
14.008332
13.983876
13.959822
13.936086
13.912588
13.889257
13.866026
13.842834
13.819621
13.796333
13.772915
13.749317
13.725487
13.701375
13.676930
13.652101
13.626837
13.601085
13.574792
13.547903
13.520363
13.492118
13.463112
13.433288
13.402590
13.370963
13.338347
13.304684
13.269913
13.233967
13.196776
13.158266
13.118353
13.076947
13.033950
12.989255
12.942745
12.894296
12.843775
12.791041
12.735947
12.678339
12.618057
12.554941
12.488828
12.419558
12.346977
12.270940
12.191320
12.108014
12.020948
11.930091
11.835458
11.737125
11.635228
11.529971
11.421625
11.310520
11.197036
11.081588
10.964607
10.846524
10.727748
10.608650
10.489549
10.370701
10.252291
10.134432
10.017160
9.900440
9.784167
9.668180
9.552267
9.436179
9.319643
9.202379
9.084112
8.964591
8.843606
8.720996
8.596669
8.470612
8.342892
8.213670
8.083192
7.951791
7.819877
7.687925
7.556463
7.426050
7.297261
7.170664
7.046801
6.926166
6.809192
6.696244
6.587610
6.483503
6.384068
6.289390
6.199499
6.114384
6.034000
5.958272
5.887105
5.820385
5.757983
5.699756
5.645550
5.595199
5.548531
5.505364
5.465510
5.428779
5.394978
5.363914
5.335398
5.309246
5.285282
5.263338
5.243256
5.224892
5.208110
5.192789
5.178817
5.166093
5.154525
5.144027
5.134519
5.125927
5.118180
5.111210
5.104954
5.099352
5.094348
5.089892
5.085939
5.082446
5.079378
5.076701
5.074383
5.072394
5.070701
5.069270
5.068064
5.067047
5.066179
5.065423
5.064744
5.064108
5.063489
5.062865
5.062217
5.061533
5.060802
5.060021
5.059185
5.058296
5.057356
5.056369
5.055340
5.054276
5.053182
5.052065
5.050931
5.049787
5.048636
5.047484
5.046333
5.045187
5.044046
5.042913
5.041787
5.040667
5.039554
5.038445
5.037338
5.036230
5.035116
5.033991
5.032848
5.031681
5.030481
5.029239
5.027945
5.026587
5.025157
5.023642
5.022034
5.020322
5.018498
5.016556
5.014486
5.012285
5.009947
5.007468
5.004844
5.002073
4.999151
4.996076
4.992846
4.989459
4.985914
4.982209
4.978343
4.974314
4.970121
4.965763
4.961240
4.956551
4.951695
4.946672
4.941481
4.936124
4.930599
4.924908
4.919050
4.913026
4.906836
4.900482
4.893965
4.887284
4.880442
4.873440
4.866279
4.858960
4.851484
4.843854
4.836071
4.828136
4.820052
4.811820
4.803442
4.794920
4.786258
4.777456
4.768518
4.759446
4.750244
4.740915
4.731462
4.721889
4.712202
4.702405
4.692502
4.682501
4.672407
4.662227
4.651970
4.641643
4.631257
4.620820
4.610344
4.599840
4.589320
4.578796
4.568283
4.557793
4.547341
4.536941
4.526609
4.516357
4.506201
4.496153
4.486226
4.476433
4.466784
4.457288
4.447953
4.438785
4.429789
4.420968
4.412322
4.403852
4.395555
4.387428
4.379468
4.371668
4.364024
4.356529
4.349178
4.341963
4.334880
4.327920
4.321081
4.314355
4.307739
4.301228
4.294818
4.288507
4.282291
4.276168
4.270136
4.264194
4.258341
4.252576
4.246899
4.241310
4.235809
4.230399
4.225079
4.219851
4.214718
4.209681
4.204744
4.199908
4.195178
4.190556
4.186047
4.181654
4.177382
4.173235
4.169217
4.165334
4.161590
4.157991
4.154542
4.151247
4.148111
4.145141
4.142340
4.139713
4.137263
4.134996
4.132914
4.131020
4.129316
4.127803
4.126481
4.125350
4.124409
4.123654
4.123082
4.122688
4.122467
4.122411
4.122513
4.122765
4.123158
4.123684
4.124332
4.125094
4.125960
4.126922
4.127971
4.129099
4.130299
4.131564
4.132885
4.134258
4.135674
4.137128
4.138612
4.140119
4.141641
4.143170
4.144697
4.146211
4.147702
4.149157
4.150563
4.151905
4.153168
4.154333
4.155383
4.156296
4.157054
4.157633
4.158015
4.158179
4.158110
4.157802
4.157256
4.156494
4.155556
4.154496
4.153354
4.152094
4.150551
4.148461
4.145595
4.141859
4.137266
4.131857
4.125680
4.118790
4.111249
4.103109
4.094414
4.085200
4.075510
4.065388
4.054881
4.044042
4.032925
4.021585
4.010077
3.998451
3.986756
3.975034
3.963323
3.951652
3.940048
3.928532
3.917121
3.905828
3.894664
3.883636
3.872751
3.862014
3.851424
3.840983
3.830687
3.820530
3.810503
3.800594
3.790787
3.781066
3.771410
3.761797
3.752206
3.742613
3.732998
3.723338
3.713617
3.703816
3.693922
3.683925
3.673817
3.663595
3.653260
3.642817
3.632275
3.621649
3.610957
3.600220
3.589463
3.578712
3.567996
3.557340
3.546770
3.536311
3.525983
3.515805
3.505791
3.495954
3.486303
3.476844
3.467581
3.458519
3.449657
3.440996
3.432534
3.424271
3.416203
3.408328
3.400644
3.393146
3.385833
3.378699
3.371742
3.364957
3.358341
3.351889
3.345598
3.339462
3.333478
3.327640
3.321945
3.316387
3.310962
3.305665
3.300492
3.295439
3.290501
3.285674
3.280955
3.276338
3.271822
3.267402
3.263075
3.258839
3.254691
3.250628
3.246647
3.242747
3.238926
3.235180
3.231509
3.227910
3.224382
3.220921
3.217525
3.214193
3.210921
3.207705
3.204544
3.201432
3.198366
3.195340
3.192351
3.189391
3.186456
3.183538
3.180630
3.177725
3.174816
3.171893
3.168948
3.165972
3.162955
3.159889
3.156762
3.153564
3.150284
3.146911
3.143433
3.139836
3.136108
3.132234
3.128199
3.123986
3.119578
3.114958
3.110105
3.104999
3.099621
3.093949
3.087961
3.081638
3.074960
3.067909
3.060472
3.052642
3.044426
3.035850
3.026972
3.017882
3.008712
2.999633
2.990881
2.983023
2.981489
3.112207
3.653342
4.514094
3.678541
3.731072
4.854980
2.933551
3.331014
3.552918
3.307931
3.327036
3.303687
2.912022
3.294262
2.906282
3.410654
2.671219
3.214577
3.460811
2.637380
3.236531
3.204274
3.153396
3.050353
3.920334
3.765248
2.763968
2.955878
3.093702
3.014207
3.368637
2.614084
2.679817
3.177613
4.024974
2.638299
3.075721
3.203454
2.806110
2.692718
4.022323
3.133170
3.130139
2.825383
3.738245
3.002659
3.706256
3.593562
2.786443
3.489381
3.390094
3.199231
3.495407
3.059093
3.154040
3.054691
2.983451
3.197805
3.518093
3.001552
2.551855
3.158852
2.613835
3.328392
2.984130
3.284407
3.138824
2.950523
3.169906
3.338808
3.221259
2.932350
3.173421
2.439994
2.825590
3.193259
2.830085
3.256344
2.345396
2.370422
3.149694
2.681064
3.388483
2.847985
3.674812
2.785866
2.950447
2.606732
2.447103
2.958083
3.258949
2.650106
2.870791
3.547317
3.031390
3.189577
2.818438
4.133583
3.062139
3.135094
3.086714
2.971393
3.332108
3.071795
3.401208
3.345233
3.155680
2.569086
3.284110
2.570311
3.019468
2.944681
2.358862
2.644028
3.457146
2.657857
2.804685
3.079259
2.740648
2.977527
2.688219
3.546507
3.698230
3.450104
2.874194
2.655397
2.867257
3.108528
3.263922
2.725613
2.983513
2.823224
2.966040
3.744474
3.148372
2.828852
2.902718
2.827576
2.579658
3.030404
2.627087
2.735850
3.070011
2.683244
2.527461
2.497161
2.880384
2.621241
2.460252
2.709689
2.634246
3.409972
3.013260
2.494404
2.694036
3.288266
2.821788
2.512026
2.611548
2.588849
2.936215
2.417816
2.653821
2.972589
2.630603
2.432956
2.475638
2.937468
2.522611
2.240615
2.113403
2.295291
2.805816
2.366635
2.067545
2.175879
2.200079
2.431597
2.393475
2.197601
2.239234
2.263252
2.224556
2.178550
2.184293
2.196323
2.188467
2.165947
2.156861
2.147862
2.139468
2.128649
2.118978
2.108744
2.098810
2.088678
2.078640
2.068526
2.058388
2.048144
2.037750
2.027110
2.016102
2.004533
1.992080
1.978154
1.961573
1.939908
1.908839
1.865954
1.826305
1.802462
1.776952
1.755665
1.749131
1.736442
1.881706
2.497794
1.716671
1.980553
2.697410
2.049574
1.660825
1.920578
1.907551
1.802867
1.645841
1.989191
1.791630
2.305427
1.518917
1.625365
1.353474
1.316648
1.419043
1.900131
2.457136
1.323733
2.107562
1.423816
1.445856
1.260497
1.369942
1.976382
1.470365
1.437087
2.295420
2.204481
1.989513
1.471273
1.272984
2.158955
1.369024
2.137734
1.458855
1.190748
1.299794
2.025257
1.651167
2.196489
1.723496
1.536051
1.177762
1.332496
1.055093
1.362074
1.101960
1.596099
1.182515
1.059475
1.133469
1.047513
0.962749
1.054748
0.937017
0.960606
0.790462
0.808044
0.878262
0.833537
0.808444
0.791598
0.775094
0.752712
0.720747
0.691526
0.654781
0.622419
0.818672
0.830382
0.798337
0.443195
0.511376
0.459925
0.474246
0.418608
0.462012
0.399807
0.450047
0.393453
0.361433
0.316273
0.469096
0.437060
0.340106
0.325403
0.253420
0.200678
0.183969
0.210418
0.325252
0.207740
0.144141
0.135373
0.134765
0.133648
0.132048
0.130079
0.127860
0.125389
0.122611
0.119482
0.116036
0.112446
0.108973
0.105812
0.103009
0.100518
0.098276
0.096236
0.094362
0.092629
0.091015
0.089504
0.088082
0.086737
0.085460
0.084242
0.083078
0.081962
0.080890
0.079857
0.078861
0.077899
0.076968
0.076066
0.075191
0.074342
0.073517
0.072714
0.071933
0.071173
0.070432
0.069709
0.069004
0.068316
0.067644
0.066987
0.066345
0.065717
0.065103
0.064501
0.063912
0.063336
0.062771
0.062217
0.061674
0.061142
0.060619
0.060107
0.059604
0.059110
0.058625
0.058149
0.057681
0.057221
0.056769
0.056325
0.055889
0.055459
0.055037
0.054621
0.054212
0.053810
0.053414
0.053024
0.052640
0.052262
0.051889
0.051523
0.051161
0.050805
0.050455
0.050109
0.049768
0.049432
0.049101
0.048774
0.048452
0.048135
0.047821
0.047512
0.047207
0.046906
0.046609
0.046316
0.046027
0.045741
0.045459
0.045181
0.044906
0.044635
0.044367
0.044102
0.043840
0.043582
0.043327
0.043075
0.042825
0.042579
0.042336
0.042095
0.041858
0.041623
0.041390
0.041161
0.040934
0.040709
0.040487
0.040267
0.040050
0.039835
0.039623
0.039413
0.039205
0.038999
0.038796
0.038594
0.038395
0.038198
0.038003
0.037810
0.037619
0.037429
0.037242
0.037057
0.036873
0.036692
0.036512
0.036334
0.036157
0.035982
0.035810
0.035638
0.035469
0.035301
0.035134
0.034969
0.034806
0.034644
0.034484
0.034325
0.034168
0.034012
0.033857
0.033704
0.033553
0.033402
0.033253
0.033106
0.032959
0.032814
0.032671
0.032528
0.032387
0.032247
0.032108
0.031970
0.031834
0.031698
0.031564
0.031431
0.031299
0.031169
0.031039
0.030910
0.030782
0.030656
0.030530
0.030406
0.030282
0.030160
0.030038
0.029918
0.029798
0.029680
0.029562
0.029445
0.029329
0.029214
0.029100
0.028987
0.028875
0.028763
0.028653
0.028543
0.028434
0.028326
0.028219
0.028112
0.028006
0.027902
0.027797
0.027694
0.027592
0.027490
0.027389
0.027288
0.027189
0.027090
0.026991
0.026894
0.026797
0.026701
0.026605
0.026511
0.026417
0.026323
0.026230
0.026138
0.026047
0.025956
0.025865
0.025776
0.025687
0.025598
0.025511
0.025423
0.025337
0.025251
0.025165
0.025080
0.024996
0.024912
0.024829
0.024746
0.024664
0.024582
0.024501
0.024421
0.024341
0.024261
0.024182
0.024103
0.024025
0.023948
0.023871
0.023794
0.023718
0.023643
0.023568
0.023493
0.023419
0.023345
0.023272
0.023199
0.023127
0.023055
0.022983
0.022912
0.022841
0.022771
0.022701
0.022632
0.022563
0.022495
0.022427
0.022359
0.022291
0.022225
0.022158
0.022092
0.022026
0.021961
0.021896
0.021831
0.021767
0.021703
0.021640
0.021576
0.021514
0.021451
0.021389
0.021327
0.021266
0.021205
0.021144
0.021084
0.021024
0.020964
0.020905
0.020846
0.020787
0.020729
0.020671
0.020613
0.020556
0.020499
0.020442
0.020385
0.020329
0.020273
0.020218
0.020162
0.020107
0.020053
0.019998
0.019944
0.019890
0.019837
0.019783
0.019730
0.019678
0.019625
0.019573
0.019521
0.019470
0.019418
0.019367
0.019316
0.019266
0.019215
0.019165
0.019115
0.019066
0.019017
0.018968
0.018919
0.018870
0.018822
0.018774
0.018726
0.018678
0.018631
0.018584
0.018537
0.018490
0.018444
0.018398
0.018352
0.018306
0.018260
0.018215
0.018170
0.018125
0.018080
0.018036
0.017991
0.017947
0.017904
0.017860
0.017817
0.017773
0.017730
0.017687
0.017645
0.017602
0.017560
0.017518
0.017476
0.017435
0.017393
0.017352
0.017311
0.017270
0.017230
0.017189
0.017149
0.017109
0.017069
0.017029
0.016989
0.016950
0.016911
0.016872
0.016833
0.016794
0.016756
0.016717
0.016679
0.016641
0.016603
0.016565
0.016528
0.016491
0.016453
0.016416
0.016379
0.016343
0.016306
0.016270
0.016234
0.016198
0.016162
0.016126
0.016090
0.016055
0.016019
0.015984
0.015949
0.015914
0.015880
0.015845
0.015811
0.015777
0.015742
0.015708
0.015675
0.015641
0.015607
0.015574
0.015541
0.015507
0.015474
0.015442
0.015409
0.015376
0.015344
0.015311
0.015279
0.015247
0.015215
0.015183
0.015152
0.015120
0.015089
0.015057
0.015026
0.014995
0.014964
0.014933
0.014903
0.014872
0.014842
0.014811
0.014781
0.014751
0.014721
0.014691
0.014662
0.014632
0.014602
0.014573
0.014544
0.014515
0.014486
0.014457
0.014428
0.014399
0.014370
0.014342
0.014314
0.014285
0.014257
0.014229
0.014201
0.014173
0.014146
0.014118
0.014090
0.014063
0.014036
0.014008
0.013981
0.013954
0.013927
0.013901
0.013874
0.013847
0.013821
0.013794
0.013768
0.013742
0.013716
0.013690
0.013664
0.013638
0.013612
0.013586
0.013561
0.013535
0.013510
0.013485
0.013459
0.013434
0.013409
0.013384
0.013360
0.013335
0.013310
0.013286
0.013261
0.013237
0.013212
0.013188
0.013164
0.013140
0.013116
0.013092
0.013068
0.013045
0.013021
0.012997
0.012974
0.012951
0.012927
0.012904
0.012881
0.012858
0.012835
0.012812
0.012789
0.012766
0.012744
0.012721
0.012699
0.012676
0.012654
0.012632
0.012609
0.012587
0.012565
0.012543
0.012521
0.012499
0.012478
0.012456
0.012434
0.012413
0.012391
0.012370
0.012349
0.012327
0.012306
0.012285
0.012264
0.012243
0.012222
0.012201
0.012180
0.012160
0.012139
0.012118
0.012098
0.012078
0.012057
0.012037
0.012017
0.011996
0.011976
0.011956
0.011936
0.011916
0.011897
0.011877
0.011857
0.011837
0.011818
0.011798
0.011779
0.011759
0.011740
0.011721
0.011701
0.011682
0.011663
0.011644
0.011625
0.011606
0.011587
0.011569
0.011550
0.011531
0.011512
0.011494
0.011475
0.011457
0.011438
0.011420
0.011402
0.011384
0.011365
0.011347
0.011329
0.011311
0.011293
0.011275
0.011257
0.011240
0.011222
0.011204
0.011187
0.011169
0.011152
0.011134
0.011117
0.011099
0.011082
0.011065
0.011047
0.011030
0.011013
0.010996
0.010979
0.010962
0.010945
0.010928
0.010912
0.010895
0.010878
0.010861
0.010845
0.010828
0.010812
0.010795
0.010779
0.010762
0.010746
0.010730
0.010714
0.010697
0.010681
0.010665
0.010649
0.010633
0.010617
0.010601
0.010586
0.010570
0.010554
0.010538
0.010523
0.010507
0.010491
0.010476
0.010460
0.010445
0.010429
0.010414
0.010399
0.010383
0.010368
0.010353
0.010338
0.010323
0.010308
0.010293
0.010278
0.010263
0.010248
0.010233
0.010218
0.010203
0.010189
0.010174
0.010159
0.010145
0.010130
0.010116
0.010101
0.010087
0.010072
0.010058
0.010044
0.010029
0.010015
0.010001
0.009987
0.009972
0.009958
0.009944
0.009930
0.009916
0.009902
0.009888
0.009875
0.009861
0.009847
0.009833
0.009819
0.009806
0.009792
0.009779
0.009765
0.009751
0.009738
0.009724
0.009711
0.009698
0.009684
0.009671
0.009658
0.009644
0.009631
0.009618
0.009605
0.009592
0.009579
0.009566
0.009552
0.009540
0.009527
0.009514
0.009501
0.009488
0.009475
0.009462
0.009450
0.009437
0.009424
0.009412
0.009399
0.009386
0.009374
0.009361
0.009349
0.009336
0.009324
0.009311
0.009299
0.009287
0.009274
0.009262
0.009250
0.009238
0.009226
0.009213
0.009201
0.009189
0.009177
0.009165
0.009153
0.009141
0.009129
0.009117
0.009105
0.009094
0.009082
0.009070
0.009058
0.009047
0.009035
0.009023
0.009012
0.009000
0.008988
0.008977
0.008965
0.008954
0.008942
0.008931
0.008919
0.008908
0.008897
0.008885
0.008874
0.008863
0.008852
0.008840
0.008829
0.008818
0.008807
0.008796
0.008785
0.008774
0.008763
0.008752
0.008741
0.008730
0.008719
0.008708
0.008697
0.008686
0.008675
0.008664
0.008654
0.008643
0.008632
0.008622
0.008611
0.008600
0.008590
0.008579
0.008568
0.008558
0.008547
0.008537
0.008526
0.008516
0.008506
0.008495
0.008485
0.008474
0.008464
0.008454
0.008444
0.008433
0.008423
0.008413
0.008403
0.008393
0.008382
0.008372
0.008362
0.008352
0.008342
0.008332
0.008322
0.008312
0.008302
0.008292
0.008282
0.008273
0.008263
0.008253
0.008243
0.008233
0.008223
0.008214
0.008204
0.008194
0.008185
0.008175
0.008165
0.008156
0.008146
0.008137
0.008127
0.008117
0.008108
0.008098
0.008089
0.008080
0.008070
0.008061
0.008051
0.008042
0.008033
0.008023
0.008014
0.008005
0.007996
0.007986
0.007977
0.007968
0.007959
0.007950
0.007940
0.007931
0.007922
0.007913
0.007904
0.007895
0.007886
0.007877
0.007868
0.007859
0.007850
0.007841
0.007832
0.007823
0.007815
0.007806
0.007797
0.007788
0.007779
0.007771
0.007762
0.007753
0.007744
0.007736
0.007727
0.007718
0.007710
0.007701
0.007693
0.007684
0.007675
0.007667
0.007658
0.007650
0.007641
0.007633
0.007624
0.007616
0.007608
0.007599
0.007591
0.007582
0.007574
0.007566
0.007557
0.007549
0.007541
0.007533
0.007524
0.007516
0.007508
0.007500
0.007492
0.007483
0.007475
0.007467
0.007459
0.007451
0.007443
0.007435
0.007427
0.007419
0.007411
0.007403
0.007395
0.007387
0.007379
0.007371
0.007363
0.007355
0.007347
0.007340
0.007332
0.007324
0.007316
0.007308
0.007300
0.007293
0.007285
0.007277
0.007270
0.007262
0.007254
0.007246
0.007239
0.007231
0.007224
0.007216
0.007208
0.007201
0.007193
0.007186
0.007178
0.007171
0.007163
0.007156
0.007148
0.007141
0.007133
0.007126
0.007118
0.007111
0.007104
0.007096
0.007089
0.007082
0.007074
0.007067
0.007060
0.007052
0.007045
0.007038
0.007031
0.007023
0.007016
0.007009
0.007002
0.006995
0.006988
0.006980
0.006973
0.006966
0.006959
0.006952
0.006945
0.006938
0.006931
0.006924
0.006917
0.006910
0.006903
0.006896
0.006889
0.006882
0.006875
0.006868
0.006861
0.006854
0.006847
0.006841
0.006834
0.006827
0.006820
0.006813
0.006806
0.006800
0.006793
0.006786
0.006779
0.006773
0.006766
0.006759
0.006752
0.006746
0.006739
0.006732
0.006726
0.006719
0.006712
0.006706
0.006699
0.006693
0.006686
0.006680
0.006673
0.006666
0.006660
0.006653
0.006647
0.006640
0.006634
0.006627
0.006621
0.006615
0.006608
0.006602
0.006595
0.006589
0.006583
0.006576
0.006570
0.006563
0.006557
0.006551
0.006545
0.006538
0.006532
0.006526
0.006519
0.006513
0.006507
0.006501
0.006494
0.006488
0.006482
0.006476
0.006470
0.006464
0.006457
0.006451
0.006445
0.006439
0.006433
0.006427
0.006421
0.006415
0.006409
0.006402
0.006396
0.006390
0.006384
0.006378
0.006372
0.006366
0.006360
0.006354
0.006349
0.006343
0.006337
0.006331
0.006325
0.006319
0.006313
0.006307
0.006301
0.006295
0.006290
0.006284
0.006278
0.006272
0.006266
0.006260
0.006255
0.006249
0.006243
0.006237
0.006232
0.006226
0.006220
0.006214
0.006209
0.006203
0.006197
0.006192
0.006186
0.006180
0.006175
0.006169
0.006163
0.006158
0.006152
0.006147
0.006141
0.006135
0.006130
0.006124
0.006119
0.006113
0.006108
0.006102
0.006097
0.006091
0.006086
0.006080
0.006075
0.006069
0.006064
0.006058
0.006053
0.006047
0.006042
0.006037
0.006031
0.006026
0.006020
0.006015
0.006010
0.006004
0.005999
0.005994
0.005988
0.005983
0.005978
0.005972
0.005967
0.005962
0.005957
0.005951
0.005946
0.005941
0.005936
0.005930
0.005925
0.005920
0.005915
0.005910
0.005904
0.005899
0.005894
0.005889
0.005884
0.005879
0.005873
0.005868
0.005863
0.005858
0.005853
0.005848
0.005843
0.005838
0.005833
0.005828
0.005823
0.005817
0.005812
0.005807
0.005802
0.005797
0.005792
0.005787
0.005782
0.005777
0.005772
0.005768
0.005763
0.005758
0.005753
0.005748
0.005743
0.005738
0.005733
0.005728
0.005723
0.005718
0.005714
0.005709
0.005704
0.005699
0.005694
0.005689
0.005684
0.005680
0.005675
0.005670
0.005665
0.005660
0.005656
0.005651
0.005646
0.005641
0.005637
0.005632
0.005627
0.005622
0.005618
0.005613
0.005608
0.005604
0.005599
0.005594
0.005590
0.005585
0.005580
0.005576
0.005571
0.005566
0.005562
0.005557
0.005553
0.005548
0.005543
0.005539
0.005534
0.005530
0.005525
0.005520
0.005516
0.005511
0.005507
0.005502
0.005498
0.005493
0.005489
0.005484
0.005480
0.005475
0.005471
0.005466
0.005462
0.005457
0.005453
0.005448
0.005444
0.005440
0.005435
0.005431
0.005426
0.005422
0.005417
0.005413
0.005409
0.005404
0.005400
0.005396
0.005391
0.005387
0.005383
0.005378
0.005374
0.005370
0.005365
0.005361
0.005357
0.005352
0.005348
0.005344
0.005339
0.005335
0.005331
0.005327
0.005322
0.005318
0.005314
0.005310
0.005305
0.005301
0.005297
0.005293
0.005289
0.005284
0.005280
0.005276
0.005272
0.005268
0.005263
0.005259
0.005255
0.005251
0.005247
0.005243
0.005239
0.005234
0.005230
0.005226
0.005222
0.005218
0.005214
0.005210
0.005206
0.005202
0.005198
0.005194
0.005190
0.005185
0.005181
0.005177
0.005173
0.005169
0.005165
0.005161
0.005157
0.005153
0.005149
0.005145
0.005141
0.005137
0.005133
0.005129
0.005125
0.005122
0.005118
0.005114
0.005110
0.005106
0.005102
0.005098
0.005094
0.005090
0.005086
0.005082
0.005078
0.005075
0.005071
0.005067
0.005063
0.005059
0.005055
0.005051
0.005048
0.005044
0.005040
0.005036
0.005032
0.005028
0.005025
0.005021
0.005017
0.005013
0.005009
0.005006
0.005002
0.004998
0.004994
0.004990
0.004987
0.004983
0.004979
0.004975
0.004972
0.004968
0.004964
0.004961
0.004957
0.004953
0.004949
0.004946
0.004942
0.004938
0.004935
0.004931
0.004927
0.004924
0.004920
0.004916
0.004913
0.004909
0.004905
0.004902
0.004898
0.004895
0.004891
0.004887
0.004884
0.004880
0.004876
0.004873
0.004869
0.004866
0.004862
0.004859
0.004855
0.004851
0.004848
0.004844
0.004841
0.004837
0.004834
0.004830
0.004827
0.004823
0.004820
0.004816
0.004812
0.004809
0.004805
0.004802
0.004798
0.004795
0.004792
0.004788
0.004785
0.004781
0.004778
0.004774
0.004771
0.004767
0.004764
0.004760
0.004757
0.004754
0.004750
0.004747
0.004743
0.004740
0.004736
0.004733
0.004730
0.004726
0.004723
0.004719
0.004716
0.004713
0.004709
0.004706
0.004703
0.004699
0.004696
0.004693
0.004689
0.004686
0.004683
0.004679
0.004676
0.004673
0.004669
0.004666
0.004663
0.004659
0.004656
0.004653
0.004649
0.004646
0.004643
0.004640
0.004636
0.004633
0.004630
0.004627
0.004623
0.004620
0.004617
0.004614
0.004610
0.004607
0.004604
0.004601
0.004597
0.004594
0.004591
0.004588
0.004585
0.004581
0.004578
0.004575
0.004572
0.004569
0.004566
0.004562
0.004559
0.004556
0.004553
0.004550
0.004547
0.004543
0.004540
0.004537
0.004534
0.004531
0.004528
0.004525
0.004521
0.004518
0.004515
0.004512
0.004509
0.004506
0.004503
0.004500
0.004497
0.004494
0.004491
0.004487
0.004484
0.004481
0.004478
0.004475
0.004472
0.004469
0.004466
0.004463
0.004460
0.004457
0.004454
0.004451
0.004448
0.004445
0.004442
0.004439
0.004436
0.004433
0.004430
0.004427
0.004424
0.004421
0.004418
0.004415
0.004412
0.004409
0.004406
0.004403
0.004400
0.004397
0.004394
0.004391
0.004388
0.004385
0.004382
0.004379
0.004376
0.004374
0.004371
0.004368
0.004365
0.004362
0.004359
0.004356
0.004353
0.004350
0.004347
0.004344
0.004342
0.004339
0.004336
0.004333
0.004330
0.004327
0.004324
0.004322
0.004319
0.004316
0.004313
0.004310
0.004307
0.004304
0.004302
0.004299
0.004296
0.004293
0.004290
0.004287
0.004285
0.004282
0.004279
0.004276
0.004273
0.004271
0.004268
0.004265
0.004262
0.004259
0.004257
0.004254
0.004251
0.004248
0.004246
0.004243
0.004240
0.004237
0.004235
0.004232
0.004229
0.004226
0.004224
0.004221
0.004218
0.004215
0.004213
0.004210
0.004207
0.004205
0.004202
0.004199
0.004196
0.004194
0.004191
0.004188
0.004186
0.004183
0.004180
0.004178
0.004175
0.004172
0.004170
0.004167
0.004164
0.004162
0.004159
0.004156
0.004154
0.004151
0.004148
0.004146
0.004143
0.004140
0.004138
0.004135
0.004132
0.004130
0.004127
0.004125
0.004122
0.004119
0.004117
0.004114
0.004112
0.004109
0.004106
0.004104
0.004101
0.004099
0.004096
0.004093
0.004091
0.004088
0.004086
0.004083
0.004081
0.004078
0.004075
0.004073
0.004070
0.004068
0.004065
0.004063
0.004060
0.004058
0.004055
0.004053
0.004050
0.004048
0.004045
0.004042
0.004040
0.004037
0.004035
0.004032
0.004030
0.004027
0.004025
0.004022
0.004020
0.004017
0.004015
0.004012
0.004010
0.004007
0.004005
0.004003
0.004000
0.003998
0.003995
0.003993
0.003990
0.003988
0.003985
0.003983
0.003980
0.003978
0.003976
0.003973
0.003971
0.003968
0.003966
0.003963
0.003961
0.003959
0.003956
0.003954
0.003951
0.003949
0.003946
0.003944
0.003942
0.003939
0.003937
0.003934
0.003932
0.003930
0.003927
0.003925
0.003923
0.003920
0.003918
0.003915
0.003913
0.003911
0.003908
0.003906
0.003904
0.003901
0.003899
0.003897
0.003894
0.003892
0.003890
0.003887
0.003885
0.003883
0.003880
0.003878
0.003876
0.003873
0.003871
0.003869
0.003866
0.003864
0.003862
0.003859
0.003857
0.003855
0.003852
0.003850
0.003848
0.003846
0.003843
0.003841
0.003839
0.003836
0.003834
0.003832
0.003830
0.003827
0.003825
0.003823
0.003821
0.003818
0.003816
0.003814
0.003812
0.003809
0.003807
0.003805
0.003803
0.003800
0.003798
0.003796
0.003794
0.003791
0.003789
0.003787
0.003785
0.003782
0.003780
0.003778
0.003776
0.003774
0.003771
0.003769
0.003767
0.003765
0.003763
0.003760
0.003758
0.003756
0.003754
0.003752
0.003749
0.003747
0.003745
0.003743
0.003741
0.003739
0.003736
0.003734
0.003732
0.003730
0.003728
0.003726
0.003723
0.003721
0.003719
0.003717
0.003715
0.003713
0.003711
0.003708
0.003706
0.003704
0.003702
0.003700
0.003698
0.003696
0.003694
0.003691
0.003689
0.003687
0.003685
0.003683
0.003681
0.003679
0.003677
0.003675
0.003672
0.003670
0.003668
0.003666
0.003664
0.003662
0.003660
0.003658
0.003656
0.003654
0.003652
0.003649
0.003647
0.003645
0.003643
0.003641
0.003639
0.003637
0.003635
0.003633
0.003631
0.003629
0.003627
0.003625
0.003623
0.003621
0.003619
0.003617
0.003615
0.003613
0.003611
0.003608
0.003606
0.003604
0.003602
0.003600
0.003598
0.003596
0.003594
0.003592
0.003590
0.003588
0.003586
0.003584
0.003582
0.003580
0.003578
0.003576
0.003574
0.003572
0.003570
0.003568
0.003566
0.003564
0.003562
0.003560
0.003558
0.003556
0.003554
0.003553
0.003551
0.003549
0.003547
0.003545
0.003543
0.003541
0.003539
0.003537
0.003535
0.003533
0.003531
0.003529
0.003527
0.003525
0.003523
0.003521
0.003519
0.003517
0.003515
0.003514
0.003512
0.003510
0.003508
0.003506
0.003504
0.003502
0.003500
0.003498
0.003496
0.003494
0.003492
0.003491
0.003489
0.003487
0.003485
0.003483
0.003481
0.003479
0.003477
0.003475
0.003473
0.003472
0.003470
0.003468
0.003466
0.003464
0.003462
0.003460
0.003458
0.003457
0.003455
0.003453
0.003451
0.003449
0.003447
0.003445
0.003444
0.003442
0.003440
0.003438
0.003436
0.003434
0.003432
0.003431
0.003429
0.003427
0.003425
0.003423
0.003421
0.003420
0.003418
0.003416
0.003414
0.003412
0.003410
0.003409
0.003407
0.003405
0.003403
0.003401
0.003400
0.003398
0.003396
0.003394
0.003392
0.003390
0.003389
0.003387
0.003385
0.003383
0.003382
0.003380
0.003378
0.003376
0.003374
0.003373
0.003371
0.003369
0.003367
0.003365
0.003364
0.003362
0.003360
0.003358
0.003357
0.003355
0.003353
0.003351
0.003350
0.003348
0.003346
0.003344
0.003342
0.003341
0.003339
0.003337
0.003335
0.003334
0.003332
0.003330
0.003329
0.003327
0.003325
0.003323
0.003322
0.003320
0.003318
0.003316
0.003315
0.003313
0.003311
0.003309
0.003308
0.003306
0.003304
0.003303
0.003301
0.003299
0.003297
0.003296
0.003294
0.003292
0.003291
0.003289
0.003287
0.003286
0.003284
0.003282
0.003280
0.003279
0.003277
0.003275
0.003274
0.003272
0.003270
0.003269
0.003267
0.003265
0.003264
0.003262
0.003260
0.003259
0.003257
0.003255
0.003254
0.003252
0.003250
0.003249
0.003247
0.003245
0.003244
0.003242
0.003240
0.003239
0.003237
0.003235
0.003234
0.003232
0.003230
0.003229
0.003227
0.003226
0.003224
0.003222
0.003221
0.003219
0.003217
0.003216
0.003214
0.003212
0.003211
0.003209
0.003208
0.003206
0.003204
0.003203
0.003201
0.003199
0.003198
0.003196
0.003195
0.003193
0.003191
0.003190
0.003188
0.003187
0.003185
0.003183
0.003182
0.003180
0.003179
0.003177
0.003175
0.003174
0.003172
0.003171
0.003169
0.003168
0.003166
0.003164
0.003163
0.003161
0.003160
0.003158
0.003156
0.003155
0.003153
0.003152
0.003150
0.003149
0.003147
0.003145
0.003144
0.003142
0.003141
0.003139
0.003138
0.003136
0.003135
0.003133
0.003131
0.003130
0.003128
0.003127
0.003125
0.003124
0.003122
0.003121
0.003119
0.003118
0.003116
0.003115
0.003113
0.003111
0.003110
0.003108
0.003107
0.003105
0.003104
0.003102
0.003101
0.003099
0.003098
0.003096
0.003095
0.003093
0.003092
0.003090
0.003089
0.003087
0.003086
0.003084
0.003083
0.003081
0.003080
0.003078
0.003077
0.003075
0.003074
0.003072
0.003071
0.003069
0.003068
0.003066
0.003065
0.003063
0.003062
0.003060
0.003059
0.003057
0.003056
0.003054
0.003053
0.003051
0.003050
0.003048
0.003047
0.003045
0.003044
0.003043
0.003041
0.003040
0.003038
0.003037
0.003035
0.003034
0.003032
0.003031
0.003029
0.003028
0.003026
0.003025
0.003024
0.003022
0.003021
0.003019
0.003018
0.003016
0.003015
0.003013
0.003012
0.003011
0.003009
0.003008
0.003006
0.003005
0.003003
0.003002
0.003001
0.002999
0.002998
0.002996
0.002995
0.002993
0.002992
0.002991
0.002989
0.002988
0.002986
0.002985
0.002984
0.002982
0.002981
0.002979
0.002978
0.002976
0.002975
0.002974
0.002972
0.002971
0.002969
0.002968
0.002967
0.002965
0.002964
0.002962
0.002961
0.002960
0.002958
0.002957
0.002956
0.002954
0.002953
0.002951
0.002950
0.002949
0.002947
0.002946
0.002944
0.002943
0.002942
0.002940
0.002939
0.002938
0.002936
0.002935
0.002933
0.002932
0.002931
0.002929
0.002928
0.002927
0.002925
0.002924
0.002923
0.002921
0.002920
0.002918
0.002917
0.002916
0.002914
0.002913
0.002912
0.002910
0.002909
0.002908
0.002906
0.002905
0.002904
0.002902
0.002901
0.002900
0.002898
0.002897
0.002896
0.002894
0.002893
0.002892
0.002890
0.002889
0.002888
0.002886
0.002885
0.002884
0.002882
0.002881
0.002880
0.002878
0.002877
0.002876
0.002874
0.002873
0.002872
0.002870
0.002869
0.002868
0.002867
0.002865
0.002864
0.002863
0.002861
0.002860
0.002859
0.002857
0.002856
0.002855
0.002853
0.002852
0.002851
0.002850
0.002848
0.002847
0.002846
0.002844
0.002843
0.002842
0.002841
0.002839
0.002838
0.002837
0.002835
0.002834
0.002833
0.002832
0.002830
0.002829
0.002828
0.002826
0.002825
0.002824
0.002823
0.002821
0.002820
0.002819
0.002818
0.002816
0.002815
0.002814
0.002812
0.002811
0.002810
0.002809
0.002807
0.002806
0.002805
0.002804
0.002802
0.002801
0.002800
0.002799
0.002797
0.002796
0.002795
0.002794
0.002792
0.002791
0.002790
0.002789
0.002787
0.002786
0.002785
0.002784
0.002782
0.002781
0.002780
0.002779
0.002778
0.002776
0.002775
0.002774
0.002773
0.002771
0.002770
0.002769
0.002768
0.002766
0.002765
0.002764
0.002763
0.002762
0.002760
0.002759
0.002758
0.002757
0.002756
0.002754
0.002753
0.002752
0.002751
0.002749
0.002748
0.002747
0.002746
0.002745
0.002743
0.002742
0.002741
0.002740
0.002739
0.002737
0.002736
0.002735
0.002734
0.002733
0.002731
0.002730
0.002729
0.002728
0.002727
0.002725
0.002724
0.002723
0.002722
0.002721
0.002720
0.002718
0.002717
0.002716
0.002715
0.002714
0.002712
0.002711
0.002710
0.002709
0.002708
0.002707
0.002705
0.002704
0.002703
0.002702
0.002701
0.002700
0.002698
0.002697
0.002696
0.002695
0.002694
0.002693
0.002691
0.002690
0.002689
0.002688
0.002687
0.002686
0.002684
0.002683
0.002682
0.002681
0.002680
0.002679
0.002677
0.002676
0.002675
0.002674
0.002673
0.002672
0.002671
0.002669
0.002668
0.002667
0.002666
0.002665
0.002664
0.002663
0.002661
0.002660
0.002659
0.002658
0.002657
0.002656
0.002655
0.002654
0.002652
0.002651
0.002650
0.002649
0.002648
0.002647
0.002646
0.002645
0.002643
0.002642
0.002641
0.002640
0.002639
0.002638
0.002637
0.002636
0.002634
0.002633
0.002632
0.002631
0.002630
0.002629
0.002628
0.002627
0.002626
0.002624
0.002623
0.002622
0.002621
0.002620
0.002619
0.002618
0.002617
0.002616
0.002614
0.002613
0.002612
0.002611
0.002610
0.002609
0.002608
0.002607
0.002606
0.002605
0.002604
0.002602
0.002601
0.002600
0.002599
0.002598
0.002597
0.002596
0.002595
0.002594
0.002593
0.002592
0.002591
0.002589
0.002588
0.002587
0.002586
0.002585
0.002584
0.002583
0.002582
0.002581
0.002580
0.002579
0.002578
0.002577
0.002575
0.002574
0.002573
0.002572
0.002571
0.002570
0.002569
0.002568
0.002567
0.002566
0.002565
0.002564
0.002563
0.002562
0.002561
0.002560
0.002558
0.002557
0.002556
0.002555
0.002554
0.002553
0.002552
0.002551
0.002550
0.002549
0.002548
0.002547
0.002546
0.002545
0.002544
0.002543
0.002542
0.002541
0.002540
0.002539
0.002538
0.002537
0.002535
0.002534
0.002533
0.002532
0.002531
0.002530
0.002529
0.002528
0.002527
0.002526
0.002525
0.002524
0.002523
0.002522
0.002521
0.002520
0.002519
0.002518
0.002517
0.002516
0.002515
0.002514
0.002513
0.002512
0.002511
0.002510
0.002509
0.002508
0.002507
0.002506
0.002505
0.002504
0.002503
0.002502
0.002501
0.002500
0.002499
0.002498
0.002497
0.002496
0.002495
0.002494
0.002493
0.002492
0.002491
0.002490
0.002489
0.002488
0.002487
0.002486
0.002485
0.002484
0.002483
0.002482
0.002481
0.002480
0.002479
0.002478
0.002477
0.002476
0.002475
0.002474
0.002473
0.002472
0.002471
0.002470
0.002469
0.002468
0.002467
0.002466
0.002465
0.002464
0.002463
0.002462
0.002461
0.002460
0.002459
0.002458
0.002457
0.002456
0.002455
0.002454
0.002453
0.002452
0.002451
0.002450
0.002449
0.002448
0.002447
0.002446
0.002445
0.002444
0.002443
0.002442
0.002441
0.002440
0.002439
0.002439
0.002438
0.002437
0.002436
0.002435
0.002434
0.002433
0.002432
0.002431
0.002430
0.002429
0.002428
0.002427
0.002426
0.002425
0.002424
0.002423
0.002422
0.002421
0.002420
0.002419
0.002418
0.002418
0.002417
0.002416
0.002415
0.002414
0.002413
0.002412
0.002411
0.002410
0.002409
0.002408
0.002407
0.002406
0.002405
0.002404
0.002403
0.002402
0.002402
0.002401
0.002400
0.002399
0.002398
0.002397
0.002396
0.002395
0.002394
0.002393
0.002392
0.002391
0.002390
0.002389
0.002388
0.002388
0.002387
0.002386
0.002385
0.002384
0.002383
0.002382
0.002381
0.002380
0.002379
0.002378
0.002377
0.002376
0.002376
0.002375
0.002374
0.002373
0.002372
0.002371
0.002370
0.002369
0.002368
0.002367
0.002366
0.002366
0.002365
0.002364
0.002363
0.002362
0.002361
0.002360
0.002359
0.002358
0.002357
0.002356
0.002356
0.002355
0.002354
0.002353
0.002352
0.002351
0.002350
0.002349
0.002348
0.002347
0.002347
0.002346
0.002345
0.002344
0.002343
0.002342
0.002341
0.002340
0.002339
0.002339
0.002338
0.002337
0.002336
0.002335
0.002334
0.002333
0.002332
0.002331
0.002331
0.002330
0.002329
0.002328
0.002327
0.002326
0.002325
0.002324
0.002324
0.002323
0.002322
0.002321
0.002320
0.002319
0.002318
0.002317
0.002317
0.002316
0.002315
0.002314
0.002313
0.002312
0.002311
0.002310
0.002310
0.002309
0.002308
0.002307
0.002306
0.002305
0.002304
0.002303
0.002303
0.002302
0.002301
0.002300
0.002299
0.002298
0.002297
0.002297
0.002296
0.002295
0.002294
0.002293
0.002292
0.002291
0.002291
0.002290
0.002289
0.002288
0.002287
0.002286
0.002285
0.002285
0.002284
0.002283
0.002282
0.002281
0.002280
0.002280
0.002279
0.002278
0.002277
0.002276
0.002275
0.002274
0.002274
0.002273
0.002272
0.002271
0.002270
0.002269
0.002269
0.002268
0.002267
0.002266
0.002265
0.002264
0.002264
0.002263
0.002262
0.002261
0.002260
0.002259
0.002259
0.002258
0.002257
0.002256
0.002255
0.002254
0.002254
0.002253
0.002252
0.002251
0.002250
0.002249
0.002249
0.002248
0.002247
0.002246
0.002245
0.002244
0.002244
0.002243
0.002242
0.002241
0.002240
0.002240
0.002239
0.002238
0.002237
0.002236
0.002235
0.002235
0.002234
0.002233
0.002232
0.002231
0.002231
0.002230
0.002229
0.002228
0.002227
0.002226
0.002226
0.002225
0.002224
0.002223
0.002222
0.002222
0.002221
0.002220
0.002219
0.002218
0.002218
0.002217
0.002216
0.002215
0.002214
0.002214
0.002213
0.002212
0.002211
0.002210
0.002210
0.002209
0.002208
0.002207
0.002206
0.002206
0.002205
0.002204
0.002203
0.002202
0.002202
0.002201
0.002200
0.002199
0.002198
0.002198
0.002197
0.002196
0.002195
0.002195
0.002194
0.002193
0.002192
0.002191
0.002191
0.002190
0.002189
0.002188
0.002187
0.002187
0.002186
0.002185
0.002184
0.002184
0.002183
0.002182
0.002181
0.002180
0.002180
0.002179
0.002178
0.002177
0.002177
0.002176
0.002175
0.002174
0.002173
0.002173
0.002172
0.002171
0.002170
0.002170
0.002169
0.002168
0.002167
0.002166
0.002166
0.002165
0.002164
0.002163
0.002163
0.002162
0.002161
0.002160
0.002160
0.002159
0.002158
0.002157
0.002157
0.002156
0.002155
0.002154
0.002153
0.002153
0.002152
0.002151
0.002150
0.002150
0.002149
0.002148
0.002147
0.002147
0.002146
0.002145
0.002144
0.002144
0.002143
0.002142
0.002141
0.002141
0.002140
0.002139
0.002138
0.002138
0.002137
0.002136
0.002135
0.002135
0.002134
0.002133
0.002132
0.002132
0.002131
0.002130
0.002129
0.002129
0.002128
0.002127
0.002126
0.002126
0.002125
0.002124
0.002123
0.002123
0.002122
0.002121
0.002121
0.002120
0.002119
0.002118
0.002118
0.002117
0.002116
0.002115
0.002115
0.002114
0.002113
0.002112
0.002112
0.002111
0.002110
0.002109
0.002109
0.002108
0.002107
0.002107
0.002106
0.002105
0.002104
0.002104
0.002103
0.002102
0.002101
0.002101
0.002100
0.002099
0.002099
0.002098
0.002097
0.002096
0.002096
0.002095
0.002094
0.002094
0.002093
0.002092
0.002091
0.002091
0.002090
0.002089
0.002088
0.002088
0.002087
0.002086
0.002086
0.002085
0.002084
0.002083
0.002083
0.002082
0.002081
0.002081
0.002080
0.002079
0.002078
0.002078
0.002077
0.002076
0.002076
0.002075
0.002074
0.002074
0.002073
0.002072
0.002071
0.002071
0.002070
0.002069
0.002069
0.002068
0.002067
0.002066
0.002066
0.002065
0.002064
0.002064
0.002063
0.002062
0.002062
0.002061
0.002060
0.002059
0.002059
0.002058
0.002057
0.002057
0.002056
0.002055
0.002055
0.002054
0.002053
0.002052
0.002052
0.002051
0.002050
0.002050
0.002049
0.002048
0.002048
0.002047
0.002046
0.002046
0.002045
0.002044
0.002044
0.002043
0.002042
0.002041
0.002041
0.002040
0.002039
0.002039
0.002038
0.002037
0.002037
0.002036
0.002035
0.002035
0.002034
0.002033
0.002033
0.002032
0.002031
0.002031
0.002030
0.002029
0.002028
0.002028
0.002027
0.002026
0.002026
0.002025
0.002024
0.002024
0.002023
0.002022
0.002022
0.002021
0.002020
0.002020
0.002019
0.002018
0.002018
0.002017
0.002016
0.002016
0.002015
0.002014
0.002014
0.002013
0.002012
0.002012
0.002011
0.002010
0.002010
0.002009
0.002008
0.002008
0.002007
0.002006
0.002006
0.002005
0.002004
0.002004
0.002003
0.002002
0.002002
0.002001
0.002000
0.002000
0.001999
0.001998
0.001998
0.001997
0.001996
0.001996
0.001995
0.001994
0.001994
0.001993
0.001992
0.001992
0.001991
0.001990
0.001990
0.001989
0.001989
0.001988
0.001987
0.001987
0.001986
0.001985
0.001985
0.001984
0.001983
0.001983
0.001982
0.001981
0.001981
0.001980
0.001979
0.001979
0.001978
0.001977
0.001977
0.001976
0.001976
0.001975
0.001974
0.001974
0.001973
0.001972
0.001972
0.001971
0.001970
0.001970
0.001969
0.001968
0.001968
0.001967
0.001967
0.001966
0.001965
0.001965
0.001964
0.001963
0.001963
0.001962
0.001961
0.001961
0.001960
0.001959
0.001959
0.001958
0.001958
0.001957
0.001956
0.001956
0.001955
0.001954
0.001954
0.001953
0.001953
0.001952
0.001951
0.001951
0.001950
0.001949
0.001949
0.001948
0.001947
0.001947
0.001946
0.001946
0.001945
0.001944
0.001944
0.001943
0.001942
0.001942
0.001941
0.001941
0.001940
0.001939
0.001939
0.001938
0.001937
0.001937
0.001936
0.001936
0.001935
0.001934
0.001934
0.001933
0.001933
0.001932
0.001931
0.001931
0.001930
0.001929
0.001929
0.001928
0.001928
0.001927
0.001926
0.001926
0.001925
0.001925
0.001924
0.001923
0.001923
0.001922
0.001921
0.001921
0.001920
0.001920
0.001919
0.001918
0.001918
0.001917
0.001917
0.001916
0.001915
0.001915
0.001914
0.001914
0.001913
0.001912
0.001912
0.001911
0.001910
0.001910
0.001909
0.001909
0.001908
0.001907
0.001907
0.001906
0.001906
0.001905
0.001904
0.001904
0.001903
0.001903
0.001902
0.001901
0.001901
0.001900
0.001900
0.001899
0.001898
0.001898
0.001897
0.001897
0.001896
0.001895
0.001895
0.001894
0.001894
0.001893
0.001892
0.001892
0.001891
0.001891
0.001890
0.001890
0.001889
0.001888
0.001888
0.001887
0.001887
0.001886
0.001885
0.001885
0.001884
0.001884
0.001883
0.001882
0.001882
0.001881
0.001881
0.001880
0.001879
0.001879
0.001878
0.001878
0.001877
0.001877
0.001876
0.001875
0.001875
0.001874
0.001874
0.001873
0.001872
0.001872
0.001871
0.001871
0.001870
0.001870
0.001869
0.001868
0.001868
0.001867
0.001867
0.001866
0.001865
0.001865
0.001864
0.001864
0.001863
0.001863
0.001862
0.001861
0.001861
0.001860
0.001860
0.001859
0.001859
0.001858
0.001857
0.001857
0.001856
0.001856
0.001855
0.001855
0.001854
0.001853
0.001853
0.001852
0.001852
0.001851
0.001851
0.001850
0.001849
0.001849
0.001848
0.001848
0.001847
0.001847
0.001846
0.001845
0.001845
0.001844
0.001844
0.001843
0.001843
0.001842
0.001841
0.001841
0.001840
0.001840
0.001839
0.001839
0.001838
0.001838
0.001837
0.001836
0.001836
0.001835
0.001835
0.001834
0.001834
0.001833
0.001832
0.001832
0.001831
0.001831
0.001830
0.001830
0.001829
0.001829
0.001828
0.001827
0.001827
0.001826
0.001826
0.001825
0.001825
0.001824
0.001824
0.001823
0.001822
0.001822
0.001821
0.001821
0.001820
0.001820
0.001819
0.001819
0.001818
0.001817
0.001817
0.001816
0.001816
0.001815
0.001815
0.001814
0.001814
0.001813
0.001813
0.001812
0.001811
0.001811
0.001810
0.001810
0.001809
0.001809
0.001808
0.001808
0.001807
0.001807
0.001806
0.001805
0.001805
0.001804
0.001804
0.001803
0.001803
0.001802
0.001802
0.001801
0.001801
0.001800
0.001799
0.001799
0.001798
0.001798
0.001797
0.001797
0.001796
0.001796
0.001795
0.001795
0.001794
0.001794
0.001793
0.001792
0.001792
0.001791
0.001791
0.001790
0.001790
0.001789
0.001789
0.001788
0.001788
0.001787
0.001787
0.001786
0.001786
0.001785
0.001784
0.001784
0.001783
0.001783
0.001782
0.001782
0.001781
0.001781
0.001780
0.001780
0.001779
0.001779
0.001778
0.001778
0.001777
0.001776
0.001776
0.001775
0.001775
0.001774
0.001774
0.001773
0.001773
0.001772
0.001772
0.001771
0.001771
0.001770
0.001770
0.001769
0.001769
0.001768
0.001768
0.001767
0.001767
0.001766
0.001765
0.001765
0.001764
0.001764
0.001763
0.001763
0.001762
0.001762
0.001761
0.001761
0.001760
0.001760
0.001759
0.001759
0.001758
0.001758
0.001757
0.001757
0.001756
0.001756
0.001755
0.001755
0.001754
0.001754
0.001753
0.001753
0.001752
0.001752
0.001751
0.001750
0.001750
0.001749
0.001749
0.001748
0.001748
0.001747
0.001747
0.001746
0.001746
0.001745
0.001745
0.001744
0.001744
0.001743
0.001743
0.001742
0.001742
0.001741
0.001741
0.001740
0.001740
0.001739
0.001739
0.001738
0.001738
0.001737
0.001737
0.001736
0.001736
0.001735
0.001735
0.001734
0.001734
0.001733
0.001733
0.001732
0.001732
0.001731
0.001731
0.001730
0.001730
0.001729
0.001729
0.001728
0.001728
0.001727
0.001727
0.001726
0.001726
0.001725
0.001725
0.001724
0.001724
0.001723
0.001723
0.001722
0.001722
0.001721
0.001721
0.001720
0.001720
0.001719
0.001719
0.001718
0.001718
0.001717
0.001717
0.001716
0.001716
0.001715
0.001715
0.001714
0.001714
0.001713
0.001713
0.001712
0.001712
0.001711
0.001711
0.001710
0.001710
0.001709
0.001709
0.001708
0.001708
0.001707
0.001707
0.001706
0.001706
0.001705
0.001705
0.001704
0.001704
0.001704
0.001703
0.001703
0.001702
0.001702
0.001701
0.001701
0.001700
0.001700
0.001699
0.001699
0.001698
0.001698
0.001697
0.001697
0.001696
0.001696
0.001695
0.001695
0.001694
0.001694
0.001693
0.001693
0.001692
0.001692
0.001691
0.001691
0.001690
0.001690
0.001689
0.001689
0.001689
0.001688
0.001688
0.001687
0.001687
0.001686
0.001686
0.001685
0.001685
0.001684
0.001684
0.001683
0.001683
0.001682
0.001682
0.001681
0.001681
0.001680
0.001680
0.001679
0.001679
0.001679
0.001678
0.001678
0.001677
0.001677
0.001676
0.001676
0.001675
0.001675
0.001674
0.001674
0.001673
0.001673
0.001672
0.001672
0.001671
0.001671
0.001671
0.001670
0.001670
0.001669
0.001669
0.001668
0.001668
0.001667
0.001667
0.001666
0.001666
0.001665
0.001665
0.001664
0.001664
0.001663
0.001663
0.001663
0.001662
0.001662
0.001661
0.001661
0.001660
0.001660
0.001659
0.001659
0.001658
0.001658
0.001657
0.001657
0.001657
0.001656
0.001656
0.001655
0.001655
0.001654
0.001654
0.001653
0.001653
0.001652
0.001652
0.001651
0.001651
0.001651
0.001650
0.001650
0.001649
0.001649
0.001648
0.001648
0.001647
0.001647
0.001646
0.001646
0.001646
0.001645
0.001645
0.001644
0.001644
0.001643
0.001643
0.001642
0.001642
0.001641
0.001641
0.001641
0.001640
0.001640
0.001639
0.001639
0.001638
0.001638
0.001637
0.001637
0.001636
0.001636
0.001636
0.001635
0.001635
0.001634
0.001634
0.001633
0.001633
0.001632
0.001632
0.001631
0.001631
0.001631
0.001630
0.001630
0.001629
0.001629
0.001628
0.001628
0.001627
0.001627
0.001627
0.001626
0.001626
0.001625
0.001625
0.001624
0.001624
0.001623
0.001623
0.001623
0.001622
0.001622
0.001621
0.001621
0.001620
0.001620
0.001619
0.001619
0.001619
0.001618
0.001618
0.001617
0.001617
0.001616
0.001616
0.001615
0.001615
0.001615
0.001614
0.001614
0.001613
0.001613
0.001612
0.001612
0.001612
0.001611
0.001611
0.001610
0.001610
0.001609
0.001609
0.001608
0.001608
0.001608
0.001607
0.001607
0.001606
0.001606
0.001605
0.001605
0.001605
0.001604
0.001604
0.001603
0.001603
0.001602
0.001602
0.001602
0.001601
0.001601
0.001600
0.001600
0.001599
0.001599
0.001598
0.001598
0.001598
0.001597
0.001597
0.001596
0.001596
0.001595
0.001595
0.001595
0.001594
0.001594
0.001593
0.001593
0.001592
0.001592
0.001592
0.001591
0.001591
0.001590
0.001590
0.001589
0.001589
0.001589
0.001588
0.001588
0.001587
0.001587
0.001586
0.001586
0.001586
0.001585
0.001585
0.001584
0.001584
0.001584
0.001583
0.001583
0.001582
0.001582
0.001581
0.001581
0.001581
0.001580
0.001580
0.001579
0.001579
0.001578
0.001578
0.001578
0.001577
0.001577
0.001576
0.001576
0.001576
0.001575
0.001575
0.001574
0.001574
0.001573
0.001573
0.001573
0.001572
0.001572
0.001571
0.001571
0.001570
0.001570
0.001570
0.001569
0.001569
0.001568
0.001568
0.001568
0.001567
0.001567
0.001566
0.001566
0.001565
0.001565
0.001565
0.001564
0.001564
0.001563
0.001563
0.001563
0.001562
0.001562
0.001561
0.001561
0.001561
0.001560
0.001560
0.001559
0.001559
0.001558
0.001558
0.001558
0.001557
0.001557
0.001556
0.001556
0.001556
0.001555
0.001555
0.001554
0.001554
0.001554
0.001553
0.001553
0.001552
0.001552
0.001552
0.001551
0.001551
0.001550
0.001550
0.001549
0.001549
0.001549
0.001548
0.001548
0.001547
0.001547
0.001547
0.001546
0.001546
0.001545
0.001545
0.001545
0.001544
0.001544
0.001543
0.001543
0.001543
0.001542
0.001542
0.001541
0.001541
0.001541
0.001540
0.001540
0.001539
0.001539
0.001539
0.001538
0.001538
0.001537
0.001537
0.001537
0.001536
0.001536
0.001535
0.001535
0.001535
0.001534
0.001534
0.001533
0.001533
0.001533
0.001532
0.001532
0.001531
0.001531
0.001531
0.001530
0.001530
0.001529
0.001529
0.001529
0.001528
0.001528
0.001527
0.001527
0.001527
0.001526
0.001526
0.001525
0.001525
0.001525
0.001524
0.001524
0.001523
0.001523
0.001523
0.001522
0.001522
0.001521
0.001521
0.001521
0.001520
0.001520
0.001520
0.001519
0.001519
0.001518
0.001518
0.001518
0.001517
0.001517
0.001516
0.001516
0.001516
0.001515
0.001515
0.001514
0.001514
0.001514
0.001513
0.001513
0.001512
0.001512
0.001512
0.001511
0.001511
0.001511
0.001510
0.001510
0.001509
0.001509
0.001509
0.001508
0.001508
0.001507
0.001507
0.001507
0.001506
0.001506
0.001506
0.001505
0.001505
0.001504
0.001504
0.001504
0.001503
0.001503
0.001502
0.001502
0.001502
0.001501
0.001501
0.001501
0.001500
0.001500
0.001499
0.001499
0.001499
0.001498
0.001498
0.001497
0.001497
0.001497
0.001496
0.001496
0.001496
0.001495
0.001495
0.001494
0.001494
0.001494
0.001493
0.001493
0.001493
0.001492
0.001492
0.001491
0.001491
0.001491
0.001490
0.001490
0.001490
0.001489
0.001489
0.001488
0.001488
0.001488
0.001487
0.001487
0.001486
0.001486
0.001486
0.001485
0.001485
0.001485
0.001484
0.001484
0.001483
0.001483
0.001483
0.001482
0.001482
0.001482
0.001481
0.001481
0.001481
0.001480
0.001480
0.001479
0.001479
0.001479
0.001478
0.001478
0.001478
0.001477
0.001477
0.001476
0.001476
0.001476
0.001475
0.001475
0.001475
0.001474
0.001474
0.001473
0.001473
0.001473
0.001472
0.001472
0.001472
0.001471
0.001471
0.001470
0.001470
0.001470
0.001469
0.001469
0.001469
0.001468
0.001468
0.001468
0.001467
0.001467
0.001466
0.001466
0.001466
0.001465
0.001465
0.001465
0.001464
0.001464
0.001464
0.001463
0.001463
0.001462
0.001462
0.001462
0.001461
0.001461
0.001461
0.001460
0.001460
0.001460
0.001459
0.001459
0.001458
0.001458
0.001458
0.001457
0.001457
0.001457
0.001456
0.001456
0.001456
0.001455
0.001455
0.001454
0.001454
0.001454
0.001453
0.001453
0.001453
0.001452
0.001452
0.001452
0.001451
0.001451
0.001451
0.001450
0.001450
0.001449
0.001449
0.001449
0.001448
0.001448
0.001448
0.001447
0.001447
0.001447
0.001446
0.001446
0.001445
0.001445
0.001445
0.001444
0.001444
0.001444
0.001443
0.001443
0.001443
0.001442
0.001442
0.001442
0.001441
0.001441
0.001441
0.001440
0.001440
0.001439
0.001439
0.001439
0.001438
0.001438
0.001438
0.001437
0.001437
0.001437
0.001436
0.001436
0.001436
0.001435
0.001435
0.001435
0.001434
0.001434
0.001433
0.001433
0.001433
0.001432
0.001432
0.001432
0.001431
0.001431
0.001431
0.001430
0.001430
0.001430
0.001429
0.001429
0.001429
0.001428
0.001428
0.001428
0.001427
0.001427
0.001426
0.001426
0.001426
0.001425
0.001425
0.001425
0.001424
0.001424
0.001424
0.001423
0.001423
0.001423
0.001422
0.001422
0.001422
0.001421
0.001421
0.001421
0.001420
0.001420
0.001420
0.001419
0.001419
0.001419
0.001418
0.001418
0.001417
0.001417
0.001417
0.001416
0.001416
0.001416
0.001415
0.001415
0.001415
0.001414
0.001414
0.001414
0.001413
0.001413
0.001413
0.001412
0.001412
0.001412
0.001411
0.001411
0.001411
0.001410
0.001410
0.001410
0.001409
0.001409
0.001409
0.001408
0.001408
0.001408
0.001407
0.001407
0.001407
0.001406
0.001406
0.001406
0.001405
0.001405
0.001405
0.001404
0.001404
0.001404
0.001403
0.001403
0.001403
0.001402
0.001402
0.001402
0.001401
0.001401
0.001401
0.001400
0.001400
0.001400
0.001399
0.001399
0.001399
0.001398
0.001398
0.001398
0.001397
0.001397
0.001397
0.001396
0.001396
0.001396
0.001395
0.001395
0.001395
0.001394
0.001394
0.001394
0.001393
0.001393
0.001393
0.001392
0.001392
0.001392
0.001391
0.001391
0.001391
0.001390
0.001390
0.001390
0.001389
0.001389
0.001389
0.001388
0.001388
0.001388
0.001387
0.001387
0.001387
0.001386
0.001386
0.001386
0.001385
0.001385
0.001385
0.001384
0.001384
0.001384
0.001383
0.001383
0.001383
0.001382
0.001382
0.001382
0.001381
0.001381
0.001381
0.001380
0.001380
0.001380
0.001379
0.001379
0.001379
0.001378
0.001378
0.001378
0.001377
0.001377
0.001377
0.001376
0.001376
0.001376
0.001375
0.001375
0.001375
0.001374
0.001374
0.001374
0.001373
0.001373
0.001373
0.001373
0.001372
0.001372
0.001372
0.001371
0.001371
0.001371
0.001370
0.001370
0.001370
0.001369
0.001369
0.001369
0.001368
0.001368
0.001368
0.001367
0.001367
0.001367
0.001366
0.001366
0.001366
0.001365
0.001365
0.001365
0.001364
0.001364
0.001364
0.001364
0.001363
0.001363
0.001363
0.001362
0.001362
0.001362
0.001361
0.001361
0.001361
0.001360
0.001360
0.001360
0.001359
0.001359
0.001359
0.001358
0.001358
0.001358
0.001358
0.001357
0.001357
0.001357
0.001356
0.001356
0.001356
0.001355
0.001355
0.001355
0.001354
0.001354
0.001354
0.001353
0.001353
0.001353
0.001352
0.001352
0.001352
0.001352
0.001351
0.001351
0.001351
0.001350
0.001350
0.001350
0.001349
0.001349
0.001349
0.001348
0.001348
0.001348
0.001347
0.001347
0.001347
0.001347
0.001346
0.001346
0.001346
0.001345
0.001345
0.001345
0.001344
0.001344
0.001344
0.001343
0.001343
0.001343
0.001342
0.001342
0.001342
0.001342
0.001341
0.001341
0.001341
0.001340
0.001340
0.001340
0.001339
0.001339
0.001339
0.001338
0.001338
0.001338
0.001338
0.001337
0.001337
0.001337
0.001336
0.001336
0.001336
0.001335
0.001335
0.001335
0.001334
0.001334
0.001334
0.001334
0.001333
0.001333
0.001333
0.001332
0.001332
0.001332
0.001331
0.001331
0.001331
0.001330
0.001330
0.001330
0.001330
0.001329
0.001329
0.001329
0.001328
0.001328
0.001328
0.001327
0.001327
0.001327
0.001327
0.001326
0.001326
0.001326
0.001325
0.001325
0.001325
0.001324
0.001324
0.001324
0.001324
0.001323
0.001323
0.001323
0.001322
0.001322
0.001322
0.001321
0.001321
0.001321
0.001321
0.001320
0.001320
0.001320
0.001319
0.001319
0.001319
0.001318
0.001318
0.001318
0.001318
0.001317
0.001317
0.001317
0.001316
0.001316
0.001316
0.001315
0.001315
0.001315
0.001315
0.001314
0.001314
0.001314
0.001313
0.001313
0.001313
0.001312
0.001312
0.001312
0.001312
0.001311
0.001311
0.001311
0.001310
0.001310
0.001310
0.001310
0.001309
0.001309
0.001309
0.001308
0.001308
0.001308
0.001307
0.001307
0.001307
0.001307
0.001306
0.001306
0.001306
0.001305
0.001305
0.001305
0.001304
0.001304
0.001304
0.001304
0.001303
0.001303
0.001303
0.001302
0.001302
0.001302
0.001302
0.001301
0.001301
0.001301
0.001300
0.001300
0.001300
0.001300
0.001299
0.001299
0.001299
0.001298
0.001298
0.001298
0.001297
0.001297
0.001297
0.001297
0.001296
0.001296
0.001296
0.001295
0.001295
0.001295
0.001295
0.001294
0.001294
0.001294
0.001293
0.001293
0.001293
0.001293
0.001292
0.001292
0.001292
0.001291
0.001291
0.001291
0.001291
0.001290
0.001290
0.001290
0.001289
0.001289
0.001289
0.001289
0.001288
0.001288
0.001288
0.001287
0.001287
0.001287
0.001287
0.001286
0.001286
0.001286
0.001285
0.001285
0.001285
0.001285
0.001284
0.001284
0.001284
0.001283
0.001283
0.001283
0.001283
0.001282
0.001282
0.001282
0.001281
0.001281
0.001281
0.001281
0.001280
0.001280
0.001280
0.001279
0.001279
0.001279
0.001279
0.001278
0.001278
0.001278
0.001277
0.001277
0.001277
0.001277
0.001276
0.001276
0.001276
0.001276
0.001275
0.001275
0.001275
0.001274
0.001274
0.001274
0.001274
0.001273
0.001273
0.001273
0.001272
0.001272
0.001272
0.001272
0.001271
0.001271
0.001271
0.001270
0.001270
0.001270
0.001270
0.001269
0.001269
0.001269
0.001269
0.001268
0.001268
0.001268
0.001267
0.001267
0.001267
0.001267
0.001266
0.001266
0.001266
0.001265
0.001265
0.001265
0.001265
0.001264
0.001264
0.001264
0.001264
0.001263
0.001263
0.001263
0.001262
0.001262
0.001262
0.001262
0.001261
0.001261
0.001261
0.001260
0.001260
0.001260
0.001260
0.001259
0.001259
0.001259
0.001259
0.001258
0.001258
0.001258
0.001257
0.001257
0.001257
0.001257
0.001256
0.001256
0.001256
0.001256
0.001255
0.001255
0.001255
0.001254
0.001254
0.001254
0.001254
0.001253
0.001253
0.001253
0.001253
0.001252
0.001252
0.001252
0.001251
0.001251
0.001251
0.001251
0.001250
0.001250
0.001250
0.001250
0.001249
0.001249
0.001249
0.001249
0.001248
0.001248
0.001248
0.001247
0.001247
0.001247
0.001247
0.001246
0.001246
0.001246
0.001246
0.001245
0.001245
0.001245
0.001244
0.001244
0.001244
0.001244
0.001243
0.001243
0.001243
0.001243
0.001242
0.001242
0.001242
0.001242
0.001241
0.001241
0.001241
0.001240
0.001240
0.001240
0.001240
0.001239
0.001239
0.001239
0.001239
0.001238
0.001238
0.001238
0.001238
0.001237
0.001237
0.001237
0.001236
0.001236
0.001236
0.001236
0.001235
0.001235
0.001235
0.001235
0.001234
0.001234
0.001234
0.001234
0.001233
0.001233
0.001233
0.001233
0.001232
0.001232
0.001232
0.001231
0.001231
0.001231
0.001231
0.001230
0.001230
0.001230
0.001230
0.001229
0.001229
0.001229
0.001229
0.001228
0.001228
0.001228
0.001228
0.001227
0.001227
0.001227
0.001226
0.001226
0.001226
0.001226
0.001225
0.001225
0.001225
0.001225
0.001224
0.001224
0.001224
0.001224
0.001223
0.001223
0.001223
0.001223
0.001222
0.001222
0.001222
0.001222
0.001221
0.001221
0.001221
0.001221
0.001220
0.001220
0.001220
0.001219
0.001219
0.001219
0.001219
0.001218
0.001218
0.001218
0.001218
0.001217
0.001217
0.001217
0.001217
0.001216
0.001216
0.001216
0.001216
0.001215
0.001215
0.001215
0.001215
0.001214
0.001214
0.001214
0.001214
0.001213
0.001213
0.001213
0.001213
0.001212
0.001212
0.001212
0.001212
0.001211
0.001211
0.001211
0.001211
0.001210
0.001210
0.001210
0.001210
0.001209
0.001209
0.001209
0.001208
0.001208
0.001208
0.001208
0.001207
0.001207
0.001207
0.001207
0.001206
0.001206
0.001206
0.001206
0.001205
0.001205
0.001205
0.001205
0.001204
0.001204
0.001204
0.001204
0.001203
0.001203
0.001203
0.001203
0.001202
0.001202
0.001202
0.001202
0.001201
0.001201
0.001201
0.001201
0.001200
0.001200
0.001200
0.001200
0.001199
0.001199
0.001199
0.001199
0.001198
0.001198
0.001198
0.001198
0.001197
0.001197
0.001197
0.001197
0.001196
0.001196
0.001196
0.001196
0.001195
0.001195
0.001195
0.001195
0.001194
0.001194
0.001194
0.001194
0.001193
0.001193
0.001193
0.001193
0.001192
0.001192
0.001192
0.001192
0.001191
0.001191
0.001191
0.001191
0.001190
0.001190
0.001190
0.001190
0.001190
0.001189
0.001189
0.001189
0.001189
0.001188
0.001188
0.001188
0.001188
0.001187
0.001187
0.001187
0.001187
0.001186
0.001186
0.001186
0.001186
0.001185
0.001185
0.001185
0.001185
0.001184
0.001184
0.001184
0.001184
0.001183
0.001183
0.001183
0.001183
0.001182
0.001182
0.001182
0.001182
0.001181
0.001181
0.001181
0.001181
0.001180
0.001180
0.001180
0.001180
0.001179
0.001179
0.001179
0.001179
0.001179
0.001178
0.001178
0.001178
0.001178
0.001177
0.001177
0.001177
0.001177
0.001176
0.001176
0.001176
0.001176
0.001175
0.001175
0.001175
0.001175
0.001174
0.001174
0.001174
0.001174
0.001173
0.001173
0.001173
0.001173
0.001173
0.001172
0.001172
0.001172
0.001172
0.001171
0.001171
0.001171
0.001171
0.001170
0.001170
0.001170
0.001170
0.001169
0.001169
0.001169
0.001169
0.001168
0.001168
0.001168
0.001168
0.001168
0.001167
0.001167
0.001167
0.001167
0.001166
0.001166
0.001166
0.001166
0.001165
0.001165
0.001165
0.001165
0.001164
0.001164
0.001164
0.001164
0.001163
0.001163
0.001163
0.001163
0.001163
0.001162
0.001162
0.001162
0.001162
0.001161
0.001161
0.001161
0.001161
0.001160
0.001160
0.001160
0.001160
0.001159
0.001159
0.001159
0.001159
0.001159
0.001158
0.001158
0.001158
0.001158
0.001157
0.001157
0.001157
0.001157
0.001156
0.001156
0.001156
0.001156
0.001156
0.001155
0.001155
0.001155
0.001155
0.001154
0.001154
0.001154
0.001154
0.001153
0.001153
0.001153
0.001153
0.001152
0.001152
0.001152
0.001152
0.001152
0.001151
0.001151
0.001151
0.001151
0.001150
0.001150
0.001150
0.001150
0.001149
0.001149
0.001149
0.001149
0.001149
0.001148
0.001148
0.001148
0.001148
0.001147
0.001147
0.001147
0.001147
0.001146
0.001146
0.001146
0.001146
0.001146
0.001145
0.001145
0.001145
0.001145
0.001144
0.001144
0.001144
0.001144
0.001144
0.001143
0.001143
0.001143
0.001143
0.001142
0.001142
0.001142
0.001142
0.001141
0.001141
0.001141
0.001141
0.001141
0.001140
0.001140
0.001140
0.001140
0.001139
0.001139
0.001139
0.001139
0.001139
0.001138
0.001138
0.001138
0.001138
0.001137
0.001137
0.001137
0.001137
0.001136
0.001136
0.001136
0.001136
0.001136
0.001135
0.001135
0.001135
0.001135
0.001134
0.001134
0.001134
0.001134
0.001134
0.001133
0.001133
0.001133
0.001133
0.001132
0.001132
0.001132
0.001132
0.001132
0.001131
0.001131
0.001131
0.001131
0.001130
0.001130
0.001130
0.001130
0.001130
0.001129
0.001129
0.001129
0.001129
0.001128
0.001128
0.001128
0.001128
0.001128
0.001127
0.001127
0.001127
0.001127
0.001126
0.001126
0.001126
0.001126
0.001126
0.001125
0.001125
0.001125
0.001125
0.001124
0.001124
0.001124
0.001124
0.001124
0.001123
0.001123
0.001123
0.001123
0.001122
0.001122
0.001122
0.001122
0.001122
0.001121
0.001121
0.001121
0.001121
0.001120
0.001120
0.001120
0.001120
0.001120
0.001119
0.001119
0.001119
0.001119
0.001118
0.001118
0.001118
0.001118
0.001118
0.001117
0.001117
0.001117
0.001117
0.001117
0.001116
0.001116
0.001116
0.001116
0.001115
0.001115
0.001115
0.001115
0.001115
0.001114
0.001114
0.001114
0.001114
0.001113
0.001113
0.001113
0.001113
0.001113
0.001112
0.001112
0.001112
0.001112
0.001112
0.001111
0.001111
0.001111
0.001111
0.001110
0.001110
0.001110
0.001110
0.001110
0.001109
0.001109
0.001109
0.001109
0.001108
0.001108
0.001108
0.001108
0.001108
0.001107
0.001107
0.001107
0.001107
0.001107
0.001106
0.001106
0.001106
0.001106
0.001105
0.001105
0.001105
0.001105
0.001105
0.001104
0.001104
0.001104
0.001104
0.001104
0.001103
0.001103
0.001103
0.001103
0.001102
0.001102
0.001102
0.001102
0.001102
0.001101
0.001101
0.001101
0.001101
0.001101
0.001100
0.001100
0.001100
0.001100
0.001100
0.001099
0.001099
0.001099
0.001099
0.001098
0.001098
0.001098
0.001098
0.001098
0.001097
0.001097
0.001097
0.001097
0.001097
0.001096
0.001096
0.001096
0.001096
0.001096
0.001095
0.001095
0.001095
0.001095
0.001094
0.001094
0.001094
0.001094
0.001094
0.001093
0.001093
0.001093
0.001093
0.001093
0.001092
0.001092
0.001092
0.001092
0.001092
0.001091
0.001091
0.001091
0.001091
0.001090
0.001090
0.001090
0.001090
0.001090
0.001089
0.001089
0.001089
0.001089
0.001089
0.001088
0.001088
0.001088
0.001088
0.001088
0.001087
0.001087
0.001087
0.001087
0.001087
0.001086
0.001086
0.001086
0.001086
0.001086
0.001085
0.001085
0.001085
0.001085
0.001084
0.001084
0.001084
0.001084
0.001084
0.001083
0.001083
0.001083
0.001083
0.001083
0.001082
0.001082
0.001082
0.001082
0.001082
0.001081
0.001081
0.001081
0.001081
0.001081
0.001080
0.001080
0.001080
0.001080
0.001080
0.001079
0.001079
0.001079
0.001079
0.001079
0.001078
0.001078
0.001078
0.001078
0.001077
0.001077
0.001077
0.001077
0.001077
0.001076
0.001076
0.001076
0.001076
0.001076
0.001075
0.001075
0.001075
0.001075
0.001075
0.001074
0.001074
0.001074
0.001074
0.001074
0.001073
0.001073
0.001073
0.001073
0.001073
0.001072
0.001072
0.001072
0.001072
0.001072
0.001071
0.001071
0.001071
0.001071
0.001071
0.001070
0.001070
0.001070
0.001070
0.001070
0.001069
0.001069
0.001069
0.001069
0.001069
0.001068
0.001068
0.001068
0.001068
0.001068
0.001067
0.001067
0.001067
0.001067
0.001067
0.001066
0.001066
0.001066
0.001066
0.001066
0.001065
0.001065
0.001065
0.001065
0.001065
0.001064
0.001064
0.001064
0.001064
0.001064
0.001063
0.001063
0.001063
0.001063
0.001063
0.001062
0.001062
0.001062
0.001062
0.001062
0.001061
0.001061
0.001061
0.001061
0.001061
0.001060
0.001060
0.001060
0.001060
0.001060
0.001059
0.001059
0.001059
0.001059
0.001059
0.001058
0.001058
0.001058
0.001058
0.001058
0.001057
0.001057
0.001057
0.001057
0.001057
0.001056
0.001056
0.001056
0.001056
0.001056
0.001055
0.001055
0.001055
0.001055
0.001055
0.001055
0.001054
0.001054
0.001054
0.001054
0.001054
0.001053
0.001053
0.001053
0.001053
0.001053
0.001052
0.001052
0.001052
0.001052
0.001052
0.001051
0.001051
0.001051
0.001051
0.001051
0.001050
0.001050
0.001050
0.001050
0.001050
0.001049
0.001049
0.001049
0.001049
0.001049
0.001048
0.001048
0.001048
0.001048
0.001048
0.001048
0.001047
0.001047
0.001047
0.001047
0.001047
0.001046
0.001046
0.001046
0.001046
0.001046
0.001045
0.001045
0.001045
0.001045
0.001045
0.001044
0.001044
0.001044
0.001044
0.001044
0.001043
0.001043
0.001043
0.001043
0.001043
0.001043
0.001042
0.001042
0.001042
0.001042
0.001042
0.001041
0.001041
0.001041
0.001041
0.001041
0.001040
0.001040
0.001040
0.001040
0.001040
0.001039
0.001039
0.001039
0.001039
0.001039
0.001039
0.001038
0.001038
0.001038
0.001038
0.001038
0.001037
0.001037
0.001037
0.001037
0.001037
0.001036
0.001036
0.001036
0.001036
0.001036
0.001035
0.001035
0.001035
0.001035
0.001035
0.001035
0.001034
0.001034
0.001034
0.001034
0.001034
0.001033
0.001033
0.001033
0.001033
0.001033
0.001032
0.001032
0.001032
0.001032
0.001032
0.001032
0.001031
0.001031
0.001031
0.001031
0.001031
0.001030
0.001030
0.001030
0.001030
0.001030
0.001029
0.001029
0.001029
0.001029
0.001029
0.001029
0.001028
0.001028
0.001028
0.001028
0.001028
0.001027
0.001027
0.001027
0.001027
0.001027
0.001026
0.001026
0.001026
0.001026
0.001026
0.001026
0.001025
0.001025
0.001025
0.001025
0.001025
0.001024
0.001024
0.001024
0.001024
0.001024
0.001024
0.001023
0.001023
0.001023
0.001023
0.001023
0.001022
0.001022
0.001022
0.001022
0.001022
0.001021
0.001021
0.001021
0.001021
0.001021
0.001021
0.001020
0.001020
0.001020
0.001020
0.001020
0.001019
0.001019
0.001019
0.001019
0.001019
0.001019
0.001018
0.001018
0.001018
0.001018
0.001018
0.001017
0.001017
0.001017
0.001017
0.001017
0.001017
0.001016
0.001016
0.001016
0.001016
0.001016
0.001015
0.001015
0.001015
0.001015
0.001015
0.001015
0.001014
0.001014
0.001014
0.001014
0.001014
0.001013
0.001013
0.001013
0.001013
0.001013
0.001013
0.001012
0.001012
0.001012
0.001012
0.001012
0.001011
0.001011
0.001011
0.001011
0.001011
0.001011
0.001010
0.001010
0.001010
0.001010
0.001010
0.001009
0.001009
0.001009
0.001009
0.001009
0.001009
0.001008
0.001008
0.001008
0.001008
0.001008
0.001007
0.001007
0.001007
0.001007
0.001007
0.001007
0.001006
0.001006
0.001006
0.001006
0.001006
0.001006
0.001005
0.001005
0.001005
0.001005
0.001005
0.001004
0.001004
0.001004
0.001004
0.001004
0.001004
0.001003
0.001003
0.001003
0.001003
0.001003
0.001002
0.001002
0.001002
0.001002
0.001002
0.001002
0.001001
0.001001
0.001001
0.001001
0.001001
0.001001
0.001000
0.001000
0.001000
0.001000
0.001000
0.000999
0.000999
0.000999
0.000999
0.000999
0.000999
0.000998
0.000998
0.000998
0.000998
0.000998
0.000998
0.000997
0.000997
0.000997
0.000997
0.000997
0.000996
0.000996
0.000996
0.000996
0.000996
0.000996
0.000995
0.000995
0.000995
0.000995
0.000995
0.000995
0.000994
0.000994
0.000994
0.000994
0.000994
0.000993
0.000993
0.000993
0.000993
0.000993
0.000993
0.000992
0.000992
0.000992
0.000992
0.000992
0.000992
0.000991
0.000991
0.000991
0.000991
0.000991
0.000991
0.000990
0.000990
0.000990
0.000990
0.000990
0.000989
0.000989
0.000989
0.000989
0.000989
0.000989
0.000988
0.000988
0.000988
0.000988
0.000988
0.000988
0.000987
0.000987
0.000987
0.000987
0.000987
0.000987
0.000986
0.000986
0.000986
0.000986
0.000986
0.000986
0.000985
0.000985
0.000985
0.000985
0.000985
0.000984
0.000984
0.000984
0.000984
0.000984
0.000984
0.000983
0.000983
0.000983
0.000983
0.000983
0.000983
0.000982
0.000982
0.000982
0.000982
0.000982
0.000982
0.000981
0.000981
0.000981
0.000981
0.000981
0.000981
0.000980
0.000980
0.000980
0.000980
0.000980
0.000980
0.000979
0.000979
0.000979
0.000979
0.000979
0.000979
0.000978
0.000978
0.000978
0.000978
0.000978
0.000977
0.000977
0.000977
0.000977
0.000977
0.000977
0.000976
0.000976
0.000976
0.000976
0.000976
0.000976
0.000975
0.000975
0.000975
0.000975
0.000975
0.000975
0.000974
0.000974
0.000974
0.000974
0.000974
0.000974
0.000973
0.000973
0.000973
0.000973
0.000973
0.000973
0.000972
0.000972
0.000972
0.000972
0.000972
0.000972
0.000971
0.000971
0.000971
0.000971
0.000971
0.000971
0.000970
0.000970
0.000970
0.000970
0.000970
0.000970
0.000969
0.000969
0.000969
0.000969
0.000969
0.000969
0.000968
0.000968
0.000968
0.000968
0.000968
0.000968
0.000967
0.000967
0.000967
0.000967
0.000967
0.000967
0.000966
0.000966
0.000966
0.000966
0.000966
0.000966
0.000965
0.000965
0.000965
0.000965
0.000965
0.000965
0.000964
0.000964
0.000964
0.000964
0.000964
0.000964
0.000963
0.000963
0.000963
0.000963
0.000963
0.000963
0.000962
0.000962
0.000962
0.000962
0.000962
0.000962
0.000961
0.000961
0.000961
0.000961
0.000961
0.000961
0.000961
0.000960
0.000960
0.000960
0.000960
0.000960
0.000960
0.000959
0.000959
0.000959
0.000959
0.000959
0.000959
0.000958
0.000958
0.000958
0.000958
0.000958
0.000958
0.000957
0.000957
0.000957
0.000957
0.000957
0.000957
0.000956
0.000956
0.000956
0.000956
0.000956
0.000956
0.000955
0.000955
0.000955
0.000955
0.000955
0.000955
0.000954
0.000954
0.000954
0.000954
0.000954
0.000954
0.000954
0.000953
0.000953
0.000953
0.000953
0.000953
0.000953
0.000952
0.000952
0.000952
0.000952
0.000952
0.000952
0.000951
0.000951
0.000951
0.000951
0.000951
0.000951
0.000950
0.000950
0.000950
0.000950
0.000950
0.000950
0.000949
0.000949
0.000949
0.000949
0.000949
0.000949
0.000949
0.000948
0.000948
0.000948
0.000948
0.000948
0.000948
0.000947
0.000947
0.000947
0.000947
0.000947
0.000947
0.000946
0.000946
0.000946
0.000946
0.000946
0.000946
0.000945
0.000945
0.000945
0.000945
0.000945
0.000945
0.000945
0.000944
0.000944
0.000944
0.000944
0.000944
0.000944
0.000943
0.000943
0.000943
0.000943
0.000943
0.000943
0.000942
0.000942
0.000942
0.000942
0.000942
0.000942
0.000942
0.000941
0.000941
0.000941
0.000941
0.000941
0.000941
0.000940
0.000940
0.000940
0.000940
0.000940
0.000940
0.000939
0.000939
0.000939
0.000939
0.000939
0.000939
0.000939
0.000938
0.000938
0.000938
0.000938
0.000938
0.000938
0.000937
0.000937
0.000937
0.000937
0.000937
0.000937
0.000937
0.000936
0.000936
0.000936
0.000936
0.000936
0.000936
0.000935
0.000935
0.000935
0.000935
0.000935
0.000935
0.000934
0.000934
0.000934
0.000934
0.000934
0.000934
0.000934
0.000933
0.000933
0.000933
0.000933
0.000933
0.000933
0.000932
0.000932
0.000932
0.000932
0.000932
0.000932
0.000932
0.000931
0.000931
0.000931
0.000931
0.000931
0.000931
0.000930
0.000930
0.000930
0.000930
0.000930
0.000930
0.000930
0.000929
0.000929
0.000929
0.000929
0.000929
0.000929
0.000928
0.000928
0.000928
0.000928
0.000928
0.000928
0.000928
0.000927
0.000927
0.000927
0.000927
0.000927
0.000927
0.000926
0.000926
0.000926
0.000926
0.000926
0.000926
0.000926
0.000925
0.000925
0.000925
0.000925
0.000925
0.000925
0.000924
0.000924
0.000924
0.000924
0.000924
0.000924
0.000924
0.000923
0.000923
0.000923
0.000923
0.000923
0.000923
0.000923
0.000922
0.000922
0.000922
0.000922
0.000922
0.000922
0.000921
0.000921
0.000921
0.000921
0.000921
0.000921
0.000921
0.000920
0.000920
0.000920
0.000920
0.000920
0.000920
0.000919
0.000919
0.000919
0.000919
0.000919
0.000919
0.000919
0.000918
0.000918
0.000918
0.000918
0.000918
0.000918
0.000918
0.000917
0.000917
0.000917
0.000917
0.000917
0.000917
0.000916
0.000916
0.000916
0.000916
0.000916
0.000916
0.000916
0.000915
0.000915
0.000915
0.000915
0.000915
0.000915
0.000915
0.000914
0.000914
0.000914
0.000914
0.000914
0.000914
0.000913
0.000913
0.000913
0.000913
0.000913
0.000913
0.000913
0.000912
0.000912
0.000912
0.000912
0.000912
0.000912
0.000912
0.000911
0.000911
0.000911
0.000911
0.000911
0.000911
0.000911
0.000910
0.000910
0.000910
0.000910
0.000910
0.000910
0.000909
0.000909
0.000909
0.000909
0.000909
0.000909
0.000909
0.000908
0.000908
0.000908
0.000908
0.000908
0.000908
0.000908
0.000907
0.000907
0.000907
0.000907
0.000907
0.000907
0.000907
0.000906
0.000906
0.000906
0.000906
0.000906
0.000906
0.000906
0.000905
0.000905
0.000905
0.000905
0.000905
0.000905
0.000904
0.000904
0.000904
0.000904
0.000904
0.000904
0.000904
0.000903
0.000903
0.000903
0.000903
0.000903
0.000903
0.000903
0.000902
0.000902
0.000902
0.000902
0.000902
0.000902
0.000902
0.000901
0.000901
0.000901
0.000901
0.000901
0.000901
0.000901
0.000900
0.000900
0.000900
0.000900
0.000900
0.000900
0.000900
0.000899
0.000899
0.000899
0.000899
0.000899
0.000899
0.000899
0.000898
0.000898
0.000898
0.000898
0.000898
0.000898
0.000898
0.000897
0.000897
0.000897
0.000897
0.000897
0.000897
0.000897
0.000896
0.000896
0.000896
0.000896
0.000896
0.000896
0.000896
0.000895
0.000895
0.000895
0.000895
0.000895
0.000895
0.000895
0.000894
0.000894
0.000894
0.000894
0.000894
0.000894
0.000894
0.000893
0.000893
0.000893
0.000893
0.000893
0.000893
0.000893
0.000892
0.000892
0.000892
0.000892
0.000892
0.000892
0.000892
0.000891
0.000891
0.000891
0.000891
0.000891
0.000891
0.000891
0.000890
0.000890
0.000890
0.000890
0.000890
0.000890
0.000890
0.000889
0.000889
0.000889
0.000889
0.000889
0.000889
0.000889
0.000888
0.000888
0.000888
0.000888
0.000888
0.000888
0.000888
0.000887
0.000887
0.000887
0.000887
0.000887
0.000887
0.000887
0.000886
0.000886
0.000886
0.000886
0.000886
0.000886
0.000886
0.000885
0.000885
0.000885
0.000885
0.000885
0.000885
0.000885
0.000884
0.000884
0.000884
0.000884
0.000884
0.000884
0.000884
0.000883
0.000883
0.000883
0.000883
0.000883
0.000883
0.000883
0.000882
0.000882
0.000882
0.000882
0.000882
0.000882
0.000882
0.000882
0.000881
0.000881
0.000881
0.000881
0.000881
0.000881
0.000881
0.000880
0.000880
0.000880
0.000880
0.000880
0.000880
0.000880
0.000879
0.000879
0.000879
0.000879
0.000879
0.000879
0.000879
0.000878
0.000878
0.000878
0.000878
0.000878
0.000878
0.000878
0.000878
0.000877
0.000877
0.000877
0.000877
0.000877
0.000877
0.000877
0.000876
0.000876
0.000876
0.000876
0.000876
0.000876
0.000876
0.000875
0.000875
0.000875
0.000875
0.000875
0.000875
0.000875
0.000874
0.000874
0.000874
0.000874
0.000874
0.000874
0.000874
0.000874
0.000873
0.000873
0.000873
0.000873
0.000873
0.000873
0.000873
0.000872
0.000872
0.000872
0.000872
0.000872
0.000872
0.000872
0.000871
0.000871
0.000871
0.000871
0.000871
0.000871
0.000871
0.000871
0.000870
0.000870
0.000870
0.000870
0.000870
0.000870
0.000870
0.000869
0.000869
0.000869
0.000869
0.000869
0.000869
0.000869
0.000868
0.000868
0.000868
0.000868
0.000868
0.000868
0.000868
0.000868
0.000867
0.000867
0.000867
0.000867
0.000867
0.000867
0.000867
0.000866
0.000866
0.000866
0.000866
0.000866
0.000866
0.000866
0.000866
0.000865
0.000865
0.000865
0.000865
0.000865
0.000865
0.000865
0.000864
0.000864
0.000864
0.000864
0.000864
0.000864
0.000864
0.000864
0.000863
0.000863
0.000863
0.000863
0.000863
0.000863
0.000863
0.000862
0.000862
0.000862
0.000862
0.000862
0.000862
0.000862
0.000862
0.000861
0.000861
0.000861
0.000861
0.000861
0.000861
0.000861
0.000860
0.000860
0.000860
0.000860
0.000860
0.000860
0.000860
0.000860
0.000859
0.000859
0.000859
0.000859
0.000859
0.000859
0.000859
0.000858
0.000858
0.000858
0.000858
0.000858
0.000858
0.000858
0.000858
0.000857
0.000857
0.000857
0.000857
0.000857
0.000857
0.000857
0.000856
0.000856
0.000856
0.000856
0.000856
0.000856
0.000856
0.000856
0.000855
0.000855
0.000855
0.000855
0.000855
0.000855
0.000855
0.000855
0.000854
0.000854
0.000854
0.000854
0.000854
0.000854
0.000854
0.000853
0.000853
0.000853
0.000853
0.000853
0.000853
0.000853
0.000853
0.000852
0.000852
0.000852
0.000852
0.000852
0.000852
0.000852
0.000851
0.000851
0.000851
0.000851
0.000851
0.000851
0.000851
0.000851
0.000850
0.000850
0.000850
0.000850
0.000850
0.000850
0.000850
0.000850
0.000849
0.000849
0.000849
0.000849
0.000849
0.000849
0.000849
0.000849
0.000848
0.000848
0.000848
0.000848
0.000848
0.000848
0.000848
0.000847
0.000847
0.000847
0.000847
0.000847
0.000847
0.000847
0.000847
0.000846
0.000846
0.000846
0.000846
0.000846
0.000846
0.000846
0.000846
0.000845
0.000845
0.000845
0.000845
0.000845
0.000845
0.000845
0.000845
0.000844
0.000844
0.000844
0.000844
0.000844
0.000844
0.000844
0.000843
0.000843
0.000843
0.000843
0.000843
0.000843
0.000843
0.000843
0.000842
0.000842
0.000842
0.000842
0.000842
0.000842
0.000842
0.000842
0.000841
0.000841
0.000841
0.000841
0.000841
0.000841
0.000841
0.000841
0.000840
0.000840
0.000840
0.000840
0.000840
0.000840
0.000840
0.000840
0.000839
0.000839
0.000839
0.000839
0.000839
0.000839
0.000839
0.000839
0.000838
0.000838
0.000838
0.000838
0.000838
0.000838
0.000838
0.000838
0.000837
0.000837
0.000837
0.000837
0.000837
0.000837
0.000837
0.000837
0.000836
0.000836
0.000836
0.000836
0.000836
0.000836
0.000836
0.000836
0.000835
0.000835
0.000835
0.000835
0.000835
0.000835
0.000835
0.000834
0.000834
0.000834
0.000834
0.000834
0.000834
0.000834
0.000834
0.000833
0.000833
0.000833
0.000833
0.000833
0.000833
0.000833
0.000833
0.000832
0.000832
0.000832
0.000832
0.000832
0.000832
0.000832
0.000832
0.000832
0.000831
0.000831
0.000831
0.000831
0.000831
0.000831
0.000831
0.000831
0.000830
0.000830
0.000830
0.000830
0.000830
0.000830
0.000830
0.000830
0.000829
0.000829
0.000829
0.000829
0.000829
0.000829
0.000829
0.000829
0.000828
0.000828
0.000828
0.000828
0.000828
0.000828
0.000828
0.000828
0.000827
0.000827
0.000827
0.000827
0.000827
0.000827
0.000827
0.000827
0.000826
0.000826
0.000826
0.000826
0.000826
0.000826
0.000826
0.000826
0.000825
0.000825
0.000825
0.000825
0.000825
0.000825
0.000825
0.000825
0.000824
0.000824
0.000824
0.000824
0.000824
0.000824
0.000824
0.000824
0.000823
0.000823
0.000823
0.000823
0.000823
0.000823
0.000823
0.000823
0.000823
0.000822
0.000822
0.000822
0.000822
0.000822
0.000822
0.000822
0.000822
0.000821
0.000821
0.000821
0.000821
0.000821
0.000821
0.000821
0.000821
0.000820
0.000820
0.000820
0.000820
0.000820
0.000820
0.000820
0.000820
0.000819
0.000819
0.000819
0.000819
0.000819
0.000819
0.000819
0.000819
0.000818
0.000818
0.000818
0.000818
0.000818
0.000818
0.000818
0.000818
0.000818
0.000817
0.000817
0.000817
0.000817
0.000817
0.000817
0.000817
0.000817
0.000816
0.000816
0.000816
0.000816
0.000816
0.000816
0.000816
0.000816
0.000815
0.000815
0.000815
0.000815
0.000815
0.000815
0.000815
0.000815
0.000815
0.000814
0.000814
0.000814
0.000814
0.000814
0.000814
0.000814
0.000814
0.000813
0.000813
0.000813
0.000813
0.000813
0.000813
0.000813
0.000813
0.000812
0.000812
0.000812
0.000812
0.000812
0.000812
0.000812
0.000812
0.000812
0.000811
0.000811
0.000811
0.000811
0.000811
0.000811
0.000811
0.000811
0.000810
0.000810
0.000810
0.000810
0.000810
0.000810
0.000810
0.000810
0.000810
0.000809
0.000809
0.000809
0.000809
0.000809
0.000809
0.000809
0.000809
0.000808
0.000808
0.000808
0.000808
0.000808
0.000808
0.000808
0.000808
0.000808
0.000807
0.000807
0.000807
0.000807
0.000807
0.000807
0.000807
0.000807
0.000806
0.000806
0.000806
0.000806
0.000806
0.000806
0.000806
0.000806
0.000806
0.000805
0.000805
0.000805
0.000805
0.000805
0.000805
0.000805
0.000805
0.000804
0.000804
0.000804
0.000804
0.000804
0.000804
0.000804
0.000804
0.000804
0.000803
0.000803
0.000803
0.000803
0.000803
0.000803
0.000803
0.000803
0.000802
0.000802
0.000802
0.000802
0.000802
0.000802
0.000802
0.000802
0.000802
0.000801
0.000801
0.000801
0.000801
0.000801
0.000801
0.000801
0.000801
0.000801
0.000800
0.000800
0.000800
0.000800
0.000800
0.000800
0.000800
0.000800
0.000799
0.000799
0.000799
0.000799
0.000799
0.000799
0.000799
0.000799
0.000799
0.000798
0.000798
0.000798
0.000798
0.000798
0.000798
0.000798
0.000798
0.000798
0.000797
0.000797
0.000797
0.000797
0.000797
0.000797
0.000797
0.000797
0.000796
0.000796
0.000796
0.000796
0.000796
0.000796
0.000796
0.000796
0.000796
0.000795
0.000795
0.000795
0.000795
0.000795
0.000795
0.000795
0.000795
0.000795
0.000794
0.000794
0.000794
0.000794
0.000794
0.000794
0.000794
0.000794
0.000794
0.000793
0.000793
0.000793
0.000793
0.000793
0.000793
0.000793
0.000793
0.000792
0.000792
0.000792
0.000792
0.000792
0.000792
0.000792
0.000792
0.000792
0.000791
0.000791
0.000791
0.000791
0.000791
0.000791
0.000791
0.000791
0.000791
0.000790
0.000790
0.000790
0.000790
0.000790
0.000790
0.000790
0.000790
0.000790
0.000789
0.000789
0.000789
0.000789
0.000789
0.000789
0.000789
0.000789
0.000789
0.000788
0.000788
0.000788
0.000788
0.000788
0.000788
0.000788
0.000788
0.000788
0.000787
0.000787
0.000787
0.000787
0.000787
0.000787
0.000787
0.000787
0.000787
0.000786
0.000786
0.000786
0.000786
0.000786
0.000786
0.000786
0.000786
0.000785
0.000785
0.000785
0.000785
0.000785
0.000785
0.000785
0.000785
0.000785
0.000784
0.000784
0.000784
0.000784
0.000784
0.000784
0.000784
0.000784
0.000784
0.000783
0.000783
0.000783
0.000783
0.000783
0.000783
0.000783
0.000783
0.000783
0.000782
0.000782
0.000782
0.000782
0.000782
0.000782
0.000782
0.000782
0.000782
0.000781
0.000781
0.000781
0.000781
0.000781
0.000781
0.000781
0.000781
0.000781
0.000781
0.000780
0.000780
0.000780
0.000780
0.000780
0.000780
0.000780
0.000780
0.000780
0.000779
0.000779
0.000779
0.000779
0.000779
0.000779
0.000779
0.000779
0.000779
0.000778
0.000778
0.000778
0.000778
0.000778
0.000778
0.000778
0.000778
0.000778
0.000777
0.000777
0.000777
0.000777
0.000777
0.000777
0.000777
0.000777
0.000777
0.000776
0.000776
0.000776
0.000776
0.000776
0.000776
0.000776
0.000776
0.000776
0.000775
0.000775
0.000775
0.000775
0.000775
0.000775
0.000775
0.000775
0.000775
0.000774
0.000774
0.000774
0.000774
0.000774
0.000774
0.000774
0.000774
0.000774
0.000773
0.000773
0.000773
0.000773
0.000773
0.000773
0.000773
0.000773
0.000773
0.000773
0.000772
0.000772
0.000772
0.000772
0.000772
0.000772
0.000772
0.000772
0.000772
0.000771
0.000771
0.000771
0.000771
0.000771
0.000771
0.000771
0.000771
0.000771
0.000770
0.000770
0.000770
0.000770
0.000770
0.000770
0.000770
0.000770
0.000770
0.000770
0.000769
0.000769
0.000769
0.000769
0.000769
0.000769
0.000769
0.000769
0.000769
0.000768
0.000768
0.000768
0.000768
0.000768
0.000768
0.000768
0.000768
0.000768
0.000767
0.000767
0.000767
0.000767
0.000767
0.000767
0.000767
0.000767
0.000767
0.000767
0.000766
0.000766
0.000766
0.000766
0.000766
0.000766
0.000766
0.000766
0.000766
0.000765
0.000765
0.000765
0.000765
0.000765
0.000765
0.000765
0.000765
0.000765
0.000764
0.000764
0.000764
0.000764
0.000764
0.000764
0.000764
0.000764
0.000764
0.000764
0.000763
0.000763
0.000763
0.000763
0.000763
0.000763
0.000763
0.000763
0.000763
0.000762
0.000762
0.000762
0.000762
0.000762
0.000762
0.000762
0.000762
0.000762
0.000762
0.000761
0.000761
0.000761
0.000761
0.000761
0.000761
0.000761
0.000761
0.000761
0.000760
0.000760
0.000760
0.000760
0.000760
0.000760
0.000760
0.000760
0.000760
0.000760
0.000759
0.000759
0.000759
0.000759
0.000759
0.000759
0.000759
0.000759
0.000759
0.000758
0.000758
0.000758
0.000758
0.000758
0.000758
0.000758
0.000758
0.000758
0.000758
0.000757
0.000757
0.000757
0.000757
0.000757
0.000757
0.000757
0.000757
0.000757
0.000757
0.000756
0.000756
0.000756
0.000756
0.000756
0.000756
0.000756
0.000756
0.000756
0.000755
0.000755
0.000755
0.000755
0.000755
0.000755
0.000755
0.000755
0.000755
0.000755
0.000754
0.000754
0.000754
0.000754
0.000754
0.000754
0.000754
0.000754
0.000754
0.000753
0.000753
0.000753
0.000753
0.000753
0.000753
0.000753
0.000753
0.000753
0.000753
0.000752
0.000752
0.000752
0.000752
0.000752
0.000752
0.000752
0.000752
0.000752
0.000752
0.000751
0.000751
0.000751
0.000751
0.000751
0.000751
0.000751
0.000751
0.000751
0.000751
0.000750
0.000750
0.000750
0.000750
0.000750
0.000750
0.000750
0.000750
0.000750
0.000749
0.000749
0.000749
0.000749
0.000749
0.000749
0.000749
0.000749
0.000749
0.000749
0.000748
0.000748
0.000748
0.000748
0.000748
0.000748
0.000748
0.000748
0.000748
0.000748
0.000747
0.000747
0.000747
0.000747
0.000747
0.000747
0.000747
0.000747
0.000747
0.000747
0.000746
0.000746
0.000746
0.000746
0.000746
0.000746
0.000746
0.000746
0.000746
0.000746
0.000745
0.000745
0.000745
0.000745
0.000745
0.000745
0.000745
0.000745
0.000745
0.000745
0.000744
0.000744
0.000744
0.000744
0.000744
0.000744
0.000744
0.000744
0.000744
0.000744
0.000743
0.000743
0.000743
0.000743
0.000743
0.000743
0.000743
0.000743
0.000743
0.000743
0.000742
0.000742
0.000742
0.000742
0.000742
0.000742
0.000742
0.000742
0.000742
0.000742
0.000741
0.000741
0.000741
0.000741
0.000741
0.000741
0.000741
0.000741
0.000741
0.000741
0.000740
0.000740
0.000740
0.000740
0.000740
0.000740
0.000740
0.000740
0.000740
0.000740
0.000739
0.000739
0.000739
0.000739
0.000739
0.000739
0.000739
0.000739
0.000739
0.000739
0.000738
0.000738
0.000738
0.000738
0.000738
0.000738
0.000738
0.000738
0.000738
0.000738
0.000737
0.000737
0.000737
0.000737
0.000737
0.000737
0.000737
0.000737
0.000737
0.000737
0.000736
0.000736
0.000736
0.000736
0.000736
0.000736
0.000736
0.000736
0.000736
0.000736
0.000735
0.000735
0.000735
0.000735
0.000735
0.000735
0.000735
0.000735
0.000735
0.000735
0.000734
0.000734
0.000734
0.000734
0.000734
0.000734
0.000734
0.000734
0.000734
0.000734
0.000733
0.000733
0.000733
0.000733
0.000733
0.000733
0.000733
0.000733
0.000733
0.000733
0.000732
0.000732
0.000732
0.000732
0.000732
0.000732
0.000732
0.000732
0.000732
0.000732
0.000732
0.000731
0.000731
0.000731
0.000731
0.000731
0.000731
0.000731
0.000731
0.000731
0.000731
0.000730
0.000730
0.000730
0.000730
0.000730
0.000730
0.000730
0.000730
0.000730
0.000730
0.000729
0.000729
0.000729
0.000729
0.000729
0.000729
0.000729
0.000729
0.000729
0.000729
0.000729
0.000728
0.000728
0.000728
0.000728
0.000728
0.000728
0.000728
0.000728
0.000728
0.000728
0.000727
0.000727
0.000727
0.000727
0.000727
0.000727
0.000727
0.000727
0.000727
0.000727
0.000726
0.000726
0.000726
0.000726
0.000726
0.000726
0.000726
0.000726
0.000726
0.000726
0.000726
0.000725
0.000725
0.000725
0.000725
0.000725
0.000725
0.000725
0.000725
0.000725
0.000725
0.000724
0.000724
0.000724
0.000724
0.000724
0.000724
0.000724
0.000724
0.000724
0.000724
0.000724
0.000723
0.000723
0.000723
0.000723
0.000723
0.000723
0.000723
0.000723
0.000723
0.000723
0.000722
0.000722
0.000722
0.000722
0.000722
0.000722
0.000722
0.000722
0.000722
0.000722
0.000722
0.000721
0.000721
0.000721
0.000721
0.000721
0.000721
0.000721
0.000721
0.000721
0.000721
0.000720
0.000720
0.000720
0.000720
0.000720
0.000720
0.000720
0.000720
0.000720
0.000720
0.000720
0.000719
0.000719
0.000719
0.000719
0.000719
0.000719
0.000719
0.000719
0.000719
0.000719
0.000718
0.000718
0.000718
0.000718
0.000718
0.000718
0.000718
0.000718
0.000718
0.000718
0.000718
0.000717
0.000717
0.000717
0.000717
0.000717
0.000717
0.000717
0.000717
0.000717
0.000717
0.000716
0.000716
0.000716
0.000716
0.000716
0.000716
0.000716
0.000716
0.000716
0.000716
0.000716
0.000715
0.000715
0.000715
0.000715
0.000715
0.000715
0.000715
0.000715
0.000715
0.000715
0.000715
0.000714
0.000714
0.000714
0.000714
0.000714
0.000714
0.000714
0.000714
0.000714
0.000714
0.000714
0.000713
0.000713
0.000713
0.000713
0.000713
0.000713
0.000713
0.000713
0.000713
0.000713
0.000712
0.000712
0.000712
0.000712
0.000712
0.000712
0.000712
0.000712
0.000712
0.000712
0.000712
0.000711
0.000711
0.000711
0.000711
0.000711
0.000711
0.000711
0.000711
0.000711
0.000711
0.000711
0.000710
0.000710
0.000710
0.000710
0.000710
0.000710
0.000710
0.000710
0.000710
0.000710
0.000710
0.000709
0.000709
0.000709
0.000709
0.000709
0.000709
0.000709
0.000709
0.000709
0.000709
0.000709
0.000708
0.000708
0.000708
0.000708
0.000708
0.000708
0.000708
0.000708
0.000708
0.000708
0.000708
0.000707
0.000707
0.000707
0.000707
0.000707
0.000707
0.000707
0.000707
0.000707
0.000707
0.000707
0.000706
0.000706
0.000706
0.000706
0.000706
0.000706
0.000706
0.000706
0.000706
0.000706
0.000706
0.000705
0.000705
0.000705
0.000705
0.000705
0.000705
0.000705
0.000705
0.000705
0.000705
0.000705
0.000704
0.000704
0.000704
0.000704
0.000704
0.000704
0.000704
0.000704
0.000704
0.000704
0.000704
0.000703
0.000703
0.000703
0.000703
0.000703
0.000703
0.000703
0.000703
0.000703
0.000703
0.000703
0.000702
0.000702
0.000702
0.000702
0.000702
0.000702
0.000702
0.000702
0.000702
0.000702
0.000702
0.000701
0.000701
0.000701
0.000701
0.000701
0.000701
0.000701
0.000701
0.000701
0.000701
0.000701
0.000700
0.000700
0.000700
0.000700
0.000700
0.000700
0.000700
0.000700
0.000700
0.000700
0.000700
0.000699
0.000699
0.000699
0.000699
0.000699
0.000699
0.000699
0.000699
0.000699
0.000699
0.000699
0.000698
0.000698
0.000698
0.000698
0.000698
0.000698
0.000698
0.000698
0.000698
0.000698
0.000698
0.000697
0.000697
0.000697
0.000697
0.000697
0.000697
0.000697
0.000697
0.000697
0.000697
0.000697
0.000697
0.000696
0.000696
0.000696
0.000696
0.000696
0.000696
0.000696
0.000696
0.000696
0.000696
0.000696
0.000695
0.000695
0.000695
0.000695
0.000695
0.000695
0.000695
0.000695
0.000695
0.000695
0.000695
0.000694
0.000694
0.000694
0.000694
0.000694
0.000694
0.000694
0.000694
0.000694
0.000694
0.000694
0.000693
0.000693
0.000693
0.000693
0.000693
0.000693
0.000693
0.000693
0.000693
0.000693
0.000693
0.000693
0.000692
0.000692
0.000692
0.000692
0.000692
0.000692
0.000692
0.000692
0.000692
0.000692
0.000692
0.000691
0.000691
0.000691
0.000691
0.000691
0.000691
0.000691
0.000691
0.000691
0.000691
0.000691
0.000691
0.000690
0.000690
0.000690
0.000690
0.000690
0.000690
0.000690
0.000690
0.000690
0.000690
0.000690
0.000689
0.000689
0.000689
0.000689
0.000689
0.000689
0.000689
0.000689
0.000689
0.000689
0.000689
0.000689
0.000688
0.000688
0.000688
0.000688
0.000688
0.000688
0.000688
0.000688
0.000688
0.000688
0.000688
0.000687
0.000687
0.000687
0.000687
0.000687
0.000687
0.000687
0.000687
0.000687
0.000687
0.000687
0.000687
0.000686
0.000686
0.000686
0.000686
0.000686
0.000686
0.000686
0.000686
0.000686
0.000686
0.000686
0.000685
0.000685
0.000685
0.000685
0.000685
0.000685
0.000685
0.000685
0.000685
0.000685
0.000685
0.000685
0.000684
0.000684
0.000684
0.000684
0.000684
0.000684
0.000684
0.000684
0.000684
0.000684
0.000684
0.000684
0.000683
0.000683
0.000683
0.000683
0.000683
0.000683
0.000683
0.000683
0.000683
0.000683
0.000683
0.000682
0.000682
0.000682
0.000682
0.000682
0.000682
0.000682
0.000682
0.000682
0.000682
0.000682
0.000682
0.000681
0.000681
0.000681
0.000681
0.000681
0.000681
0.000681
0.000681
0.000681
0.000681
0.000681
0.000681
0.000680
0.000680
0.000680
0.000680
0.000680
0.000680
0.000680
0.000680
0.000680
0.000680
0.000680
0.000679
0.000679
0.000679
0.000679
0.000679
0.000679
0.000679
0.000679
0.000679
0.000679
0.000679
0.000679
0.000678
0.000678
0.000678
0.000678
0.000678
0.000678
0.000678
0.000678
0.000678
0.000678
0.000678
0.000678
0.000677
0.000677
0.000677
0.000677
0.000677
0.000677
0.000677
0.000677
0.000677
0.000677
0.000677
0.000677
0.000676
0.000676
0.000676
0.000676
0.000676
0.000676
0.000676
0.000676
0.000676
0.000676
0.000676
0.000676
0.000675
0.000675
0.000675
0.000675
0.000675
0.000675
0.000675
0.000675
0.000675
0.000675
0.000675
0.000675
0.000674
0.000674
0.000674
0.000674
0.000674
0.000674
0.000674
0.000674
0.000674
0.000674
0.000674
0.000674
0.000673
0.000673
0.000673
0.000673
0.000673
0.000673
0.000673
0.000673
0.000673
0.000673
0.000673
0.000673
0.000672
0.000672
0.000672
0.000672
0.000672
0.000672
0.000672
0.000672
0.000672
0.000672
0.000672
0.000672
0.000671
0.000671
0.000671
0.000671
0.000671
0.000671
0.000671
0.000671
0.000671
0.000671
0.000671
0.000671
0.000670
0.000670
0.000670
0.000670
0.000670
0.000670
0.000670
0.000670
0.000670
0.000670
0.000670
0.000670
0.000669
0.000669
0.000669
0.000669
0.000669
0.000669
0.000669
0.000669
0.000669
0.000669
0.000669
0.000669
0.000668
0.000668
0.000668
0.000668
0.000668
0.000668
0.000668
0.000668
0.000668
0.000668
0.000668
0.000668
0.000667
0.000667
0.000667
0.000667
0.000667
0.000667
0.000667
0.000667
0.000667
0.000667
0.000667
0.000667
0.000667
0.000666
0.000666
0.000666
0.000666
0.000666
0.000666
0.000666
0.000666
0.000666
0.000666
0.000666
0.000666
0.000665
0.000665
0.000665
0.000665
0.000665
0.000665
0.000665
0.000665
0.000665
0.000665
0.000665
0.000665
0.000664
0.000664
0.000664
0.000664
0.000664
0.000664
0.000664
0.000664
0.000664
0.000664
0.000664
0.000664
0.000664
0.000663
0.000663
0.000663
0.000663
0.000663
0.000663
0.000663
0.000663
0.000663
0.000663
0.000663
0.000663
0.000662
0.000662
0.000662
0.000662
0.000662
0.000662
0.000662
0.000662
0.000662
0.000662
0.000662
0.000662
0.000661
0.000661
0.000661
0.000661
0.000661
0.000661
0.000661
0.000661
0.000661
0.000661
0.000661
0.000661
0.000661
0.000660
0.000660
0.000660
0.000660
0.000660
0.000660
0.000660
0.000660
0.000660
0.000660
0.000660
0.000660
0.000659
0.000659
0.000659
0.000659
0.000659
0.000659
0.000659
0.000659
0.000659
0.000659
0.000659
0.000659
0.000659
0.000658
0.000658
0.000658
0.000658
0.000658
0.000658
0.000658
0.000658
0.000658
0.000658
0.000658
0.000658
0.000657
0.000657
0.000657
0.000657
0.000657
0.000657
0.000657
0.000657
0.000657
0.000657
0.000657
0.000657
0.000657
0.000656
0.000656
0.000656
0.000656
0.000656
0.000656
0.000656
0.000656
0.000656
0.000656
0.000656
0.000656
0.000655
0.000655
0.000655
0.000655
0.000655
0.000655
0.000655
0.000655
0.000655
0.000655
0.000655
0.000655
0.000655
0.000654
0.000654
0.000654
0.000654
0.000654
0.000654
0.000654
0.000654
0.000654
0.000654
0.000654
0.000654
0.000654
0.000653
0.000653
0.000653
0.000653
0.000653
0.000653
0.000653
0.000653
0.000653
0.000653
0.000653
0.000653
0.000652
0.000652
0.000652
0.000652
0.000652
0.000652
0.000652
0.000652
0.000652
0.000652
0.000652
0.000652
0.000652
0.000651
0.000651
0.000651
0.000651
0.000651
0.000651
0.000651
0.000651
0.000651
0.000651
0.000651
0.000651
0.000651
0.000650
0.000650
0.000650
0.000650
0.000650
0.000650
0.000650
0.000650
0.000650
0.000650
0.000650
0.000650
0.000650
0.000649
0.000649
0.000649
0.000649
0.000649
0.000649
0.000649
