20.561434
15.217165
15.129733
15.040890
14.952175
14.866905
14.787090
14.712523
14.641444
14.571756
14.502725
14.435300
14.370003
14.305333
14.239234
14.172227
14.108530
14.052832
14.006912
13.969984
13.940383
13.916483
13.896962
13.880812
13.867284
13.855817
13.845994
13.837498
13.830085
13.823566
13.817792
13.812646
13.808031
13.803871
13.800102
13.796673
13.793538
13.790662
13.788013
13.785566
13.783296
13.781186
13.779217
13.777376
13.775648
13.774024
13.772493
13.771047
13.769676
13.768375
13.767137
13.765956
13.764827
13.763745
13.762706
13.761707
13.760743
13.759811
13.758907
13.758030
13.757175
13.756342
13.755525
13.754725
13.753937
13.753159
13.752390
13.751627
13.750868
13.750109
13.749349
13.748586
13.747815
13.747036
13.746244
13.745436
13.744608
13.743758
13.742880
13.741970
13.741022
13.740030
13.738988
13.737888
13.736721
13.735476
13.734141
13.732701
13.731141
13.729440
13.727572
13.725510
13.723215
13.720643
13.717736
13.714423
13.710607
13.706164
13.700925
13.694652
13.687006
13.677475
13.665256
13.649047
13.626694
13.594629
13.546861
13.472778
13.353140
13.157928
12.855954
12.443388
11.989881
11.641682
11.403541
11.527939
11.192169
11.484813
12.323199
11.843602
11.724276
12.207623
11.489662
12.094403
11.754124
12.182003
11.659504
12.822319
11.496097
11.707863
10.970449
13.041720
12.656600
11.241511
11.695659
11.197556
10.415590
11.484076
9.961606
10.590887
12.570806
11.154785
10.078039
12.312529
10.804724
10.038322
10.912804
11.107789
11.352910
10.741659
11.082880
10.276441
9.953562
10.918280
10.622921
11.796766
12.584926
11.837470
10.415874
11.553222
11.091132
12.458982
11.449778
11.526292
11.233232
11.277970
11.271472
11.333265
11.200420
12.278533
11.622368
11.579460
10.761051
9.861630
12.798689
11.658181
10.820769
10.323463
10.112899
10.084232
10.320409
12.003574
10.275625
10.109904
9.512304
10.688167
11.969135
11.419486
11.973688
9.761919
11.436410
10.920803
10.052192
11.443005
10.638820
10.602067
12.576459
10.157504
10.601120
10.375307
13.272823
10.495907
12.967440
13.153583
13.127760
13.079696
13.035633
12.992757
12.922944
9.345610
10.103372
9.323673
11.605992
13.174624
13.192355
13.153090
13.031562
12.041426
8.637593
13.412086
12.738037
10.337878
10.791685
11.443275
11.548027
11.068869
11.576249
10.464391
9.543046
11.141537
9.122123
10.310933
12.809422
13.061210
13.081977
12.994203
12.886713
12.769497
12.381281
7.595354
10.572351
12.058838
11.155735
8.051938
9.847896
10.409818
12.090770
10.733026
10.189082
9.371019
9.340366
8.889253
11.598532
9.381923
9.845006
11.485086
9.854751
10.184307
8.466353
10.055986
9.629203
9.397275
8.770400
8.712167
9.948187
10.743781
8.992553
10.070329
10.456883
9.949952
9.049644
8.241265
11.419217
10.558604
10.739629
10.369095
10.328221
9.978843
9.642921
9.915261
9.959123
12.121985
10.844695
11.329932
8.956637
10.741041
10.295760
9.295306
8.409245
9.491181
11.613302
9.932765
8.586435
13.149318
10.791849
9.137008
10.133468
9.303854
8.773828
11.060945
8.717467
9.159684
8.133793
8.670054
9.931227
8.015957
7.834933
8.741703
7.529495
8.810512
8.102483
7.877114
8.628176
8.614225
7.376590
6.769698
6.445950
9.944431
8.501834
7.329847
6.178542
7.590241
10.918733
8.677619
9.191279
9.470023
7.353911
6.866134
7.474605
6.819438
10.249421
7.365642
8.744919
10.223269
8.565761
7.647262
8.625115
8.203136
6.132115
8.696776
11.216365
11.123634
7.535718
7.344571
6.886463
8.348625
7.498397
6.498101
8.509406
7.943358
7.622757
7.639916
7.728529
7.022731
6.986748
7.333532
8.595846
6.855581
7.313809
7.193889
7.737737
7.403667
6.623759
7.083432
5.399901
5.953878
7.617348
6.374681
8.504208
6.390974
5.189566
6.953155
7.703823
5.863687
4.715975
6.466507
6.047884
6.566375
5.291263
9.227016
7.083468
6.010039
6.520450
6.236637
9.421212
6.504834
4.635247
8.119959
10.766940
6.444691
5.763718
5.449293
6.474426
7.042326
6.863053
6.367606
6.750990
4.432470
7.676109
5.633199
6.803220
7.105309
7.192869
6.278943
6.326571
6.007327
5.369753
5.772946
4.371092
5.495693
4.946254
6.796876
6.380256
4.414745
7.034355
7.402551
6.943585
5.750082
6.510890
6.145908
4.367058
5.794506
4.861646
3.840835
8.064959
5.248520
4.728617
4.435104
9.109069
4.769929
4.278493
5.119321
7.012250
8.210210
8.907155
8.237233
5.369930
6.428941
4.515611
3.546195
6.551050
8.303873
6.865958
7.851048
5.618890
5.707515
7.466075
8.444377
10.450561
8.844354
7.420121
5.931905
6.311632
3.776318
5.921659
6.398384
5.048547
3.577216
3.652754
7.199851
4.332518
4.808300
2.965018
7.348470
7.037591
6.305717
9.851127
5.599771
3.121241
7.063498
6.964114
7.176159
9.015203
6.646531
5.480283
4.604600
6.286777
4.210472
5.646863
2.384694
8.749196
6.386176
5.412240
3.342615
6.786942
4.545847
4.434777
6.728400
4.491240
5.122774
4.718692
5.680161
8.706561
5.463274
5.548078
3.100509
6.111472
7.004771
9.699205
5.080393
3.495992
4.800902
4.952897
7.504984
7.837729
3.778518
5.135954
6.230241
4.647973
8.384755
3.897734
4.856460
3.565229
9.313086
7.220381
4.465600
6.339901
6.022810
8.786712
6.067936
8.593959
5.547301
7.823273
4.209631
8.789778
10.435656
7.762067
7.828136
6.264812
4.515856
5.157902
6.896298
4.152012
6.331918
5.459436
4.411465
6.158436
7.279168
4.520220
6.744265
6.955057
3.435247
6.275042
5.620615
4.795431
4.985247
5.896530
7.049522
4.791656
6.671803
3.460387
5.924012
6.202247
8.518807
6.065416
5.699771
5.900722
3.453094
4.505065
5.061336
4.624624
4.306344
4.987587
4.097023
3.170007
3.417968
5.178266
6.725215
7.397807
5.870386
3.633328
2.831884
4.235331
4.417904
4.754465
5.444437
4.188953
3.923079
3.933607
4.039087
3.228301
5.862088
7.309852
4.162907
2.739040
6.472181
3.877084
2.818585
3.504962
4.155570
3.886950
6.905745
3.610063
4.173724
6.163784
8.471261
9.401896
4.860466
6.540226
3.311893
4.236448
2.781050
5.469996
5.491408
5.187894
5.265646
5.565131
4.548765
5.360438
5.529381
3.481340
3.171248
3.591066
8.853913
4.946455
5.549544
5.427225
3.610713
3.802551
3.585568
8.385735
5.829915
3.157588
10.299592
8.729180
5.387245
4.188015
4.377108
7.376577
8.355041
5.241858
3.797179
5.109547
3.977035
5.894916
2.551381
4.560086
5.065308
4.773704
4.082265
1.868651
5.085990
4.789609
6.901136
6.440556
5.921844
8.808842
5.012294
4.460836
5.094583
5.473167
6.192383
7.331292
4.125407
6.872807
4.270648
6.037885
5.374158
4.519831
4.615749
4.796173
4.077675
2.289133
3.371048
6.376789
3.185282
2.690314
5.783332
3.521388
6.260805
4.782527
3.475537
4.246674
3.130195
6.960631
4.986977
4.195117
3.808876
3.733951
3.776138
3.530312
7.820265
8.480535
3.314951
3.445984
6.218508
5.500814
5.985160
4.375089
8.280172
6.515403
4.276445
3.163863
6.493471
5.022840
6.058235
3.633394
3.843485
3.387240
4.275077
4.383075
3.616214
3.460055
4.293616
6.639682
4.081021
3.689185
2.997723
2.690605
8.199580
5.728678
3.359515
2.514200
3.534327
3.578028
4.296291
3.337866
5.701142
3.134538
4.062069
4.978317
8.181868
5.154897
6.728246
5.482580
5.761945
6.567617
5.397674
3.446392
8.116609
9.806209
6.406196
3.674520
7.141086
4.748521
3.575950
3.008670
3.346749
5.569130
3.749876
2.854610
7.729229
4.743013
4.489551
5.335836
4.010622
3.236362
2.821415
5.276278
7.052894
3.826989
3.808088
4.435566
3.428380
4.911085
5.120386
2.297766
3.666276
5.074733
5.323755
4.967781
6.319087
5.483992
7.459080
4.341047
5.654332
4.194742
5.577233
1.774140
12.048117
4.300358
5.365616
2.871532
5.398596
3.289997
4.378400
2.691457
2.961689
5.016098
2.526179
3.364085
2.930563
1.780698
4.334299
3.644092
2.864318
3.893748
3.312168
2.921665
3.936754
3.388777
6.470257
2.829776
2.766280
2.842519
5.232629
4.003836
5.478381
2.187988
7.252938
3.708272
5.062558
4.832808
8.240904
6.156768
5.435505
7.492775
8.469746
6.273141
3.939539
2.339637
2.620379
4.524919
4.425527
7.316704
5.342540
3.346105
4.510065
3.145174
5.471613
3.494392
2.282346
4.450957
4.738908
4.326767
4.736195
3.686105
10.928920
5.254435
4.087739
2.177452
2.952862
2.185947
3.218928
3.709240
4.053507
3.764549
2.250201
5.121967
2.721697
2.700734
4.386827
1.784984
6.297137
6.801706
3.696538
6.165388
9.459144
3.919990
4.564514
2.455724
4.230317
5.449839
5.798278
2.546283
4.097414
2.770005
5.800796
2.790688
4.432049
3.312092
7.582155
3.768223
4.364743
3.068165
3.535653
2.520193
2.283353
10.505284
4.402051
6.680557
8.139417
7.351391
2.502026
6.350882
2.790122
4.579402
8.820924
4.303528
3.886365
2.715613
4.231289
9.046329
5.577494
3.783648
4.236861
3.644021
5.045062
3.829839
9.365417
6.147294
3.382881
5.945386
4.766408
2.860220
3.209404
3.565504
5.544567
3.099426
4.176321
3.125270
2.616181
3.306132
7.740674
3.562460
2.856759
1.255022
4.337796
3.785543
5.885009
4.101721
2.504303
1.775832
3.174110
4.806706
2.405892
5.778266
2.147989
2.696474
9.112885
3.825244
4.051982
2.012231
2.526617
3.759655
4.407547
5.729609
4.777878
3.902637
3.002359
2.722950
3.626047
2.048201
3.582563
2.386152
1.451259
3.834398
3.057428
2.390195
4.282768
2.712631
4.007401
3.024039
2.208465
2.108154
3.862852
1.246646
4.476451
2.944505
2.267559
10.307324
4.976317
2.271826
3.588321
5.091891
4.760547
3.657600
4.030891
2.498938
5.401168
2.251187
4.350064
2.662042
3.796279
2.274094
2.052105
4.289364
2.978855
5.049352
3.152709
2.729505
2.955096
2.628534
2.116169
2.117525
5.156144
4.651040
2.343894
2.996988
3.683255
4.116241
2.057623
2.133919
4.272476
4.791648
2.000461
2.257226
1.234857
4.676143
4.013699
6.386179
4.620381
2.273771
1.803062
4.722008
4.084038
3.168792
2.175331
1.349966
5.976775
3.693264
3.349233
1.793335
5.116660
2.844773
3.527180
3.461021
1.977251
6.037609
2.975442
3.136561
3.712939
1.741060
1.844959
2.940735
2.181749
2.156940
10.182358
5.829882
3.408053
1.262172
3.459114
9.854868
5.923897
3.118503
4.304449
1.831318
4.655956
3.183336
2.012732
3.945636
7.225008
4.132071
2.247016
5.457956
5.516555
5.162211
4.377520
3.033752
2.033304
4.203604
4.344851
2.119654
3.496860
1.843343
9.963122
5.231934
4.515941
4.127303
4.797263
5.691715
3.705249
2.598118
2.206128
3.285525
2.201402
2.269614
4.942611
3.535994
2.334382
3.320931
2.959750
1.742771
6.042912
2.810711
2.935597
3.169196
2.569131
3.623793
8.206132
2.118377
2.163576
3.336809
4.456693
5.725187
11.772404
5.916832
2.531045
3.414357
1.908915
7.337122
4.929279
3.141405
3.386224
2.636879
3.023589
2.955021
5.033985
3.673228
3.256022
3.050876
1.999958
6.207672
4.497106
2.313835
1.097632
4.277171
7.556758
4.187713
6.076836
4.016075
5.205410
3.054568
3.181910
1.892351
2.177006
4.561089
5.250563
3.224063
2.203828
2.591741
2.510922
1.867117
1.449805
2.804542
2.490040
1.213459
9.752790
4.438860
2.678167
2.305503
4.130046
3.625256
3.318766
2.032042
6.381864
4.224585
5.114425
2.461010
1.271490
2.478532
3.458583
1.433137
3.294449
4.487680
2.645507
1.210954
3.999123
1.497748
2.661518
3.917659
3.099227
6.096475
3.227425
1.663547
4.423765
2.273419
3.952368
5.057880
2.281826
3.824643
2.618191
2.205360
2.738806
3.162264
5.425223
3.070238
6.294269
3.592248
1.511128
5.799479
2.908186
2.193298
4.751206
4.073055
2.282793
3.069476
5.335033
2.412888
2.471654
3.192491
5.292213
2.745309
2.283900
4.699807
2.553145
1.419276
3.770620
14.473260
8.190177
7.302674
6.485212
6.030249
6.300062
6.241071
4.707088
6.247820
8.450510
8.866378
5.998809
4.370107
5.006855
5.049160
6.122037
5.305385
6.801385
5.481068
4.801871
7.222460
7.527566
3.217631
2.381386
2.972114
3.394913
2.310290
3.707425
2.162221
2.431687
4.486693
2.716975
6.109225
6.010483
2.986657
5.269351
2.218405
5.791243
9.998122
6.608621
3.020726
3.995410
3.546601
3.753975
2.331149
2.738471
1.258813
4.892420
4.627063
2.049245
4.642772
5.992797
3.410100
2.005035
3.979016
2.057723
1.894796
3.555598
4.284108
8.696761
9.115909
4.043156
1.813958
7.201360
4.189185
2.688877
1.620323
1.876387
6.719264
3.775083
1.571753
0.996190
2.050376
1.646728
4.029333
2.813742
3.851318
2.554226
5.943749
2.999021
2.763829
2.735557
2.521716
1.241660
3.541389
4.015668
2.749222
2.592385
2.817243
3.613423
1.620129
1.940972
4.087688
4.102811
4.073988
1.928723
1.228166
8.133979
2.295887
3.098784
4.818473
3.730637
3.467360
4.025797
3.794328
2.341127
2.152548
4.538240
2.590997
2.392108
3.361210
2.816946
4.820456
6.370599
3.265923
2.495913
2.205445
4.044093
1.212491
2.792548
4.518350
5.007322
2.304271
4.410592
1.846397
3.326174
3.986663
3.310176
2.020845
2.920479
8.893462
2.330881
4.792812
3.398559
7.328095
4.699826
2.664663
2.828268
2.862022
2.310614
6.450136
7.452941
2.705507
3.268898
3.909127
7.793003
4.953331
6.980828
4.088886
2.110761
1.970769
1.452800
1.444614
3.506076
3.932576
4.591235
8.071497
4.444809
5.455425
2.905769
4.723702
2.774836
12.108130
4.491781
2.988154
1.457572
5.716490
2.560885
3.431585
3.326953
3.594072
4.005217
2.815229
3.243786
1.858622
1.897015
2.307352
4.174299
8.772411
2.932218
3.890763
3.740402
2.738114
5.405399
3.694094
3.255454
1.542671
5.461737
4.205484
4.842561
5.548170
4.774103
6.915600
4.142180
1.889886
1.783513
1.868604
1.953326
3.208249
2.729097
4.426066
5.696374
2.421752
3.601324
10.072201
4.259996
8.045640
9.133660
7.655879
5.035690
4.176387
6.907879
4.531579
5.983448
5.196266
3.843127
4.687301
3.946838
5.009909
3.975434
3.262223
4.915442
2.374744
2.100978
3.233992
7.649521
4.427193
3.763973
4.300517
3.814200
2.909415
2.674283
1.647184
4.116688
11.109009
7.097647
3.257888
2.141862
6.737532
2.297169
2.861612
4.268333
3.184710
2.509574
2.916217
1.712823
3.514544
1.548092
2.245475
1.825296
2.213271
8.839137
3.969378
4.028942
3.456652
1.088922
9.797275
7.392071
5.709848
3.294135
4.319437
2.877466
1.654214
4.383849
11.051015
4.278758
3.949338
3.871693
4.247720
3.460508
3.058612
7.001864
5.504289
2.152796
2.003466
1.823071
3.349329
3.261416
2.406720
2.949622
3.543561
10.552001
10.226799
9.342326
7.425068
8.668021
7.528005
4.595046
7.781936
4.683632
4.044829
6.054262
4.353007
3.642588
5.569249
5.431710
3.503146
3.492734
4.810965
5.370989
7.893351
4.861194
4.721298
3.983592
3.677272
3.552057
1.864229
2.108268
3.605712
3.468646
4.945417
3.207440
1.789128
2.769578
5.028370
1.162589
1.851085
3.004633
6.346176
5.284314
3.607727
1.657195
4.391901
4.636392
1.545713
1.689932
5.452804
2.021985
1.005918
5.958011
2.479604
10.926387
3.040553
2.001205
0.890948
2.869689
4.151402
7.668010
3.365075
1.764356
6.675325
2.552215
1.957556
2.395342
3.430988
2.783656
6.518368
1.730280
0.988949
4.016267
3.781330
1.707003
2.792251
2.040917
3.518749
1.460418
2.998931
6.020327
2.343273
2.927294
2.180746
2.116842
1.967583
1.726661
3.737746
5.013455
3.380041
2.162755
2.047069
0.859721
3.258899
4.127014
1.757547
3.681423
2.808823
5.827052
1.797113
0.937714
4.830153
3.817096
3.145613
2.697686
2.072590
1.990280
1.104592
1.826718
2.358700
3.403678
1.842980
3.222771
9.334147
3.249863
3.996426
6.955618
4.864587
8.037244
4.658658
3.572654
2.237469
1.690868
1.937369
3.268388
6.512485
3.645203
3.850451
3.017701
3.493399
4.946728
1.325401
1.418617
1.603319
3.773006
4.511427
2.166056
2.347716
1.467445
8.809072
4.048194
1.770906
1.954807
1.314344
1.637998
1.502849
3.480618
4.250597
4.368869
1.095694
4.992541
1.224714
2.911468
4.971320
2.172936
1.946874
3.812306
4.314346
1.411102
3.051926
6.704959
3.836425
2.885616
1.912820
1.560873
2.253189
1.467050
2.247551
2.469054
7.073965
5.238876
2.856767
2.360181
2.054044
3.031437
2.877682
0.928023
3.332958
1.569261
5.313903
5.558769
3.770382
2.232700
2.673411
3.116990
2.476773
1.590130
2.102373
4.180058
0.715384
2.627544
2.322023
2.828693
1.500295
4.558559
5.299830
3.182872
3.460363
5.835704
4.602803
3.191004
1.805583
6.945610
8.533928
3.380045
2.078898
2.722200
1.467921
4.895989
2.280312
1.738671
2.539844
1.849142
3.072137
3.426035
3.094553
2.323407
1.527857
1.664222
2.677876
4.092367
5.932949
1.771261
2.653744
1.433583
1.426243
1.934482
1.311335
1.052941
3.836596
2.688670
0.437911
5.394986
3.168547
1.033326
1.192641
1.644500
1.692843
1.722049
3.499146
2.183120
3.139321
2.220887
4.001974
5.287193
0.857918
0.834531
1.403718
12.168312
7.964606
4.388304
1.131211
4.666930
2.854096
1.763817
1.874981
1.817538
1.751532
8.023483
6.198517
1.663877
3.237617
2.891110
1.294121
2.691425
8.210494
7.554790
4.547002
1.760981
1.123530
3.766896
2.338712
2.154105
1.706466
2.731539
2.502751
2.945976
2.109612
1.071676
1.449086
3.529238
1.657978
1.867397
1.432344
2.471361
0.626689
1.239651
2.465576
0.901087
1.357928
0.883793
2.983528
3.262577
1.538074
1.492400
2.806886
7.122700
2.942799
3.370762
1.046431
3.563735
3.092963
4.389485
1.724644
1.016054
6.870524
1.593549
1.577695
5.116151
3.725790
3.921107
1.212240
0.928191
2.442001
2.256629
1.271324
0.640854
2.113143
7.748776
2.678740
1.385614
2.514087
1.159545
1.629004
5.655326
7.585426
5.489108
4.199547
3.988560
5.453235
3.220255
2.142576
3.398470
2.711236
4.413744
1.188702
1.685118
3.298623
1.657456
0.666102
0.378703
4.620302
5.800238
1.412384
5.538331
1.204984
0.674854
2.060598
1.133281
4.210774
2.678071
2.053167
6.707054
4.689541
1.941577
2.020798
3.596709
1.812371
1.379510
2.226803
1.283410
2.010744
1.808940
0.526610
0.854330
3.363171
11.449925
9.836876
8.528877
3.280738
1.093020
1.881253
1.918547
2.037757
2.990325
3.982176
4.472539
1.728917
1.699196
1.843899
1.590613
3.320616
7.518657
5.270284
3.738793
1.967692
1.787760
2.363908
4.358950
1.542174
1.202399
2.749588
2.459586
3.264103
1.164286
1.272159
4.979643
3.792904
2.621373
3.236343
7.449298
7.190138
3.613074
2.559479
3.922332
1.569534
1.046659
1.285898
0.921675
1.093085
6.578442
2.678607
3.873593
3.719272
2.767235
1.673534
2.334266
0.786812
2.413712
2.441053
1.883046
5.360645
2.791694
1.266857
3.471263
1.223864
1.440675
1.306272
0.918633
1.408423
1.887788
3.618752
5.775474
4.749055
1.613974
3.673460
5.109916
8.849761
2.548527
2.051696
1.138405
1.986566
2.153328
0.892914
5.525338
1.738596
1.759661
1.140781
4.561377
3.498356
1.727946
4.473485
3.063202
1.832048
1.957901
2.025469
1.706590
1.181628
3.636744
7.832348
5.047974
3.818525
2.965067
2.176184
2.095315
3.258265
1.058446
7.551160
2.300700
1.862475
1.973025
1.382775
1.219083
3.086027
2.506286
1.468673
1.946463
2.204587
1.147710
1.491245
0.715758
2.141800
14.704515
8.366464
6.597687
5.115816
3.998126
5.198564
3.827901
2.805391
2.253453
4.526577
2.399900
1.226811
8.132411
4.694350
1.354746
1.358726
2.230796
4.280296
1.521617
1.845217
1.602019
1.158704
3.341778
5.415570
2.736088
3.946452
1.123250
0.997671
1.189219
4.767527
0.995292
0.988733
8.669310
7.059435
9.052937
3.468768
0.915334
0.842020
1.177152
4.405391
2.214856
1.524537
1.192915
8.596583
6.379670
2.840019
1.761649
1.177242
1.647298
2.127686
3.847356
7.410929
1.636946
3.007207
16.335145
10.054756
4.431459
4.557363
2.355112
2.681202
1.295828
7.732204
4.179364
2.693689
1.390253
1.498272
1.375416
2.384794
1.112140
2.246012
1.853970
0.826021
0.694188
3.640075
4.485173
2.900213
1.125553
1.202225
1.444084
0.487574
0.726569
3.938430
2.467248
0.457849
2.166347
9.153466
4.414379
2.023375
1.192305
1.493489
4.083866
1.485779
1.544782
4.841292
3.150621
1.121226
1.279405
0.530561
1.092636
4.769218
1.898780
3.756095
5.416012
2.010825
2.878767
0.761392
1.159691
0.313576
1.503060
4.363787
0.435739
1.671202
2.241277
0.963796
3.207855
1.584355
1.724986
1.299512
2.175631
2.321594
4.343806
3.949051
1.880824
1.192540
1.938931
3.306215
2.116133
1.158950
3.553073
2.323043
2.163192
2.181160
1.866284
0.710056
2.161363
4.333615
8.478122
1.302764
0.509122
2.308178
4.279574
1.183816
0.806197
1.104077
0.492092
5.792950
2.663988
1.506144
2.643594
1.192787
0.654025
1.169548
2.559031
1.446062
0.544287
2.135077
5.978029
3.842766
2.031567
3.466033
1.138659
1.290153
4.088647
4.466659
7.241330
2.117531
0.995381
1.360698
2.864328
2.100729
3.787712
0.767875
1.287734
1.774932
1.662902
0.739135
1.522273
1.795532
3.393060
1.239371
1.388509
1.772291
1.246557
0.639690
1.164750
2.908988
2.860516
1.976860
0.538506
2.062124
2.689633
0.824505
4.003784
4.591094
4.174221
8.548941
7.112480
5.277474
3.793430
1.865230
2.159585
1.380002
3.115715
1.041804
5.059100
3.447113
2.059563
1.284100
2.409261
2.176940
2.184277
2.242353
6.768696
5.068404
1.886015
6.628000
2.019172
0.684737
1.152809
3.931233
1.930069
2.812183
0.752973
1.160626
4.163863
1.579986
4.336698
1.841150
5.713564
1.987835
1.308017
2.365451
0.909803
1.848892
1.947512
4.069033
2.700852
1.809289
0.947618
3.515170
1.784500
0.991299
3.340327
8.118776
6.834732
4.154606
3.989968
3.603153
5.701696
5.108495
3.971581
1.575141
0.940930
1.121910
1.581924
1.161819
1.094642
0.216841
5.074174
10.376879
3.287583
2.378142
2.121752
1.062132
2.682778
2.171882
1.761545
0.778090
0.475471
0.828978
3.852902
6.840795
2.469187
2.861617
3.142649
1.679182
1.527902
2.214097
0.975294
2.291257
3.547126
0.670747
1.994874
2.610888
2.221144
6.584839
9.825464
3.392937
2.967733
1.204614
1.077134
0.884465
2.683972
1.655742
2.171003
0.866822
0.782026
0.874484
1.101196
2.675187
1.434412
4.692259
5.750230
5.694683
2.484740
2.094135
1.681917
0.950075
1.335449
5.232509
4.113058
0.991056
1.939973
0.427007
3.402371
1.516002
2.765384
6.821722
2.645974
1.924698
4.461497
1.293051
1.000015
6.089759
3.808441
3.311072
7.632192
0.838184
1.027432
8.047867
4.808465
1.739918
3.223430
2.736331
1.258061
1.759160
1.689182
2.269668
1.051506
4.775389
12.238087
3.005106
1.837567
2.114058
3.657929
0.810132
2.390766
2.256440
2.352970
1.991985
0.812635
1.185695
1.597459
2.848235
1.956250
0.622959
3.295954
11.743507
4.899419
4.058033
4.644670
3.572644
7.130139
3.450512
3.605582
6.761695
3.256518
2.435941
4.136838
5.238082
10.144321
2.845989
1.730205
1.179726
0.264699
1.473890
2.331403
0.892367
1.628404
6.116998
8.592807
2.426275
2.329609
1.398804
1.939135
4.005466
2.353964
2.738181
2.832582
3.051198
7.182040
4.779308
3.584806
3.829542
4.435315
3.337806
3.769951
3.731839
11.867484
6.627938
4.289424
3.226987
1.578924
3.040110
4.466040
3.570196
2.942687
1.974494
2.059486
3.482638
2.357077
0.953970
11.983464
8.968187
5.188392
5.071446
4.244184
4.047938
2.511365
4.300730
3.220901
2.174323
2.605299
1.517560
2.455046
4.483998
2.945097
0.875746
1.356254
0.618433
3.005797
2.301136
3.002637
2.742766
1.036923
0.544586
6.104003
1.918781
2.095790
7.041650
2.527587
4.139087
1.649575
1.092139
0.540976
2.203398
1.921328
0.884291
2.752940
1.002788
0.325492
5.452448
7.706429
2.709535
1.372144
2.281937
7.786742
1.273042
1.027410
2.976985
2.975494
1.512200
1.256099
0.640915
3.498563
1.242047
2.818957
2.032624
1.134023
5.738675
6.527589
0.769269
0.701600
1.385104
1.508392
5.500440
8.231736
1.332835
0.550119
1.015014
3.266055
1.533930
1.287192
3.029251
1.608554
2.201363
0.926978
2.349976
6.033143
2.821426
2.108973
1.238309
2.843236
2.528423
2.023089
7.112573
1.494408
0.905721
1.095301
1.266725
3.320979
3.975175
6.260632
2.286679
1.798343
1.321843
4.767163
1.502090
2.898582
1.679455
1.190638
4.055532
0.591494
2.689322
0.660495
2.785118
3.250405
0.775476
1.431240
0.957441
1.258206
1.167975
4.731466
9.382921
5.512017
5.674204
4.764124
4.371782
3.905780
4.196642
3.287549
4.154646
1.425330
0.800050
1.452157
1.816389
0.577487
2.396943
0.980885
1.690941
4.611440
2.037486
3.522096
0.905736
5.146707
5.053942
0.622207
0.733317
0.757561
0.608423
5.121816
3.900406
2.799067
3.094607
4.805837
6.054763
8.015430
5.174461
5.512055
4.325373
4.652969
8.051660
4.012787
4.193931
2.013203
2.666559
1.426992
1.103016
1.794298
0.976980
0.959107
5.734077
3.264534
2.076995
0.592534
1.129687
1.066334
0.639183
6.928114
7.449578
0.858868
2.300064
3.669072
0.760706
0.799743
1.158639
0.881660
2.964762
1.554363
1.279705
2.638043
1.040306
1.377395
6.655997
2.794695
2.261593
0.944325
0.843517
0.641094
12.228691
4.011881
1.949095
1.067932
3.704959
2.266520
2.907078
7.186963
2.760649
2.009371
2.174245
4.986150
2.060716
3.345496
2.588031
1.737232
1.606552
0.456462
0.823574
1.348438
0.521102
3.739679
5.108684
1.050946
0.798819
2.323985
4.631539
3.482835
3.015278
1.364739
3.200436
4.127497
0.960562
2.540889
7.073983
3.122436
0.780939
1.001726
1.549828
1.115521
0.947649
2.229145
0.952867
1.361832
4.111597
2.388809
2.535135
0.710417
0.406816
0.628457
2.882939
2.237937
2.680511
2.629545
1.665509
1.221350
0.437858
4.134035
1.818652
0.952091
4.634771
2.711119
1.957650
2.266328
3.822845
7.346253
7.019855
3.588250
1.280571
0.620011
1.637782
1.507999
3.152224
2.017816
2.285772
2.346970
1.242331
3.122306
1.588228
1.417583
0.887516
1.619537
1.888560
2.290889
0.744365
1.311100
1.173107
0.561177
0.563239
0.969270
3.062758
0.920853
0.552446
1.070956
0.678371
0.296881
1.002132
6.520645
4.372455
2.287537
0.757975
1.122474
0.860088
3.362359
1.215153
0.433385
2.509826
3.666528
1.517099
2.485639
2.587449
1.794652
0.630948
0.654735
2.834476
3.412654
3.208314
2.033056
1.350541
0.494689
2.171811
5.779431
5.152003
1.409950
0.580414
2.887651
1.600680
0.500161
0.588218
0.478233
2.780745
5.742097
9.590964
6.745906
2.328779
1.171619
0.877243
1.070414
2.635637
7.668685
5.850811
5.411355
0.853380
1.540427
0.922045
1.482916
1.196061
4.859572
2.849028
3.387842
2.598070
2.602297
4.331686
2.865190
2.039114
1.595804
2.153330
2.128401
1.065533
1.255448
3.253172
1.980441
6.889365
2.020867
2.405908
5.143903
2.431082
2.643984
2.191519
3.292747
1.855248
1.073295
1.051934
2.447519
2.524591
1.062659
1.452713
1.299541
0.718722
2.502715
10.013138
3.724782
0.684648
0.591626
0.775179
2.631073
1.336051
1.809293
1.275350
1.758990
2.420078
2.836556
1.170250
0.498347
1.530994
3.050841
4.875520
2.846878
2.742942
3.245546
0.911551
0.670501
1.120911
1.166059
2.477077
1.262710
3.377171
1.838477
0.578100
2.140778
0.837652
0.579743
0.644863
0.544775
0.534020
0.647662
0.945734
4.513655
2.122761
3.926676
3.397649
2.993926
1.446327
0.589639
0.708519
2.267189
1.545138
0.446164
0.611456
0.589573
0.418504
0.415146
0.433504
0.461746
1.265640
0.969058
1.466511
10.544491
2.314697
0.982781
8.873010
5.459087
2.763110
0.976075
2.147698
0.717949
2.968164
3.738010
11.710351
7.475354
4.796412
3.033553
8.864892
1.829856
3.517097
3.430095
1.739025
2.446761
0.656728
1.161596
0.707524
1.572447
1.282608
1.641166
0.746305
1.081383
1.283372
0.493963
0.420698
0.502117
0.695027
0.684630
0.507909
0.749926
0.521112
0.403576
8.070527
1.794537
2.024971
1.065138
5.375642
8.899628
3.275021
1.642265
0.528477
0.759426
3.305667
3.102322
2.545291
2.196932
1.558471
3.061482
6.080277
2.223670
4.462854
2.374443
2.007030
1.061825
1.121061
1.060132
1.847714
1.781403
0.635740
0.693872
0.491434
0.471381
0.483211
1.021169
1.548990
2.930611
0.759539
3.669595
0.395569
0.661194
1.846842
0.307808
0.662670
1.189293
1.858156
2.704848
0.451626
0.568730
0.544279
8.048515
5.014161
6.213358
2.173238
1.646723
1.072018
1.844056
1.440391
9.518878
1.404647
1.701692
1.349109
1.072708
0.495277
1.326147
1.570974
4.631267
2.837450
0.461506
0.802360
3.218052
3.250810
0.788108
1.384513
1.544932
0.266521
1.235640
2.105001
1.745943
2.573403
5.664936
1.139016
1.908932
0.841532
1.011910
0.682170
1.702962
1.343573
3.355241
0.437995
0.421820
0.395797
0.592651
0.726378
0.798895
0.538916
1.421486
0.512938
3.893663
2.653159
8.145886
2.841869
1.230375
0.483188
1.423507
0.463172
0.476731
0.553181
0.655416
0.504910
0.448221
1.034304
0.707661
4.041384
3.848414
2.552013
4.918201
0.830994
2.135164
0.845042
2.595770
0.405968
0.826310
1.121343
5.210958
2.822997
1.310505
1.438919
1.244249
0.584337
1.155224
0.887491
0.468194
0.554868
1.067133
0.527481
0.469670
0.422978
0.352732
5.153432
2.504814
1.078889
3.661660
0.358842
5.995101
3.435956
0.844237
1.177814
0.801888
0.063309
14.757221
10.715231
4.841414
3.837067
2.149427
0.858920
0.909259
1.592389
3.595124
2.803351
1.346251
0.511187
1.260559
1.367675
3.869413
1.703750
5.533684
3.072902
0.864955
1.651291
6.132401
1.055928
2.426493
2.117048
1.529637
0.947651
0.910823
5.052706
4.258708
0.806991
2.923445
2.048436
0.895425
1.244441
0.950294
0.624113
0.540656
1.500301
2.596610
3.086936
8.032506
10.351376
4.534498
1.297323
1.307675
2.983624
2.115311
0.591954
0.883581
0.753331
3.562500
3.978123
2.570654
3.026069
1.220090
0.765934
1.719909
0.501769
2.107124
1.388918
3.168255
0.754304
0.694529
0.853319
1.621450
1.153336
0.573819
1.451441
3.702857
1.886898
1.469114
4.498323
1.096190
1.273916
0.709727
1.188776
6.027949
4.338702
0.662355
1.964020
0.545879
0.550610
0.967585
2.424667
1.475631
1.073250
0.982616
0.681991
0.881573
0.520370
0.282177
2.255932
1.427465
0.480990
6.413151
4.392308
8.523861
14.507037
18.527218
11.784459
10.922836
9.839191
9.153235
8.812714
8.237981
5.012296
4.291198
3.824634
2.232305
2.043462
2.433023
1.912878
0.841031
1.748020
0.556468
2.180248
2.499806
4.372491
1.207485
2.983054
2.195126
2.770597
7.879572
11.499119
3.793645
1.068811
1.255150
0.974059
2.040717
0.757019
1.035206
3.607481
5.807328
4.140250
2.682839
1.074503
3.161283
6.092738
1.541675
1.551311
2.734424
5.202311
4.441241
1.057646
0.702208
0.794469
0.931305
4.670391
3.874404
2.998794
4.490352
3.767161
2.270844
0.855338
1.459460
2.505209
3.149567
3.553197
3.483512
1.919675
2.847718
0.940238
0.868640
0.827459
0.584315
0.620721
4.502822
1.324359
3.137396
0.534734
2.328954
1.285292
3.555247
1.639818
1.916843
0.818734
2.192465
3.875143
1.978268
1.518257
0.690286
2.482177
3.827603
0.852101
0.646680
0.572418
0.705739
1.036920
0.965662
0.862708
1.965619
0.820483
0.548580
2.953216
0.574912
0.801490
8.483109
4.245299
2.810233
1.423100
6.798496
3.380469
1.107716
0.579627
0.533960
0.465008
0.434063
2.617186
6.460347
5.745692
3.100134
2.234990
3.954802
3.077613
1.829705
4.010435
3.816119
2.938850
1.509011
1.514780
1.240556
0.938941
4.912347
0.890341
0.863797
1.706355
2.343472
4.733046
2.506551
3.444582
1.273261
2.564766
1.789678
2.422240
0.937489
0.698501
4.114475
6.763249
2.231962
0.974378
0.634099
0.646504
0.612003
0.575705
0.454524
0.914200
1.493908
1.860976
3.970846
2.620253
1.897824
4.225468
5.458454
12.806323
5.025932
2.184145
1.053389
3.288867
7.106342
1.435764
1.882643
1.817141
0.735023
0.748914
3.151914
8.835758
2.828947
1.846720
0.769801
2.160645
0.528332
0.780795
0.453756
1.081655
1.031047
0.967470
1.108074
0.596815
2.225181
2.133169
1.430717
6.574181
4.229658
2.858161
2.177451
2.575916
1.574370
0.896480
2.213785
2.084872
7.823254
10.826357
5.144055
3.111598
0.990952
2.235497
3.014146
2.450013
2.558313
0.914217
1.488748
0.410958
1.125021
1.830892
0.689514
4.889501
3.850502
0.487644
0.391648
0.452268
1.357786
0.242718
0.333025
1.156370
8.518277
6.954614
5.675343
2.019596
1.063412
0.765148
1.877489
0.274090
0.473189
1.175736
1.569217
3.293433
5.685576
4.970175
4.568312
1.355396
0.619153
1.675487
1.299400
0.516220
6.081509
2.179229
1.185547
0.650762
7.271497
4.578073
3.355286
2.705497
2.198418
0.790172
1.118416
1.198884
2.929330
5.977499
1.766959
5.525359
3.195234
3.619937
2.324859
2.791329
0.723745
0.811027
0.428208
0.379600
1.279585
5.100964
6.782328
2.990272
2.508001
1.677901
4.330988
5.304240
3.310930
0.765123
0.342578
0.995745
3.928744
0.846332
1.030553
0.225350
0.679535
5.878671
7.962425
8.531545
9.252275
6.369400
3.238907
2.269951
6.017864
3.304529
4.142189
1.437281
1.514946
1.484002
8.733278
10.883659
8.255945
10.197301
5.893470
4.886873
7.081243
5.270107
2.824119
2.875879
2.665152
2.223808
0.894933
2.788039
1.199140
1.861840
0.985522
8.370520
4.591564
2.889822
4.596437
3.896307
0.930959
1.132165
2.812348
6.373823
3.721237
5.430330
4.280611
3.730276
1.869899
2.042679
5.059876
1.214931
0.648111
2.227206
2.641001
2.919986
4.217680
2.095948
2.193567
1.126330
2.462482
1.891168
5.047064
1.117432
1.092852
1.540327
1.694901
2.807045
1.585643
1.603305
4.159370
1.438848
0.520053
0.310024
0.824014
1.369057
1.518603
2.295135
3.717918
0.845241
1.057859
0.767024
2.079749
0.402223
2.902207
1.138040
2.771943
0.405413
0.516503
2.609032
0.675299
0.333951
0.459460
2.148232
0.379102
3.189478
3.150898
1.147576
0.591277
0.870908
0.957445
0.435276
0.499534
1.754552
0.495515
0.427830
0.261509
0.157742
0.632016
1.036555
0.389409
2.144605
3.021945
6.148954
1.875114
1.649265
3.184555
3.595741
2.567059
5.230330
2.999421
0.973196
1.412122
0.991443
0.385331
0.205189
1.666985
2.044573
4.776517
1.633109
0.470108
0.555414
0.954132
6.978329
2.240417
1.430003
0.459544
2.232512
0.767414
2.273097
1.248406
10.508456
3.624662
14.075435
11.033525
3.796604
1.489877
5.679279
2.157818
2.028394
1.600030
1.013021
0.445309
4.094533
7.912593
5.656809
3.055424
1.405961
0.552912
0.589654
0.671751
2.157798
1.646669
6.285968
4.244317
0.551371
0.467136
0.250178
0.187656
0.311816
1.531783
0.300826
1.637106
0.162761
0.333762
0.917205
0.079270
0.035297
0.009883
0.008358
0.007839
0.007432
0.007088
0.006788
0.006521
0.006281
0.006064
0.005865
0.005681
0.005512
0.005354
0.005208
0.005070
0.004941
0.004819
0.004705
0.004596
0.004493
0.004396
0.004303
0.004214
0.004130
0.004049
0.003972
0.003898
0.003827
0.003759
0.003694
0.003631
0.003570
0.003512
0.003455
0.003401
0.003349
0.003298
0.003249
0.003201
0.003155
0.003110
0.003067
0.003025
0.002984
0.002945
0.002906
0.002869
0.002832
0.002797
0.002763
0.002729
0.002696
0.002664
0.002633
0.002603
0.002573
0.002545
0.002516
0.002489
0.002462
0.002436
0.002410
0.002385
0.002360
0.002336
0.002312
0.002289
0.002267
0.002245
0.002223
0.002202
0.002181
0.002161
0.002141
0.002121
0.002102
0.002083
0.002064
0.002046
0.002028
0.002011
0.001993
0.001976
0.001960
0.001943
0.001927
0.001912
0.001896
0.001881
0.001866
0.001851
0.001837
0.001822
0.001808
0.001794
0.001781
0.001767
0.001754
0.001741
0.001728
0.001716
0.001703
0.001691
0.001679
0.001667
0.001655
0.001644
0.001633
0.001621
0.001610
0.001599
0.001589
0.001578
0.001568
0.001557
0.001547
0.001537
0.001527
0.001517
0.001508
0.001498
0.001489
0.001480
0.001470
0.001461
0.001452
0.001444
0.001435
0.001426
0.001418
0.001409
0.001401
0.001393
0.001385
0.001377
0.001369
0.001361
0.001353
0.001346
0.001338
0.001331
0.001323
0.001316
0.001309
0.001302
0.001295
0.001288
0.001281
0.001274
0.001267
0.001260
0.001254
0.001247
0.001241
0.001234
0.001228
0.001222
0.001216
0.001209
0.001203
0.001197
0.001191
0.001185
0.001180
0.001174
0.001168
0.001162
0.001157
0.001151
0.001146
0.001140
0.001135
0.001130
0.001124
0.001119
0.001114
0.001109
0.001104
0.001099
0.001094
0.001089
0.001084
0.001079
0.001074
0.001069
0.001065
0.001060
0.001055
0.001051
0.001046
0.001042
0.001037
0.001033
0.001028
0.001024
0.001019
0.001015
0.001011
0.001007
0.001002
0.000998
0.000994
0.000990
0.000986
0.000982
0.000978
0.000974
0.000970
0.000966
0.000962
0.000959
0.000955
0.000951
0.000947
0.000944
0.000940
0.000936
0.000933
0.000929
0.000925
0.000922
0.000918
0.000915
0.000912
0.000908
0.000905
0.000901
0.000898
0.000895
0.000891
0.000888
0.000885
0.000882
0.000878
0.000875
0.000872
0.000869
0.000866
0.000863
0.000860
0.000857
0.000854
0.000851
0.000848
0.000845
0.000842
0.000839
0.000836
0.000833
0.000830
0.000827
0.000824
0.000822
0.000819
0.000816
0.000813
0.000811
0.000808
0.000805
0.000803
0.000800
0.000797
0.000795
0.000792
0.000789
0.000787
0.000784
0.000782
0.000779
0.000777
0.000774
0.000772
0.000769
0.000767
0.000765
0.000762
0.000760
0.000757
0.000755
0.000753
0.000750
0.000748
0.000746
0.000743
0.000741
0.000739
0.000737
0.000734
0.000732
0.000730
0.000728
0.000726
0.000723
0.000721
0.000719
0.000717
0.000715
0.000713
0.000711
0.000709
0.000707
0.000704
0.000702
0.000700
0.000698
0.000696
0.000694
0.000692
0.000690
0.000688
0.000687
0.000685
0.000683
0.000681
0.000679
0.000677
0.000675
0.000673
0.000671
0.000669
0.000668
0.000666
0.000664
0.000662
0.000660
0.000659
0.000657
0.000655
0.000653
0.000651
0.000650
0.000648
0.000646
0.000645
0.000643
0.000641
0.000639
0.000638
0.000636
0.000634
0.000633
0.000631
0.000630
0.000628
0.000626
0.000625
0.000623
0.000621
0.000620
0.000618
0.000617
0.000615
0.000614
0.000612
0.000611
0.000609
0.000607
0.000606
0.000604
0.000603
0.000601
0.000600
0.000598
0.000597
0.000596
0.000594
0.000593
0.000591
0.000590
0.000588
0.000587
0.000585
0.000584
0.000583
0.000581
0.000580
0.000579
0.000577
0.000576
0.000574
0.000573
0.000572
0.000570
0.000569
0.000568
0.000566
0.000565
0.000564
0.000562
0.000561
0.000560
0.000559
0.000557
0.000556
0.000555
0.000553
0.000552
0.000551
0.000550
0.000548
0.000547
0.000546
0.000545
0.000544
0.000542
0.000541
0.000540
0.000539
0.000538
0.000536
0.000535
0.000534
0.000533
0.000532
0.000531
0.000529
0.000528
0.000527
0.000526
0.000525
0.000524
0.000523
0.000521
0.000520
0.000519
0.000518
0.000517
0.000516
0.000515
0.000514
0.000513
0.000512
0.000510
0.000509
0.000508
0.000507
0.000506
0.000505
0.000504
0.000503
0.000502
0.000501
0.000500
0.000499
0.000498
0.000497
0.000496
0.000495
0.000494
0.000493
0.000492
0.000491
0.000490
0.000489
0.000488
0.000487
0.000486
0.000485
0.000484
0.000483
0.000482
0.000481
0.000480
0.000479
0.000478
0.000477
0.000476
0.000476
0.000475
0.000474
0.000473
0.000472
0.000471
0.000470
0.000469
0.000468
0.000467
0.000466
0.000465
0.000465
0.000464
0.000463
0.000462
0.000461
0.000460
0.000459
0.000458
0.000458
0.000457
0.000456
0.000455
0.000454
0.000453
0.000453
0.000452
0.000451
0.000450
0.000449
0.000448
0.000448
0.000447
0.000446
0.000445
0.000444
0.000443
0.000443
0.000442
0.000441
0.000440
0.000439
0.000439
0.000438
0.000437
0.000436
0.000435
0.000435
0.000434
0.000433
0.000432
0.000432
0.000431
0.000430
0.000429
0.000429
0.000428
0.000427
0.000426
0.000426
0.000425
0.000424
0.000423
0.000423
0.000422
0.000421
0.000420
0.000420
0.000419
0.000418
0.000418
0.000417
0.000416
0.000415
0.000415
0.000414
0.000413
0.000413
0.000412
0.000411
0.000410
0.000410
0.000409
0.000408
0.000408
0.000407
0.000406
0.000406
0.000405
0.000404
0.000404
0.000403
0.000402
0.000402
0.000401
0.000400
0.000400
0.000399
0.000398
0.000398
0.000397
0.000396
0.000396
0.000395
0.000395
0.000394
0.000393
0.000393
0.000392
0.000391
0.000391
0.000390
0.000389
0.000389
0.000388
0.000388
0.000387
0.000386
0.000386
0.000385
0.000385
0.000384
0.000383
0.000383
0.000382
0.000382
0.000381
0.000380
0.000380
0.000379
0.000379
0.000378
0.000377
0.000377
0.000376
0.000376
0.000375
0.000374
0.000374
0.000373
0.000373
0.000372
0.000372
0.000371
0.000370
0.000370
0.000369
0.000369
0.000368
0.000368
0.000367
0.000367
0.000366
0.000365
0.000365
0.000364
0.000364
0.000363
0.000363
0.000362
0.000362
0.000361
0.000361
0.000360
0.000360
0.000359
0.000358
0.000358
0.000357
0.000357
0.000356
0.000356
0.000355
0.000355
0.000354
0.000354
0.000353
0.000353
0.000352
0.000352
0.000351
0.000351
0.000350
0.000350
0.000349
0.000349
0.000348
0.000348
0.000347
0.000347
0.000346
0.000346
0.000345
0.000345
0.000344
0.000344
0.000343
0.000343
0.000342
0.000342
0.000341
0.000341
0.000340
0.000340
0.000339
0.000339
0.000339
0.000338
0.000338
0.000337
0.000337
0.000336
0.000336
0.000335
0.000335
0.000334
0.000334
0.000333
0.000333
0.000333
0.000332
0.000332
0.000331
0.000331
0.000330
0.000330
0.000329
0.000329
0.000328
0.000328
0.000328
0.000327
0.000327
0.000326
0.000326
0.000325
0.000325
0.000325
0.000324
0.000324
0.000323
0.000323
0.000322
0.000322
0.000322
0.000321
0.000321
0.000320
0.000320
0.000319
0.000319
0.000319
0.000318
0.000318
0.000317
0.000317
0.000317
0.000316
0.000316
0.000315
0.000315
0.000314
0.000314
0.000314
0.000313
0.000313
0.000312
0.000312
0.000312
0.000311
0.000311
0.000310
0.000310
0.000310
0.000309
0.000309
0.000308
0.000308
0.000308
0.000307
0.000307
0.000307
0.000306
0.000306
0.000305
0.000305
0.000305
0.000304
0.000304
0.000303
0.000303
0.000303
0.000302
0.000302
0.000302
0.000301
0.000301
0.000300
0.000300
0.000300
0.000299
0.000299
0.000299
0.000298
0.000298
0.000298
0.000297
0.000297
0.000296
0.000296
0.000296
0.000295
0.000295
0.000295
0.000294
0.000294
0.000294
0.000293
0.000293
0.000293
0.000292
0.000292
0.000291
0.000291
0.000291
0.000290
0.000290
0.000290
0.000289
0.000289
0.000289
0.000288
0.000288
0.000288
0.000287
0.000287
0.000287
0.000286
0.000286
0.000286
0.000285
0.000285
0.000285
0.000284
0.000284
0.000284
0.000283
0.000283
0.000283
0.000282
0.000282
0.000282
0.000281
0.000281
0.000281
0.000280
0.000280
0.000280
0.000279
0.000279
0.000279
0.000278
0.000278
0.000278
0.000278
0.000277
0.000277
0.000277
0.000276
0.000276
0.000276
0.000275
0.000275
0.000275
0.000274
0.000274
0.000274
0.000273
0.000273
0.000273
0.000273
0.000272
0.000272
0.000272
0.000271
0.000271
0.000271
0.000270
0.000270
0.000270
0.000270
0.000269
0.000269
0.000269
0.000268
0.000268
0.000268
0.000267
0.000267
0.000267
0.000267
0.000266
0.000266
0.000266
0.000265
0.000265
0.000265
0.000265
0.000264
0.000264
0.000264
0.000263
0.000263
0.000263
0.000263
0.000262
0.000262
0.000262
0.000261
0.000261
0.000261
0.000261
0.000260
0.000260
0.000260
0.000259
0.000259
0.000259
0.000259
0.000258
0.000258
0.000258
0.000258
0.000257
0.000257
0.000257
0.000256
0.000256
0.000256
0.000256
0.000255
0.000255
0.000255
0.000255
0.000254
0.000254
0.000254
0.000254
0.000253
0.000253
0.000253
0.000252
0.000252
0.000252
0.000252
0.000251
0.000251
0.000251
0.000251
0.000250
0.000250
0.000250
0.000250
0.000249
0.000249
0.000249
0.000249
0.000248
0.000248
0.000248
0.000248
0.000247
0.000247
0.000247
0.000247
0.000246
0.000246
0.000246
0.000246
0.000245
0.000245
0.000245
0.000245
0.000244
0.000244
0.000244
0.000244
0.000243
0.000243
0.000243
0.000243
0.000242
0.000242
0.000242
0.000242
0.000241
0.000241
0.000241
0.000241
0.000240
0.000240
0.000240
0.000240
0.000240
0.000239
0.000239
0.000239
0.000239
0.000238
0.000238
0.000238
0.000238
0.000237
0.000237
0.000237
0.000237
0.000237
0.000236
0.000236
0.000236
0.000236
0.000235
0.000235
0.000235
0.000235
0.000234
0.000234
0.000234
0.000234
0.000234
0.000233
0.000233
0.000233
0.000233
0.000232
0.000232
0.000232
0.000232
0.000232
0.000231
0.000231
0.000231
0.000231
0.000230
0.000230
0.000230
0.000230
0.000230
0.000229
0.000229
0.000229
0.000229
0.000229
0.000228
0.000228
0.000228
0.000228
0.000227
0.000227
0.000227
0.000227
0.000227
0.000226
0.000226
0.000226
0.000226
0.000226
0.000225
0.000225
0.000225
0.000225
0.000224
0.000224
0.000224
0.000224
0.000224
0.000223
0.000223
0.000223
0.000223
0.000223
0.000222
0.000222
0.000222
0.000222
0.000222
0.000221
0.000221
0.000221
0.000221
0.000221
0.000220
0.000220
0.000220
0.000220
0.000220
0.000219
0.000219
0.000219
0.000219
0.000219
0.000218
0.000218
0.000218
0.000218
0.000218
0.000217
0.000217
0.000217
0.000217
0.000217
0.000216
0.000216
0.000216
0.000216
0.000216
0.000216
0.000215
0.000215
0.000215
0.000215
0.000215
0.000214
0.000214
0.000214
0.000214
0.000214
0.000213
0.000213
0.000213
0.000213
0.000213
0.000213
0.000212
0.000212
0.000212
0.000212
0.000212
0.000211
0.000211
0.000211
0.000211
0.000211
0.000210
0.000210
0.000210
0.000210
0.000210
0.000210
0.000209
0.000209
0.000209
0.000209
0.000209
0.000209
0.000208
0.000208
0.000208
0.000208
0.000208
0.000207
0.000207
0.000207
0.000207
0.000207
0.000207
0.000206
0.000206
0.000206
0.000206
0.000206
0.000206
0.000205
0.000205
0.000205
0.000205
0.000205
0.000204
0.000204
0.000204
0.000204
0.000204
0.000204
0.000203
0.000203
0.000203
0.000203
0.000203
0.000203
0.000202
0.000202
0.000202
0.000202
0.000202
0.000202
0.000201
0.000201
0.000201
0.000201
0.000201
0.000201
0.000200
0.000200
0.000200
0.000200
0.000200
0.000200
0.000199
0.000199
0.000199
0.000199
0.000199
0.000199
0.000198
0.000198
0.000198
0.000198
0.000198
0.000198
0.000197
0.000197
0.000197
0.000197
0.000197
0.000197
0.000197
0.000196
0.000196
0.000196
0.000196
0.000196
0.000196
0.000195
0.000195
0.000195
0.000195
0.000195
0.000195
0.000194
0.000194
0.000194
0.000194
0.000194
0.000194
0.000194
0.000193
0.000193
0.000193
0.000193
0.000193
0.000193
0.000192
0.000192
0.000192
0.000192
0.000192
0.000192
0.000192
0.000191
0.000191
0.000191
0.000191
0.000191
0.000191
0.000191
0.000190
0.000190
0.000190
0.000190
0.000190
0.000190
0.000189
0.000189
0.000189
0.000189
0.000189
0.000189
0.000189
0.000188
0.000188
0.000188
0.000188
0.000188
0.000188
0.000188
0.000187
0.000187
0.000187
0.000187
0.000187
0.000187
0.000187
0.000186
0.000186
0.000186
0.000186
0.000186
0.000186
0.000186
0.000185
0.000185
0.000185
0.000185
0.000185
0.000185
0.000185
0.000184
0.000184
0.000184
0.000184
0.000184
0.000184
0.000184
0.000183
0.000183
0.000183
0.000183
0.000183
0.000183
0.000183
0.000183
0.000182
0.000182
0.000182
0.000182
0.000182
0.000182
0.000182
0.000181
0.000181
0.000181
0.000181
0.000181
0.000181
0.000181
0.000180
0.000180
0.000180
0.000180
0.000180
0.000180
0.000180
0.000180
0.000179
0.000179
0.000179
0.000179
0.000179
0.000179
0.000179
0.000178
0.000178
0.000178
0.000178
0.000178
0.000178
0.000178
0.000178
0.000177
0.000177
0.000177
0.000177
0.000177
0.000177
0.000177
0.000177
0.000176
0.000176
0.000176
0.000176
0.000176
0.000176
0.000176
0.000176
0.000175
0.000175
0.000175
0.000175
0.000175
0.000175
0.000175
0.000175
0.000174
0.000174
0.000174
0.000174
0.000174
0.000174
0.000174
0.000174
0.000173
0.000173
0.000173
0.000173
0.000173
0.000173
0.000173
0.000173
0.000172
0.000172
0.000172
0.000172
0.000172
0.000172
0.000172
0.000172
0.000171
0.000171
0.000171
0.000171
0.000171
0.000171
0.000171
0.000171
0.000170
0.000170
0.000170
0.000170
0.000170
0.000170
0.000170
0.000170
0.000170
0.000169
0.000169
0.000169
0.000169
0.000169
0.000169
0.000169
0.000169
0.000168
0.000168
0.000168
0.000168
0.000168
0.000168
0.000168
0.000168
0.000168
0.000167
0.000167
0.000167
0.000167
0.000167
0.000167
0.000167
0.000167
0.000167
0.000166
0.000166
0.000166
0.000166
0.000166
0.000166
0.000166
0.000166
0.000165
0.000165
0.000165
0.000165
0.000165
0.000165
0.000165
0.000165
0.000165
0.000164
0.000164
0.000164
0.000164
0.000164
0.000164
0.000164
0.000164
0.000164
0.000163
0.000163
0.000163
0.000163
0.000163
0.000163
0.000163
0.000163
0.000163
0.000162
0.000162
0.000162
0.000162
0.000162
0.000162
0.000162
0.000162
0.000162
0.000162
0.000161
0.000161
0.000161
0.000161
0.000161
0.000161
0.000161
0.000161
0.000161
0.000160
0.000160
0.000160
0.000160
0.000160
0.000160
0.000160
0.000160
0.000160
0.000160
0.000159
0.000159
0.000159
0.000159
0.000159
0.000159
0.000159
0.000159
0.000159
0.000158
0.000158
0.000158
0.000158
0.000158
0.000158
0.000158
0.000158
0.000158
0.000158
0.000157
0.000157
0.000157
0.000157
0.000157
0.000157
0.000157
0.000157
0.000157
0.000157
0.000156
0.000156
0.000156
0.000156
0.000156
0.000156
0.000156
0.000156
0.000156
0.000156
0.000155
0.000155
0.000155
0.000155
0.000155
0.000155
0.000155
0.000155
0.000155
0.000155
0.000154
0.000154
0.000154
0.000154
0.000154
0.000154
0.000154
0.000154
0.000154
0.000154
0.000153
0.000153
0.000153
0.000153
0.000153
0.000153
0.000153
0.000153
0.000153
0.000153
0.000152
0.000152
0.000152
0.000152
0.000152
0.000152
0.000152
0.000152
0.000152
0.000152
0.000152
0.000151
0.000151
0.000151
0.000151
0.000151
0.000151
0.000151
0.000151
0.000151
0.000151
0.000151
0.000150
0.000150
0.000150
0.000150
0.000150
0.000150
0.000150
0.000150
0.000150
0.000150
0.000149
0.000149
0.000149
0.000149
0.000149
0.000149
0.000149
0.000149
0.000149
0.000149
0.000149
0.000148
0.000148
0.000148
0.000148
0.000148
0.000148
0.000148
0.000148
0.000148
0.000148
0.000148
0.000147
0.000147
0.000147
0.000147
0.000147
0.000147
0.000147
0.000147
0.000147
0.000147
0.000147
0.000147
0.000146
0.000146
0.000146
0.000146
0.000146
0.000146
0.000146
0.000146
0.000146
0.000146
0.000146
0.000145
0.000145
0.000145
0.000145
0.000145
0.000145
0.000145
0.000145
0.000145
0.000145
0.000145
0.000145
0.000144
0.000144
0.000144
0.000144
0.000144
0.000144
0.000144
0.000144
0.000144
0.000144
0.000144
0.000143
0.000143
0.000143
0.000143
0.000143
0.000143
0.000143
0.000143
0.000143
0.000143
0.000143
0.000143
0.000142
0.000142
0.000142
0.000142
0.000142
0.000142
0.000142
0.000142
0.000142
0.000142
0.000142
0.000142
0.000141
0.000141
0.000141
0.000141
0.000141
0.000141
0.000141
0.000141
0.000141
0.000141
0.000141
0.000141
0.000140
0.000140
0.000140
0.000140
0.000140
0.000140
0.000140
0.000140
0.000140
0.000140
0.000140
0.000140
0.000140
0.000139
0.000139
0.000139
0.000139
0.000139
0.000139
0.000139
0.000139
0.000139
0.000139
0.000139
0.000139
0.000138
0.000138
0.000138
0.000138
0.000138
0.000138
0.000138
0.000138
0.000138
0.000138
0.000138
0.000138
0.000138
0.000137
0.000137
0.000137
0.000137
0.000137
0.000137
0.000137
0.000137
0.000137
0.000137
0.000137
0.000137
0.000137
0.000136
0.000136
0.000136
0.000136
0.000136
0.000136
0.000136
0.000136
0.000136
0.000136
0.000136
0.000136
0.000136
0.000135
0.000135
0.000135
0.000135
0.000135
0.000135
0.000135
0.000135
0.000135
0.000135
0.000135
0.000135
0.000135
0.000134
0.000134
0.000134
0.000134
0.000134
0.000134
0.000134
0.000134
0.000134
0.000134
0.000134
0.000134
0.000134
0.000134
0.000133
0.000133
0.000133
0.000133
0.000133
0.000133
0.000133
0.000133
0.000133
0.000133
0.000133
0.000133
0.000133
0.000133
0.000132
0.000132
0.000132
0.000132
0.000132
0.000132
0.000132
0.000132
0.000132
0.000132
0.000132
0.000132
0.000132
0.000132
0.000131
0.000131
0.000131
0.000131
0.000131
0.000131
0.000131
0.000131
0.000131
0.000131
0.000131
0.000131
0.000131
0.000131
0.000130
0.000130
0.000130
0.000130
0.000130
0.000130
0.000130
0.000130
0.000130
0.000130
0.000130
0.000130
0.000130
0.000130
0.000129
0.000129
0.000129
0.000129
0.000129
0.000129
0.000129
0.000129
0.000129
0.000129
0.000129
0.000129
0.000129
0.000129
0.000129
0.000128
0.000128
0.000128
0.000128
0.000128
0.000128
0.000128
0.000128
0.000128
0.000128
0.000128
0.000128
0.000128
0.000128
0.000127
0.000127
0.000127
0.000127
0.000127
0.000127
0.000127
0.000127
0.000127
0.000127
0.000127
0.000127
0.000127
0.000127
0.000127
0.000127
0.000126
0.000126
0.000126
0.000126
0.000126
0.000126
0.000126
0.000126
0.000126
0.000126
0.000126
0.000126
0.000126
0.000126
0.000126
0.000125
0.000125
0.000125
0.000125
0.000125
0.000125
0.000125
0.000125
0.000125
0.000125
0.000125
0.000125
0.000125
0.000125
0.000125
0.000124
0.000124
0.000124
0.000124
0.000124
0.000124
0.000124
0.000124
0.000124
0.000124
0.000124
0.000124
0.000124
0.000124
0.000124
0.000124
0.000123
0.000123
0.000123
0.000123
0.000123
0.000123
0.000123
0.000123
0.000123
0.000123
0.000123
0.000123
0.000123
0.000123
0.000123
0.000123
0.000122
0.000122
0.000122
0.000122
0.000122
0.000122
0.000122
0.000122
0.000122
0.000122
0.000122
0.000122
0.000122
0.000122
0.000122
0.000122
0.000121
0.000121
0.000121
0.000121
0.000121
0.000121
0.000121
0.000121
0.000121
0.000121
0.000121
0.000121
0.000121
0.000121
0.000121
0.000121
0.000121
0.000120
0.000120
0.000120
0.000120
0.000120
0.000120
0.000120
0.000120
0.000120
0.000120
0.000120
0.000120
0.000120
0.000120
0.000120
0.000120
0.000120
0.000119
0.000119
0.000119
0.000119
0.000119
0.000119
0.000119
0.000119
0.000119
0.000119
0.000119
0.000119
0.000119
0.000119
0.000119
0.000119
0.000119
0.000118
0.000118
0.000118
0.000118
0.000118
0.000118
0.000118
0.000118
0.000118
0.000118
0.000118
0.000118
0.000118
0.000118
0.000118
0.000118
0.000118
0.000117
0.000117
0.000117
0.000117
0.000117
0.000117
0.000117
0.000117
0.000117
0.000117
0.000117
0.000117
0.000117
0.000117
0.000117
0.000117
0.000117
0.000117
0.000116
0.000116
0.000116
0.000116
0.000116
0.000116
0.000116
0.000116
0.000116
0.000116
0.000116
0.000116
0.000116
0.000116
0.000116
0.000116
0.000116
0.000116
0.000115
0.000115
0.000115
0.000115
0.000115
0.000115
0.000115
0.000115
0.000115
0.000115
0.000115
0.000115
0.000115
0.000115
0.000115
0.000115
0.000115
0.000115
0.000114
0.000114
0.000114
0.000114
0.000114
0.000114
0.000114
0.000114
0.000114
0.000114
0.000114
0.000114
0.000114
0.000114
0.000114
0.000114
0.000114
0.000114
0.000114
0.000113
0.000113
0.000113
0.000113
0.000113
0.000113
0.000113
0.000113
0.000113
0.000113
0.000113
0.000113
0.000113
0.000113
0.000113
0.000113
0.000113
0.000113
0.000113
0.000112
0.000112
0.000112
0.000112
0.000112
0.000112
0.000112
0.000112
0.000112
0.000112
0.000112
0.000112
0.000112
0.000112
0.000112
0.000112
0.000112
0.000112
0.000112
0.000111
0.000111
0.000111
0.000111
0.000111
0.000111
0.000111
0.000111
0.000111
0.000111
0.000111
0.000111
0.000111
0.000111
0.000111
0.000111
0.000111
0.000111
0.000111
0.000111
0.000110
0.000110
0.000110
0.000110
0.000110
0.000110
0.000110
0.000110
0.000110
0.000110
0.000110
0.000110
0.000110
0.000110
0.000110
0.000110
0.000110
0.000110
0.000110
0.000110
0.000109
0.000109
0.000109
0.000109
0.000109
0.000109
0.000109
0.000109
0.000109
0.000109
0.000109
0.000109
0.000109
0.000109
0.000109
0.000109
0.000109
0.000109
0.000109
0.000109
0.000109
0.000108
0.000108
0.000108
0.000108
0.000108
0.000108
0.000108
0.000108
0.000108
0.000108
0.000108
0.000108
0.000108
0.000108
0.000108
0.000108
0.000108
0.000108
0.000108
0.000108
0.000107
0.000107
0.000107
0.000107
0.000107
0.000107
0.000107
0.000107
0.000107
0.000107
0.000107
0.000107
0.000107
0.000107
0.000107
0.000107
0.000107
0.000107
0.000107
0.000107
0.000107
0.000106
0.000106
0.000106
0.000106
0.000106
0.000106
0.000106
0.000106
0.000106
0.000106
0.000106
0.000106
0.000106
0.000106
0.000106
0.000106
0.000106
0.000106
0.000106
0.000106
0.000106
0.000106
0.000105
0.000105
0.000105
0.000105
0.000105
0.000105
0.000105
0.000105
0.000105
0.000105
0.000105
0.000105
0.000105
0.000105
0.000105
0.000105
0.000105
0.000105
0.000105
0.000105
0.000105
0.000105
0.000104
0.000104
0.000104
0.000104
0.000104
0.000104
0.000104
0.000104
0.000104
0.000104
0.000104
0.000104
0.000104
0.000104
0.000104
0.000104
0.000104
0.000104
0.000104
0.000104
0.000104
0.000104
0.000103
0.000103
0.000103
0.000103
0.000103
0.000103
0.000103
0.000103
0.000103
0.000103
0.000103
0.000103
0.000103
0.000103
0.000103
0.000103
0.000103
0.000103
0.000103
0.000103
0.000103
0.000103
0.000103
0.000102
0.000102
0.000102
0.000102
0.000102
0.000102
0.000102
0.000102
0.000102
0.000102
0.000102
0.000102
0.000102
0.000102
0.000102
0.000102
0.000102
0.000102
0.000102
0.000102
0.000102
0.000102
0.000102
0.000102
0.000101
0.000101
0.000101
0.000101
0.000101
0.000101
0.000101
0.000101
0.000101
0.000101
0.000101
0.000101
0.000101
0.000101
0.000101
0.000101
0.000101
0.000101
0.000101
0.000101
0.000101
0.000101
0.000101
0.000100
0.000100
0.000100
0.000100
0.000100
0.000100
0.000100
0.000100
0.000100
0.000100
0.000100
0.000100
0.000100
0.000100
0.000100
0.000100
0.000100
0.000100
0.000100
0.000100
0.000100
0.000100
0.000100
0.000100
0.000100
0.000099
0.000099
0.000099
0.000099
0.000099
0.000099
0.000099
0.000099
0.000099
0.000099
0.000099
0.000099
0.000099
0.000099
0.000099
0.000099
0.000099
0.000099
0.000099
0.000099
0.000099
0.000099
0.000099
0.000099
0.000098
0.000098
0.000098
0.000098
0.000098
0.000098
0.000098
0.000098
0.000098
0.000098
0.000098
0.000098
0.000098
0.000098
0.000098
0.000098
0.000098
0.000098
0.000098
0.000098
0.000098
0.000098
0.000098
0.000098
0.000098
0.000097
0.000097
0.000097
0.000097
0.000097
0.000097
0.000097
0.000097
0.000097
0.000097
0.000097
0.000097
0.000097
0.000097
0.000097
0.000097
0.000097
0.000097
0.000097
0.000097
0.000097
0.000097
0.000097
0.000097
0.000097
0.000097
0.000096
0.000096
0.000096
0.000096
0.000096
0.000096
0.000096
0.000096
0.000096
0.000096
0.000096
0.000096
0.000096
0.000096
0.000096
0.000096
0.000096
0.000096
0.000096
0.000096
0.000096
0.000096
0.000096
0.000096
0.000096
0.000096
0.000095
0.000095
0.000095
0.000095
0.000095
0.000095
0.000095
0.000095
0.000095
0.000095
0.000095
0.000095
0.000095
0.000095
0.000095
0.000095
0.000095
0.000095
0.000095
0.000095
0.000095
0.000095
0.000095
0.000095
0.000095
0.000095
0.000095
0.000094
0.000094
0.000094
0.000094
0.000094
0.000094
0.000094
0.000094
0.000094
0.000094
0.000094
0.000094
0.000094
0.000094
0.000094
0.000094
0.000094
0.000094
0.000094
0.000094
0.000094
0.000094
0.000094
0.000094
0.000094
0.000094
0.000094
0.000094
0.000093
0.000093
0.000093
0.000093
0.000093
0.000093
0.000093
0.000093
0.000093
0.000093
0.000093
0.000093
0.000093
0.000093
0.000093
0.000093
0.000093
0.000093
0.000093
0.000093
0.000093
0.000093
0.000093
0.000093
0.000093
0.000093
0.000093
0.000093
0.000092
0.000092
0.000092
0.000092
0.000092
0.000092
0.000092
0.000092
0.000092
0.000092
0.000092
0.000092
0.000092
0.000092
0.000092
0.000092
0.000092
0.000092
0.000092
0.000092
0.000092
0.000092
0.000092
0.000092
0.000092
0.000092
0.000092
0.000092
0.000091
0.000091
0.000091
0.000091
0.000091
0.000091
0.000091
0.000091
0.000091
0.000091
0.000091
0.000091
0.000091
0.000091
0.000091
0.000091
0.000091
0.000091
0.000091
0.000091
0.000091
0.000091
0.000091
0.000091
0.000091
0.000091
0.000091
0.000091
0.000091
0.000091
0.000090
0.000090
0.000090
0.000090
0.000090
0.000090
0.000090
0.000090
0.000090
0.000090
0.000090
0.000090
0.000090
0.000090
0.000090
0.000090
0.000090
0.000090
0.000090
0.000090
0.000090
0.000090
0.000090
0.000090
0.000090
0.000090
0.000090
0.000090
0.000090
0.000089
0.000089
0.000089
0.000089
0.000089
0.000089
0.000089
0.000089
0.000089
0.000089
0.000089
0.000089
0.000089
0.000089
0.000089
0.000089
0.000089
0.000089
0.000089
0.000089
0.000089
0.000089
0.000089
0.000089
0.000089
0.000089
0.000089
0.000089
0.000089
0.000089
0.000089
0.000088
0.000088
0.000088
0.000088
0.000088
0.000088
0.000088
0.000088
0.000088
0.000088
0.000088
0.000088
0.000088
0.000088
0.000088
0.000088
0.000088
0.000088
0.000088
0.000088
0.000088
0.000088
0.000088
0.000088
0.000088
0.000088
0.000088
0.000088
0.000088
0.000088
0.000088
0.000087
0.000087
0.000087
0.000087
0.000087
0.000087
0.000087
0.000087
0.000087
0.000087
0.000087
0.000087
0.000087
0.000087
0.000087
0.000087
0.000087
0.000087
0.000087
0.000087
0.000087
0.000087
0.000087
0.000087
0.000087
0.000087
0.000087
0.000087
0.000087
0.000087
0.000087
0.000087
0.000086
0.000086
0.000086
0.000086
0.000086
0.000086
0.000086
0.000086
0.000086
0.000086
0.000086
0.000086
0.000086
0.000086
0.000086
0.000086
0.000086
0.000086
0.000086
0.000086
0.000086
0.000086
0.000086
0.000086
0.000086
0.000086
0.000086
0.000086
0.000086
0.000086
0.000086
0.000086
0.000086
0.000085
0.000085
0.000085
0.000085
0.000085
0.000085
0.000085
0.000085
0.000085
0.000085
0.000085
0.000085
0.000085
0.000085
0.000085
0.000085
0.000085
0.000085
0.000085
0.000085
0.000085
0.000085
0.000085
0.000085
0.000085
0.000085
0.000085
0.000085
0.000085
0.000085
0.000085
0.000085
0.000085
0.000085
0.000084
0.000084
0.000084
0.000084
0.000084
0.000084
0.000084
0.000084
0.000084
0.000084
0.000084
0.000084
0.000084
0.000084
0.000084
0.000084
0.000084
0.000084
0.000084
0.000084
0.000084
0.000084
0.000084
0.000084
0.000084
0.000084
0.000084
0.000084
0.000084
0.000084
0.000084
0.000084
0.000084
0.000084
0.000083
0.000083
0.000083
0.000083
0.000083
0.000083
0.000083
0.000083
0.000083
0.000083
0.000083
0.000083
0.000083
0.000083
0.000083
0.000083
0.000083
0.000083
0.000083
0.000083
0.000083
0.000083
0.000083
0.000083
0.000083
0.000083
0.000083
0.000083
0.000083
0.000083
0.000083
0.000083
0.000083
0.000083
0.000083
0.000082
0.000082
0.000082
0.000082
0.000082
0.000082
0.000082
0.000082
0.000082
0.000082
0.000082
0.000082
0.000082
0.000082
0.000082
0.000082
0.000082
0.000082
0.000082
0.000082
0.000082
0.000082
0.000082
0.000082
0.000082
0.000082
0.000082
0.000082
0.000082
0.000082
0.000082
0.000082
0.000082
0.000082
0.000082
0.000082
0.000081
0.000081
0.000081
0.000081
0.000081
0.000081
0.000081
0.000081
0.000081
0.000081
0.000081
0.000081
0.000081
0.000081
0.000081
0.000081
0.000081
0.000081
0.000081
0.000081
0.000081
0.000081
0.000081
0.000081
0.000081
0.000081
0.000081
0.000081
0.000081
0.000081
0.000081
0.000081
0.000081
0.000081
0.000081
0.000081
0.000081
0.000080
0.000080
0.000080
0.000080
0.000080
0.000080
0.000080
0.000080
0.000080
0.000080
0.000080
0.000080
0.000080
0.000080
0.000080
0.000080
0.000080
0.000080
0.000080
0.000080
0.000080
0.000080
0.000080
0.000080
0.000080
0.000080
0.000080
0.000080
0.000080
0.000080
0.000080
0.000080
0.000080
0.000080
0.000080
0.000080
0.000080
0.000080
0.000079
0.000079
0.000079
0.000079
0.000079
0.000079
0.000079
0.000079
0.000079
0.000079
0.000079
0.000079
0.000079
0.000079
0.000079
0.000079
0.000079
0.000079
0.000079
0.000079
0.000079
0.000079
0.000079
0.000079
0.000079
0.000079
0.000079
0.000079
0.000079
0.000079
0.000079
0.000079
0.000079
0.000079
0.000079
0.000079
0.000079
0.000079
0.000078
0.000078
0.000078
0.000078
0.000078
0.000078
0.000078
0.000078
0.000078
0.000078
0.000078
0.000078
0.000078
0.000078
0.000078
0.000078
0.000078
0.000078
0.000078
0.000078
0.000078
0.000078
0.000078
0.000078
0.000078
0.000078
0.000078
0.000078
0.000078
0.000078
0.000078
0.000078
0.000078
0.000078
0.000078
0.000078
0.000078
0.000078
0.000078
0.000078
0.000077
0.000077
0.000077
0.000077
0.000077
0.000077
0.000077
0.000077
0.000077
0.000077
0.000077
0.000077
0.000077
0.000077
0.000077
0.000077
0.000077
0.000077
0.000077
0.000077
0.000077
0.000077
0.000077
0.000077
0.000077
0.000077
0.000077
0.000077
0.000077
0.000077
0.000077
0.000077
0.000077
0.000077
0.000077
0.000077
0.000077
0.000077
0.000077
0.000077
0.000077
0.000076
0.000076
0.000076
0.000076
0.000076
0.000076
0.000076
0.000076
0.000076
0.000076
0.000076
0.000076
0.000076
0.000076
0.000076
0.000076
0.000076
0.000076
0.000076
0.000076
0.000076
0.000076
0.000076
0.000076
0.000076
0.000076
0.000076
0.000076
0.000076
0.000076
0.000076
0.000076
0.000076
0.000076
0.000076
0.000076
0.000076
0.000076
0.000076
0.000076
0.000076
0.000076
0.000075
0.000075
0.000075
0.000075
0.000075
0.000075
0.000075
0.000075
0.000075
0.000075
0.000075
0.000075
0.000075
0.000075
0.000075
0.000075
0.000075
0.000075
0.000075
0.000075
0.000075
0.000075
0.000075
0.000075
0.000075
0.000075
0.000075
0.000075
0.000075
0.000075
0.000075
0.000075
0.000075
0.000075
0.000075
0.000075
0.000075
0.000075
0.000075
0.000075
0.000075
0.000075
0.000075
0.000074
0.000074
0.000074
0.000074
0.000074
0.000074
0.000074
0.000074
0.000074
0.000074
0.000074
0.000074
0.000074
0.000074
0.000074
0.000074
0.000074
0.000074
0.000074
0.000074
0.000074
0.000074
0.000074
0.000074
0.000074
0.000074
0.000074
0.000074
0.000074
0.000074
0.000074
0.000074
0.000074
0.000074
0.000074
0.000074
0.000074
0.000074
0.000074
0.000074
0.000074
0.000074
0.000074
0.000074
0.000073
0.000073
0.000073
0.000073
0.000073
0.000073
0.000073
0.000073
0.000073
0.000073
0.000073
0.000073
0.000073
0.000073
0.000073
0.000073
0.000073
0.000073
0.000073
0.000073
0.000073
0.000073
0.000073
0.000073
0.000073
0.000073
0.000073
0.000073
0.000073
0.000073
0.000073
0.000073
0.000073
0.000073
0.000073
0.000073
0.000073
0.000073
0.000073
0.000073
0.000073
0.000073
0.000073
0.000073
0.000073
0.000072
0.000072
0.000072
0.000072
0.000072
0.000072
0.000072
0.000072
0.000072
0.000072
0.000072
0.000072
0.000072
0.000072
0.000072
0.000072
0.000072
0.000072
0.000072
0.000072
0.000072
0.000072
0.000072
0.000072
0.000072
0.000072
0.000072
0.000072
0.000072
0.000072
0.000072
0.000072
0.000072
0.000072
0.000072
0.000072
0.000072
0.000072
0.000072
0.000072
0.000072
0.000072
0.000072
0.000072
0.000072
0.000072
0.000072
0.000071
0.000071
0.000071
0.000071
0.000071
0.000071
0.000071
0.000071
0.000071
0.000071
0.000071
0.000071
0.000071
0.000071
0.000071
0.000071
0.000071
0.000071
0.000071
0.000071
0.000071
0.000071
0.000071
0.000071
0.000071
0.000071
0.000071
0.000071
0.000071
0.000071
0.000071
0.000071
0.000071
0.000071
0.000071
0.000071
0.000071
0.000071
0.000071
0.000071
0.000071
0.000071
0.000071
0.000071
0.000071
0.000071
0.000071
0.000071
0.000070
0.000070
0.000070
0.000070
0.000070
0.000070
0.000070
0.000070
0.000070
0.000070
0.000070
0.000070
0.000070
0.000070
0.000070
0.000070
0.000070
0.000070
0.000070
0.000070
0.000070
0.000070
0.000070
0.000070
0.000070
0.000070
0.000070
0.000070
0.000070
0.000070
0.000070
0.000070
0.000070
0.000070
0.000070
0.000070
0.000070
0.000070
0.000070
0.000070
0.000070
0.000070
0.000070
0.000070
0.000070
0.000070
0.000070
0.000070
0.000070
0.000069
0.000069
0.000069
0.000069
0.000069
0.000069
0.000069
0.000069
0.000069
0.000069
0.000069
0.000069
0.000069
0.000069
0.000069
0.000069
0.000069
0.000069
0.000069
0.000069
0.000069
0.000069
0.000069
0.000069
0.000069
0.000069
0.000069
0.000069
0.000069
0.000069
0.000069
0.000069
0.000069
0.000069
0.000069
0.000069
0.000069
0.000069
0.000069
0.000069
0.000069
0.000069
0.000069
0.000069
0.000069
0.000069
0.000069
0.000069
0.000069
0.000069
0.000069
0.000068
0.000068
0.000068
0.000068
0.000068
0.000068
0.000068
0.000068
0.000068
0.000068
0.000068
0.000068
0.000068
0.000068
0.000068
0.000068
0.000068
0.000068
0.000068
0.000068
0.000068
0.000068
0.000068
0.000068
0.000068
0.000068
0.000068
0.000068
0.000068
0.000068
0.000068
0.000068
0.000068
0.000068
0.000068
0.000068
0.000068
0.000068
0.000068
0.000068
0.000068
0.000068
0.000068
0.000068
0.000068
0.000068
0.000068
0.000068
0.000068
0.000068
0.000068
0.000068
0.000067
0.000067
0.000067
0.000067
0.000067
0.000067
0.000067
0.000067
0.000067
0.000067
0.000067
0.000067
0.000067
0.000067
0.000067
0.000067
0.000067
0.000067
0.000067
0.000067
0.000067
0.000067
0.000067
0.000067
0.000067
0.000067
0.000067
0.000067
0.000067
0.000067
0.000067
0.000067
0.000067
0.000067
0.000067
0.000067
0.000067
0.000067
0.000067
0.000067
0.000067
0.000067
0.000067
0.000067
0.000067
0.000067
0.000067
0.000067
0.000067
0.000067
0.000067
0.000067
0.000067
0.000067
0.000066
0.000066
0.000066
0.000066
0.000066
0.000066
0.000066
0.000066
0.000066
0.000066
0.000066
0.000066
0.000066
0.000066
0.000066
0.000066
0.000066
0.000066
0.000066
0.000066
0.000066
0.000066
0.000066
0.000066
0.000066
0.000066
0.000066
0.000066
0.000066
0.000066
0.000066
0.000066
0.000066
0.000066
0.000066
0.000066
0.000066
0.000066
0.000066
0.000066
0.000066
0.000066
0.000066
0.000066
0.000066
0.000066
0.000066
0.000066
0.000066
0.000066
0.000066
0.000066
0.000066
0.000066
0.000066
0.000066
0.000065
0.000065
0.000065
0.000065
0.000065
0.000065
0.000065
0.000065
0.000065
0.000065
0.000065
0.000065
0.000065
0.000065
0.000065
0.000065
0.000065
0.000065
0.000065
0.000065
0.000065
0.000065
0.000065
0.000065
0.000065
0.000065
0.000065
0.000065
0.000065
0.000065
0.000065
0.000065
0.000065
0.000065
0.000065
0.000065
0.000065
0.000065
0.000065
0.000065
0.000065
0.000065
0.000065
0.000065
0.000065
0.000065
0.000065
0.000065
0.000065
0.000065
0.000065
0.000065
0.000065
0.000065
0.000065
0.000065
0.000065
0.000064
0.000064
0.000064
0.000064
0.000064
0.000064
0.000064
0.000064
0.000064
0.000064
0.000064
0.000064
0.000064
0.000064
0.000064
0.000064
0.000064
0.000064
0.000064
0.000064
0.000064
0.000064
0.000064
0.000064
0.000064
0.000064
0.000064
0.000064
0.000064
0.000064
0.000064
0.000064
0.000064
0.000064
0.000064
0.000064
0.000064
0.000064
0.000064
0.000064
0.000064
0.000064
0.000064
0.000064
0.000064
0.000064
0.000064
0.000064
0.000064
0.000064
0.000064
0.000064
0.000064
0.000064
0.000064
0.000064
0.000064
0.000064
0.000064
0.000063
0.000063
0.000063
0.000063
0.000063
0.000063
0.000063
0.000063
0.000063
0.000063
0.000063
0.000063
0.000063
0.000063
0.000063
0.000063
0.000063
0.000063
0.000063
0.000063
0.000063
0.000063
0.000063
0.000063
0.000063
0.000063
0.000063
0.000063
0.000063
0.000063
0.000063
0.000063
0.000063
0.000063
0.000063
0.000063
0.000063
0.000063
0.000063
0.000063
0.000063
0.000063
0.000063
0.000063
0.000063
0.000063
0.000063
0.000063
0.000063
0.000063
0.000063
0.000063
0.000063
0.000063
0.000063
0.000063
0.000063
0.000063
0.000063
0.000063
0.000063
0.000062
0.000062
0.000062
0.000062
0.000062
0.000062
0.000062
0.000062
0.000062
0.000062
0.000062
0.000062
0.000062
0.000062
0.000062
0.000062
0.000062
0.000062
0.000062
0.000062
0.000062
0.000062
0.000062
0.000062
0.000062
0.000062
0.000062
0.000062
0.000062
0.000062
0.000062
0.000062
0.000062
0.000062
0.000062
0.000062
0.000062
0.000062
0.000062
0.000062
0.000062
0.000062
0.000062
0.000062
0.000062
0.000062
0.000062
0.000062
0.000062
0.000062
0.000062
0.000062
0.000062
0.000062
0.000062
0.000062
0.000062
0.000062
0.000062
0.000062
0.000062
0.000062
0.000062
0.000061
0.000061
0.000061
0.000061
0.000061
0.000061
0.000061
0.000061
0.000061
0.000061
0.000061
0.000061
0.000061
0.000061
0.000061
0.000061
0.000061
0.000061
0.000061
0.000061
0.000061
0.000061
0.000061
0.000061
0.000061
0.000061
0.000061
0.000061
0.000061
0.000061
0.000061
0.000061
0.000061
0.000061
0.000061
0.000061
0.000061
0.000061
0.000061
0.000061
0.000061
0.000061
0.000061
0.000061
0.000061
0.000061
0.000061
0.000061
0.000061
0.000061
0.000061
0.000061
0.000061
0.000061
0.000061
0.000061
0.000061
0.000061
0.000061
0.000061
0.000061
0.000061
0.000061
0.000061
0.000061
0.000060
0.000060
0.000060
0.000060
0.000060
0.000060
0.000060
0.000060
0.000060
0.000060
0.000060
0.000060
0.000060
0.000060
0.000060
0.000060
0.000060
0.000060
0.000060
0.000060
0.000060
0.000060
0.000060
0.000060
0.000060
0.000060
0.000060
0.000060
0.000060
0.000060
0.000060
0.000060
0.000060
0.000060
0.000060
0.000060
0.000060
0.000060
0.000060
0.000060
0.000060
0.000060
0.000060
0.000060
0.000060
0.000060
0.000060
0.000060
0.000060
0.000060
0.000060
0.000060
0.000060
0.000060
0.000060
0.000060
0.000060
0.000060
0.000060
0.000060
0.000060
0.000060
0.000060
0.000060
0.000060
0.000060
0.000060
0.000059
0.000059
0.000059
0.000059
0.000059
0.000059
0.000059
0.000059
0.000059
0.000059
0.000059
0.000059
0.000059
0.000059
0.000059
0.000059
0.000059
0.000059
0.000059
0.000059
0.000059
0.000059
0.000059
0.000059
0.000059
0.000059
0.000059
0.000059
0.000059
0.000059
0.000059
0.000059
0.000059
0.000059
0.000059
0.000059
0.000059
0.000059
0.000059
0.000059
0.000059
0.000059
0.000059
0.000059
0.000059
0.000059
0.000059
0.000059
0.000059
0.000059
0.000059
0.000059
0.000059
0.000059
0.000059
0.000059
0.000059
0.000059
0.000059
0.000059
0.000059
0.000059
0.000059
0.000059
0.000059
0.000059
0.000059
0.000059
0.000059
0.000058
0.000058
0.000058
0.000058
0.000058
0.000058
0.000058
0.000058
0.000058
0.000058
0.000058
0.000058
0.000058
0.000058
0.000058
0.000058
0.000058
0.000058
0.000058
0.000058
0.000058
0.000058
0.000058
0.000058
0.000058
0.000058
0.000058
0.000058
0.000058
0.000058
0.000058
0.000058
0.000058
0.000058
0.000058
0.000058
0.000058
0.000058
0.000058
0.000058
0.000058
0.000058
0.000058
0.000058
0.000058
0.000058
0.000058
0.000058
0.000058
0.000058
0.000058
0.000058
0.000058
0.000058
0.000058
0.000058
0.000058
0.000058
0.000058
0.000058
0.000058
0.000058
0.000058
0.000058
0.000058
0.000058
0.000058
0.000058
0.000058
0.000058
0.000058
0.000058
0.000057
0.000057
0.000057
0.000057
0.000057
0.000057
0.000057
0.000057
0.000057
0.000057
0.000057
0.000057
0.000057
0.000057
0.000057
0.000057
0.000057
0.000057
0.000057
0.000057
0.000057
0.000057
0.000057
0.000057
0.000057
0.000057
0.000057
0.000057
0.000057
0.000057
0.000057
0.000057
0.000057
0.000057
0.000057
0.000057
0.000057
0.000057
0.000057
0.000057
0.000057
0.000057
0.000057
0.000057
0.000057
0.000057
0.000057
0.000057
0.000057
0.000057
0.000057
0.000057
0.000057
0.000057
0.000057
0.000057
0.000057
0.000057
0.000057
0.000057
0.000057
0.000057
0.000057
0.000057
0.000057
0.000057
0.000057
0.000057
0.000057
0.000057
0.000057
0.000057
0.000057
0.000057
0.000056
0.000056
0.000056
0.000056
0.000056
0.000056
0.000056
0.000056
0.000056
0.000056
0.000056
0.000056
0.000056
0.000056
0.000056
0.000056
0.000056
0.000056
0.000056
0.000056
0.000056
0.000056
0.000056
0.000056
0.000056
0.000056
0.000056
0.000056
0.000056
0.000056
0.000056
0.000056
0.000056
0.000056
0.000056
0.000056
0.000056
0.000056
0.000056
0.000056
0.000056
0.000056
0.000056
0.000056
0.000056
0.000056
0.000056
0.000056
0.000056
0.000056
0.000056
0.000056
0.000056
0.000056
0.000056
0.000056
0.000056
0.000056
0.000056
0.000056
0.000056
0.000056
0.000056
0.000056
0.000056
0.000056
0.000056
0.000056
0.000056
0.000056
0.000056
0.000056
0.000056
0.000056
0.000056
0.000056
0.000056
0.000055
0.000055
0.000055
0.000055
0.000055
0.000055
0.000055
0.000055
0.000055
0.000055
0.000055
0.000055
0.000055
0.000055
0.000055
0.000055
0.000055
0.000055
0.000055
0.000055
0.000055
0.000055
0.000055
0.000055
0.000055
0.000055
0.000055
0.000055
0.000055
0.000055
0.000055
0.000055
0.000055
0.000055
0.000055
0.000055
0.000055
0.000055
0.000055
0.000055
0.000055
0.000055
0.000055
0.000055
0.000055
0.000055
0.000055
0.000055
0.000055
0.000055
0.000055
0.000055
0.000055
0.000055
0.000055
0.000055
0.000055
0.000055
0.000055
0.000055
0.000055
0.000055
0.000055
0.000055
0.000055
0.000055
0.000055
0.000055
0.000055
0.000055
0.000055
0.000055
0.000055
0.000055
0.000055
0.000055
0.000055
0.000055
0.000055
0.000055
0.000054
0.000054
0.000054
0.000054
0.000054
0.000054
0.000054
0.000054
0.000054
0.000054
0.000054
0.000054
0.000054
0.000054
0.000054
0.000054
0.000054
0.000054
0.000054
0.000054
0.000054
0.000054
0.000054
0.000054
0.000054
0.000054
0.000054
0.000054
0.000054
0.000054
0.000054
0.000054
0.000054
0.000054
0.000054
0.000054
0.000054
0.000054
0.000054
0.000054
0.000054
0.000054
0.000054
0.000054
0.000054
0.000054
0.000054
0.000054
0.000054
0.000054
0.000054
0.000054
0.000054
0.000054
0.000054
0.000054
0.000054
0.000054
0.000054
0.000054
0.000054
0.000054
0.000054
0.000054
0.000054
0.000054
0.000054
0.000054
0.000054
0.000054
0.000054
0.000054
0.000054
0.000054
0.000054
0.000054
0.000054
0.000054
0.000054
0.000054
0.000054
0.000054
0.000054
0.000053
0.000053
0.000053
0.000053
0.000053
0.000053
0.000053
0.000053
0.000053
0.000053
0.000053
0.000053
0.000053
0.000053
0.000053
0.000053
0.000053
0.000053
0.000053
0.000053
0.000053
0.000053
0.000053
0.000053
0.000053
0.000053
0.000053
0.000053
0.000053
0.000053
0.000053
0.000053
0.000053
0.000053
0.000053
0.000053
0.000053
0.000053
0.000053
0.000053
0.000053
0.000053
0.000053
0.000053
0.000053
0.000053
0.000053
0.000053
0.000053
0.000053
0.000053
0.000053
0.000053
0.000053
0.000053
0.000053
0.000053
0.000053
0.000053
0.000053
0.000053
0.000053
0.000053
0.000053
0.000053
0.000053
0.000053
0.000053
0.000053
0.000053
0.000053
0.000053
0.000053
0.000053
0.000053
0.000053
0.000053
0.000053
0.000053
0.000053
0.000053
0.000053
0.000053
0.000053
0.000053
0.000053
0.000052
0.000052
0.000052
0.000052
0.000052
0.000052
0.000052
0.000052
0.000052
0.000052
0.000052
0.000052
0.000052
0.000052
0.000052
0.000052
0.000052
0.000052
0.000052
0.000052
0.000052
0.000052
0.000052
0.000052
0.000052
0.000052
0.000052
0.000052
0.000052
0.000052
0.000052
0.000052
0.000052
0.000052
0.000052
0.000052
0.000052
0.000052
0.000052
0.000052
0.000052
0.000052
0.000052
0.000052
0.000052
0.000052
0.000052
0.000052
0.000052
0.000052
0.000052
0.000052
0.000052
0.000052
0.000052
0.000052
0.000052
0.000052
0.000052
0.000052
0.000052
0.000052
0.000052
0.000052
0.000052
0.000052
0.000052
0.000052
0.000052
0.000052
0.000052
0.000052
0.000052
0.000052
0.000052
0.000052
0.000052
0.000052
0.000052
0.000052
0.000052
0.000052
0.000052
0.000052
0.000052
0.000052
0.000052
0.000052
0.000052
0.000051
0.000051
0.000051
0.000051
0.000051
0.000051
0.000051
0.000051
0.000051
0.000051
0.000051
0.000051
0.000051
0.000051
0.000051
0.000051
0.000051
0.000051
0.000051
0.000051
0.000051
0.000051
0.000051
0.000051
0.000051
0.000051
0.000051
0.000051
0.000051
0.000051
0.000051
0.000051
0.000051
0.000051
0.000051
0.000051
0.000051
0.000051
0.000051
0.000051
0.000051
0.000051
0.000051
0.000051
0.000051
0.000051
0.000051
0.000051
0.000051
0.000051
0.000051
0.000051
0.000051
0.000051
0.000051
0.000051
0.000051
0.000051
0.000051
0.000051
0.000051
0.000051
0.000051
0.000051
0.000051
0.000051
0.000051
0.000051
0.000051
0.000051
0.000051
0.000051
0.000051
0.000051
0.000051
0.000051
0.000051
0.000051
0.000051
0.000051
0.000051
0.000051
0.000051
0.000051
0.000051
0.000051
0.000051
0.000051
0.000051
0.000051
0.000051
0.000051
0.000051
0.000050
0.000050
0.000050
0.000050
0.000050
0.000050
0.000050
0.000050
0.000050
0.000050
0.000050
0.000050
0.000050
0.000050
0.000050
0.000050
0.000050
0.000050
0.000050
0.000050
0.000050
0.000050
0.000050
0.000050
0.000050
0.000050
0.000050
0.000050
0.000050
0.000050
0.000050
0.000050
0.000050
0.000050
0.000050
0.000050
0.000050
0.000050
0.000050
0.000050
0.000050
0.000050
0.000050
0.000050
0.000050
0.000050
0.000050
0.000050
0.000050
0.000050
0.000050
0.000050
0.000050
0.000050
0.000050
0.000050
0.000050
0.000050
0.000050
0.000050
0.000050
0.000050
0.000050
0.000050
0.000050
0.000050
0.000050
0.000050
0.000050
0.000050
0.000050
0.000050
0.000050
0.000050
0.000050
0.000050
0.000050
0.000050
0.000050
0.000050
0.000050
0.000050
0.000050
0.000050
0.000050
0.000050
0.000050
0.000050
0.000050
0.000050
0.000050
0.000050
0.000050
0.000050
0.000050
0.000050
0.000049
0.000049
0.000049
0.000049
0.000049
0.000049
0.000049
0.000049
0.000049
0.000049
0.000049
0.000049
0.000049
0.000049
0.000049
0.000049
0.000049
0.000049
0.000049
0.000049
0.000049
0.000049
0.000049
0.000049
0.000049
0.000049
0.000049
0.000049
0.000049
0.000049
0.000049
0.000049
0.000049
0.000049
0.000049
0.000049
0.000049
0.000049
0.000049
0.000049
0.000049
0.000049
0.000049
0.000049
0.000049
0.000049
0.000049
0.000049
0.000049
0.000049
0.000049
0.000049
0.000049
0.000049
0.000049
0.000049
0.000049
0.000049
0.000049
0.000049
0.000049
0.000049
0.000049
0.000049
0.000049
0.000049
0.000049
0.000049
0.000049
0.000049
0.000049
0.000049
0.000049
0.000049
0.000049
0.000049
0.000049
0.000049
0.000049
0.000049
0.000049
0.000049
0.000049
0.000049
0.000049
0.000049
0.000049
0.000049
0.000049
0.000049
0.000049
0.000049
0.000049
0.000049
0.000049
0.000049
0.000049
0.000049
0.000049
0.000049
0.000049
0.000048
0.000048
0.000048
0.000048
0.000048
0.000048
0.000048
0.000048
0.000048
0.000048
0.000048
0.000048
0.000048
0.000048
0.000048
0.000048
0.000048
0.000048
0.000048
0.000048
0.000048
0.000048
0.000048
0.000048
0.000048
0.000048
0.000048
0.000048
0.000048
0.000048
0.000048
0.000048
0.000048
0.000048
0.000048
0.000048
0.000048
0.000048
0.000048
0.000048
0.000048
0.000048
0.000048
0.000048
0.000048
0.000048
0.000048
0.000048
0.000048
0.000048
0.000048
0.000048
0.000048
0.000048
0.000048
0.000048
0.000048
0.000048
0.000048
0.000048
0.000048
0.000048
0.000048
0.000048
0.000048
0.000048
0.000048
0.000048
0.000048
0.000048
0.000048
0.000048
0.000048
0.000048
0.000048
0.000048
0.000048
0.000048
0.000048
0.000048
0.000048
0.000048
0.000048
0.000048
0.000048
0.000048
0.000048
0.000048
0.000048
0.000048
0.000048
0.000048
0.000048
0.000048
0.000048
0.000048
0.000048
0.000048
0.000048
0.000048
0.000048
0.000048
0.000048
0.000048
0.000048
0.000047
0.000047
0.000047
0.000047
0.000047
0.000047
0.000047
0.000047
0.000047
0.000047
0.000047
0.000047
0.000047
0.000047
0.000047
0.000047
0.000047
0.000047
0.000047
0.000047
0.000047
0.000047
0.000047
0.000047
0.000047
0.000047
0.000047
0.000047
0.000047
0.000047
0.000047
0.000047
0.000047
0.000047
0.000047
0.000047
0.000047
0.000047
0.000047
0.000047
0.000047
0.000047
0.000047
0.000047
0.000047
0.000047
0.000047
0.000047
0.000047
0.000047
0.000047
0.000047
0.000047
0.000047
0.000047
0.000047
0.000047
0.000047
0.000047
0.000047
0.000047
0.000047
0.000047
0.000047
0.000047
0.000047
0.000047
0.000047
0.000047
0.000047
0.000047
0.000047
0.000047
0.000047
0.000047
0.000047
0.000047
0.000047
0.000047
0.000047
0.000047
0.000047
0.000047
0.000047
0.000047
0.000047
0.000047
0.000047
0.000047
0.000047
0.000047
0.000047
0.000047
0.000047
0.000047
0.000047
0.000047
0.000047
0.000047
0.000047
0.000047
0.000047
0.000047
0.000047
0.000047
0.000047
0.000047
0.000047
0.000047
0.000046
0.000046
0.000046
0.000046
0.000046
0.000046
0.000046
0.000046
0.000046
0.000046
0.000046
0.000046
0.000046
0.000046
0.000046
0.000046
0.000046
0.000046
0.000046
0.000046
0.000046
0.000046
0.000046
0.000046
0.000046
0.000046
0.000046
0.000046
0.000046
0.000046
0.000046
0.000046
0.000046
0.000046
0.000046
0.000046
0.000046
0.000046
0.000046
0.000046
0.000046
0.000046
0.000046
0.000046
0.000046
0.000046
0.000046
0.000046
0.000046
0.000046
0.000046
0.000046
0.000046
0.000046
0.000046
0.000046
0.000046
0.000046
0.000046
0.000046
0.000046
0.000046
0.000046
0.000046
0.000046
0.000046
0.000046
0.000046
0.000046
0.000046
0.000046
0.000046
0.000046
0.000046
0.000046
0.000046
0.000046
0.000046
0.000046
0.000046
0.000046
0.000046
0.000046
0.000046
0.000046
0.000046
0.000046
0.000046
0.000046
0.000046
0.000046
0.000046
0.000046
0.000046
0.000046
0.000046
0.000046
0.000046
0.000046
0.000046
0.000046
0.000046
0.000046
0.000046
0.000046
0.000046
0.000046
0.000046
0.000046
0.000046
0.000046
0.000046
0.000046
0.000046
0.000045
0.000045
0.000045
0.000045
0.000045
0.000045
0.000045
0.000045
0.000045
0.000045
0.000045
0.000045
0.000045
0.000045
0.000045
0.000045
0.000045
0.000045
0.000045
0.000045
0.000045
0.000045
0.000045
0.000045
0.000045
0.000045
0.000045
0.000045
0.000045
0.000045
0.000045
0.000045
0.000045
0.000045
0.000045
0.000045
0.000045
0.000045
0.000045
0.000045
0.000045
0.000045
0.000045
0.000045
0.000045
0.000045
0.000045
0.000045
0.000045
0.000045
0.000045
0.000045
0.000045
0.000045
0.000045
0.000045
0.000045
0.000045
0.000045
0.000045
0.000045
0.000045
0.000045
0.000045
0.000045
0.000045
0.000045
0.000045
0.000045
0.000045
0.000045
0.000045
0.000045
0.000045
0.000045
0.000045
0.000045
0.000045
0.000045
0.000045
0.000045
0.000045
0.000045
0.000045
0.000045
0.000045
0.000045
0.000045
0.000045
0.000045
0.000045
0.000045
0.000045
0.000045
0.000045
0.000045
0.000045
0.000045
0.000045
0.000045
0.000045
0.000045
0.000045
0.000045
0.000045
0.000045
0.000045
0.000045
0.000045
0.000045
0.000045
0.000045
0.000045
0.000045
0.000045
0.000045
0.000045
0.000045
0.000045
0.000044
0.000044
0.000044
0.000044
0.000044
0.000044
0.000044
0.000044
0.000044
0.000044
0.000044
0.000044
0.000044
0.000044
0.000044
0.000044
0.000044
0.000044
0.000044
0.000044
0.000044
0.000044
0.000044
0.000044
0.000044
0.000044
0.000044
0.000044
0.000044
0.000044
0.000044
0.000044
0.000044
0.000044
0.000044
0.000044
0.000044
0.000044
0.000044
0.000044
0.000044
0.000044
0.000044
0.000044
0.000044
0.000044
0.000044
0.000044
0.000044
0.000044
0.000044
0.000044
0.000044
0.000044
0.000044
0.000044
0.000044
0.000044
0.000044
0.000044
0.000044
0.000044
0.000044
0.000044
0.000044
0.000044
0.000044
0.000044
0.000044
0.000044
0.000044
0.000044
0.000044
0.000044
0.000044
0.000044
0.000044
0.000044
0.000044
0.000044
0.000044
0.000044
0.000044
0.000044
0.000044
0.000044
0.000044
0.000044
0.000044
0.000044
0.000044
0.000044
0.000044
0.000044
0.000044
0.000044
0.000044
0.000044
0.000044
0.000044
0.000044
0.000044
0.000044
0.000044
0.000044
0.000044
0.000044
0.000044
0.000044
0.000044
0.000044
0.000044
0.000044
0.000044
0.000044
0.000044
0.000044
0.000044
0.000044
0.000044
0.000044
0.000044
0.000044
0.000044
0.000043
0.000043
0.000043
0.000043
0.000043
0.000043
0.000043
0.000043
0.000043
0.000043
0.000043
0.000043
0.000043
0.000043
0.000043
0.000043
0.000043
0.000043
0.000043
0.000043
0.000043
0.000043
0.000043
0.000043
0.000043
0.000043
0.000043
0.000043
0.000043
0.000043
0.000043
0.000043
0.000043
0.000043
0.000043
0.000043
0.000043
0.000043
0.000043
0.000043
0.000043
0.000043
0.000043
0.000043
0.000043
0.000043
0.000043
0.000043
0.000043
0.000043
0.000043
0.000043
0.000043
0.000043
0.000043
0.000043
0.000043
0.000043
0.000043
0.000043
0.000043
0.000043
0.000043
0.000043
0.000043
0.000043
0.000043
0.000043
0.000043
0.000043
0.000043
0.000043
0.000043
0.000043
0.000043
0.000043
0.000043
0.000043
0.000043
0.000043
0.000043
0.000043
0.000043
0.000043
0.000043
0.000043
0.000043
0.000043
0.000043
0.000043
0.000043
0.000043
0.000043
0.000043
0.000043
0.000043
0.000043
0.000043
0.000043
0.000043
0.000043
0.000043
0.000043
0.000043
0.000043
0.000043
0.000043
0.000043
0.000043
0.000043
0.000043
0.000043
0.000043
0.000043
0.000043
0.000043
0.000043
0.000043
0.000043
0.000043
0.000043
0.000043
0.000043
0.000043
0.000043
0.000043
0.000043
0.000043
0.000043
0.000043
0.000043
0.000042
0.000042
0.000042
0.000042
0.000042
0.000042
0.000042
0.000042
0.000042
0.000042
0.000042
0.000042
0.000042
0.000042
0.000042
0.000042
0.000042
0.000042
0.000042
0.000042
0.000042
0.000042
0.000042
0.000042
0.000042
0.000042
0.000042
0.000042
0.000042
0.000042
0.000042
0.000042
0.000042
0.000042
0.000042
0.000042
0.000042
0.000042
0.000042
0.000042
0.000042
0.000042
0.000042
0.000042
0.000042
0.000042
0.000042
0.000042
0.000042
0.000042
0.000042
0.000042
0.000042
0.000042
0.000042
0.000042
0.000042
0.000042
0.000042
0.000042
0.000042
0.000042
0.000042
0.000042
0.000042
0.000042
0.000042
0.000042
0.000042
0.000042
0.000042
0.000042
0.000042
0.000042
0.000042
0.000042
0.000042
0.000042
0.000042
0.000042
0.000042
0.000042
0.000042
0.000042
0.000042
0.000042
0.000042
0.000042
0.000042
0.000042
0.000042
0.000042
0.000042
0.000042
0.000042
0.000042
0.000042
0.000042
0.000042
0.000042
0.000042
0.000042
0.000042
0.000042
0.000042
0.000042
0.000042
0.000042
0.000042
0.000042
0.000042
0.000042
0.000042
0.000042
0.000042
0.000042
0.000042
0.000042
0.000042
0.000042
0.000042
0.000042
0.000042
0.000042
0.000042
0.000042
0.000042
0.000042
0.000042
0.000042
0.000042
0.000042
0.000042
0.000042
0.000042
0.000042
0.000041
0.000041
0.000041
0.000041
0.000041
0.000041
0.000041
0.000041
0.000041
0.000041
0.000041
0.000041
0.000041
0.000041
0.000041
0.000041
0.000041
0.000041
0.000041
0.000041
0.000041
0.000041
0.000041
0.000041
0.000041
0.000041
0.000041
0.000041
0.000041
0.000041
0.000041
0.000041
0.000041
0.000041
0.000041
0.000041
0.000041
0.000041
0.000041
0.000041
0.000041
0.000041
0.000041
0.000041
0.000041
0.000041
0.000041
0.000041
0.000041
0.000041
0.000041
0.000041
0.000041
0.000041
0.000041
0.000041
0.000041
0.000041
0.000041
0.000041
0.000041
0.000041
0.000041
0.000041
0.000041
0.000041
0.000041
0.000041
0.000041
0.000041
0.000041
0.000041
0.000041
0.000041
0.000041
0.000041
0.000041
0.000041
0.000041
0.000041
0.000041
0.000041
0.000041
0.000041
0.000041
0.000041
0.000041
0.000041
0.000041
0.000041
0.000041
0.000041
0.000041
0.000041
0.000041
0.000041
0.000041
0.000041
0.000041
0.000041
0.000041
0.000041
0.000041
0.000041
0.000041
0.000041
0.000041
0.000041
0.000041
0.000041
0.000041
0.000041
0.000041
0.000041
0.000041
0.000041
0.000041
0.000041
0.000041
0.000041
0.000041
0.000041
0.000041
0.000041
0.000041
0.000041
0.000041
0.000041
0.000041
0.000041
0.000041
0.000041
0.000041
0.000041
0.000041
0.000041
0.000041
0.000041
0.000041
0.000041
0.000041
0.000041
0.000041
0.000041
0.000040
0.000040
0.000040
0.000040
0.000040
0.000040
0.000040
0.000040
0.000040
0.000040
0.000040
0.000040
0.000040
0.000040
0.000040
0.000040
0.000040
0.000040
0.000040
0.000040
0.000040
0.000040
0.000040
0.000040
0.000040
0.000040
0.000040
0.000040
0.000040
0.000040
0.000040
0.000040
0.000040
0.000040
0.000040
0.000040
0.000040
0.000040
0.000040
0.000040
0.000040
0.000040
0.000040
0.000040
0.000040
0.000040
0.000040
0.000040
0.000040
0.000040
0.000040
0.000040
0.000040
0.000040
0.000040
0.000040
0.000040
0.000040
0.000040
0.000040
0.000040
0.000040
0.000040
0.000040
0.000040
0.000040
0.000040
0.000040
0.000040
0.000040
0.000040
0.000040
0.000040
0.000040
0.000040
0.000040
0.000040
0.000040
0.000040
0.000040
0.000040
0.000040
0.000040
0.000040
0.000040
0.000040
0.000040
0.000040
0.000040
0.000040
0.000040
0.000040
0.000040
0.000040
0.000040
0.000040
0.000040
0.000040
0.000040
0.000040
0.000040
0.000040
0.000040
0.000040
0.000040
0.000040
0.000040
0.000040
0.000040
0.000040
0.000040
0.000040
0.000040
0.000040
0.000040
0.000040
0.000040
0.000040
0.000040
0.000040
0.000040
0.000040
0.000040
0.000040
0.000040
0.000040
0.000040
0.000040
0.000040
0.000040
0.000040
0.000040
0.000040
0.000040
0.000040
0.000040
0.000040
0.000040
0.000040
0.000040
0.000040
0.000040
0.000040
0.000040
0.000040
0.000040
0.000040
0.000040
0.000040
0.000040
0.000039
0.000039
0.000039
0.000039
0.000039
0.000039
0.000039
0.000039
0.000039
0.000039
0.000039
0.000039
0.000039
0.000039
0.000039
0.000039
0.000039
0.000039
0.000039
0.000039
0.000039
0.000039
0.000039
0.000039
0.000039
0.000039
0.000039
0.000039
0.000039
0.000039
0.000039
0.000039
0.000039
0.000039
0.000039
0.000039
0.000039
0.000039
0.000039
0.000039
0.000039
0.000039
0.000039
0.000039
0.000039
0.000039
0.000039
0.000039
0.000039
0.000039
0.000039
0.000039
0.000039
0.000039
0.000039
0.000039
0.000039
0.000039
0.000039
0.000039
0.000039
0.000039
0.000039
0.000039
0.000039
0.000039
0.000039
0.000039
0.000039
0.000039
0.000039
0.000039
0.000039
0.000039
0.000039
0.000039
0.000039
0.000039
0.000039
0.000039
0.000039
0.000039
0.000039
0.000039
0.000039
0.000039
0.000039
0.000039
0.000039
0.000039
0.000039
0.000039
0.000039
0.000039
0.000039
0.000039
0.000039
0.000039
0.000039
0.000039
0.000039
0.000039
0.000039
0.000039
0.000039
0.000039
0.000039
0.000039
0.000039
0.000039
0.000039
0.000039
0.000039
0.000039
0.000039
0.000039
0.000039
0.000039
0.000039
0.000039
0.000039
0.000039
0.000039
0.000039
0.000039
0.000039
0.000039
0.000039
0.000039
0.000039
0.000039
0.000039
0.000039
0.000039
0.000039
0.000039
0.000039
0.000039
0.000039
0.000039
0.000039
0.000039
0.000039
0.000039
0.000039
0.000039
0.000039
0.000039
0.000039
0.000039
0.000039
0.000039
0.000039
0.000039
0.000039
0.000039
0.000039
0.000039
0.000039
0.000038
0.000038
0.000038
0.000038
0.000038
0.000038
0.000038
0.000038
0.000038
0.000038
0.000038
0.000038
0.000038
0.000038
0.000038
0.000038
0.000038
0.000038
0.000038
0.000038
0.000038
0.000038
0.000038
0.000038
0.000038
0.000038
0.000038
0.000038
0.000038
0.000038
0.000038
0.000038
0.000038
0.000038
0.000038
0.000038
0.000038
0.000038
0.000038
0.000038
0.000038
0.000038
0.000038
0.000038
0.000038
0.000038
0.000038
0.000038
0.000038
0.000038
0.000038
0.000038
0.000038
0.000038
0.000038
0.000038
0.000038
0.000038
0.000038
0.000038
0.000038
0.000038
0.000038
0.000038
0.000038
0.000038
0.000038
0.000038
0.000038
0.000038
0.000038
0.000038
0.000038
0.000038
0.000038
0.000038
0.000038
0.000038
0.000038
0.000038
0.000038
0.000038
0.000038
0.000038
0.000038
0.000038
0.000038
0.000038
0.000038
0.000038
0.000038
0.000038
0.000038
0.000038
0.000038
0.000038
0.000038
0.000038
0.000038
0.000038
0.000038
0.000038
0.000038
0.000038
0.000038
0.000038
0.000038
0.000038
0.000038
0.000038
0.000038
0.000038
0.000038
0.000038
0.000038
0.000038
0.000038
0.000038
0.000038
0.000038
0.000038
0.000038
0.000038
0.000038
0.000038
0.000038
0.000038
0.000038
0.000038
0.000038
0.000038
0.000038
0.000038
0.000038
0.000038
0.000038
0.000038
0.000038
0.000038
0.000038
0.000038
0.000038
0.000038
0.000038
0.000038
0.000038
0.000038
0.000038
0.000038
0.000038
0.000038
0.000038
0.000038
0.000038
0.000038
0.000038
0.000038
0.000038
0.000038
0.000038
0.000038
0.000038
0.000038
0.000038
0.000038
0.000038
0.000038
0.000037
0.000037
0.000037
0.000037
0.000037
0.000037
0.000037
0.000037
0.000037
0.000037
0.000037
0.000037
0.000037
0.000037
0.000037
0.000037
0.000037
0.000037
0.000037
0.000037
0.000037
0.000037
0.000037
0.000037
0.000037
0.000037
0.000037
0.000037
0.000037
0.000037
0.000037
0.000037
0.000037
0.000037
0.000037
0.000037
0.000037
0.000037
0.000037
0.000037
0.000037
0.000037
0.000037
0.000037
0.000037
0.000037
0.000037
0.000037
0.000037
0.000037
0.000037
0.000037
0.000037
0.000037
0.000037
0.000037
0.000037
0.000037
0.000037
0.000037
0.000037
0.000037
0.000037
0.000037
0.000037
0.000037
0.000037
0.000037
0.000037
0.000037
0.000037
0.000037
0.000037
0.000037
0.000037
0.000037
0.000037
0.000037
0.000037
0.000037
0.000037
0.000037
0.000037
