15.957277
15.147963
15.114977
15.081506
15.046109
15.006414
14.958971
14.901705
14.836200
14.766163
14.696080
14.631589
14.576281
14.528976
14.486013
14.444180
14.401994
14.359556
14.317118
14.273680
14.227061
14.174757
14.114378
14.043540
13.959511
13.858724
13.736418
13.587542
13.411141
13.216971
13.024129
12.839159
12.635824
12.404751
12.170609
11.929757
11.660077
11.384278
11.179041
11.100366
11.056795
10.901755
10.721604
10.556073
10.382390
10.196724
9.982268
9.735866
9.557715
9.413283
9.356879
9.373264
9.436627
9.386588
9.216181
8.981059
8.768274
8.685885
8.467891
8.233398
7.957959
7.512651
7.400189
7.624214
7.304887
7.451555
7.637569
7.555965
7.348808
7.107521
7.153284
6.827560
7.092094
6.896625
6.558192
6.436558
6.287528
6.207731
5.937284
5.444773
6.426691
6.179874
5.802242
6.614492
4.811750
6.257971
6.268601
5.360378
6.050807
6.278645
5.029563
6.123539
5.072296
5.347233
6.804906
5.492628
4.552756
4.906782
5.511305
5.456475
5.187915
4.676267
5.379778
4.936976
5.097483
5.249184
4.756082
4.816264
4.822373
4.894080
4.556428
4.638462
3.782334
3.413931
3.894058
4.238256
4.271280
3.901438
4.628030
3.471830
4.457558
3.534862
3.542872
4.005420
3.521554
3.897230
3.542495
3.166228
3.243922
3.822519
3.146859
2.769654
3.395868
2.912466
3.083940
2.507773
3.345622
3.084847
2.736232
2.935087
1.991424
2.849909
1.986717
3.044328
2.133680
4.932364
3.793287
2.686238
2.758971
4.078412
2.371986
2.879631
2.920255
2.064540
1.916380
1.695518
4.340008
1.711735
5.079923
2.452075
2.249968
2.029726
3.632767
2.181295
2.159361
1.838319
1.676955
1.346420
5.499284
1.806614
5.957463
2.915247
3.170835
2.531837
3.622915
2.411882
2.286080
2.054788
1.496179
2.445368
3.005410
2.512290
3.234839
1.703167
1.132403
3.426472
2.609790
2.864890
1.705876
1.800663
1.091296
1.893601
2.959042
3.007334
2.031295
1.695465
2.357027
2.318479
1.341217
3.323237
1.642739
1.695786
0.806519
4.975129
4.666195
2.493031
2.971826
2.175557
2.085889
1.715051
2.691061
4.237480
3.172044
1.689610
1.465346
1.525829
1.117621
1.601014
0.695509
1.344372
5.684960
1.394829
1.609092
2.670774
3.474976
1.450336
1.045016
0.889663
0.783748
1.183898
1.386404
1.888235
0.918480
3.702175
1.282892
0.710387
0.748322
1.080800
0.491387
0.125160
0.137060
0.541097
0.404658
3.025514
1.307047
1.107019
1.004224
0.959988
0.680318
0.499299
1.223211
1.199182
1.216881
4.310582
1.938601
3.604818
1.789156
0.767346
1.040713
0.711153
1.881300
0.200709
0.119767
0.416866
0.655752
0.539179
0.384144
0.591266
0.208242
0.316960
0.504409
1.058073
0.967828
0.760148
0.490429
0.018711
0.009779
0.008780
0.008006
0.007381
0.006862
0.006423
0.006045
0.005716
0.005425
0.005166
0.004934
0.004724
0.004533
0.004359
0.004200
0.004052
0.003916
0.003790
0.003672
0.003562
0.003459
0.003363
0.003272
0.003186
0.003105
0.003029
0.002956
0.002887
0.002822
0.002759
0.002700
0.002643
0.002589
0.002537
0.002488
0.002440
0.002394
0.002351
0.002308
0.002268
0.002229
0.002191
0.002155
0.002120
0.002086
0.002053
0.002021
0.001991
0.001961
0.001933
0.001905
0.001878
0.001852
0.001826
0.001801
0.001777
0.001754
0.001732
0.001709
0.001688
0.001667
0.001647
0.001627
0.001608
0.001589
0.001570
0.001552
0.001535
0.001518
0.001501
0.001485
0.001469
0.001453
0.001438
0.001423
0.001408
0.001394
0.001380
0.001367
0.001353
0.001340
0.001327
0.001315
0.001302
0.001290
0.001278
0.001267
0.001255
0.001244
0.001233
0.001222
0.001212
0.001201
0.001191
0.001181
0.001171
0.001161
0.001152
0.001143
0.001133
0.001124
0.001115
0.001107
0.001098
0.001090
0.001081
0.001073
0.001065
0.001057
0.001049
0.001042
0.001034
0.001027
0.001019
0.001012
0.001005
0.000998
0.000991
0.000984
0.000977
0.000971
0.000964
0.000958
0.000951
0.000945
0.000939
0.000933
0.000927
0.000921
0.000915
0.000909
0.000903
0.000898
0.000892
0.000887
0.000881
0.000876
0.000871
0.000866
0.000860
0.000855
0.000850
0.000845
0.000840
0.000836
0.000831
0.000826
0.000821
0.000817
0.000812
0.000808
0.000803
0.000799
0.000795
0.000790
0.000786
0.000782
0.000778
0.000773
0.000769
0.000765
0.000761
0.000757
0.000754
0.000750
0.000746
0.000742
0.000738
0.000735
0.000731
0.000727
0.000724
0.000720
0.000717
0.000713
0.000710
0.000706
0.000703
0.000700
0.000696
0.000693
0.000690
0.000687
0.000683
0.000680
0.000677
0.000674
0.000671
0.000668
0.000665
0.000662
0.000659
0.000656
0.000653
0.000650
0.000648
0.000645
0.000642
0.000639
0.000636
0.000634
0.000631
0.000628
0.000626
0.000623
0.000621
0.000618
0.000615
0.000613
0.000610
0.000608
0.000605
0.000603
0.000601
0.000598
0.000596
0.000593
0.000591
0.000589
0.000586
0.000584
0.000582
0.000580
0.000577
0.000575
0.000573
0.000571
0.000569
0.000566
0.000564
0.000562
0.000560
0.000558
0.000556
0.000554
0.000552
0.000550
0.000548
0.000546
0.000544
0.000542
0.000540
0.000538
0.000536
0.000534
0.000532
0.000530
0.000529
0.000527
0.000525
0.000523
0.000521
0.000519
0.000518
0.000516
0.000514
0.000512
0.000511
0.000509
0.000507
0.000506
0.000504
0.000502
0.000500
0.000499
0.000497
0.000496
0.000494
0.000492
0.000491
0.000489
0.000488
0.000486
0.000484
0.000483
0.000481
0.000480
0.000478
0.000477
0.000475
0.000474
0.000472
0.000471
0.000469
0.000468
0.000467
0.000465
0.000464
0.000462
0.000461
0.000460
0.000458
0.000457
0.000455
0.000454
0.000453
0.000451
0.000450
0.000449
0.000447
0.000446
0.000445
0.000443
0.000442
0.000441
0.000440
0.000438
0.000437
0.000436
0.000435
0.000433
0.000432
0.000431
0.000430
0.000429
0.000427
0.000426
0.000425
0.000424
0.000423
0.000421
0.000420
0.000419
0.000418
0.000417
0.000416
0.000415
0.000413
0.000412
0.000411
0.000410
0.000409
0.000408
0.000407
0.000406
0.000405
0.000404
0.000403
0.000402
0.000401
0.000399
0.000398
0.000397
0.000396
0.000395
0.000394
0.000393
0.000392
0.000391
0.000390
0.000389
0.000388
0.000387
0.000386
0.000385
0.000384
0.000384
0.000383
0.000382
0.000381
0.000380
0.000379
0.000378
0.000377
0.000376
0.000375
0.000374
0.000373
0.000372
0.000372
0.000371
0.000370
0.000369
0.000368
0.000367
0.000366
0.000365
0.000364
0.000364
0.000363
0.000362
0.000361
0.000360
0.000359
0.000359
0.000358
0.000357
0.000356
0.000355
0.000354
0.000354
0.000353
0.000352
0.000351
0.000350
0.000350
0.000349
0.000348
0.000347
0.000347
0.000346
0.000345
0.000344
0.000343
0.000343
0.000342
0.000341
0.000340
0.000340
0.000339
0.000338
0.000337
0.000337
0.000336
0.000335
0.000335
0.000334
0.000333
0.000332
0.000332
0.000331
0.000330
0.000330
0.000329
0.000328
0.000328
0.000327
0.000326
0.000325
0.000325
0.000324
0.000323
0.000323
0.000322
0.000321
0.000321
0.000320
0.000319
0.000319
0.000318
0.000317
0.000317
0.000316
0.000316
0.000315
0.000314
0.000314
0.000313
0.000312
0.000312
0.000311
0.000311
0.000310
0.000309
0.000309
0.000308
0.000307
0.000307
0.000306
0.000306
0.000305
0.000304
0.000304
0.000303
0.000303
0.000302
0.000302
0.000301
0.000300
0.000300
0.000299
0.000299
0.000298
0.000298
0.000297
0.000296
0.000296
0.000295
0.000295
0.000294
0.000294
0.000293
0.000292
0.000292
0.000291
0.000291
0.000290
0.000290
0.000289
0.000289
0.000288
0.000288
0.000287
0.000287
0.000286
0.000286
0.000285
0.000285
0.000284
0.000283
0.000283
0.000282
0.000282
0.000281
0.000281
0.000280
0.000280
0.000279
0.000279
0.000278
0.000278
0.000277
0.000277
0.000276
0.000276
0.000276
0.000275
0.000275
0.000274
0.000274
0.000273
0.000273
0.000272
0.000272
0.000271
0.000271
0.000270
0.000270
0.000269
0.000269
0.000268
0.000268
0.000268
0.000267
0.000267
0.000266
0.000266
0.000265
0.000265
0.000264
0.000264
0.000264
0.000263
0.000263
0.000262
0.000262
0.000261
0.000261
0.000260
0.000260
0.000260
0.000259
0.000259
0.000258
0.000258
0.000257
0.000257
0.000257
0.000256
0.000256
0.000255
0.000255
0.000255
0.000254
0.000254
0.000253
0.000253
0.000253
0.000252
0.000252
0.000251
0.000251
0.000251
0.000250
0.000250
0.000249
0.000249
0.000249
0.000248
0.000248
0.000247
0.000247
0.000247
0.000246
0.000246
0.000245
0.000245
0.000245
0.000244
0.000244
0.000244
0.000243
0.000243
0.000242
0.000242
0.000242
0.000241
0.000241
0.000241
0.000240
0.000240
0.000239
0.000239
0.000239
0.000238
0.000238
0.000238
0.000237
0.000237
0.000237
0.000236
0.000236
0.000236
0.000235
0.000235
0.000235
0.000234
0.000234
0.000233
0.000233
0.000233
0.000232
0.000232
0.000232
0.000231
0.000231
0.000231
0.000230
0.000230
0.000230
0.000229
0.000229
0.000229
0.000228
0.000228
0.000228
0.000227
0.000227
0.000227
0.000226
0.000226
0.000226
0.000226
0.000225
0.000225
0.000225
0.000224
0.000224
0.000224
0.000223
0.000223
0.000223
0.000222
0.000222
0.000222
0.000221
0.000221
0.000221
0.000220
0.000220
0.000220
0.000220
0.000219
0.000219
0.000219
0.000218
0.000218
0.000218
0.000217
0.000217
0.000217
0.000217
0.000216
0.000216
0.000216
0.000215
0.000215
0.000215
0.000215
0.000214
0.000214
0.000214
0.000213
0.000213
0.000213
0.000213
0.000212
0.000212
0.000212
0.000211
0.000211
0.000211
0.000211
0.000210
0.000210
0.000210
0.000209
0.000209
0.000209
0.000209
0.000208
0.000208
0.000208
0.000208
0.000207
0.000207
0.000207
0.000206
0.000206
0.000206
0.000206
0.000205
0.000205
0.000205
0.000205
0.000204
0.000204
0.000204
0.000204
0.000203
0.000203
0.000203
0.000203
0.000202
0.000202
0.000202
0.000202
0.000201
0.000201
0.000201
0.000200
0.000200
0.000200
0.000200
0.000199
0.000199
0.000199
0.000199
0.000198
0.000198
0.000198
0.000198
0.000198
0.000197
0.000197
0.000197
0.000197
0.000196
0.000196
0.000196
0.000196
0.000195
0.000195
0.000195
0.000195
0.000194
0.000194
0.000194
0.000194
0.000193
0.000193
0.000193
0.000193
0.000193
0.000192
0.000192
0.000192
0.000192
0.000191
0.000191
0.000191
0.000191
0.000190
0.000190
0.000190
0.000190
0.000190
0.000189
0.000189
0.000189
0.000189
0.000188
0.000188
0.000188
0.000188
0.000188
0.000187
0.000187
0.000187
0.000187
0.000186
0.000186
0.000186
0.000186
0.000186
0.000185
0.000185
0.000185
0.000185
0.000185
0.000184
0.000184
0.000184
0.000184
0.000183
0.000183
0.000183
0.000183
0.000183
0.000182
0.000182
0.000182
0.000182
0.000182
0.000181
0.000181
0.000181
0.000181
0.000181
0.000180
0.000180
0.000180
0.000180
0.000180
0.000179
0.000179
0.000179
0.000179
0.000179
0.000178
0.000178
0.000178
0.000178
0.000178
0.000177
0.000177
0.000177
0.000177
0.000177
0.000176
0.000176
0.000176
0.000176
0.000176
0.000175
0.000175
0.000175
0.000175
0.000175
0.000174
0.000174
0.000174
0.000174
0.000174
0.000174
0.000173
0.000173
0.000173
0.000173
0.000173
0.000172
0.000172
0.000172
0.000172
0.000172
0.000171
0.000171
0.000171
0.000171
0.000171
0.000171
0.000170
0.000170
0.000170
0.000170
0.000170
0.000169
0.000169
0.000169
0.000169
0.000169
0.000169
0.000168
0.000168
0.000168
0.000168
0.000168
0.000168
0.000167
0.000167
0.000167
0.000167
0.000167
0.000167
0.000166
0.000166
0.000166
0.000166
0.000166
0.000165
0.000165
0.000165
0.000165
0.000165
0.000165
0.000164
0.000164
0.000164
0.000164
0.000164
0.000164
0.000163
0.000163
0.000163
0.000163
0.000163
0.000163
0.000162
0.000162
0.000162
0.000162
0.000162
0.000162
0.000161
0.000161
0.000161
0.000161
0.000161
0.000161
0.000161
0.000160
0.000160
0.000160
0.000160
0.000160
0.000160
0.000159
0.000159
0.000159
0.000159
0.000159
0.000159
0.000158
0.000158
0.000158
0.000158
0.000158
0.000158
0.000158
0.000157
0.000157
0.000157
0.000157
0.000157
0.000157
0.000156
0.000156
0.000156
0.000156
0.000156
0.000156
0.000156
0.000155
0.000155
0.000155
0.000155
0.000155
0.000155
0.000155
0.000154
0.000154
0.000154
0.000154
0.000154
0.000154
0.000153
0.000153
0.000153
0.000153
0.000153
0.000153
0.000153
0.000152
0.000152
0.000152
0.000152
0.000152
0.000152
0.000152
0.000151
0.000151
0.000151
0.000151
0.000151
0.000151
0.000151
0.000150
0.000150
0.000150
0.000150
0.000150
0.000150
0.000150
0.000150
0.000149
0.000149
0.000149
0.000149
0.000149
0.000149
0.000149
0.000148
0.000148
0.000148
0.000148
0.000148
0.000148
0.000148
0.000147
0.000147
0.000147
0.000147
0.000147
0.000147
0.000147
0.000147
0.000146
0.000146
0.000146
0.000146
0.000146
0.000146
0.000146
0.000145
0.000145
0.000145
0.000145
0.000145
0.000145
0.000145
0.000145
0.000144
0.000144
0.000144
0.000144
0.000144
0.000144
0.000144
0.000144
0.000143
0.000143
0.000143
0.000143
0.000143
0.000143
0.000143
0.000143
0.000142
0.000142
0.000142
0.000142
0.000142
0.000142
0.000142
0.000142
0.000141
0.000141
0.000141
0.000141
0.000141
0.000141
0.000141
0.000141
0.000140
0.000140
0.000140
0.000140
0.000140
0.000140
0.000140
0.000140
0.000139
0.000139
0.000139
0.000139
0.000139
0.000139
0.000139
0.000139
0.000138
0.000138
0.000138
0.000138
0.000138
0.000138
0.000138
0.000138
0.000138
0.000137
0.000137
0.000137
0.000137
0.000137
0.000137
0.000137
0.000137
0.000137
0.000136
0.000136
0.000136
0.000136
0.000136
0.000136
0.000136
0.000136
0.000135
0.000135
0.000135
0.000135
0.000135
0.000135
0.000135
0.000135
0.000135
0.000134
0.000134
0.000134
0.000134
0.000134
0.000134
0.000134
0.000134
0.000134
0.000133
0.000133
0.000133
0.000133
0.000133
0.000133
0.000133
0.000133
0.000133
0.000132
0.000132
0.000132
0.000132
0.000132
0.000132
0.000132
0.000132
0.000132
0.000132
0.000131
0.000131
0.000131
0.000131
0.000131
0.000131
0.000131
0.000131
0.000131
0.000130
0.000130
0.000130
0.000130
0.000130
0.000130
0.000130
0.000130
0.000130
0.000130
0.000129
0.000129
0.000129
0.000129
0.000129
0.000129
0.000129
0.000129
0.000129
0.000129
0.000128
0.000128
0.000128
0.000128
0.000128
0.000128
0.000128
0.000128
0.000128
0.000127
0.000127
0.000127
0.000127
0.000127
0.000127
0.000127
0.000127
0.000127
0.000127
0.000127
0.000126
0.000126
0.000126
0.000126
0.000126
0.000126
0.000126
0.000126
0.000126
0.000126
0.000125
0.000125
0.000125
0.000125
0.000125
0.000125
0.000125
0.000125
0.000125
0.000125
0.000124
0.000124
0.000124
0.000124
0.000124
0.000124
0.000124
0.000124
0.000124
0.000124
0.000124
0.000123
0.000123
0.000123
0.000123
0.000123
0.000123
0.000123
0.000123
0.000123
0.000123
0.000123
0.000122
0.000122
0.000122
0.000122
0.000122
0.000122
0.000122
0.000122
0.000122
0.000122
0.000121
0.000121
0.000121
0.000121
0.000121
0.000121
0.000121
0.000121
0.000121
0.000121
0.000121
0.000121
0.000120
0.000120
0.000120
0.000120
0.000120
0.000120
0.000120
0.000120
0.000120
0.000120
0.000120
0.000119
0.000119
0.000119
0.000119
0.000119
0.000119
0.000119
0.000119
0.000119
0.000119
0.000119
0.000118
0.000118
0.000118
0.000118
0.000118
0.000118
0.000118
0.000118
0.000118
0.000118
0.000118
0.000118
0.000117
0.000117
0.000117
0.000117
0.000117
0.000117
0.000117
0.000117
0.000117
0.000117
0.000117
0.000117
0.000116
0.000116
0.000116
0.000116
0.000116
0.000116
0.000116
0.000116
0.000116
0.000116
0.000116
0.000116
0.000115
0.000115
0.000115
0.000115
0.000115
0.000115
0.000115
0.000115
0.000115
0.000115
0.000115
0.000115
0.000114
0.000114
0.000114
0.000114
0.000114
0.000114
0.000114
0.000114
0.000114
0.000114
0.000114
0.000114
0.000114
0.000113
0.000113
0.000113
0.000113
0.000113
0.000113
0.000113
0.000113
0.000113
0.000113
0.000113
0.000113
0.000113
0.000112
0.000112
0.000112
0.000112
0.000112
0.000112
0.000112
0.000112
0.000112
0.000112
0.000112
0.000112
0.000112
0.000111
0.000111
0.000111
0.000111
0.000111
0.000111
0.000111
0.000111
0.000111
0.000111
0.000111
0.000111
0.000111
0.000110
0.000110
0.000110
0.000110
0.000110
0.000110
0.000110
0.000110
0.000110
0.000110
0.000110
0.000110
0.000110
0.000109
0.000109
0.000109
0.000109
0.000109
0.000109
0.000109
0.000109
0.000109
0.000109
0.000109
0.000109
0.000109
0.000109
0.000108
0.000108
0.000108
0.000108
0.000108
0.000108
0.000108
0.000108
0.000108
0.000108
0.000108
0.000108
0.000108
0.000108
0.000107
0.000107
0.000107
0.000107
0.000107
0.000107
0.000107
0.000107
0.000107
0.000107
0.000107
0.000107
0.000107
0.000107
0.000107
0.000106
0.000106
0.000106
0.000106
0.000106
0.000106
0.000106
0.000106
0.000106
0.000106
0.000106
0.000106
0.000106
0.000106
0.000105
0.000105
0.000105
0.000105
0.000105
0.000105
0.000105
0.000105
0.000105
0.000105
0.000105
0.000105
0.000105
0.000105
0.000105
0.000104
0.000104
0.000104
0.000104
0.000104
0.000104
0.000104
0.000104
0.000104
0.000104
0.000104
0.000104
0.000104
0.000104
0.000104
0.000103
0.000103
0.000103
0.000103
0.000103
0.000103
0.000103
0.000103
0.000103
0.000103
0.000103
0.000103
0.000103
0.000103
0.000103
0.000102
0.000102
0.000102
0.000102
0.000102
0.000102
0.000102
0.000102
0.000102
0.000102
0.000102
0.000102
0.000102
0.000102
0.000102
0.000102
0.000101
0.000101
0.000101
0.000101
0.000101
0.000101
0.000101
0.000101
0.000101
0.000101
0.000101
0.000101
0.000101
0.000101
0.000101
0.000101
0.000100
0.000100
0.000100
0.000100
0.000100
0.000100
0.000100
0.000100
0.000100
0.000100
0.000100
0.000100
0.000100
0.000100
0.000100
0.000100
0.000100
0.000099
0.000099
0.000099
0.000099
0.000099
0.000099
0.000099
0.000099
0.000099
0.000099
0.000099
0.000099
0.000099
0.000099
0.000099
0.000099
0.000098
0.000098
0.000098
0.000098
0.000098
0.000098
0.000098
0.000098
0.000098
0.000098
0.000098
0.000098
0.000098
0.000098
0.000098
0.000098
0.000098
0.000097
0.000097
0.000097
0.000097
0.000097
0.000097
0.000097
0.000097
0.000097
0.000097
0.000097
0.000097
0.000097
0.000097
0.000097
0.000097
0.000097
0.000097
0.000096
0.000096
0.000096
0.000096
0.000096
0.000096
0.000096
0.000096
0.000096
0.000096
0.000096
0.000096
0.000096
0.000096
0.000096
0.000096
0.000096
0.000096
0.000095
0.000095
0.000095
0.000095
0.000095
0.000095
0.000095
0.000095
0.000095
0.000095
0.000095
0.000095
0.000095
0.000095
0.000095
0.000095
0.000095
0.000095
0.000094
0.000094
0.000094
0.000094
0.000094
0.000094
0.000094
0.000094
0.000094
0.000094
0.000094
0.000094
0.000094
0.000094
0.000094
0.000094
0.000094
0.000094
0.000093
0.000093
0.000093
0.000093
0.000093
0.000093
0.000093
0.000093
0.000093
0.000093
0.000093
0.000093
0.000093
0.000093
0.000093
0.000093
0.000093
0.000093
0.000093
0.000092
0.000092
0.000092
0.000092
0.000092
0.000092
0.000092
0.000092
0.000092
0.000092
0.000092
0.000092
0.000092
0.000092
0.000092
0.000092
0.000092
0.000092
0.000092
0.000092
0.000091
0.000091
0.000091
0.000091
0.000091
0.000091
0.000091
0.000091
0.000091
0.000091
0.000091
0.000091
0.000091
0.000091
0.000091
0.000091
0.000091
0.000091
0.000091
0.000091
0.000090
0.000090
0.000090
0.000090
0.000090
0.000090
0.000090
0.000090
0.000090
0.000090
0.000090
0.000090
0.000090
0.000090
0.000090
0.000090
0.000090
0.000090
0.000090
0.000090
0.000089
0.000089
0.000089
0.000089
0.000089
0.000089
0.000089
0.000089
0.000089
0.000089
0.000089
0.000089
0.000089
0.000089
0.000089
0.000089
0.000089
0.000089
0.000089
0.000089
0.000089
0.000088
0.000088
0.000088
0.000088
0.000088
0.000088
0.000088
0.000088
0.000088
0.000088
0.000088
0.000088
0.000088
0.000088
0.000088
0.000088
0.000088
0.000088
0.000088
0.000088
0.000088
0.000087
0.000087
0.000087
0.000087
0.000087
0.000087
0.000087
0.000087
0.000087
0.000087
0.000087
0.000087
0.000087
0.000087
0.000087
0.000087
0.000087
0.000087
0.000087
0.000087
0.000087
0.000087
0.000086
0.000086
0.000086
0.000086
0.000086
0.000086
0.000086
0.000086
0.000086
0.000086
0.000086
0.000086
0.000086
0.000086
0.000086
0.000086
0.000086
0.000086
0.000086
0.000086
0.000086
0.000086
0.000085
0.000085
0.000085
0.000085
0.000085
0.000085
0.000085
0.000085
0.000085
0.000085
0.000085
0.000085
0.000085
0.000085
0.000085
0.000085
0.000085
0.000085
0.000085
0.000085
0.000085
0.000085
0.000085
0.000084
0.000084
0.000084
0.000084
0.000084
0.000084
0.000084
0.000084
0.000084
0.000084
0.000084
0.000084
0.000084
0.000084
0.000084
0.000084
0.000084
0.000084
0.000084
0.000084
0.000084
0.000084
0.000084
0.000083
0.000083
0.000083
0.000083
0.000083
0.000083
0.000083
0.000083
0.000083
0.000083
0.000083
0.000083
0.000083
0.000083
0.000083
0.000083
0.000083
0.000083
0.000083
0.000083
0.000083
0.000083
0.000083
0.000083
0.000082
0.000082
0.000082
0.000082
0.000082
0.000082
0.000082
0.000082
0.000082
0.000082
0.000082
0.000082
0.000082
0.000082
0.000082
0.000082
0.000082
0.000082
0.000082
0.000082
0.000082
0.000082
0.000082
0.000082
0.000081
0.000081
0.000081
0.000081
0.000081
0.000081
0.000081
0.000081
0.000081
0.000081
0.000081
0.000081
0.000081
0.000081
0.000081
0.000081
0.000081
0.000081
0.000081
0.000081
0.000081
0.000081
0.000081
0.000081
0.000081
0.000081
0.000080
0.000080
0.000080
0.000080
0.000080
0.000080
0.000080
0.000080
0.000080
0.000080
0.000080
0.000080
0.000080
0.000080
0.000080
0.000080
0.000080
0.000080
0.000080
0.000080
0.000080
0.000080
0.000080
0.000080
0.000080
0.000079
0.000079
0.000079
0.000079
0.000079
0.000079
0.000079
0.000079
0.000079
0.000079
0.000079
0.000079
0.000079
0.000079
0.000079
0.000079
0.000079
0.000079
0.000079
0.000079
0.000079
0.000079
0.000079
0.000079
0.000079
0.000079
0.000079
0.000078
0.000078
0.000078
0.000078
0.000078
0.000078
0.000078
0.000078
0.000078
0.000078
0.000078
0.000078
0.000078
0.000078
0.000078
0.000078
0.000078
0.000078
0.000078
0.000078
0.000078
0.000078
0.000078
0.000078
0.000078
0.000078
0.000078
0.000077
0.000077
0.000077
0.000077
0.000077
0.000077
0.000077
0.000077
0.000077
0.000077
0.000077
0.000077
0.000077
0.000077
0.000077
0.000077
0.000077
0.000077
0.000077
0.000077
0.000077
0.000077
0.000077
0.000077
0.000077
0.000077
0.000077
0.000077
0.000076
0.000076
0.000076
0.000076
0.000076
0.000076
0.000076
0.000076
0.000076
0.000076
0.000076
0.000076
0.000076
0.000076
0.000076
0.000076
0.000076
0.000076
0.000076
0.000076
0.000076
0.000076
0.000076
0.000076
0.000076
0.000076
0.000076
0.000076
0.000075
0.000075
0.000075
0.000075
0.000075
0.000075
0.000075
0.000075
0.000075
0.000075
0.000075
0.000075
0.000075
0.000075
0.000075
0.000075
0.000075
0.000075
0.000075
0.000075
0.000075
0.000075
0.000075
0.000075
0.000075
0.000075
0.000075
0.000075
0.000075
0.000075
0.000074
0.000074
0.000074
0.000074
0.000074
0.000074
0.000074
0.000074
0.000074
0.000074
0.000074
0.000074
0.000074
0.000074
0.000074
0.000074
0.000074
0.000074
0.000074
0.000074
0.000074
0.000074
0.000074
0.000074
0.000074
0.000074
0.000074
0.000074
0.000074
0.000074
0.000073
0.000073
0.000073
0.000073
0.000073
0.000073
0.000073
0.000073
0.000073
0.000073
0.000073
0.000073
0.000073
0.000073
0.000073
0.000073
0.000073
0.000073
0.000073
0.000073
0.000073
0.000073
0.000073
0.000073
0.000073
0.000073
0.000073
0.000073
0.000073
0.000073
0.000073
0.000072
0.000072
0.000072
0.000072
0.000072
0.000072
0.000072
0.000072
0.000072
0.000072
0.000072
0.000072
0.000072
0.000072
0.000072
0.000072
0.000072
0.000072
0.000072
0.000072
0.000072
0.000072
0.000072
0.000072
0.000072
0.000072
0.000072
0.000072
0.000072
0.000072
0.000072
0.000072
0.000071
0.000071
0.000071
0.000071
0.000071
0.000071
0.000071
0.000071
0.000071
0.000071
0.000071
0.000071
0.000071
0.000071
0.000071
0.000071
0.000071
0.000071
0.000071
0.000071
0.000071
0.000071
0.000071
0.000071
0.000071
0.000071
0.000071
0.000071
0.000071
0.000071
0.000071
0.000071
0.000071
0.000070
0.000070
0.000070
0.000070
0.000070
0.000070
0.000070
0.000070
0.000070
0.000070
0.000070
0.000070
0.000070
0.000070
0.000070
0.000070
0.000070
0.000070
0.000070
0.000070
0.000070
0.000070
0.000070
0.000070
0.000070
0.000070
0.000070
0.000070
0.000070
0.000070
0.000070
0.000070
0.000070
0.000069
0.000069
0.000069
0.000069
0.000069
0.000069
0.000069
0.000069
0.000069
0.000069
0.000069
0.000069
0.000069
0.000069
0.000069
0.000069
0.000069
0.000069
0.000069
0.000069
0.000069
0.000069
0.000069
0.000069
0.000069
0.000069
0.000069
0.000069
0.000069
0.000069
0.000069
0.000069
0.000069
0.000069
0.000069
0.000068
0.000068
0.000068
0.000068
0.000068
0.000068
0.000068
0.000068
0.000068
0.000068
0.000068
0.000068
0.000068
0.000068
0.000068
0.000068
0.000068
0.000068
0.000068
0.000068
0.000068
0.000068
0.000068
0.000068
0.000068
0.000068
0.000068
0.000068
0.000068
0.000068
0.000068
0.000068
0.000068
0.000068
0.000068
0.000068
0.000067
0.000067
0.000067
0.000067
0.000067
0.000067
0.000067
0.000067
0.000067
0.000067
0.000067
0.000067
0.000067
0.000067
0.000067
0.000067
0.000067
0.000067
0.000067
0.000067
0.000067
0.000067
0.000067
0.000067
0.000067
0.000067
0.000067
0.000067
0.000067
0.000067
0.000067
0.000067
0.000067
0.000067
0.000067
0.000067
0.000067
0.000066
0.000066
0.000066
0.000066
0.000066
0.000066
0.000066
0.000066
0.000066
0.000066
0.000066
0.000066
0.000066
0.000066
0.000066
0.000066
0.000066
0.000066
0.000066
0.000066
0.000066
0.000066
0.000066
0.000066
0.000066
0.000066
0.000066
0.000066
0.000066
0.000066
0.000066
0.000066
0.000066
0.000066
0.000066
0.000066
0.000066
0.000066
0.000065
0.000065
0.000065
0.000065
0.000065
0.000065
0.000065
0.000065
0.000065
0.000065
0.000065
0.000065
0.000065
0.000065
0.000065
0.000065
0.000065
0.000065
0.000065
0.000065
0.000065
0.000065
0.000065
0.000065
0.000065
0.000065
0.000065
0.000065
0.000065
0.000065
0.000065
0.000065
0.000065
0.000065
0.000065
0.000065
0.000065
0.000065
0.000065
0.000064
0.000064
0.000064
0.000064
0.000064
0.000064
0.000064
0.000064
0.000064
0.000064
0.000064
0.000064
0.000064
0.000064
0.000064
0.000064
0.000064
0.000064
0.000064
0.000064
0.000064
0.000064
0.000064
0.000064
0.000064
0.000064
0.000064
0.000064
0.000064
0.000064
0.000064
0.000064
0.000064
0.000064
0.000064
0.000064
0.000064
0.000064
0.000064
0.000064
0.000064
0.000063
0.000063
0.000063
0.000063
0.000063
0.000063
0.000063
0.000063
0.000063
0.000063
0.000063
0.000063
0.000063
0.000063
0.000063
0.000063
0.000063
0.000063
0.000063
0.000063
0.000063
0.000063
0.000063
0.000063
0.000063
0.000063
0.000063
0.000063
0.000063
0.000063
0.000063
0.000063
0.000063
0.000063
0.000063
0.000063
0.000063
0.000063
0.000063
0.000063
0.000063
0.000063
0.000062
0.000062
0.000062
0.000062
0.000062
0.000062
0.000062
0.000062
0.000062
0.000062
0.000062
0.000062
0.000062
0.000062
0.000062
0.000062
0.000062
0.000062
0.000062
0.000062
0.000062
0.000062
0.000062
0.000062
0.000062
0.000062
0.000062
0.000062
0.000062
0.000062
0.000062
0.000062
0.000062
0.000062
0.000062
0.000062
0.000062
0.000062
0.000062
0.000062
0.000062
0.000062
0.000062
0.000061
0.000061
0.000061
0.000061
0.000061
0.000061
0.000061
0.000061
0.000061
0.000061
0.000061
0.000061
0.000061
0.000061
0.000061
0.000061
0.000061
0.000061
0.000061
0.000061
0.000061
0.000061
0.000061
0.000061
0.000061
0.000061
0.000061
0.000061
0.000061
0.000061
0.000061
0.000061
0.000061
0.000061
0.000061
0.000061
0.000061
0.000061
0.000061
0.000061
0.000061
0.000061
0.000061
0.000061
0.000060
0.000060
0.000060
0.000060
0.000060
0.000060
0.000060
0.000060
0.000060
0.000060
0.000060
0.000060
0.000060
0.000060
0.000060
0.000060
0.000060
0.000060
0.000060
0.000060
0.000060
0.000060
0.000060
0.000060
0.000060
0.000060
0.000060
0.000060
0.000060
0.000060
0.000060
0.000060
0.000060
0.000060
0.000060
0.000060
0.000060
0.000060
0.000060
0.000060
0.000060
0.000060
0.000060
0.000060
0.000060
0.000060
0.000060
0.000059
0.000059
0.000059
0.000059
0.000059
0.000059
0.000059
0.000059
0.000059
0.000059
0.000059
0.000059
0.000059
0.000059
0.000059
0.000059
0.000059
0.000059
0.000059
0.000059
0.000059
0.000059
0.000059
0.000059
0.000059
0.000059
0.000059
0.000059
0.000059
0.000059
0.000059
0.000059
0.000059
0.000059
0.000059
0.000059
0.000059
0.000059
0.000059
0.000059
0.000059
0.000059
0.000059
0.000059
0.000059
0.000059
0.000059
0.000058
0.000058
0.000058
0.000058
0.000058
0.000058
0.000058
0.000058
0.000058
0.000058
0.000058
0.000058
0.000058
0.000058
0.000058
0.000058
0.000058
0.000058
0.000058
0.000058
0.000058
0.000058
0.000058
0.000058
0.000058
0.000058
0.000058
0.000058
0.000058
0.000058
0.000058
0.000058
0.000058
0.000058
0.000058
0.000058
0.000058
0.000058
0.000058
0.000058
0.000058
0.000058
0.000058
0.000058
0.000058
0.000058
0.000058
0.000058
0.000058
0.000058
0.000057
0.000057
0.000057
0.000057
0.000057
0.000057
0.000057
0.000057
0.000057
0.000057
0.000057
0.000057
0.000057
0.000057
0.000057
0.000057
0.000057
0.000057
0.000057
0.000057
0.000057
0.000057
0.000057
0.000057
0.000057
0.000057
0.000057
0.000057
0.000057
0.000057
0.000057
0.000057
0.000057
0.000057
0.000057
0.000057
0.000057
0.000057
0.000057
0.000057
0.000057
0.000057
0.000057
0.000057
0.000057
0.000057
0.000057
0.000057
0.000057
0.000057
0.000057
0.000056
0.000056
0.000056
0.000056
0.000056
0.000056
0.000056
0.000056
0.000056
0.000056
0.000056
0.000056
0.000056
0.000056
0.000056
0.000056
0.000056
0.000056
0.000056
0.000056
0.000056
0.000056
0.000056
0.000056
0.000056
0.000056
0.000056
0.000056
0.000056
0.000056
0.000056
0.000056
0.000056
0.000056
0.000056
0.000056
0.000056
0.000056
0.000056
0.000056
0.000056
0.000056
0.000056
0.000056
0.000056
0.000056
0.000056
0.000056
0.000056
0.000056
0.000056
0.000056
0.000056
0.000055
0.000055
0.000055
0.000055
0.000055
0.000055
0.000055
0.000055
0.000055
0.000055
0.000055
0.000055
0.000055
0.000055
0.000055
0.000055
0.000055
0.000055
0.000055
0.000055
0.000055
0.000055
0.000055
0.000055
0.000055
0.000055
0.000055
0.000055
0.000055
0.000055
0.000055
0.000055
0.000055
0.000055
0.000055
0.000055
0.000055
0.000055
0.000055
0.000055
0.000055
0.000055
0.000055
0.000055
0.000055
0.000055
0.000055
0.000055
0.000055
0.000055
0.000055
0.000055
0.000055
0.000055
0.000055
0.000054
0.000054
0.000054
0.000054
0.000054
0.000054
0.000054
0.000054
0.000054
0.000054
0.000054
0.000054
0.000054
0.000054
0.000054
0.000054
0.000054
0.000054
0.000054
0.000054
0.000054
0.000054
0.000054
0.000054
0.000054
0.000054
0.000054
0.000054
0.000054
0.000054
0.000054
0.000054
0.000054
0.000054
0.000054
0.000054
0.000054
0.000054
0.000054
0.000054
0.000054
0.000054
0.000054
0.000054
0.000054
0.000054
0.000054
0.000054
0.000054
0.000054
0.000054
0.000054
0.000054
0.000054
0.000054
0.000054
0.000054
0.000053
0.000053
0.000053
0.000053
0.000053
0.000053
0.000053
0.000053
0.000053
0.000053
0.000053
0.000053
0.000053
0.000053
0.000053
0.000053
0.000053
0.000053
0.000053
0.000053
0.000053
0.000053
0.000053
0.000053
0.000053
0.000053
0.000053
0.000053
0.000053
0.000053
0.000053
0.000053
0.000053
0.000053
0.000053
0.000053
0.000053
0.000053
0.000053
0.000053
0.000053
0.000053
0.000053
0.000053
0.000053
0.000053
0.000053
0.000053
0.000053
0.000053
0.000053
0.000053
0.000053
0.000053
0.000053
0.000053
0.000053
0.000053
0.000053
0.000053
0.000052
0.000052
0.000052
0.000052
0.000052
0.000052
0.000052
0.000052
0.000052
0.000052
0.000052
0.000052
0.000052
0.000052
0.000052
0.000052
0.000052
0.000052
0.000052
0.000052
0.000052
0.000052
0.000052
0.000052
0.000052
0.000052
0.000052
0.000052
0.000052
0.000052
0.000052
0.000052
0.000052
0.000052
0.000052
0.000052
0.000052
0.000052
0.000052
0.000052
0.000052
0.000052
0.000052
0.000052
0.000052
0.000052
0.000052
0.000052
0.000052
0.000052
0.000052
0.000052
0.000052
0.000052
0.000052
0.000052
0.000052
0.000052
0.000052
0.000052
0.000052
0.000051
0.000051
0.000051
0.000051
0.000051
0.000051
0.000051
0.000051
0.000051
0.000051
0.000051
0.000051
0.000051
0.000051
0.000051
0.000051
0.000051
0.000051
0.000051
0.000051
0.000051
0.000051
0.000051
0.000051
0.000051
0.000051
0.000051
0.000051
0.000051
0.000051
0.000051
0.000051
0.000051
0.000051
0.000051
0.000051
0.000051
0.000051
0.000051
0.000051
0.000051
0.000051
0.000051
0.000051
0.000051
0.000051
0.000051
0.000051
0.000051
0.000051
0.000051
0.000051
0.000051
0.000051
0.000051
0.000051
0.000051
0.000051
0.000051
0.000051
0.000051
0.000051
0.000051
0.000051
0.000050
0.000050
0.000050
0.000050
0.000050
0.000050
0.000050
0.000050
0.000050
0.000050
0.000050
0.000050
0.000050
0.000050
0.000050
0.000050
0.000050
0.000050
0.000050
0.000050
0.000050
0.000050
0.000050
0.000050
0.000050
0.000050
0.000050
0.000050
0.000050
0.000050
0.000050
0.000050
0.000050
0.000050
0.000050
0.000050
0.000050
0.000050
0.000050
0.000050
0.000050
0.000050
0.000050
0.000050
0.000050
0.000050
0.000050
0.000050
0.000050
0.000050
0.000050
0.000050
0.000050
0.000050
0.000050
0.000050
0.000050
0.000050
0.000050
0.000050
0.000050
0.000050
0.000050
0.000050
0.000050
0.000050
0.000050
0.000049
0.000049
0.000049
0.000049
0.000049
0.000049
0.000049
0.000049
0.000049
0.000049
0.000049
0.000049
0.000049
0.000049
0.000049
0.000049
0.000049
0.000049
0.000049
0.000049
0.000049
0.000049
0.000049
0.000049
0.000049
0.000049
0.000049
0.000049
0.000049
0.000049
0.000049
0.000049
0.000049
0.000049
0.000049
0.000049
0.000049
0.000049
0.000049
0.000049
0.000049
0.000049
0.000049
0.000049
0.000049
0.000049
0.000049
0.000049
0.000049
0.000049
0.000049
0.000049
0.000049
0.000049
0.000049
0.000049
0.000049
0.000049
0.000049
0.000049
0.000049
0.000049
0.000049
0.000049
0.000049
0.000049
0.000049
0.000049
0.000049
0.000049
0.000048
0.000048
0.000048
0.000048
0.000048
0.000048
0.000048
0.000048
0.000048
0.000048
0.000048
0.000048
0.000048
0.000048
0.000048
0.000048
0.000048
0.000048
0.000048
0.000048
0.000048
0.000048
0.000048
0.000048
0.000048
0.000048
0.000048
0.000048
0.000048
0.000048
0.000048
0.000048
0.000048
0.000048
0.000048
0.000048
0.000048
0.000048
0.000048
0.000048
0.000048
0.000048
0.000048
0.000048
0.000048
0.000048
0.000048
0.000048
0.000048
0.000048
0.000048
0.000048
0.000048
0.000048
0.000048
0.000048
0.000048
0.000048
0.000048
0.000048
0.000048
0.000048
0.000048
0.000048
0.000048
0.000048
0.000048
0.000048
0.000048
0.000048
0.000048
0.000048
0.000047
0.000047
0.000047
0.000047
0.000047
0.000047
0.000047
0.000047
0.000047
0.000047
0.000047
0.000047
0.000047
0.000047
0.000047
0.000047
0.000047
0.000047
0.000047
0.000047
0.000047
0.000047
0.000047
0.000047
0.000047
0.000047
0.000047
0.000047
0.000047
0.000047
0.000047
0.000047
0.000047
0.000047
0.000047
0.000047
0.000047
0.000047
0.000047
0.000047
0.000047
0.000047
0.000047
0.000047
0.000047
0.000047
0.000047
0.000047
0.000047
0.000047
0.000047
0.000047
0.000047
0.000047
0.000047
0.000047
0.000047
0.000047
0.000047
0.000047
0.000047
0.000047
0.000047
0.000047
0.000047
0.000047
0.000047
0.000047
0.000047
0.000047
0.000047
0.000047
0.000047
0.000047
0.000047
0.000047
0.000046
0.000046
0.000046
0.000046
0.000046
0.000046
0.000046
0.000046
0.000046
0.000046
0.000046
0.000046
0.000046
0.000046
0.000046
0.000046
0.000046
0.000046
0.000046
0.000046
0.000046
0.000046
0.000046
0.000046
0.000046
0.000046
0.000046
0.000046
0.000046
0.000046
0.000046
0.000046
0.000046
0.000046
0.000046
0.000046
0.000046
0.000046
0.000046
0.000046
0.000046
0.000046
0.000046
0.000046
0.000046
0.000046
0.000046
0.000046
0.000046
0.000046
0.000046
0.000046
0.000046
0.000046
0.000046
0.000046
0.000046
0.000046
0.000046
0.000046
0.000046
0.000046
0.000046
0.000046
0.000046
0.000046
0.000046
0.000046
0.000046
0.000046
0.000046
0.000046
0.000046
0.000046
0.000046
0.000046
0.000046
0.000046
0.000046
0.000045
0.000045
0.000045
0.000045
0.000045
0.000045
0.000045
0.000045
0.000045
0.000045
0.000045
0.000045
0.000045
0.000045
0.000045
0.000045
0.000045
0.000045
0.000045
0.000045
0.000045
0.000045
0.000045
0.000045
0.000045
0.000045
0.000045
0.000045
0.000045
0.000045
0.000045
0.000045
0.000045
0.000045
0.000045
0.000045
0.000045
0.000045
0.000045
0.000045
0.000045
0.000045
0.000045
0.000045
0.000045
0.000045
0.000045
0.000045
0.000045
0.000045
0.000045
0.000045
0.000045
0.000045
0.000045
0.000045
0.000045
0.000045
0.000045
0.000045
0.000045
0.000045
0.000045
0.000045
0.000045
0.000045
0.000045
0.000045
0.000045
0.000045
0.000045
0.000045
0.000045
0.000045
0.000045
0.000045
0.000045
0.000045
0.000045
0.000045
0.000045
0.000045
0.000044
0.000044
0.000044
0.000044
0.000044
0.000044
0.000044
0.000044
0.000044
0.000044
0.000044
0.000044
0.000044
0.000044
0.000044
0.000044
0.000044
0.000044
0.000044
0.000044
0.000044
0.000044
0.000044
0.000044
0.000044
0.000044
0.000044
0.000044
0.000044
0.000044
0.000044
0.000044
0.000044
0.000044
0.000044
0.000044
0.000044
0.000044
0.000044
0.000044
0.000044
0.000044
0.000044
0.000044
0.000044
0.000044
0.000044
0.000044
0.000044
0.000044
0.000044
0.000044
0.000044
0.000044
0.000044
0.000044
0.000044
0.000044
0.000044
0.000044
0.000044
0.000044
0.000044
0.000044
0.000044
0.000044
0.000044
0.000044
0.000044
0.000044
0.000044
0.000044
0.000044
0.000044
0.000044
0.000044
0.000044
0.000044
0.000044
0.000044
0.000044
0.000044
0.000044
0.000044
0.000044
0.000044
0.000044
0.000043
0.000043
0.000043
0.000043
0.000043
0.000043
0.000043
0.000043
0.000043
0.000043
0.000043
0.000043
0.000043
0.000043
0.000043
0.000043
0.000043
0.000043
0.000043
0.000043
0.000043
0.000043
0.000043
0.000043
0.000043
0.000043
0.000043
0.000043
0.000043
0.000043
0.000043
0.000043
0.000043
0.000043
0.000043
0.000043
0.000043
0.000043
0.000043
0.000043
0.000043
0.000043
0.000043
0.000043
0.000043
0.000043
0.000043
0.000043
0.000043
0.000043
0.000043
0.000043
0.000043
0.000043
0.000043
0.000043
0.000043
0.000043
0.000043
0.000043
0.000043
0.000043
0.000043
0.000043
0.000043
0.000043
0.000043
0.000043
0.000043
0.000043
0.000043
0.000043
0.000043
0.000043
0.000043
0.000043
0.000043
0.000043
0.000043
0.000043
0.000043
0.000043
0.000043
0.000043
0.000043
0.000043
0.000043
0.000043
0.000043
0.000043
0.000042
0.000042
0.000042
0.000042
0.000042
0.000042
0.000042
0.000042
0.000042
0.000042
0.000042
0.000042
0.000042
0.000042
0.000042
0.000042
0.000042
0.000042
0.000042
0.000042
0.000042
0.000042
0.000042
0.000042
0.000042
0.000042
0.000042
0.000042
0.000042
0.000042
0.000042
0.000042
0.000042
0.000042
0.000042
0.000042
0.000042
0.000042
0.000042
0.000042
0.000042
0.000042
0.000042
0.000042
0.000042
0.000042
0.000042
0.000042
0.000042
0.000042
0.000042
0.000042
0.000042
0.000042
0.000042
0.000042
0.000042
0.000042
0.000042
0.000042
0.000042
0.000042
0.000042
0.000042
0.000042
0.000042
0.000042
0.000042
0.000042
0.000042
0.000042
0.000042
0.000042
0.000042
0.000042
0.000042
0.000042
0.000042
0.000042
0.000042
0.000042
0.000042
0.000042
0.000042
0.000042
0.000042
0.000042
0.000042
0.000042
0.000042
0.000042
0.000042
0.000042
0.000042
0.000042
0.000041
0.000041
0.000041
0.000041
0.000041
0.000041
0.000041
0.000041
0.000041
0.000041
0.000041
0.000041
0.000041
0.000041
0.000041
0.000041
0.000041
0.000041
0.000041
0.000041
0.000041
0.000041
0.000041
0.000041
0.000041
0.000041
0.000041
0.000041
0.000041
0.000041
0.000041
0.000041
0.000041
0.000041
0.000041
0.000041
0.000041
0.000041
0.000041
0.000041
0.000041
0.000041
0.000041
0.000041
0.000041
0.000041
0.000041
0.000041
0.000041
0.000041
0.000041
0.000041
0.000041
0.000041
0.000041
0.000041
0.000041
0.000041
0.000041
0.000041
0.000041
0.000041
0.000041
0.000041
0.000041
0.000041
0.000041
0.000041
0.000041
0.000041
0.000041
0.000041
0.000041
0.000041
0.000041
0.000041
0.000041
0.000041
0.000041
0.000041
0.000041
0.000041
0.000041
0.000041
0.000041
0.000041
0.000041
0.000041
0.000041
0.000041
0.000041
0.000041
0.000041
0.000041
0.000041
0.000041
0.000041
0.000041
0.000041
0.000041
0.000040
0.000040
0.000040
0.000040
0.000040
0.000040
0.000040
0.000040
0.000040
0.000040
0.000040
0.000040
0.000040
0.000040
0.000040
0.000040
0.000040
0.000040
0.000040
0.000040
0.000040
0.000040
0.000040
0.000040
0.000040
0.000040
0.000040
0.000040
0.000040
0.000040
0.000040
0.000040
0.000040
0.000040
0.000040
0.000040
0.000040
0.000040
0.000040
0.000040
0.000040
0.000040
0.000040
0.000040
0.000040
0.000040
0.000040
0.000040
0.000040
0.000040
0.000040
0.000040
0.000040
0.000040
0.000040
0.000040
0.000040
0.000040
0.000040
0.000040
0.000040
0.000040
0.000040
0.000040
0.000040
0.000040
0.000040
0.000040
0.000040
0.000040
0.000040
0.000040
0.000040
0.000040
0.000040
0.000040
0.000040
0.000040
0.000040
0.000040
0.000040
0.000040
0.000040
0.000040
0.000040
0.000040
0.000040
0.000040
0.000040
0.000040
0.000040
0.000040
0.000040
0.000040
0.000040
0.000040
0.000040
0.000040
0.000040
0.000040
0.000040
0.000040
0.000040
0.000040
0.000040
0.000039
0.000039
0.000039
0.000039
0.000039
0.000039
0.000039
0.000039
0.000039
0.000039
0.000039
0.000039
0.000039
0.000039
0.000039
0.000039
0.000039
0.000039
0.000039
0.000039
0.000039
0.000039
0.000039
0.000039
0.000039
0.000039
0.000039
0.000039
0.000039
0.000039
0.000039
0.000039
0.000039
0.000039
0.000039
0.000039
0.000039
0.000039
0.000039
0.000039
0.000039
0.000039
0.000039
0.000039
0.000039
0.000039
0.000039
0.000039
0.000039
0.000039
0.000039
0.000039
0.000039
0.000039
0.000039
0.000039
0.000039
0.000039
0.000039
0.000039
0.000039
0.000039
0.000039
0.000039
0.000039
0.000039
0.000039
0.000039
0.000039
0.000039
0.000039
0.000039
0.000039
0.000039
0.000039
0.000039
0.000039
0.000039
0.000039
0.000039
0.000039
0.000039
0.000039
0.000039
0.000039
0.000039
0.000039
0.000039
0.000039
0.000039
0.000039
0.000039
0.000039
0.000039
0.000039
0.000039
0.000039
0.000039
0.000039
0.000039
0.000039
0.000039
0.000039
0.000039
0.000039
0.000039
0.000039
0.000039
0.000039
0.000039
0.000038
0.000038
0.000038
0.000038
0.000038
0.000038
0.000038
0.000038
0.000038
0.000038
0.000038
0.000038
0.000038
0.000038
0.000038
0.000038
0.000038
0.000038
0.000038
0.000038
0.000038
0.000038
0.000038
0.000038
0.000038
0.000038
0.000038
0.000038
0.000038
0.000038
0.000038
0.000038
0.000038
0.000038
0.000038
0.000038
0.000038
0.000038
0.000038
0.000038
0.000038
0.000038
0.000038
0.000038
0.000038
0.000038
0.000038
0.000038
0.000038
0.000038
0.000038
0.000038
0.000038
0.000038
0.000038
0.000038
0.000038
0.000038
0.000038
0.000038
0.000038
0.000038
0.000038
0.000038
0.000038
0.000038
0.000038
0.000038
0.000038
0.000038
0.000038
0.000038
0.000038
0.000038
0.000038
0.000038
0.000038
0.000038
0.000038
0.000038
0.000038
0.000038
0.000038
0.000038
0.000038
0.000038
0.000038
0.000038
0.000038
0.000038
0.000038
0.000038
0.000038
0.000038
0.000038
0.000038
0.000038
0.000038
0.000038
0.000038
0.000038
0.000038
0.000038
0.000038
0.000038
0.000038
0.000038
0.000038
0.000038
0.000038
0.000038
0.000038
0.000038
0.000038
0.000038
0.000038
0.000038
0.000037
0.000037
0.000037
0.000037
0.000037
0.000037
0.000037
0.000037
0.000037
0.000037
0.000037
0.000037
0.000037
0.000037
0.000037
0.000037
0.000037
0.000037
0.000037
0.000037
0.000037
0.000037
0.000037
0.000037
0.000037
0.000037
0.000037
0.000037
0.000037
0.000037
0.000037
0.000037
0.000037
0.000037
0.000037
0.000037
0.000037
0.000037
0.000037
0.000037
0.000037
0.000037
0.000037
0.000037
0.000037
0.000037
0.000037
0.000037
0.000037
0.000037
0.000037
0.000037
0.000037
0.000037
0.000037
0.000037
0.000037
0.000037
0.000037
0.000037
0.000037
0.000037
0.000037
0.000037
0.000037
0.000037
0.000037
0.000037
0.000037
0.000037
0.000037
0.000037
0.000037
0.000037
0.000037
0.000037
0.000037
0.000037
0.000037
0.000037
0.000037
0.000037
0.000037
0.000037
0.000037
0.000037
0.000037
0.000037
0.000037
0.000037
0.000037
0.000037
0.000037
0.000037
0.000037
0.000037
0.000037
0.000037
0.000037
0.000037
0.000037
0.000037
0.000037
0.000037
0.000037
0.000037
0.000037
0.000037
0.000037
0.000037
0.000037
0.000037
0.000037
0.000037
0.000037
0.000037
0.000037
0.000037
0.000037
0.000037
0.000037
0.000037
0.000036
0.000036
0.000036
0.000036
0.000036
0.000036
0.000036
0.000036
0.000036
0.000036
0.000036
0.000036
0.000036
0.000036
0.000036
0.000036
0.000036
0.000036
0.000036
0.000036
0.000036
0.000036
0.000036
0.000036
0.000036
0.000036
0.000036
0.000036
0.000036
0.000036
0.000036
0.000036
0.000036
0.000036
0.000036
0.000036
0.000036
0.000036
0.000036
0.000036
0.000036
0.000036
0.000036
0.000036
0.000036
0.000036
0.000036
0.000036
0.000036
0.000036
0.000036
0.000036
0.000036
0.000036
0.000036
0.000036
0.000036
0.000036
0.000036
0.000036
0.000036
0.000036
0.000036
0.000036
0.000036
0.000036
0.000036
0.000036
0.000036
0.000036
0.000036
0.000036
0.000036
0.000036
0.000036
0.000036
0.000036
0.000036
0.000036
0.000036
0.000036
0.000036
0.000036
0.000036
0.000036
0.000036
0.000036
0.000036
0.000036
0.000036
0.000036
0.000036
0.000036
0.000036
0.000036
0.000036
0.000036
0.000036
0.000036
0.000036
0.000036
0.000036
0.000036
0.000036
0.000036
0.000036
0.000036
0.000036
0.000036
0.000036
0.000036
0.000036
0.000036
0.000036
0.000036
0.000036
0.000036
0.000036
0.000036
0.000036
0.000036
0.000036
0.000036
0.000036
0.000036
0.000036
0.000036
0.000036
0.000036
0.000036
0.000035
0.000035
0.000035
0.000035
0.000035
0.000035
0.000035
0.000035
0.000035
0.000035
0.000035
0.000035
0.000035
0.000035
0.000035
0.000035
0.000035
0.000035
0.000035
0.000035
0.000035
0.000035
0.000035
0.000035
0.000035
0.000035
0.000035
0.000035
0.000035
0.000035
0.000035
0.000035
0.000035
0.000035
0.000035
0.000035
0.000035
0.000035
0.000035
0.000035
0.000035
0.000035
0.000035
0.000035
0.000035
0.000035
0.000035
0.000035
0.000035
0.000035
0.000035
0.000035
0.000035
0.000035
0.000035
0.000035
0.000035
0.000035
0.000035
0.000035
0.000035
0.000035
0.000035
0.000035
0.000035
0.000035
0.000035
0.000035
0.000035
0.000035
0.000035
0.000035
0.000035
0.000035
0.000035
0.000035
0.000035
0.000035
0.000035
0.000035
0.000035
0.000035
0.000035
0.000035
0.000035
0.000035
0.000035
0.000035
0.000035
0.000035
0.000035
0.000035
0.000035
0.000035
0.000035
0.000035
0.000035
0.000035
0.000035
0.000035
0.000035
0.000035
0.000035
0.000035
0.000035
0.000035
0.000035
0.000035
0.000035
0.000035
0.000035
0.000035
0.000035
0.000035
0.000035
0.000035
0.000035
0.000035
0.000035
0.000035
0.000035
0.000035
0.000035
0.000035
0.000035
0.000035
0.000035
0.000035
0.000035
0.000035
0.000035
0.000035
0.000035
0.000035
0.000035
0.000035
0.000035
0.000034
0.000034
0.000034
0.000034
0.000034
0.000034
0.000034
0.000034
0.000034
0.000034
0.000034
0.000034
0.000034
0.000034
0.000034
0.000034
0.000034
0.000034
0.000034
0.000034
0.000034
0.000034
0.000034
0.000034
0.000034
0.000034
0.000034
0.000034
0.000034
0.000034
0.000034
0.000034
0.000034
0.000034
0.000034
0.000034
0.000034
0.000034
0.000034
0.000034
0.000034
0.000034
0.000034
0.000034
0.000034
0.000034
0.000034
0.000034
0.000034
0.000034
0.000034
0.000034
0.000034
0.000034
0.000034
0.000034
0.000034
0.000034
0.000034
0.000034
0.000034
0.000034
0.000034
0.000034
0.000034
0.000034
0.000034
0.000034
0.000034
0.000034
0.000034
0.000034
0.000034
0.000034
0.000034
0.000034
0.000034
0.000034
0.000034
0.000034
0.000034
0.000034
0.000034
0.000034
0.000034
0.000034
0.000034
0.000034
0.000034
0.000034
0.000034
0.000034
0.000034
0.000034
0.000034
0.000034
0.000034
0.000034
0.000034
0.000034
0.000034
0.000034
0.000034
0.000034
0.000034
0.000034
0.000034
0.000034
0.000034
0.000034
0.000034
0.000034
0.000034
0.000034
0.000034
0.000034
0.000034
0.000034
0.000034
0.000034
0.000034
0.000034
0.000034
0.000034
0.000034
0.000034
0.000034
0.000034
0.000034
0.000034
0.000034
0.000034
0.000034
0.000034
0.000034
0.000034
0.000034
0.000034
0.000034
0.000034
0.000034
0.000034
0.000034
0.000034
0.000034
0.000034
0.000033
0.000033
0.000033
0.000033
0.000033
0.000033
0.000033
0.000033
0.000033
0.000033
0.000033
0.000033
0.000033
0.000033
0.000033
0.000033
0.000033
0.000033
0.000033
0.000033
0.000033
0.000033
0.000033
0.000033
0.000033
0.000033
0.000033
0.000033
0.000033
0.000033
0.000033
0.000033
0.000033
0.000033
0.000033
0.000033
0.000033
0.000033
0.000033
0.000033
0.000033
0.000033
0.000033
0.000033
0.000033
0.000033
0.000033
0.000033
0.000033
0.000033
0.000033
0.000033
0.000033
0.000033
0.000033
0.000033
0.000033
0.000033
0.000033
0.000033
0.000033
0.000033
0.000033
0.000033
0.000033
0.000033
0.000033
0.000033
0.000033
0.000033
0.000033
0.000033
0.000033
0.000033
0.000033
0.000033
0.000033
0.000033
0.000033
0.000033
0.000033
0.000033
0.000033
0.000033
0.000033
0.000033
0.000033
0.000033
0.000033
0.000033
0.000033
0.000033
0.000033
0.000033
0.000033
0.000033
0.000033
0.000033
0.000033
0.000033
0.000033
0.000033
0.000033
0.000033
0.000033
0.000033
0.000033
0.000033
0.000033
0.000033
0.000033
0.000033
0.000033
0.000033
0.000033
0.000033
0.000033
0.000033
0.000033
0.000033
0.000033
0.000033
0.000033
0.000033
0.000033
0.000033
0.000033
0.000033
0.000033
0.000033
0.000033
0.000033
0.000033
0.000033
0.000033
0.000033
0.000033
0.000033
0.000033
0.000033
0.000033
0.000033
0.000033
0.000033
0.000033
0.000033
0.000033
0.000033
0.000033
0.000033
0.000033
0.000033
0.000033
0.000033
0.000032
0.000032
0.000032
0.000032
0.000032
0.000032
0.000032
0.000032
0.000032
0.000032
0.000032
0.000032
0.000032
0.000032
0.000032
0.000032
0.000032
0.000032
0.000032
0.000032
0.000032
0.000032
0.000032
0.000032
0.000032
0.000032
0.000032
0.000032
0.000032
0.000032
0.000032
0.000032
0.000032
0.000032
0.000032
0.000032
0.000032
0.000032
0.000032
0.000032
0.000032
0.000032
0.000032
0.000032
0.000032
0.000032
0.000032
0.000032
0.000032
0.000032
0.000032
0.000032
0.000032
0.000032
0.000032
0.000032
0.000032
0.000032
0.000032
0.000032
0.000032
0.000032
0.000032
0.000032
0.000032
0.000032
0.000032
0.000032
0.000032
0.000032
0.000032
0.000032
0.000032
0.000032
0.000032
0.000032
0.000032
0.000032
0.000032
0.000032
0.000032
0.000032
0.000032
0.000032
0.000032
0.000032
0.000032
0.000032
0.000032
0.000032
0.000032
0.000032
0.000032
0.000032
0.000032
0.000032
0.000032
0.000032
0.000032
0.000032
0.000032
0.000032
0.000032
0.000032
0.000032
0.000032
0.000032
0.000032
0.000032
0.000032
0.000032
0.000032
0.000032
0.000032
0.000032
0.000032
0.000032
0.000032
0.000032
0.000032
0.000032
0.000032
0.000032
0.000032
0.000032
0.000032
0.000032
0.000032
0.000032
0.000032
0.000032
0.000032
0.000032
0.000032
0.000032
0.000032
0.000032
0.000032
0.000032
0.000032
0.000032
0.000032
0.000032
0.000032
0.000032
0.000032
0.000032
0.000032
0.000032
0.000032
0.000032
0.000032
0.000032
0.000032
0.000032
0.000032
0.000032
0.000032
0.000032
0.000032
0.000032
0.000032
0.000032
0.000032
0.000032
0.000031
0.000031
0.000031
0.000031
0.000031
0.000031
0.000031
0.000031
0.000031
0.000031
0.000031
0.000031
0.000031
0.000031
0.000031
0.000031
0.000031
0.000031
0.000031
0.000031
0.000031
0.000031
0.000031
0.000031
0.000031
0.000031
0.000031
0.000031
0.000031
0.000031
0.000031
0.000031
0.000031
0.000031
0.000031
0.000031
0.000031
0.000031
0.000031
0.000031
0.000031
0.000031
0.000031
0.000031
0.000031
0.000031
0.000031
0.000031
0.000031
0.000031
0.000031
0.000031
0.000031
0.000031
0.000031
0.000031
0.000031
0.000031
0.000031
0.000031
0.000031
0.000031
0.000031
0.000031
0.000031
0.000031
0.000031
0.000031
0.000031
0.000031
0.000031
0.000031
0.000031
0.000031
0.000031
0.000031
0.000031
0.000031
0.000031
0.000031
0.000031
0.000031
0.000031
0.000031
0.000031
0.000031
0.000031
0.000031
0.000031
0.000031
0.000031
0.000031
0.000031
0.000031
0.000031
0.000031
0.000031
0.000031
0.000031
0.000031
0.000031
0.000031
0.000031
0.000031
0.000031
0.000031
0.000031
0.000031
0.000031
0.000031
0.000031
0.000031
0.000031
0.000031
0.000031
0.000031
0.000031
0.000031
0.000031
0.000031
0.000031
0.000031
0.000031
0.000031
0.000031
0.000031
0.000031
0.000031
0.000031
0.000031
0.000031
0.000031
0.000031
0.000031
0.000031
0.000031
0.000031
0.000031
0.000031
0.000031
0.000031
0.000031
0.000031
0.000031
0.000031
0.000031
0.000031
0.000031
0.000031
0.000031
0.000031
0.000031
0.000031
0.000031
0.000031
0.000031
0.000031
0.000031
0.000031
0.000031
0.000031
0.000031
0.000031
0.000031
0.000031
0.000031
0.000031
0.000031
0.000031
0.000031
0.000031
0.000031
0.000031
0.000031
0.000031
0.000030
0.000030
0.000030
0.000030
0.000030
0.000030
0.000030
0.000030
0.000030
0.000030
0.000030
0.000030
0.000030
0.000030
0.000030
0.000030
0.000030
0.000030
0.000030
0.000030
0.000030
0.000030
0.000030
0.000030
0.000030
0.000030
0.000030
0.000030
0.000030
0.000030
0.000030
0.000030
0.000030
0.000030
0.000030
0.000030
0.000030
0.000030
0.000030
0.000030
0.000030
0.000030
0.000030
0.000030
0.000030
0.000030
0.000030
0.000030
0.000030
0.000030
0.000030
0.000030
0.000030
0.000030
0.000030
0.000030
0.000030
0.000030
0.000030
0.000030
0.000030
0.000030
0.000030
0.000030
0.000030
0.000030
0.000030
0.000030
0.000030
0.000030
0.000030
0.000030
0.000030
0.000030
0.000030
0.000030
0.000030
0.000030
0.000030
0.000030
0.000030
0.000030
0.000030
0.000030
0.000030
0.000030
0.000030
0.000030
0.000030
0.000030
0.000030
0.000030
0.000030
0.000030
0.000030
0.000030
0.000030
0.000030
0.000030
0.000030
0.000030
0.000030
0.000030
0.000030
0.000030
0.000030
0.000030
0.000030
0.000030
0.000030
0.000030
0.000030
0.000030
0.000030
0.000030
0.000030
0.000030
0.000030
0.000030
0.000030
0.000030
0.000030
0.000030
0.000030
0.000030
0.000030
0.000030
0.000030
0.000030
0.000030
0.000030
0.000030
0.000030
0.000030
0.000030
0.000030
0.000030
0.000030
0.000030
0.000030
0.000030
0.000030
0.000030
0.000030
0.000030
0.000030
0.000030
0.000030
0.000030
0.000030
0.000030
0.000030
0.000030
0.000030
0.000030
0.000030
0.000030
0.000030
0.000030
0.000030
0.000030
0.000030
0.000030
0.000030
0.000030
0.000030
0.000030
0.000030
0.000030
0.000030
0.000030
0.000030
0.000030
0.000030
0.000030
0.000030
0.000030
0.000030
0.000030
0.000030
0.000030
0.000030
0.000030
0.000030
0.000030
0.000030
0.000030
0.000029
0.000029
0.000029
0.000029
0.000029
0.000029
0.000029
0.000029
0.000029
0.000029
0.000029
0.000029
0.000029
0.000029
0.000029
0.000029
0.000029
0.000029
0.000029
0.000029
0.000029
0.000029
0.000029
0.000029
0.000029
0.000029
0.000029
0.000029
0.000029
0.000029
0.000029
0.000029
0.000029
0.000029
0.000029
0.000029
0.000029
0.000029
0.000029
0.000029
0.000029
0.000029
0.000029
0.000029
0.000029
0.000029
0.000029
0.000029
0.000029
0.000029
0.000029
0.000029
0.000029
0.000029
0.000029
0.000029
0.000029
0.000029
0.000029
0.000029
0.000029
0.000029
0.000029
0.000029
0.000029
0.000029
0.000029
0.000029
0.000029
0.000029
0.000029
0.000029
0.000029
0.000029
0.000029
0.000029
0.000029
0.000029
0.000029
0.000029
0.000029
0.000029
0.000029
0.000029
0.000029
0.000029
0.000029
0.000029
0.000029
0.000029
0.000029
0.000029
0.000029
0.000029
0.000029
0.000029
0.000029
0.000029
0.000029
0.000029
0.000029
0.000029
0.000029
0.000029
0.000029
0.000029
0.000029
0.000029
0.000029
0.000029
0.000029
0.000029
0.000029
0.000029
0.000029
0.000029
0.000029
0.000029
0.000029
0.000029
0.000029
0.000029
0.000029
0.000029
0.000029
0.000029
0.000029
0.000029
0.000029
0.000029
0.000029
0.000029
0.000029
0.000029
0.000029
0.000029
0.000029
0.000029
0.000029
0.000029
0.000029
0.000029
0.000029
0.000029
0.000029
0.000029
0.000029
0.000029
0.000029
0.000029
0.000029
0.000029
0.000029
0.000029
0.000029
0.000029
0.000029
0.000029
0.000029
0.000029
0.000029
0.000029
0.000029
0.000029
0.000029
0.000029
0.000029
0.000029
0.000029
0.000029
0.000029
0.000029
0.000029
0.000029
0.000029
0.000029
0.000029
0.000029
0.000029
0.000029
0.000029
0.000029
0.000029
0.000029
0.000029
0.000029
0.000029
0.000029
0.000029
0.000029
0.000029
0.000029
0.000029
0.000029
0.000029
0.000029
0.000029
0.000029
0.000029
0.000029
0.000029
0.000028
0.000028
0.000028
0.000028
0.000028
0.000028
0.000028
0.000028
0.000028
0.000028
0.000028
0.000028
0.000028
0.000028
0.000028
0.000028
0.000028
0.000028
0.000028
0.000028
0.000028
0.000028
0.000028
0.000028
0.000028
0.000028
0.000028
0.000028
0.000028
0.000028
0.000028
0.000028
0.000028
0.000028
0.000028
0.000028
0.000028
0.000028
0.000028
0.000028
0.000028
0.000028
0.000028
0.000028
0.000028
0.000028
0.000028
0.000028
0.000028
0.000028
0.000028
0.000028
0.000028
0.000028
0.000028
0.000028
0.000028
0.000028
0.000028
0.000028
0.000028
0.000028
0.000028
0.000028
0.000028
0.000028
0.000028
0.000028
0.000028
0.000028
0.000028
0.000028
0.000028
0.000028
0.000028
0.000028
0.000028
0.000028
0.000028
0.000028
0.000028
0.000028
0.000028
0.000028
0.000028
0.000028
0.000028
0.000028
0.000028
0.000028
0.000028
0.000028
0.000028
0.000028
0.000028
0.000028
0.000028
0.000028
0.000028
0.000028
0.000028
0.000028
0.000028
0.000028
0.000028
0.000028
0.000028
0.000028
0.000028
0.000028
0.000028
0.000028
0.000028
0.000028
0.000028
0.000028
0.000028
0.000028
0.000028
0.000028
0.000028
0.000028
0.000028
0.000028
0.000028
0.000028
0.000028
0.000028
0.000028
0.000028
0.000028
0.000028
0.000028
0.000028
0.000028
0.000028
0.000028
0.000028
0.000028
0.000028
0.000028
0.000028
0.000028
0.000028
0.000028
0.000028
0.000028
0.000028
0.000028
0.000028
0.000028
0.000028
0.000028
0.000028
0.000028
0.000028
0.000028
0.000028
0.000028
0.000028
0.000028
0.000028
0.000028
0.000028
0.000028
0.000028
0.000028
0.000028
0.000028
0.000028
0.000028
0.000028
0.000028
0.000028
0.000028
0.000028
0.000028
0.000028
0.000028
0.000028
0.000028
0.000028
0.000028
0.000028
0.000028
0.000028
0.000028
0.000028
0.000028
0.000028
0.000028
0.000028
0.000028
0.000028
0.000028
0.000028
0.000028
0.000028
0.000028
0.000028
0.000028
0.000028
0.000028
0.000028
0.000028
0.000028
0.000028
0.000028
0.000028
0.000028
0.000028
0.000028
0.000028
0.000028
0.000028
0.000027
0.000027
0.000027
0.000027
0.000027
0.000027
0.000027
0.000027
0.000027
0.000027
0.000027
0.000027
0.000027
0.000027
0.000027
0.000027
0.000027
0.000027
0.000027
0.000027
0.000027
0.000027
0.000027
0.000027
0.000027
0.000027
0.000027
0.000027
0.000027
0.000027
0.000027
0.000027
0.000027
0.000027
0.000027
0.000027
0.000027
0.000027
0.000027
0.000027
0.000027
0.000027
0.000027
0.000027
0.000027
0.000027
0.000027
0.000027
0.000027
0.000027
0.000027
0.000027
0.000027
0.000027
0.000027
0.000027
0.000027
0.000027
0.000027
0.000027
0.000027
0.000027
0.000027
0.000027
0.000027
0.000027
0.000027
0.000027
0.000027
0.000027
0.000027
0.000027
0.000027
0.000027
0.000027
0.000027
0.000027
0.000027
0.000027
0.000027
0.000027
0.000027
0.000027
0.000027
0.000027
0.000027
0.000027
0.000027
0.000027
0.000027
0.000027
0.000027
0.000027
0.000027
0.000027
0.000027
0.000027
0.000027
0.000027
0.000027
0.000027
0.000027
0.000027
0.000027
0.000027
0.000027
0.000027
0.000027
0.000027
0.000027
0.000027
0.000027
0.000027
0.000027
0.000027
0.000027
0.000027
0.000027
0.000027
0.000027
0.000027
0.000027
0.000027
0.000027
0.000027
0.000027
0.000027
0.000027
0.000027
0.000027
0.000027
0.000027
0.000027
0.000027
0.000027
0.000027
0.000027
0.000027
0.000027
0.000027
0.000027
0.000027
0.000027
0.000027
0.000027
0.000027
0.000027
0.000027
0.000027
0.000027
0.000027
0.000027
0.000027
0.000027
0.000027
0.000027
0.000027
0.000027
0.000027
0.000027
0.000027
0.000027
0.000027
0.000027
0.000027
0.000027
0.000027
0.000027
0.000027
0.000027
0.000027
0.000027
0.000027
0.000027
0.000027
0.000027
0.000027
0.000027
0.000027
0.000027
0.000027
0.000027
0.000027
0.000027
0.000027
0.000027
0.000027
0.000027
0.000027
0.000027
0.000027
0.000027
0.000027
0.000027
0.000027
0.000027
0.000027
0.000027
0.000027
0.000027
0.000027
0.000027
0.000027
0.000027
0.000027
0.000027
0.000027
0.000027
0.000027
0.000027
0.000027
0.000027
0.000027
0.000027
0.000027
0.000027
0.000027
0.000027
0.000027
0.000027
0.000027
0.000027
0.000027
0.000027
0.000027
0.000027
0.000027
0.000027
0.000027
0.000027
0.000027
0.000027
0.000026
0.000026
0.000026
0.000026
0.000026
0.000026
0.000026
0.000026
0.000026
0.000026
0.000026
0.000026
0.000026
0.000026
0.000026
0.000026
0.000026
0.000026
0.000026
0.000026
0.000026
0.000026
0.000026
0.000026
0.000026
0.000026
0.000026
0.000026
0.000026
0.000026
0.000026
0.000026
0.000026
0.000026
0.000026
0.000026
0.000026
0.000026
0.000026
0.000026
0.000026
0.000026
0.000026
0.000026
0.000026
0.000026
0.000026
0.000026
0.000026
0.000026
0.000026
0.000026
0.000026
0.000026
0.000026
0.000026
0.000026
0.000026
0.000026
0.000026
0.000026
0.000026
0.000026
0.000026
0.000026
0.000026
0.000026
0.000026
0.000026
0.000026
0.000026
0.000026
0.000026
0.000026
0.000026
0.000026
0.000026
0.000026
0.000026
0.000026
0.000026
0.000026
0.000026
0.000026
0.000026
0.000026
0.000026
0.000026
0.000026
0.000026
0.000026
0.000026
0.000026
0.000026
0.000026
0.000026
0.000026
0.000026
0.000026
0.000026
0.000026
0.000026
0.000026
0.000026
0.000026
0.000026
0.000026
0.000026
0.000026
0.000026
0.000026
0.000026
0.000026
0.000026
0.000026
0.000026
0.000026
0.000026
0.000026
0.000026
0.000026
0.000026
0.000026
0.000026
0.000026
0.000026
0.000026
0.000026
0.000026
0.000026
0.000026
0.000026
0.000026
0.000026
0.000026
0.000026
0.000026
0.000026
0.000026
0.000026
0.000026
0.000026
0.000026
0.000026
0.000026
0.000026
0.000026
0.000026
0.000026
0.000026
0.000026
0.000026
0.000026
0.000026
0.000026
0.000026
0.000026
0.000026
0.000026
0.000026
0.000026
0.000026
0.000026
0.000026
0.000026
0.000026
0.000026
0.000026
0.000026
0.000026
0.000026
0.000026
0.000026
0.000026
0.000026
0.000026
0.000026
0.000026
0.000026
0.000026
0.000026
0.000026
0.000026
0.000026
0.000026
0.000026
0.000026
0.000026
0.000026
0.000026
0.000026
0.000026
0.000026
0.000026
0.000026
0.000026
0.000026
0.000026
0.000026
0.000026
0.000026
0.000026
0.000026
0.000026
0.000026
0.000026
0.000026
0.000026
0.000026
0.000026
0.000026
0.000026
0.000026
0.000026
0.000026
0.000026
0.000026
0.000026
0.000026
0.000026
0.000026
0.000026
0.000026
0.000026
0.000026
0.000026
0.000026
0.000026
0.000026
0.000026
0.000026
0.000026
0.000026
0.000026
0.000026
0.000026
0.000026
0.000026
0.000026
0.000026
0.000026
0.000026
0.000026
0.000026
0.000026
0.000026
0.000026
0.000026
0.000026
0.000026
0.000025
0.000025
0.000025
0.000025
0.000025
0.000025
0.000025
0.000025
0.000025
0.000025
0.000025
0.000025
0.000025
0.000025
0.000025
0.000025
0.000025
0.000025
0.000025
0.000025
0.000025
0.000025
0.000025
0.000025
0.000025
0.000025
0.000025
0.000025
0.000025
0.000025
0.000025
0.000025
0.000025
0.000025
0.000025
0.000025
0.000025
0.000025
0.000025
0.000025
0.000025
0.000025
0.000025
0.000025
0.000025
0.000025
0.000025
0.000025
0.000025
0.000025
0.000025
0.000025
0.000025
0.000025
0.000025
0.000025
0.000025
0.000025
0.000025
0.000025
0.000025
0.000025
0.000025
0.000025
0.000025
0.000025
0.000025
0.000025
0.000025
0.000025
0.000025
0.000025
0.000025
0.000025
0.000025
0.000025
0.000025
0.000025
0.000025
0.000025
0.000025
0.000025
0.000025
0.000025
0.000025
0.000025
0.000025
0.000025
0.000025
0.000025
0.000025
0.000025
0.000025
0.000025
0.000025
0.000025
0.000025
0.000025
0.000025
0.000025
0.000025
0.000025
0.000025
0.000025
0.000025
0.000025
0.000025
0.000025
0.000025
0.000025
0.000025
0.000025
0.000025
0.000025
0.000025
0.000025
0.000025
0.000025
0.000025
0.000025
0.000025
0.000025
0.000025
0.000025
0.000025
0.000025
0.000025
0.000025
0.000025
0.000025
0.000025
0.000025
0.000025
0.000025
0.000025
0.000025
0.000025
0.000025
0.000025
0.000025
0.000025
0.000025
0.000025
0.000025
0.000025
0.000025
0.000025
0.000025
0.000025
0.000025
0.000025
0.000025
0.000025
0.000025
0.000025
0.000025
0.000025
0.000025
0.000025
0.000025
0.000025
0.000025
0.000025
0.000025
0.000025
0.000025
0.000025
0.000025
0.000025
0.000025
0.000025
0.000025
0.000025
0.000025
0.000025
0.000025
0.000025
0.000025
0.000025
0.000025
0.000025
0.000025
0.000025
0.000025
0.000025
0.000025
0.000025
0.000025
0.000025
0.000025
0.000025
0.000025
0.000025
0.000025
0.000025
0.000025
0.000025
0.000025
0.000025
0.000025
0.000025
0.000025
0.000025
0.000025
0.000025
0.000025
0.000025
0.000025
0.000025
0.000025
0.000025
0.000025
0.000025
0.000025
0.000025
0.000025
0.000025
0.000025
0.000025
0.000025
0.000025
0.000025
0.000025
0.000025
0.000025
0.000025
0.000025
0.000025
0.000025
0.000025
0.000025
0.000025
0.000025
0.000025
0.000025
0.000025
0.000025
0.000025
0.000025
0.000025
0.000025
0.000025
0.000025
0.000025
0.000025
0.000025
0.000025
0.000025
0.000025
0.000025
0.000025
0.000025
0.000025
0.000025
0.000025
0.000025
0.000025
0.000025
0.000025
0.000025
0.000025
0.000025
0.000025
0.000025
0.000025
0.000025
0.000025
0.000025
0.000025
0.000025
0.000024
0.000024
0.000024
0.000024
0.000024
0.000024
0.000024
0.000024
0.000024
0.000024
0.000024
0.000024
0.000024
0.000024
0.000024
0.000024
0.000024
0.000024
0.000024
0.000024
0.000024
0.000024
0.000024
0.000024
0.000024
0.000024
0.000024
0.000024
0.000024
0.000024
0.000024
0.000024
0.000024
0.000024
0.000024
0.000024
0.000024
0.000024
0.000024
0.000024
0.000024
0.000024
0.000024
0.000024
0.000024
0.000024
0.000024
0.000024
0.000024
0.000024
0.000024
0.000024
0.000024
0.000024
0.000024
0.000024
0.000024
0.000024
0.000024
0.000024
0.000024
0.000024
0.000024
0.000024
0.000024
0.000024
0.000024
0.000024
0.000024
0.000024
0.000024
0.000024
0.000024
0.000024
0.000024
0.000024
0.000024
0.000024
0.000024
0.000024
0.000024
0.000024
0.000024
0.000024
0.000024
0.000024
0.000024
0.000024
0.000024
0.000024
0.000024
0.000024
0.000024
0.000024
0.000024
0.000024
0.000024
0.000024
0.000024
0.000024
0.000024
0.000024
0.000024
0.000024
0.000024
0.000024
0.000024
0.000024
0.000024
0.000024
0.000024
0.000024
0.000024
0.000024
0.000024
0.000024
0.000024
0.000024
0.000024
0.000024
0.000024
0.000024
0.000024
0.000024
0.000024
0.000024
0.000024
0.000024
0.000024
0.000024
0.000024
0.000024
0.000024
0.000024
0.000024
0.000024
0.000024
0.000024
0.000024
0.000024
0.000024
0.000024
0.000024
0.000024
0.000024
0.000024
0.000024
0.000024
0.000024
0.000024
0.000024
0.000024
0.000024
0.000024
0.000024
0.000024
0.000024
0.000024
0.000024
0.000024
0.000024
0.000024
0.000024
0.000024
0.000024
0.000024
0.000024
0.000024
0.000024
0.000024
0.000024
0.000024
0.000024
0.000024
0.000024
0.000024
0.000024
0.000024
0.000024
0.000024
0.000024
0.000024
0.000024
0.000024
0.000024
0.000024
0.000024
0.000024
0.000024
0.000024
0.000024
0.000024
0.000024
0.000024
0.000024
0.000024
0.000024
0.000024
0.000024
0.000024
0.000024
0.000024
0.000024
0.000024
0.000024
0.000024
0.000024
0.000024
0.000024
0.000024
0.000024
0.000024
0.000024
0.000024
0.000024
0.000024
0.000024
0.000024
0.000024
0.000024
0.000024
0.000024
0.000024
0.000024
0.000024
0.000024
0.000024
0.000024
0.000024
0.000024
0.000024
0.000024
0.000024
0.000024
0.000024
0.000024
0.000024
0.000024
0.000024
0.000024
0.000024
0.000024
0.000024
0.000024
0.000024
0.000024
0.000024
0.000024
0.000024
0.000024
0.000024
0.000024
0.000024
0.000024
0.000024
0.000024
0.000024
0.000024
0.000024
0.000024
0.000024
0.000024
0.000024
0.000024
0.000024
0.000024
0.000024
0.000024
0.000024
0.000024
0.000024
0.000024
0.000024
0.000024
0.000024
0.000024
0.000024
0.000024
0.000024
0.000024
0.000024
0.000024
0.000024
0.000024
0.000024
0.000024
0.000024
0.000024
0.000024
0.000024
0.000024
0.000024
0.000024
0.000024
0.000023
0.000023
0.000023
0.000023
0.000023
0.000023
0.000023
0.000023
0.000023
0.000023
0.000023
0.000023
0.000023
0.000023
0.000023
0.000023
0.000023
0.000023
0.000023
0.000023
0.000023
0.000023
0.000023
0.000023
0.000023
0.000023
0.000023
0.000023
0.000023
0.000023
0.000023
0.000023
0.000023
0.000023
0.000023
0.000023
0.000023
0.000023
0.000023
0.000023
0.000023
0.000023
0.000023
0.000023
0.000023
0.000023
0.000023
0.000023
0.000023
0.000023
0.000023
0.000023
0.000023
0.000023
0.000023
0.000023
0.000023
0.000023
0.000023
0.000023
0.000023
0.000023
0.000023
0.000023
0.000023
0.000023
0.000023
0.000023
0.000023
0.000023
0.000023
0.000023
0.000023
0.000023
0.000023
0.000023
0.000023
0.000023
0.000023
0.000023
0.000023
0.000023
0.000023
0.000023
0.000023
0.000023
0.000023
0.000023
0.000023
0.000023
0.000023
0.000023
0.000023
0.000023
0.000023
0.000023
0.000023
0.000023
0.000023
0.000023
0.000023
0.000023
0.000023
0.000023
0.000023
0.000023
0.000023
0.000023
0.000023
0.000023
0.000023
0.000023
0.000023
0.000023
0.000023
0.000023
0.000023
0.000023
0.000023
0.000023
0.000023
0.000023
0.000023
0.000023
0.000023
0.000023
0.000023
0.000023
0.000023
0.000023
0.000023
0.000023
0.000023
0.000023
0.000023
0.000023
0.000023
0.000023
0.000023
0.000023
0.000023
0.000023
0.000023
0.000023
0.000023
0.000023
0.000023
0.000023
0.000023
0.000023
0.000023
0.000023
0.000023
0.000023
0.000023
0.000023
0.000023
0.000023
0.000023
0.000023
0.000023
0.000023
0.000023
0.000023
0.000023
0.000023
0.000023
0.000023
0.000023
0.000023
0.000023
0.000023
0.000023
0.000023
0.000023
0.000023
0.000023
0.000023
0.000023
0.000023
0.000023
0.000023
0.000023
0.000023
0.000023
0.000023
0.000023
0.000023
0.000023
0.000023
0.000023
0.000023
0.000023
0.000023
0.000023
0.000023
0.000023
0.000023
0.000023
0.000023
0.000023
0.000023
0.000023
0.000023
0.000023
0.000023
0.000023
0.000023
0.000023
0.000023
0.000023
0.000023
0.000023
0.000023
0.000023
0.000023
0.000023
0.000023
0.000023
0.000023
0.000023
0.000023
0.000023
0.000023
0.000023
0.000023
0.000023
0.000023
0.000023
0.000023
0.000023
0.000023
0.000023
0.000023
0.000023
0.000023
0.000023
0.000023
0.000023
0.000023
0.000023
0.000023
0.000023
0.000023
0.000023
0.000023
0.000023
0.000023
0.000023
0.000023
0.000023
0.000023
0.000023
0.000023
0.000023
0.000023
0.000023
0.000023
0.000023
0.000023
0.000023
0.000023
0.000023
0.000023
0.000023
0.000023
0.000023
0.000023
0.000023
0.000023
0.000023
0.000023
0.000023
0.000023
0.000023
0.000023
0.000023
0.000023
0.000023
0.000023
0.000023
0.000023
0.000023
0.000023
0.000023
0.000023
0.000023
0.000023
0.000023
0.000023
0.000023
0.000023
0.000023
0.000023
0.000023
0.000023
0.000023
0.000023
0.000023
0.000023
0.000023
0.000023
0.000023
0.000023
0.000023
0.000023
0.000023
0.000023
0.000023
0.000023
0.000023
0.000023
0.000023
0.000023
0.000023
0.000023
0.000023
0.000023
0.000023
0.000023
0.000022
0.000022
0.000022
0.000022
0.000022
0.000022
0.000022
0.000022
0.000022
0.000022
0.000022
0.000022
0.000022
0.000022
0.000022
0.000022
0.000022
0.000022
0.000022
0.000022
0.000022
0.000022
0.000022
0.000022
0.000022
0.000022
0.000022
0.000022
0.000022
0.000022
0.000022
0.000022
0.000022
0.000022
0.000022
0.000022
0.000022
0.000022
0.000022
0.000022
0.000022
0.000022
0.000022
0.000022
0.000022
0.000022
0.000022
0.000022
0.000022
0.000022
0.000022
0.000022
0.000022
0.000022
0.000022
0.000022
0.000022
0.000022
0.000022
0.000022
0.000022
0.000022
0.000022
0.000022
0.000022
0.000022
0.000022
0.000022
0.000022
0.000022
0.000022
0.000022
0.000022
0.000022
0.000022
0.000022
0.000022
0.000022
0.000022
0.000022
0.000022
0.000022
0.000022
0.000022
0.000022
0.000022
0.000022
0.000022
0.000022
0.000022
0.000022
0.000022
0.000022
0.000022
0.000022
0.000022
0.000022
0.000022
0.000022
0.000022
0.000022
0.000022
0.000022
0.000022
0.000022
0.000022
0.000022
0.000022
0.000022
0.000022
0.000022
0.000022
0.000022
0.000022
0.000022
0.000022
0.000022
0.000022
0.000022
0.000022
0.000022
0.000022
0.000022
0.000022
0.000022
0.000022
0.000022
0.000022
0.000022
0.000022
0.000022
0.000022
0.000022
0.000022
0.000022
0.000022
0.000022
0.000022
0.000022
0.000022
0.000022
0.000022
0.000022
0.000022
0.000022
0.000022
0.000022
0.000022
0.000022
0.000022
0.000022
0.000022
0.000022
0.000022
0.000022
0.000022
0.000022
0.000022
0.000022
0.000022
0.000022
0.000022
0.000022
0.000022
0.000022
0.000022
0.000022
0.000022
0.000022
0.000022
0.000022
0.000022
0.000022
0.000022
0.000022
0.000022
0.000022
0.000022
0.000022
0.000022
0.000022
0.000022
0.000022
0.000022
0.000022
0.000022
0.000022
0.000022
0.000022
0.000022
0.000022
0.000022
0.000022
0.000022
0.000022
0.000022
0.000022
0.000022
0.000022
0.000022
0.000022
0.000022
0.000022
0.000022
0.000022
0.000022
0.000022
0.000022
0.000022
0.000022
0.000022
0.000022
0.000022
0.000022
0.000022
0.000022
0.000022
0.000022
0.000022
0.000022
0.000022
0.000022
0.000022
0.000022
0.000022
0.000022
0.000022
0.000022
0.000022
0.000022
0.000022
0.000022
0.000022
0.000022
0.000022
0.000022
0.000022
0.000022
0.000022
0.000022
0.000022
0.000022
0.000022
0.000022
0.000022
0.000022
0.000022
0.000022
0.000022
0.000022
0.000022
0.000022
0.000022
0.000022
0.000022
0.000022
0.000022
0.000022
0.000022
0.000022
0.000022
0.000022
0.000022
0.000022
0.000022
0.000022
0.000022
0.000022
0.000022
0.000022
0.000022
0.000022
0.000022
0.000022
0.000022
0.000022
0.000022
0.000022
0.000022
0.000022
0.000022
0.000022
0.000022
0.000022
0.000022
0.000022
0.000022
0.000022
0.000022
0.000022
0.000022
0.000022
0.000022
0.000022
0.000022
0.000022
0.000022
0.000022
0.000022
0.000022
0.000022
0.000022
0.000022
0.000022
0.000022
0.000022
0.000022
0.000022
0.000022
0.000022
0.000022
0.000022
0.000022
0.000022
0.000022
0.000022
0.000022
0.000022
0.000022
0.000022
0.000022
0.000022
0.000022
0.000022
0.000022
0.000022
0.000022
0.000022
0.000022
0.000022
0.000022
0.000022
0.000022
0.000022
0.000022
0.000022
0.000022
0.000022
0.000022
0.000022
0.000022
0.000022
0.000022
0.000022
0.000022
0.000022
0.000022
0.000022
0.000022
0.000022
0.000021
0.000021
0.000021
0.000021
0.000021
0.000021
0.000021
0.000021
0.000021
0.000021
0.000021
0.000021
0.000021
0.000021
0.000021
0.000021
0.000021
0.000021
0.000021
0.000021
0.000021
0.000021
0.000021
0.000021
0.000021
0.000021
0.000021
0.000021
0.000021
0.000021
0.000021
0.000021
0.000021
0.000021
0.000021
0.000021
0.000021
0.000021
0.000021
0.000021
0.000021
0.000021
0.000021
0.000021
0.000021
0.000021
0.000021
0.000021
0.000021
0.000021
0.000021
0.000021
0.000021
0.000021
0.000021
0.000021
0.000021
0.000021
0.000021
0.000021
0.000021
0.000021
0.000021
0.000021
0.000021
0.000021
0.000021
0.000021
0.000021
0.000021
0.000021
0.000021
0.000021
0.000021
0.000021
0.000021
0.000021
0.000021
0.000021
0.000021
0.000021
0.000021
0.000021
0.000021
0.000021
0.000021
0.000021
0.000021
0.000021
0.000021
0.000021
0.000021
0.000021
0.000021
0.000021
0.000021
0.000021
0.000021
0.000021
0.000021
0.000021
0.000021
0.000021
0.000021
0.000021
0.000021
0.000021
0.000021
0.000021
0.000021
0.000021
0.000021
0.000021
0.000021
0.000021
0.000021
0.000021
0.000021
0.000021
0.000021
0.000021
0.000021
0.000021
0.000021
0.000021
0.000021
0.000021
0.000021
0.000021
0.000021
0.000021
0.000021
0.000021
0.000021
0.000021
0.000021
0.000021
0.000021
0.000021
0.000021
0.000021
0.000021
0.000021
0.000021
0.000021
0.000021
0.000021
0.000021
0.000021
0.000021
0.000021
0.000021
0.000021
0.000021
0.000021
0.000021
0.000021
0.000021
0.000021
0.000021
0.000021
0.000021
0.000021
0.000021
0.000021
0.000021
0.000021
0.000021
0.000021
0.000021
0.000021
0.000021
0.000021
0.000021
0.000021
0.000021
0.000021
0.000021
0.000021
0.000021
0.000021
0.000021
0.000021
0.000021
0.000021
0.000021
0.000021
0.000021
0.000021
0.000021
0.000021
0.000021
0.000021
0.000021
0.000021
0.000021
0.000021
0.000021
0.000021
0.000021
0.000021
0.000021
0.000021
0.000021
0.000021
0.000021
0.000021
0.000021
0.000021
0.000021
0.000021
0.000021
0.000021
0.000021
0.000021
0.000021
0.000021
0.000021
0.000021
0.000021
0.000021
0.000021
0.000021
0.000021
0.000021
0.000021
0.000021
0.000021
0.000021
0.000021
0.000021
0.000021
0.000021
0.000021
0.000021
0.000021
0.000021
0.000021
0.000021
0.000021
0.000021
0.000021
0.000021
0.000021
0.000021
0.000021
0.000021
0.000021
0.000021
0.000021
0.000021
0.000021
0.000021
0.000021
0.000021
0.000021
0.000021
0.000021
0.000021
0.000021
0.000021
0.000021
0.000021
0.000021
0.000021
0.000021
0.000021
0.000021
0.000021
0.000021
0.000021
0.000021
0.000021
0.000021
0.000021
0.000021
0.000021
0.000021
0.000021
0.000021
0.000021
0.000021
0.000021
0.000021
0.000021
0.000021
0.000021
0.000021
0.000021
0.000021
0.000021
0.000021
0.000021
0.000021
0.000021
0.000021
0.000021
0.000021
0.000021
0.000021
0.000021
0.000021
0.000021
0.000021
0.000021
0.000021
0.000021
0.000021
0.000021
0.000021
0.000021
0.000021
0.000021
0.000021
0.000021
0.000021
0.000021
0.000021
0.000021
0.000021
0.000021
0.000021
0.000021
0.000021
0.000021
0.000021
0.000021
0.000021
0.000021
0.000021
0.000021
0.000021
0.000021
0.000021
0.000021
0.000021
0.000021
0.000021
0.000021
0.000021
0.000021
0.000021
0.000021
0.000021
0.000021
0.000021
0.000021
0.000021
0.000021
0.000021
0.000021
0.000021
0.000021
0.000021
0.000021
0.000021
0.000021
0.000021
0.000021
0.000021
0.000021
0.000021
0.000021
0.000021
0.000021
0.000021
0.000021
0.000021
0.000021
0.000021
0.000021
0.000021
0.000021
0.000021
0.000021
0.000021
0.000021
0.000021
0.000021
0.000021
0.000021
0.000021
0.000021
0.000021
0.000020
0.000020
0.000020
0.000020
0.000020
0.000020
0.000020
0.000020
0.000020
0.000020
0.000020
0.000020
0.000020
0.000020
0.000020
0.000020
0.000020
0.000020
0.000020
0.000020
0.000020
0.000020
0.000020
0.000020
0.000020
0.000020
0.000020
0.000020
0.000020
0.000020
0.000020
0.000020
0.000020
0.000020
0.000020
0.000020
0.000020
0.000020
0.000020
0.000020
0.000020
0.000020
0.000020
0.000020
0.000020
0.000020
0.000020
0.000020
0.000020
0.000020
0.000020
0.000020
0.000020
0.000020
0.000020
0.000020
0.000020
0.000020
0.000020
0.000020
0.000020
0.000020
0.000020
0.000020
0.000020
0.000020
0.000020
0.000020
0.000020
0.000020
0.000020
0.000020
0.000020
0.000020
0.000020
0.000020
0.000020
0.000020
0.000020
0.000020
0.000020
0.000020
0.000020
0.000020
0.000020
0.000020
0.000020
0.000020
0.000020
0.000020
0.000020
0.000020
0.000020
0.000020
0.000020
0.000020
0.000020
0.000020
0.000020
0.000020
0.000020
0.000020
0.000020
0.000020
0.000020
0.000020
0.000020
0.000020
0.000020
0.000020
0.000020
0.000020
0.000020
0.000020
0.000020
0.000020
0.000020
0.000020
0.000020
0.000020
0.000020
0.000020
0.000020
0.000020
0.000020
0.000020
0.000020
0.000020
0.000020
0.000020
0.000020
0.000020
0.000020
0.000020
0.000020
0.000020
0.000020
0.000020
0.000020
0.000020
0.000020
0.000020
0.000020
0.000020
0.000020
0.000020
0.000020
0.000020
0.000020
0.000020
0.000020
0.000020
0.000020
0.000020
0.000020
0.000020
0.000020
0.000020
0.000020
0.000020
0.000020
0.000020
0.000020
0.000020
0.000020
0.000020
0.000020
0.000020
0.000020
0.000020
0.000020
0.000020
0.000020
0.000020
0.000020
0.000020
0.000020
0.000020
0.000020
0.000020
0.000020
0.000020
0.000020
0.000020
0.000020
0.000020
0.000020
0.000020
0.000020
0.000020
0.000020
0.000020
0.000020
0.000020
0.000020
0.000020
0.000020
0.000020
0.000020
0.000020
0.000020
0.000020
0.000020
0.000020
0.000020
0.000020
0.000020
0.000020
0.000020
0.000020
0.000020
0.000020
0.000020
0.000020
0.000020
0.000020
0.000020
0.000020
0.000020
0.000020
0.000020
0.000020
0.000020
0.000020
0.000020
0.000020
0.000020
0.000020
0.000020
0.000020
0.000020
0.000020
0.000020
0.000020
0.000020
0.000020
0.000020
0.000020
0.000020
0.000020
0.000020
0.000020
0.000020
0.000020
0.000020
0.000020
0.000020
0.000020
0.000020
0.000020
0.000020
0.000020
0.000020
0.000020
0.000020
0.000020
0.000020
0.000020
0.000020
0.000020
0.000020
0.000020
0.000020
0.000020
0.000020
0.000020
0.000020
0.000020
0.000020
0.000020
0.000020
0.000020
0.000020
0.000020
0.000020
0.000020
0.000020
0.000020
0.000020
0.000020
0.000020
0.000020
0.000020
0.000020
0.000020
0.000020
0.000020
0.000020
0.000020
0.000020
0.000020
0.000020
0.000020
0.000020
0.000020
0.000020
0.000020
0.000020
0.000020
0.000020
0.000020
0.000020
0.000020
0.000020
0.000020
0.000020
0.000020
0.000020
0.000020
0.000020
0.000020
0.000020
0.000020
0.000020
0.000020
0.000020
0.000020
0.000020
0.000020
0.000020
0.000020
0.000020
0.000020
0.000020
0.000020
0.000020
0.000020
0.000020
0.000020
0.000020
0.000020
0.000020
0.000020
0.000020
0.000020
0.000020
0.000020
0.000020
0.000020
0.000020
0.000020
0.000020
0.000020
0.000020
0.000020
0.000020
0.000020
0.000020
0.000020
0.000020
0.000020
0.000020
0.000020
0.000020
0.000020
0.000020
0.000020
0.000020
0.000020
0.000020
0.000020
0.000020
0.000020
0.000020
0.000020
0.000020
0.000020
0.000020
0.000020
0.000020
0.000020
0.000020
0.000020
0.000020
0.000020
0.000020
0.000020
0.000020
0.000020
0.000020
0.000020
0.000020
0.000020
0.000020
0.000020
0.000020
0.000020
0.000020
0.000020
0.000020
0.000020
0.000020
0.000020
0.000020
0.000020
0.000020
0.000020
0.000020
0.000020
0.000020
0.000020
0.000020
0.000020
0.000020
0.000020
0.000020
0.000020
0.000020
0.000020
0.000020
0.000020
0.000020
0.000020
0.000020
0.000020
0.000020
0.000020
0.000020
0.000020
0.000020
0.000020
0.000020
0.000020
0.000020
0.000019
0.000019
0.000019
0.000019
0.000019
0.000019
0.000019
0.000019
0.000019
0.000019
0.000019
0.000019
0.000019
0.000019
0.000019
0.000019
0.000019
0.000019
0.000019
0.000019
0.000019
0.000019
0.000019
0.000019
0.000019
0.000019
0.000019
0.000019
0.000019
0.000019
0.000019
0.000019
0.000019
0.000019
0.000019
0.000019
0.000019
0.000019
0.000019
0.000019
0.000019
0.000019
0.000019
0.000019
0.000019
0.000019
0.000019
0.000019
0.000019
0.000019
0.000019
0.000019
0.000019
0.000019
0.000019
0.000019
0.000019
0.000019
0.000019
0.000019
0.000019
0.000019
0.000019
0.000019
0.000019
0.000019
0.000019
0.000019
0.000019
0.000019
0.000019
0.000019
0.000019
0.000019
0.000019
0.000019
0.000019
0.000019
0.000019
0.000019
0.000019
0.000019
0.000019
0.000019
0.000019
0.000019
0.000019
0.000019
0.000019
0.000019
0.000019
0.000019
0.000019
0.000019
0.000019
0.000019
0.000019
0.000019
0.000019
0.000019
0.000019
0.000019
0.000019
0.000019
0.000019
0.000019
0.000019
0.000019
0.000019
0.000019
0.000019
0.000019
0.000019
0.000019
0.000019
0.000019
0.000019
0.000019
0.000019
0.000019
0.000019
0.000019
0.000019
0.000019
0.000019
0.000019
0.000019
0.000019
0.000019
0.000019
0.000019
0.000019
0.000019
0.000019
0.000019
0.000019
0.000019
0.000019
0.000019
0.000019
0.000019
0.000019
0.000019
0.000019
0.000019
0.000019
0.000019
0.000019
0.000019
0.000019
0.000019
0.000019
0.000019
0.000019
0.000019
0.000019
0.000019
0.000019
0.000019
0.000019
0.000019
0.000019
0.000019
0.000019
0.000019
0.000019
0.000019
0.000019
0.000019
0.000019
0.000019
0.000019
0.000019
0.000019
0.000019
0.000019
0.000019
0.000019
0.000019
0.000019
0.000019
0.000019
0.000019
0.000019
0.000019
0.000019
0.000019
0.000019
0.000019
0.000019
0.000019
0.000019
0.000019
0.000019
0.000019
0.000019
0.000019
0.000019
0.000019
0.000019
0.000019
0.000019
0.000019
0.000019
0.000019
0.000019
0.000019
0.000019
0.000019
0.000019
0.000019
0.000019
0.000019
0.000019
0.000019
0.000019
0.000019
0.000019
0.000019
0.000019
0.000019
0.000019
0.000019
0.000019
0.000019
0.000019
0.000019
0.000019
0.000019
0.000019
0.000019
0.000019
0.000019
0.000019
0.000019
0.000019
0.000019
0.000019
0.000019
0.000019
0.000019
0.000019
0.000019
0.000019
0.000019
0.000019
0.000019
0.000019
0.000019
0.000019
0.000019
0.000019
0.000019
0.000019
0.000019
0.000019
0.000019
0.000019
0.000019
0.000019
0.000019
0.000019
0.000019
0.000019
0.000019
0.000019
0.000019
0.000019
0.000019
0.000019
0.000019
0.000019
0.000019
0.000019
0.000019
0.000019
0.000019
0.000019
0.000019
0.000019
0.000019
0.000019
0.000019
0.000019
0.000019
0.000019
0.000019
0.000019
0.000019
0.000019
0.000019
0.000019
0.000019
0.000019
0.000019
0.000019
0.000019
0.000019
0.000019
0.000019
0.000019
0.000019
0.000019
0.000019
0.000019
0.000019
0.000019
0.000019
0.000019
0.000019
0.000019
0.000019
0.000019
0.000019
0.000019
0.000019
0.000019
0.000019
0.000019
0.000019
0.000019
0.000019
0.000019
0.000019
0.000019
0.000019
0.000019
0.000019
0.000019
0.000019
0.000019
0.000019
0.000019
0.000019
0.000019
0.000019
0.000019
0.000019
0.000019
0.000019
0.000019
0.000019
0.000019
0.000019
0.000019
0.000019
0.000019
0.000019
0.000019
0.000019
0.000019
0.000019
0.000019
0.000019
0.000019
0.000019
0.000019
0.000019
0.000019
0.000019
0.000019
0.000019
0.000019
0.000019
0.000019
0.000019
0.000019
0.000019
0.000019
0.000019
0.000019
0.000019
0.000019
0.000019
0.000019
0.000019
0.000019
0.000019
0.000019
0.000019
0.000019
0.000019
0.000019
0.000019
0.000019
0.000019
0.000019
0.000019
0.000019
0.000019
0.000019
0.000019
0.000019
0.000019
0.000019
0.000019
0.000019
0.000019
0.000019
0.000019
0.000019
0.000019
0.000019
0.000019
0.000019
0.000019
0.000019
0.000019
0.000019
0.000019
0.000019
0.000019
0.000019
0.000019
0.000019
0.000019
0.000019
0.000019
0.000019
0.000019
0.000019
0.000019
0.000019
0.000019
0.000019
0.000019
0.000019
0.000019
0.000019
0.000019
0.000019
0.000019
0.000019
0.000019
0.000019
0.000019
0.000019
0.000019
0.000019
0.000019
0.000019
0.000019
0.000019
0.000019
0.000019
0.000019
0.000019
0.000019
0.000019
0.000019
0.000019
0.000019
0.000019
0.000019
0.000019
0.000019
0.000019
0.000019
0.000019
0.000019
0.000019
0.000019
0.000019
0.000019
0.000019
0.000019
0.000019
0.000019
0.000019
0.000019
0.000018
0.000018
0.000018
0.000018
0.000018
0.000018
0.000018
0.000018
0.000018
0.000018
0.000018
0.000018
0.000018
0.000018
0.000018
0.000018
0.000018
0.000018
0.000018
0.000018
0.000018
0.000018
0.000018
0.000018
0.000018
0.000018
0.000018
0.000018
0.000018
0.000018
0.000018
0.000018
0.000018
0.000018
0.000018
0.000018
0.000018
0.000018
0.000018
0.000018
0.000018
0.000018
0.000018
0.000018
0.000018
0.000018
0.000018
0.000018
0.000018
0.000018
0.000018
0.000018
0.000018
0.000018
0.000018
0.000018
0.000018
0.000018
0.000018
0.000018
0.000018
0.000018
0.000018
0.000018
0.000018
0.000018
0.000018
0.000018
0.000018
0.000018
0.000018
0.000018
0.000018
0.000018
0.000018
0.000018
0.000018
0.000018
0.000018
0.000018
0.000018
0.000018
0.000018
0.000018
0.000018
0.000018
0.000018
0.000018
0.000018
0.000018
0.000018
0.000018
0.000018
0.000018
0.000018
0.000018
0.000018
0.000018
0.000018
0.000018
0.000018
0.000018
0.000018
0.000018
0.000018
0.000018
0.000018
0.000018
0.000018
0.000018
0.000018
0.000018
0.000018
0.000018
0.000018
0.000018
0.000018
0.000018
0.000018
0.000018
0.000018
0.000018
0.000018
0.000018
0.000018
0.000018
0.000018
0.000018
0.000018
0.000018
0.000018
0.000018
0.000018
0.000018
0.000018
0.000018
0.000018
0.000018
0.000018
0.000018
0.000018
0.000018
0.000018
0.000018
0.000018
0.000018
0.000018
0.000018
0.000018
0.000018
0.000018
0.000018
0.000018
0.000018
0.000018
0.000018
0.000018
0.000018
0.000018
0.000018
0.000018
0.000018
0.000018
0.000018
0.000018
0.000018
0.000018
0.000018
0.000018
0.000018
0.000018
0.000018
0.000018
0.000018
0.000018
0.000018
0.000018
0.000018
0.000018
0.000018
0.000018
0.000018
0.000018
0.000018
0.000018
0.000018
0.000018
0.000018
0.000018
0.000018
0.000018
0.000018
0.000018
0.000018
0.000018
0.000018
0.000018
0.000018
0.000018
0.000018
0.000018
0.000018
0.000018
0.000018
0.000018
0.000018
0.000018
0.000018
0.000018
0.000018
0.000018
0.000018
0.000018
0.000018
0.000018
0.000018
0.000018
0.000018
0.000018
0.000018
0.000018
0.000018
0.000018
0.000018
0.000018
0.000018
0.000018
0.000018
0.000018
0.000018
0.000018
0.000018
0.000018
0.000018
0.000018
0.000018
0.000018
0.000018
0.000018
0.000018
0.000018
0.000018
0.000018
0.000018
0.000018
0.000018
0.000018
0.000018
0.000018
0.000018
0.000018
0.000018
0.000018
0.000018
0.000018
0.000018
0.000018
0.000018
0.000018
0.000018
0.000018
0.000018
0.000018
0.000018
0.000018
0.000018
0.000018
0.000018
0.000018
0.000018
0.000018
0.000018
0.000018
0.000018
0.000018
0.000018
0.000018
0.000018
0.000018
0.000018
0.000018
0.000018
0.000018
0.000018
0.000018
0.000018
0.000018
0.000018
0.000018
0.000018
0.000018
0.000018
0.000018
0.000018
0.000018
0.000018
0.000018
0.000018
0.000018
0.000018
0.000018
0.000018
0.000018
0.000018
0.000018
0.000018
0.000018
0.000018
0.000018
0.000018
0.000018
0.000018
0.000018
0.000018
0.000018
0.000018
0.000018
0.000018
0.000018
0.000018
0.000018
0.000018
0.000018
0.000018
0.000018
0.000018
0.000018
0.000018
0.000018
0.000018
0.000018
0.000018
0.000018
0.000018
0.000018
0.000018
0.000018
0.000018
0.000018
0.000018
0.000018
0.000018
0.000018
0.000018
0.000018
0.000018
0.000018
0.000018
0.000018
0.000018
0.000018
0.000018
0.000018
0.000018
0.000018
0.000018
0.000018
0.000018
0.000018
0.000018
0.000018
0.000018
0.000018
0.000018
0.000018
0.000018
0.000018
0.000018
0.000018
0.000018
0.000018
0.000018
0.000018
0.000018
0.000018
0.000018
0.000018
0.000018
0.000018
0.000018
0.000018
0.000018
0.000018
0.000018
0.000018
0.000018
0.000018
0.000018
0.000018
0.000018
0.000018
0.000018
0.000018
0.000018
0.000018
0.000018
0.000018
0.000018
0.000018
0.000018
0.000018
0.000018
0.000018
0.000018
0.000018
0.000018
0.000018
0.000018
0.000018
0.000018
0.000018
0.000018
0.000018
0.000018
0.000018
0.000018
0.000018
0.000018
0.000018
0.000018
0.000018
0.000018
0.000018
0.000018
0.000018
0.000018
0.000018
0.000018
0.000018
0.000018
0.000018
0.000018
0.000018
0.000018
0.000018
0.000018
0.000018
0.000018
0.000018
0.000018
0.000018
0.000018
0.000018
0.000018
0.000018
0.000018
0.000018
0.000018
0.000018
0.000018
0.000018
0.000018
0.000018
0.000018
0.000018
0.000018
0.000018
0.000018
0.000018
0.000018
0.000018
0.000018
0.000018
0.000018
0.000018
0.000018
0.000018
0.000018
0.000018
0.000018
0.000018
0.000018
0.000018
0.000018
0.000018
0.000018
0.000018
0.000018
0.000018
0.000018
0.000018
0.000018
0.000018
0.000018
0.000018
0.000018
0.000018
0.000018
0.000018
0.000018
0.000018
0.000018
0.000018
0.000018
0.000018
0.000018
0.000018
0.000018
0.000018
0.000018
0.000018
0.000018
0.000018
0.000018
0.000018
0.000018
0.000018
0.000018
0.000018
0.000018
0.000018
0.000018
0.000018
0.000018
0.000018
0.000018
0.000018
0.000018
0.000018
0.000018
0.000018
0.000018
0.000018
0.000018
0.000018
0.000017
0.000017
0.000017
0.000017
0.000017
0.000017
0.000017
0.000017
0.000017
0.000017
0.000017
0.000017
0.000017
0.000017
0.000017
0.000017
0.000017
0.000017
0.000017
0.000017
0.000017
0.000017
0.000017
0.000017
0.000017
0.000017
0.000017
0.000017
0.000017
0.000017
0.000017
0.000017
0.000017
0.000017
0.000017
0.000017
0.000017
0.000017
0.000017
0.000017
0.000017
0.000017
0.000017
0.000017
0.000017
0.000017
0.000017
0.000017
0.000017
0.000017
0.000017
0.000017
0.000017
0.000017
0.000017
0.000017
0.000017
0.000017
0.000017
0.000017
0.000017
0.000017
0.000017
0.000017
0.000017
0.000017
0.000017
0.000017
0.000017
0.000017
0.000017
0.000017
0.000017
0.000017
0.000017
0.000017
0.000017
0.000017
0.000017
0.000017
0.000017
0.000017
0.000017
0.000017
0.000017
0.000017
0.000017
0.000017
0.000017
0.000017
0.000017
0.000017
0.000017
0.000017
0.000017
0.000017
0.000017
0.000017
0.000017
0.000017
0.000017
0.000017
0.000017
0.000017
0.000017
0.000017
0.000017
0.000017
0.000017
0.000017
0.000017
0.000017
0.000017
0.000017
0.000017
0.000017
0.000017
0.000017
0.000017
0.000017
0.000017
0.000017
0.000017
0.000017
0.000017
0.000017
0.000017
0.000017
0.000017
0.000017
0.000017
0.000017
0.000017
0.000017
0.000017
0.000017
0.000017
0.000017
0.000017
0.000017
0.000017
0.000017
0.000017
0.000017
0.000017
0.000017
0.000017
0.000017
0.000017
0.000017
0.000017
0.000017
0.000017
0.000017
0.000017
0.000017
0.000017
0.000017
0.000017
0.000017
0.000017
0.000017
0.000017
0.000017
0.000017
0.000017
0.000017
0.000017
0.000017
0.000017
0.000017
0.000017
0.000017
0.000017
0.000017
0.000017
0.000017
0.000017
0.000017
0.000017
0.000017
0.000017
0.000017
0.000017
0.000017
0.000017
0.000017
0.000017
0.000017
0.000017
0.000017
0.000017
0.000017
0.000017
0.000017
0.000017
0.000017
0.000017
0.000017
0.000017
0.000017
0.000017
0.000017
0.000017
0.000017
0.000017
0.000017
0.000017
0.000017
0.000017
0.000017
0.000017
0.000017
0.000017
0.000017
0.000017
0.000017
0.000017
0.000017
0.000017
0.000017
0.000017
0.000017
0.000017
0.000017
0.000017
0.000017
0.000017
0.000017
0.000017
0.000017
0.000017
0.000017
0.000017
0.000017
0.000017
0.000017
0.000017
0.000017
0.000017
0.000017
0.000017
0.000017
0.000017
0.000017
0.000017
0.000017
0.000017
0.000017
0.000017
0.000017
0.000017
0.000017
0.000017
0.000017
0.000017
0.000017
0.000017
