16.458119
13.358992
12.837432
12.391114
12.020640
11.685186
11.356988
11.022177
10.667974
10.272318
9.825048
9.370820
8.944585
8.543499
8.162111
7.820298
7.551502
7.335831
7.134800
6.943026
6.773471
6.635776
6.530564
6.451963
6.392351
6.345165
6.305392
6.269361
6.234657
6.200115
6.165681
6.132063
6.100275
6.071294
6.045910
6.024605
6.007406
5.993751
5.982437
5.971597
5.958785
5.941243
5.916391
5.882185
5.837079
5.781949
5.728474
5.698319
5.688288
5.695784
5.708025
5.714701
5.714333
5.709358
5.702245
5.694612
5.687255
5.680423
5.674150
5.668453
5.663398
5.659091
5.655638
5.653109
5.651493
5.650681
5.650471
5.650602
5.650799
5.650820
5.650477
5.649634
5.648208
5.646165
5.643528
5.640389
5.636895
5.633216
5.629490
5.625790
5.622115
5.618413
5.614627
5.610724
5.606701
5.602576
5.598356
5.594040
5.589618
5.585094
5.580486
5.575816
5.571114
5.566420
5.561809
5.557410
5.553428
5.550184
5.548192
5.548283
5.551813
5.560998
5.579342
5.611542
5.660173
5.711804
5.711636
5.694448
5.707132
5.669086
5.581652
5.686188
5.901293
6.430938
5.983833
6.312023
6.493147
6.179180
6.311478
6.375357
6.497083
6.322674
6.275115
6.110837
6.230925
6.508345
6.064013
6.222478
6.650123
6.262781
5.830689
6.112714
5.639991
5.857882
5.395493
5.668698
5.594679
6.080780
5.409736
5.357505
5.322332
5.400486
5.090507
5.250447
5.149886
5.386710
5.004140
5.254803
5.021674
5.223321
4.948399
5.235507
4.895755
5.173338
4.786406
5.004654
4.804045
4.852128
4.868749
4.836255
4.805023
4.802003
4.644269
4.707547
4.599068
4.710691
4.646919
4.807122
4.790501
4.606008
4.660768
4.646667
4.707184
4.797335
4.732433
4.652750
4.641856
4.626964
4.597080
4.585047
4.568044
4.566907
4.546348
4.543424
4.551422
4.533685
4.530574
4.560728
4.527969
4.510701
4.576765
4.516842
4.500640
4.573841
4.507487
4.545102
4.552861
4.308506
4.727652
4.537388
4.304185
4.642558
4.405027
4.421808
4.732694
4.393790
4.724614
4.439986
4.444449
4.340359
4.788024
4.694936
4.678671
5.042556
4.706439
4.397397
4.419992
4.616272
4.303995
4.748923
4.548291
4.925452
4.799486
4.691230
4.723144
4.598184
4.458216
4.451221
4.536987
4.223180
4.356585
4.215269
4.250462
4.290116
4.169594
4.245991
4.217033
4.191435
4.353765
4.580624
4.301365
4.556039
4.370695
4.617802
4.101318
4.871983
4.334859
4.648888
4.115372
4.674466
4.960544
4.449788
4.370713
4.344827
4.138884
4.093806
4.005317
4.398860
4.564619
3.918716
3.875995
3.700678
3.667521
3.790307
3.556092
3.498685
3.642736
3.472310
3.428975
3.722544
3.500689
4.820423
4.473983
3.614654
3.668007
3.490477
3.414393
3.607706
3.386309
3.506167
4.794622
3.996504
3.606855
3.502286
3.427386
3.448436
3.850565
6.599388
5.790496
6.240130
4.424454
5.479821
5.128082
4.324590
3.698993
4.626504
4.214282
3.598519
4.747794
4.232305
3.665189
3.421662
3.604920
3.919307
4.280110
6.986999
4.323597
5.165241
6.845319
5.019263
3.554066
5.005518
4.450145
3.793090
4.793264
5.468315
4.539943
4.926832
4.506139
3.739048
3.995588
4.575143
4.953212
2.931132
3.403869
3.397750
4.408983
4.510113
4.455124
4.064522
3.874137
3.356167
3.631124
2.994333
4.111352
4.234090
3.359358
3.206724
4.150936
3.091963
3.960398
3.719534
4.284349
3.693781
3.726334
3.523331
3.904729
4.567298
3.735313
3.038853
3.111015
5.386643
3.600547
3.227441
3.062354
3.152174
2.790151
2.921698
5.382560
3.541670
9.024988
7.291952
6.610819
4.060961
5.678720
4.799569
4.822973
4.394500
4.897587
5.865140
3.509430
4.946879
3.716211
2.910530
5.174088
7.260591
5.689527
3.729066
7.551504
4.040365
4.607618
4.647863
6.665543
6.425962
4.816140
4.334899
2.962298
3.040303
3.075575
2.875708
2.710599
2.872062
7.116980
3.422198
3.058946
3.245667
4.253872
8.103328
6.051687
3.692299
3.006349
3.374015
7.497018
11.000586
7.598120
4.690198
8.826539
6.841304
10.252510
6.840559
5.834600
4.731955
4.352032
3.327193
4.792281
2.782486
3.042460
3.213075
6.526636
6.323168
5.720443
8.941200
5.801131
3.165319
3.884920
2.794925
2.747171
3.007659
3.815782
3.244690
2.719179
2.778416
3.462473
3.141465
2.814659
2.724217
2.479101
2.616870
2.909541
2.998632
2.822984
2.963281
3.710763
4.355039
7.186554
5.237287
3.298538
2.805556
2.699237
2.644530
2.543816
3.017275
3.218132
3.162362
2.825515
3.191752
3.871411
3.511058
5.332774
6.250138
2.655750
2.926174
4.399799
3.127018
2.743162
2.597429
6.353335
2.441543
3.909249
3.503158
7.813108
6.579684
4.424374
4.934089
3.260956
3.072462
2.724877
5.116286
3.717666
5.854943
2.590330
4.778480
3.637331
2.505609
3.256466
3.048174
6.852999
3.820578
3.152011
4.933623
4.161359
2.685587
3.560013
3.067753
4.561762
3.807218
3.432132
2.953438
3.555663
2.750884
4.263148
8.313880
7.588466
3.369605
4.387945
8.119999
7.017898
7.456371
3.983283
6.336286
3.700528
2.433911
3.109486
2.543278
2.612667
3.001672
2.515140
5.482276
3.310331
2.741763
3.991808
5.422127
9.318475
7.929222
7.456143
8.859787
9.701752
7.572426
7.031948
3.285674
5.386117
5.820754
3.269905
10.461614
7.183147
3.532019
3.893103
6.064381
6.218241
4.439741
4.807212
3.745752
3.761373
4.679236
4.149226
5.222295
2.622647
4.617717
4.818914
3.673065
4.103417
4.331630
5.635780
3.148609
5.762613
3.933378
3.829332
3.387692
2.930086
4.634831
3.442139
5.536928
3.558741
6.968034
4.280107
4.835183
8.752439
5.006855
4.324037
8.433378
4.658864
11.723129
9.357629
9.379142
4.656041
5.549672
3.037595
4.241542
3.391084
11.388871
14.632583
13.095272
10.027505
12.533499
7.174767
3.852093
4.617571
4.800181
4.949361
4.083251
3.330705
3.377340
2.561401
3.579903
5.240257
3.624108
2.932318
3.980460
7.129417
3.628835
4.111019
6.211500
6.410333
4.995766
5.587623
4.483727
3.625139
3.384317
3.565906
2.996774
3.989689
2.693146
2.957626
4.321035
6.251466
4.669325
4.949008
3.886775
7.330023
4.701278
6.214942
5.745811
6.561025
3.599374
5.014231
6.540085
2.862550
5.801664
2.860849
2.750284
4.566443
3.282239
3.040250
4.012239
5.776112
3.968420
6.887020
4.905280
3.018838
3.127006
2.501274
3.310992
4.327526
7.452526
5.475151
6.351671
3.228633
4.157682
4.621582
2.277111
2.709579
2.498476
2.823101
7.277874
4.816378
2.713171
2.506290
5.045320
6.040740
3.844664
5.249816
3.955445
4.738780
4.125564
3.427927
6.094522
5.580073
5.829731
3.537070
2.574418
3.827980
3.690045
4.949948
3.317044
4.826177
3.284413
3.655807
7.539382
3.563776
5.889752
3.801282
3.046725
3.279342
6.605253
9.227671
4.858445
7.334034
6.975761
7.060873
7.324099
8.056502
10.050507
6.523915
4.887871
7.004548
4.799859
3.417087
3.235277
3.663666
2.947239
2.657460
2.166598
2.139536
4.952632
5.653006
6.078086
4.117509
3.544319
2.453796
2.756190
4.138347
3.242646
5.708469
4.018926
3.893276
8.620753
5.254348
4.749186
8.422045
4.048143
7.201423
4.610446
5.401039
3.662182
5.618629
5.598134
3.846581
4.055039
6.870156
7.296847
3.606813
3.185069
2.363912
5.253721
4.675672
2.703598
5.019523
3.298126
3.981189
4.912549
3.337594
3.372154
3.224780
4.395405
3.403474
2.642788
3.548948
4.133473
2.278510
2.271113
2.863764
3.196979
3.871205
2.529876
2.599039
3.172157
7.051565
8.602687
5.933179
4.342428
13.495638
20.012171
7.486284
8.304266
9.097938
5.576742
3.284660
4.232306
3.265916
2.564901
2.968969
2.920900
2.737103
3.257243
3.619177
3.467818
3.403698
2.698475
3.684764
2.393296
3.676760
3.165069
3.873315
2.230083
6.739752
4.122817
2.791901
2.375832
2.084543
2.495103
2.761263
2.358669
4.884710
3.856291
2.747053
3.048346
2.647590
3.792489
7.072180
6.228115
4.037275
4.184941
9.332979
2.596222
5.411235
4.705718
5.385078
5.232155
3.001758
3.310581
4.209525
6.067047
3.806869
4.545590
6.247693
6.349709
4.538573
3.647460
5.746135
4.974934
4.936637
7.085107
5.650418
4.091748
4.726757
4.505855
4.667604
3.230369
2.426500
5.916753
3.984409
2.494685
2.170691
2.265624
4.623120
4.247674
4.565814
3.883230
3.657989
2.755375
3.426179
2.607733
3.390727
2.912886
2.833445
3.532505
6.450315
2.651321
2.610899
4.051807
3.216569
2.686329
4.793888
5.735020
2.660024
7.048538
5.144858
4.888738
3.972629
4.379119
5.752958
4.941252
4.770325
2.593597
2.266100
9.050474
7.277171
5.732454
5.481284
7.736466
6.746653
6.565999
3.596795
2.179397
1.962749
3.634621
6.600443
4.501916
3.486935
8.964570
4.815335
5.723563
2.364996
2.253017
3.899896
4.170449
8.208319
5.076558
5.096466
6.538345
6.476528
5.922181
11.220552
8.542199
5.665978
11.131954
5.720235
4.589230
3.936991
7.998484
6.667738
5.694216
5.376231
2.979199
3.599028
4.238296
3.032218
5.282789
4.881793
6.515973
5.658629
5.111275
4.833471
4.861146
5.818769
4.150130
3.808345
4.471105
5.247662
4.868991
3.952563
7.373797
7.703370
4.245296
2.951210
3.106367
5.566955
4.181743
2.880607
3.643047
3.661856
3.068337
4.517580
3.411622
3.617334
2.888314
4.097292
3.623629
3.199485
6.194217
5.404487
3.635898
5.595081
6.801186
4.850142
4.946146
4.954662
4.886049
6.008819
4.595654
7.151050
7.338465
7.393538
5.369096
5.769187
7.835878
4.185231
3.874195
2.532362
2.492134
2.675193
2.846536
7.819669
6.796684
3.234879
2.912186
3.422496
4.447660
7.497903
6.706568
4.303657
3.089290
2.931810
2.566574
2.721172
2.230479
5.733914
4.534738
6.748903
3.337292
5.946487
4.084114
8.364869
5.932179
3.199785
4.700243
7.607882
7.236603
3.858752
5.765949
3.329878
4.308432
7.899562
3.715456
4.566010
4.380746
4.210070
4.248512
3.211961
2.664296
4.261471
4.882346
4.150860
7.055935
6.207100
2.324999
2.556808
2.555414
2.556635
2.435893
2.953136
4.698880
3.338248
2.583338
3.046630
4.831220
2.891941
3.805164
3.400543
3.270483
2.850400
2.436597
7.659096
3.686053
4.288140
4.131275
3.271755
4.586490
4.122759
4.953526
7.254877
7.576014
4.052708
8.672529
5.543933
5.652189
4.157977
3.016832
3.391797
6.842391
8.507539
8.550354
4.714116
4.615979
8.867648
5.664919
2.919990
5.136801
6.263243
4.459676
4.185829
6.208856
6.085430
2.725641
4.826660
3.944637
3.833593
2.601174
3.221446
2.758076
4.097264
3.158584
5.284676
3.606866
2.656239
3.443765
3.088444
3.438120
5.259346
4.541125
3.246083
2.696494
2.998919
2.672710
3.700169
3.192934
3.778799
2.896579
2.375229
5.509904
4.451214
4.670387
4.794428
4.961571
7.148734
7.647519
3.540039
5.045379
2.738544
3.440631
3.187150
2.812027
2.661396
3.964689
3.712473
2.650648
4.567775
3.485142
3.734420
3.751814
2.301402
5.260041
6.198270
5.886399
3.059036
2.337728
4.224761
5.494020
4.919890
3.007478
2.499149
3.816188
4.143046
2.613230
2.501420
2.766987
3.658171
4.387396
3.648159
1.959126
3.594453
3.669436
3.630684
3.616711
4.425717
3.599332
4.058592
3.762976
4.655007
7.464650
6.714087
5.301560
3.979898
4.324460
4.005907
6.985474
2.572856
2.935022
2.768904
5.061584
3.216196
5.181109
4.791387
8.830168
11.921849
4.947815
4.902318
7.060102
5.408807
9.126853
3.067470
4.589959
3.839067
3.444467
5.970322
7.941208
5.650833
3.722029
5.603290
5.703295
7.117609
3.942501
6.794938
8.158509
6.723795
8.541542
4.491523
5.602270
6.953767
5.372982
6.610504
5.526803
7.846778
7.235602
5.140605
5.028963
6.135040
2.855640
5.216951
4.028970
2.617266
3.848466
6.470015
5.040634
2.992798
10.168516
6.213438
6.115904
5.413612
4.154199
3.273862
4.672968
9.554234
2.875274
3.117485
5.861135
5.635909
7.394341
6.952077
6.936428
8.398967
9.363075
3.850762
8.245734
6.189154
5.661264
8.351176
4.033247
8.725898
7.002208
7.349029
4.311728
4.955970
4.497812
3.670356
4.732165
4.367655
4.547613
4.186011
4.355492
3.910166
3.800280
5.638834
7.204388
6.426282
7.902106
4.038464
5.725051
5.540503
5.479710
3.588654
3.765927
2.415965
2.530930
3.133400
6.724963
4.482487
7.860516
5.611907
6.230328
3.310667
3.439815
3.618398
6.617754
8.343882
3.757367
6.983146
3.163284
3.445508
4.617625
4.615745
4.504954
4.906061
3.159919
4.827388
5.456512
4.817011
4.337698
3.222483
3.071402
2.777589
4.707280
3.457276
7.653205
7.722326
4.360287
4.482117
3.258871
2.478406
2.783233
2.782057
4.258581
8.936704
8.079027
4.566805
3.610149
4.363595
7.205869
14.562896
14.887372
10.877674
7.457059
3.863428
4.960012
5.557285
3.561055
3.891116
3.191943
4.009337
4.829961
5.978874
9.547127
10.169893
7.197056
4.985583
5.338296
6.398930
7.143753
7.251853
6.634372
7.319678
5.341644
4.652507
6.875091
5.159115
4.345980
6.045075
7.079297
4.699297
2.423631
2.633372
3.763217
4.995734
4.072811
6.346239
3.838942
3.484461
2.470423
2.952510
7.125713
4.482714
3.205796
3.395085
5.644724
3.379357
2.261859
3.315855
4.336091
3.059804
3.229617
2.936592
3.180244
4.116698
7.132591
5.910662
2.456710
3.431081
3.500967
4.972150
5.649762
5.727633
7.491077
6.419118
4.170094
2.790084
4.489605
8.476407
4.500369
3.817202
2.921456
2.632436
2.309044
3.126861
3.669058
4.096246
2.456279
3.510486
3.071787
3.825152
8.301820
5.238211
5.111308
10.770375
10.621284
9.065352
6.897753
7.000089
2.842573
6.639245
4.911073
6.514733
5.309099
4.172856
4.325662
4.532511
6.455936
6.239366
3.897950
2.981963
3.885165
2.977582
3.678430
8.315970
3.933675
3.140631
2.089840
2.529899
3.903498
5.177848
3.516388
3.770931
2.960109
4.113875
5.132386
5.386947
2.875652
6.936488
4.041451
4.433926
6.292484
2.883066
3.794901
3.861352
3.774614
4.166190
2.756164
5.462178
4.196957
6.058736
6.955537
4.214659
3.726322
3.471048
2.903548
2.702896
2.015907
4.000511
4.691775
4.182362
3.517366
2.227421
3.101096
2.726017
2.176468
2.460769
2.335393
2.180257
2.901986
4.146232
3.549483
1.984200
5.011381
6.060670
5.681847
6.232796
8.393669
9.258814
10.346952
7.066331
7.236037
8.305649
11.882503
9.674816
6.468525
7.521701
3.787361
3.611387
3.167766
2.588969
3.189465
3.501802
8.065866
6.886315
3.435259
3.580265
5.233229
7.184020
4.340076
2.912626
3.928604
3.149173
6.730184
6.347480
5.918303
6.665194
3.487665
2.559028
3.248415
4.520154
5.871891
3.950554
3.082853
5.733210
7.649448
5.462809
4.570357
8.479154
6.784810
4.632707
5.276741
3.785966
3.980569
7.349494
4.289214
3.410274
3.214631
2.650153
2.276649
5.525564
1.921954
2.104664
3.515551
3.397585
3.452805
2.684375
2.025284
2.132848
5.308178
8.251720
3.257860
3.521946
4.835134
3.349535
5.247739
4.678277
4.225480
5.208577
3.870896
1.657873
4.012246
3.055300
2.976063
6.501296
5.896092
6.304064
2.926028
4.458661
3.822797
4.202406
4.558835
5.797904
6.146479
7.016583
3.014266
7.428117
10.663748
5.199436
2.641622
2.556872
2.508612
3.445121
5.696911
2.984871
2.322429
2.235924
4.936799
7.594419
4.858770
6.996823
7.937474
6.674934
5.182397
4.694954
3.601560
5.277251
3.984653
2.796025
4.095440
4.461186
6.966586
1.608861
3.642287
5.087955
5.003465
3.895329
4.371987
4.863503
5.032216
6.215495
4.323881
7.176209
4.289155
7.339667
5.638809
6.115619
6.716945
4.294456
3.354190
3.320841
4.816584
3.960605
3.051254
3.001842
1.616602
3.519580
2.066871
3.784044
3.542730
9.010064
4.624215
3.431613
5.393316
6.623909
5.892533
4.454691
4.492012
3.941507
3.220503
3.445591
2.429205
2.262799
2.542699
2.314816
4.862721
2.567504
2.194217
1.736409
1.451109
3.716894
2.592168
1.413831
1.291284
1.295459
1.244285
1.254531
1.275915
1.292431
1.303392
1.310830
1.315705
1.317978
1.317412
1.313684
1.307859
1.301676
1.296208
1.291742
1.288246
1.285532
1.283397
1.281663
1.280197
1.278910
1.277744
1.276667
1.275662
1.274723
1.273849
1.273040
1.272298
1.271622
1.271010
1.270461
1.269970
1.269533
1.269146
1.268806
1.268508
1.268251
1.268032
1.267850
1.267704
1.267591
1.267512
1.267463
1.267445
1.267455
1.267493
1.267557
1.267645
1.267756
1.267889
1.268042
1.268213
1.268403
1.268608
1.268828
1.269061
1.269305
1.269560
1.269823
1.270092
1.270367
1.270644
1.270923
1.271200
1.271475
1.271744
1.272006
1.272258
1.272498
1.272724
1.272933
1.273124
1.273294
1.273440
1.273562
1.273656
1.273722
1.273758
1.273763
1.273736
1.273676
1.273584
1.273461
1.273306
1.273121
1.272907
1.272668
1.272404
1.272119
1.271815
1.271495
1.271164
1.270823
1.270476
1.270126
1.269776
1.269429
1.269087
1.268752
1.268428
1.268114
1.267814
1.267528
1.267257
1.267002
1.266763
1.266542
1.266337
1.266149
1.265978
1.265823
1.265684
1.265560
1.265450
1.265354
1.265271
1.265199
1.265139
1.265088
1.265047
1.265013
1.264987
1.264967
1.264953
1.264943
1.264937
1.264934
1.264935
1.264938
1.264943
1.264951
1.264960
1.264971
1.264984
1.264999
1.265017
1.265037
1.265059
1.265085
1.265114
1.265147
1.265184
1.265226
1.265272
1.265323
1.265379
1.265441
1.265508
1.265580
1.265658
1.265741
1.265829
1.265923
1.266021
1.266125
1.266234
1.266347
1.266466
1.266588
1.266716
1.266848
1.266984
1.267126
1.267273
1.267424
1.267582
1.267745
1.267915
1.268091
1.268274
1.268465
1.268664
1.268871
1.269086
1.269311
1.269545
1.269788
1.270041
1.270304
1.270577
1.270859
1.271152
1.271454
1.271765
1.272087
1.272419
1.272760
1.273112
1.273474
1.273847
1.274232
1.274628
1.275037
1.275459
1.275895
1.276345
1.276810
1.277290
1.277785
1.278296
1.278821
1.279360
1.279912
1.280477
1.281052
1.281636
1.282227
1.282824
1.283426
1.284030
1.284637
1.285246
1.285857
1.286473
1.287094
1.287723
1.288362
1.289013
1.289675
1.290345
1.291014
1.291668
1.292282
1.292819
1.293233
1.293464
1.293448
1.293127
1.292463
1.291457
1.290155
1.288655
1.287090
1.285608
1.284352
1.283447
1.282987
1.283042
1.283658
1.284881
1.286817
1.289826
1.295117
1.306911
1.341766
1.425403
1.327653
5.664838
9.758516
10.620698
11.809686
13.913080
12.329862
12.211835
11.076959
13.825223
20.232845
11.639918
8.191657
10.810784
9.169040
11.904011
8.664630
5.495153
9.228231
8.304810
6.581319
5.314312
5.296886
7.699871
3.527205
3.418289
5.340480
4.376073
10.271615
10.030214
6.381975
7.328851
4.386522
13.978071
13.725302
11.442597
10.936514
9.533792
7.635437
4.788926
5.437419
5.787222
10.491807
7.567706
6.213262
9.097724
7.368736
4.492522
3.273159
5.616432
2.816133
2.990710
2.819547
2.811285
2.540917
2.842583
10.078083
8.104092
6.191292
8.149545
7.459334
6.438642
7.080820
7.770214
5.118661
10.586079
5.127361
3.761501
9.020862
6.121413
8.825079
5.082654
8.543569
6.626024
9.170268
5.051129
7.892237
6.400905
4.918809
7.017811
3.733436
7.004485
3.063893
7.295510
7.059016
6.464496
3.108313
3.918824
9.119082
8.856787
8.396059
9.467075
4.275467
10.029506
8.052913
7.097180
7.799759
8.958347
6.326836
5.766433
9.981595
9.718875
9.564194
7.077383
8.037664
8.726962
5.985193
11.091824
6.568323
7.607104
11.129773
14.021956
13.350242
10.808935
9.120644
6.440718
5.112910
6.060570
7.173965
4.912659
2.965215
5.716075
9.910673
6.588393
6.691243
4.783962
7.801195
6.326639
4.563118
5.042330
10.658528
20.291111
9.892935
9.150065
6.823019
7.692713
7.865079
7.203753
8.339709
8.004451
5.276276
4.422517
9.656687
8.110165
5.980997
10.343325
7.237044
5.469863
5.049436
8.447764
12.139058
6.569397
6.579227
5.616578
5.846153
5.564710
6.288154
3.986501
5.469818
3.644519
1.942735
2.727445
5.083319
10.107009
5.462408
3.401977
1.687629
1.537501
1.483821
2.445766
3.480136
4.563172
3.480282
8.491494
8.903613
4.538497
6.795471
4.441171
4.993896
7.187529
7.079560
3.969693
3.777073
3.097521
6.877415
4.752229
12.973862
6.124458
7.749805
7.709913
7.672249
7.117245
6.315683
2.782767
3.192365
2.553585
2.491808
4.167817
1.582847
2.226084
6.828654
8.116829
6.322189
2.898621
2.849213
5.445207
4.251271
5.885039
8.994639
4.349690
2.371825
1.569861
1.446197
1.710235
1.124643
7.521683
4.458149
3.941490
1.797590
3.165531
4.234142
4.460243
4.762750
3.729636
5.598905
2.756885
6.927971
4.051401
2.719652
11.465674
12.759832
8.969790
6.328224
4.217184
7.238755
8.310240
10.504009
14.524934
10.311422
5.975082
5.737895
7.121510
4.176821
4.448563
12.789244
8.960722
6.786115
4.124481
3.553627
6.734765
7.597413
6.849279
3.064567
3.070718
5.665760
2.396281
4.629017
4.893588
3.629338
2.919170
2.126769
2.092959
1.319214
2.060749
1.294130
1.480309
1.329994
1.321471
1.198454
0.974012
2.829884
1.709872
1.839502
2.882123
4.081855
3.730397
4.532637
3.498034
2.050057
2.494924
4.277037
6.338589
2.327796
2.315857
2.165581
1.908126
5.305734
4.839941
5.953340
4.624456
4.659190
4.784728
5.723774
6.842485
7.936744
10.431402
8.350568
9.644490
4.222659
6.673961
5.999005
2.466435
3.596257
3.974392
6.676620
2.089203
1.592757
2.077095
1.645120
2.004191
5.540770
4.913154
7.981761
4.465722
4.716322
8.253067
4.656625
6.849825
4.768355
12.108971
6.216553
5.423493
3.409788
1.629140
4.929759
6.220392
4.769522
5.269901
8.048977
7.217324
2.926758
3.192961
3.057107
2.692451
4.944851
7.160573
4.516505
3.453610
7.708658
7.706680
5.624202
3.783099
3.441573
5.020291
4.052278
2.291206
2.007997
7.748748
5.442793
5.164812
6.514394
3.591916
5.732089
2.858309
9.104949
5.087840
3.814613
3.509945
5.411373
5.076362
7.782826
4.429564
4.998999
4.215005
3.781086
4.350530
5.413958
3.569182
2.854687
3.072851
4.291309
2.345410
2.207474
1.752089
4.957939
1.773497
6.199414
3.822738
5.220741
1.481097
2.458975
6.313093
10.769246
11.919160
6.516064
6.521214
9.963275
6.708360
6.523298
4.065985
4.825190
5.120279
7.776859
4.078505
3.088184
6.878785
3.546322
3.025221
1.860604
3.522444
1.473657
3.127922
3.452378
2.649662
2.700390
4.046519
6.911953
2.142574
2.292196
3.092337
4.496902
6.859395
5.586286
7.158492
3.972134
1.335685
1.803011
1.027599
1.391128
1.418996
1.360834
1.406895
1.390833
1.397457
1.385228
1.378933
1.373913
1.369453
1.361140
1.350313
1.339050
1.328738
1.319943
1.312672
1.306645
1.301489
1.296871
1.292565
1.288457
1.284516
1.280761
1.277225
1.273942
1.270933
1.268204
1.265749
1.263550
1.261581
1.259812
1.258209
1.256738
1.255366
1.254063
1.252802
1.251559
1.250315
1.249057
1.247773
1.246456
1.245105
1.243717
1.242296
1.240845
1.239367
1.237870
1.236358
1.234837
1.233313
1.231789
1.230272
1.228763
1.227266
1.225783
1.224315
1.222864
1.221429
1.220011
1.218609
1.217222
1.215849
1.214489
1.213141
1.211803
1.210473
1.209151
1.207834
1.206521
1.205212
1.203905
1.202598
1.201292
1.199985
1.198677
1.197367
1.196055
1.194741
1.193426
1.192108
1.190788
1.189467
1.188145
1.186822
1.185500
1.184177
1.182856
1.181537
1.180220
1.178907
1.177598
1.176294
1.174995
1.173702
1.172417
1.171139
1.169869
1.168609
1.167358
1.166117
1.164888
1.163670
1.162464
1.161271
1.160091
1.158925
1.157774
1.156637
1.155514
1.154407
1.153313
1.152230
1.151153
1.150071
1.148960
1.147782
1.146505
1.145247
1.144724
1.146229
1.148328
1.147172
1.144013
1.141401
1.144247
1.212590
3.287413
6.131656
8.585616
10.535143
10.795880
7.222051
4.095053
3.985831
2.751551
2.923053
2.179225
1.788061
1.404914
1.384001
1.285236
5.294459
9.207414
4.328318
2.286857
4.994507
7.326714
5.084337
4.667167
4.135904
3.679565
3.822341
8.273692
7.019733
6.007672
4.972138
4.727760
4.625480
8.277430
4.736497
3.973863
4.958130
2.590825
5.070790
9.936082
7.684051
6.351675
9.999658
10.452957
9.431761
6.408315
4.983276
3.717929
5.001808
2.333414
3.150761
2.281436
1.657972
3.568513
2.599594
1.881098
2.272835
3.481137
2.662286
2.761574
1.562484
1.901699
7.694328
4.123139
3.311192
3.549039
3.184169
3.385709
9.176284
3.906514
3.885345
4.288601
1.047206
1.044610
1.194651
1.244094
1.602700
1.523947
4.403515
2.249399
0.869851
0.954424
1.041357
2.895709
2.928826
4.545681
7.905601
4.631792
2.706672
2.922266
6.383323
8.356725
11.423997
9.040183
2.542704
2.446492
2.218749
2.532241
2.297354
2.681468
4.633722
3.460389
3.917553
2.385200
1.014644
0.851835
0.815996
1.802393
1.109871
0.871320
1.233504
2.407745
3.603207
2.859687
3.651226
5.143652
6.632911
5.422994
5.205675
5.439796
7.257694
9.281155
7.635665
7.872948
5.514173
4.913605
3.221819
2.414656
3.699091
1.595577
1.727118
3.852376
4.326372
2.531515
5.690929
4.697033
3.981005
2.347955
4.175409
2.409704
2.904492
1.532237
3.275010
10.009737
5.933008
5.920021
10.464085
9.339830
9.523913
5.416943
8.316001
10.066770
10.203901
8.743277
5.558344
5.425961
4.980574
2.634711
1.607108
1.266919
3.131441
2.249605
2.820866
0.934451
0.890161
1.437278
2.999178
1.777341
5.226044
2.661363
3.586622
1.060727
1.010950
1.959278
1.075186
1.906226
4.832495
5.791607
3.763712
4.297640
5.387708
8.270983
6.115700
3.807065
9.689207
4.478965
4.449510
2.820177
6.565266
9.727747
4.427252
2.598369
3.846062
2.700139
3.273619
1.061506
1.900338
0.992384
1.007891
1.011096
1.047452
1.202103
1.417333
2.723611
3.870530
2.061937
1.928213
4.951569
8.547784
5.764690
6.659769
3.037389
3.075758
2.977754
1.557021
1.122079
1.138348
1.213117
1.279938
1.949006
2.182030
2.343826
3.443074
4.136763
11.088029
9.961228
12.266245
6.397580
5.410174
6.121170
4.363117
6.777087
2.673341
4.132918
3.722521
2.983268
2.019130
1.078822
1.094623
1.120650
1.193173
1.299635
1.344371
1.309095
1.336234
3.458679
8.770822
6.598108
8.058466
4.234612
3.711896
4.792977
2.385769
4.671062
4.469425
3.943619
1.917729
6.723372
5.656521
4.367806
2.469624
1.841085
3.773703
7.923672
9.099183
5.240001
6.173090
4.192976
7.661209
7.665017
5.355132
2.205453
1.187856
1.139165
1.669032
4.800387
3.134881
2.148930
1.889153
3.366061
2.039678
2.081662
4.799791
3.319699
2.093377
2.511687
2.471022
1.652762
6.103187
8.593470
6.396267
7.283554
4.873361
3.041077
3.470602
2.682625
2.097668
2.152126
2.743658
2.897567
1.908103
1.870735
2.124504
2.120679
1.974759
1.367863
1.476578
3.213880
10.150112
6.157364
6.946699
7.404987
7.403098
3.595974
3.072965
3.880912
2.723462
2.966281
2.042985
3.275301
1.386662
6.458244
8.882106
4.225352
3.974711
1.679780
1.423554
3.220771
4.187799
3.851878
2.787140
6.035539
4.640784
7.343199
3.300486
2.843098
1.980633
1.683715
3.074322
1.723670
1.809590
1.672442
1.687083
1.545186
1.478585
1.976999
1.267893
1.350565
2.967259
3.768812
1.735324
2.410515
1.796768
1.439018
2.512677
9.232868
5.244819
3.999265
9.413895
3.934134
3.530720
4.966753
3.880486
4.423268
9.727430
9.778752
10.703556
9.924779
9.110386
8.052916
4.454647
5.322776
5.258379
6.025266
5.326268
2.825145
2.963825
3.258549
2.903203
3.588149
1.915252
8.554848
7.038532
4.539881
5.535635
4.826925
6.028605
3.663086
9.570600
7.970087
5.803962
4.652351
3.110577
2.539254
4.457631
4.878256
3.027997
3.293188
4.820361
2.847814
3.343485
1.865951
6.286463
7.113594
3.460382
1.990433
3.672490
6.317735
3.098388
3.971064
3.676139
2.055001
1.259232
1.153931
1.647329
3.167769
3.359388
2.598865
2.525357
4.780100
4.766251
4.989308
3.880880
8.335962
6.717205
4.640746
4.687629
2.319379
5.245196
3.759877
4.431553
3.723265
3.176455
2.869116
4.598723
1.220119
1.753184
4.102372
2.093320
7.183664
11.120840
6.419909
8.259810
3.012978
2.316300
2.722791
1.738456
1.142246
3.058290
5.193185
8.820039
8.607287
8.194242
5.245955
3.543888
4.852028
4.889961
5.661231
2.367960
1.687892
4.189752
3.373713
2.452731
1.776391
1.826714
1.803735
1.713373
1.808174
1.687718
1.422055
1.472728
1.514934
2.029230
0.996622
1.540125
3.381034
3.195297
2.324901
2.944877
1.016477
1.038664
2.111200
2.530485
1.839258
2.523793
3.738829
3.400214
2.491622
9.034030
8.558910
4.873372
3.153820
2.357666
3.121786
1.127319
2.083874
3.081978
3.373759
2.412899
1.238432
3.916038
6.348047
3.312621
2.492207
1.540387
1.849802
2.537999
1.526409
2.995957
2.921436
3.881231
2.376992
1.664944
3.747090
13.741841
6.607897
5.940539
10.834038
5.449968
5.857070
4.515508
3.388890
2.285951
1.811870
1.222826
1.393842
1.445477
8.140448
12.937516
7.438085
8.106289
6.832442
4.735129
4.891785
3.117810
2.439760
1.994628
3.740742
4.146262
4.381950
4.877823
3.046749
2.897576
5.576255
2.411461
1.978841
1.755162
1.706831
1.767730
1.730237
1.967518
2.138386
1.454599
2.128536
1.044893
2.452825
2.796575
2.083561
4.530008
3.501436
6.023076
3.797522
2.736916
2.140433
3.682583
2.202174
3.176245
1.520991
4.747987
4.031572
3.822613
5.069671
4.807486
3.128853
6.154523
6.335225
14.735247
8.107504
11.089345
6.252440
7.283950
8.772545
7.785233
7.774200
9.988967
9.446525
8.295119
6.379189
8.969735
6.325418
9.596065
5.916506
5.787276
6.227129
6.363614
4.207660
7.517237
4.667258
5.372232
5.349680
5.861900
3.859574
4.318226
6.781235
9.222037
4.063564
4.747803
3.554691
6.961959
10.652517
7.981654
6.924609
3.778513
3.625284
4.049107
3.581194
6.299679
5.455567
3.577049
4.858397
7.064560
8.705397
6.466653
6.646904
7.182920
8.813963
5.304587
8.677024
6.986724
5.644297
4.061211
10.975865
5.729317
7.564527
10.805090
5.820986
4.563727
6.367908
5.423676
11.100372
7.643825
6.632687
6.866669
5.488869
8.281353
5.348911
9.881506
5.863164
4.665996
3.567247
3.017270
5.653206
4.910637
6.469426
6.379809
7.827644
4.998126
5.076572
8.407359
5.837403
5.543546
5.809895
6.234350
6.210639
7.593295
5.203871
5.762225
4.300956
4.021476
5.297437
6.498663
12.113636
11.387201
8.238799
4.189147
4.562795
4.788318
4.551879
8.991456
3.286004
7.657153
6.702005
6.092697
4.559534
4.707630
5.129682
4.169171
4.102344
3.796316
4.406377
3.703166
6.195365
7.463721
5.548551
3.306199
2.410716
4.304321
6.193638
9.447399
7.048472
8.591860
10.659257
6.918972
7.263919
7.015555
4.655922
6.134962
4.566686
5.747277
3.240624
5.699568
7.240415
5.119020
5.161623
5.472667
8.214905
9.574399
10.924607
7.545186
7.986191
6.059175
8.006921
7.312934
6.817528
5.154309
6.172380
4.591886
7.127328
5.488004
3.366214
3.860849
4.741866
4.391235
6.344451
3.278057
5.707515
8.688316
6.427781
7.168698
6.447037
8.217362
8.049798
10.923908
8.057404
7.462844
8.302861
5.315558
4.949465
4.358785
3.425589
3.805390
5.119752
4.038060
3.240748
3.189412
3.212939
4.877121
3.558238
3.968689
3.518303
3.712225
5.115199
4.812261
4.489025
3.690961
3.492372
6.437720
5.767280
6.647855
3.813249
3.749388
4.419058
4.467546
3.358270
2.419940
4.829373
5.681209
3.855712
7.946184
10.230202
7.024822
6.301889
7.312845
6.635410
11.599664
7.731880
12.722608
10.737634
8.024642
5.266873
5.323963
4.408043
3.087824
3.664547
4.942852
3.872161
3.392230
4.519946
3.290171
5.175685
2.922702
3.462849
4.615111
5.169223
4.594608
4.726038
2.686559
3.698831
8.943248
8.241953
6.534843
6.107590
7.811492
10.932548
9.469445
7.334500
10.932172
7.573207
11.331515
6.990487
5.365165
5.916556
3.685712
3.934556
7.317298
5.817735
8.192031
7.255306
7.040809
8.549960
5.866143
6.521342
6.366723
4.847041
4.925656
4.536811
2.565576
3.084852
5.477809
4.910915
3.628833
4.888151
3.714627
2.597814
2.353749
2.472011
2.022841
2.755234
4.118302
3.563100
3.881095
2.907641
2.814503
2.617939
4.310419
4.801890
3.569858
2.368707
2.508095
2.625519
5.753501
4.499561
3.529571
4.836797
3.153812
5.150584
5.847108
10.523210
3.614672
3.152887
2.268125
2.421356
2.319567
2.240308
2.220467
2.017550
3.044842
6.141576
4.171649
5.623814
3.353489
3.534389
3.562533
3.004159
4.236867
3.827961
2.800206
2.450015
2.361402
3.044516
2.674014
3.957365
4.382254
1.606863
2.934642
2.369007
1.995996
2.548076
2.501356
2.793826
1.867326
2.789641
2.351228
1.958724
2.967805
2.392027
2.604608
3.990846
3.311170
2.668479
2.013424
3.674839
2.658811
1.689994
3.541210
3.426274
3.445248
3.845107
1.756328
1.839914
2.827370
3.234193
3.147986
2.731500
9.697707
6.145816
4.303882
3.515083
3.207096
2.387335
1.302108
2.602972
5.362326
4.131862
9.151540
5.827716
4.912153
2.342298
2.219513
3.927142
3.678055
3.038089
2.877494
1.192115
2.053428
4.523064
5.246442
3.589188
3.251555
2.220697
3.493218
3.488793
2.307284
2.048940
1.475046
2.759049
3.164157
8.277218
8.183364
5.800832
4.375625
5.104117
4.581798
6.955785
9.528838
7.422127
6.021340
6.118715
6.062434
8.157709
7.389173
6.305561
8.738730
7.503717
4.178254
4.450542
5.737807
5.402624
5.054582
4.524629
4.485110
6.225118
4.763303
6.500827
4.422310
4.089568
5.072663
5.424216
9.151299
7.405326
7.521874
6.950772
5.623075
8.424690
7.112190
4.796188
5.640671
6.538309
8.537796
5.597809
9.579610
5.950636
7.367422
6.572552
6.850546
4.468821
5.697039
5.552195
8.850602
6.392920
4.686898
4.599987
4.481828
4.273521
3.994728
3.902965
5.849077
4.405113
6.131914
7.305481
5.186185
6.377549
6.094022
3.904892
3.854209
2.925314
2.361306
1.848084
2.825408
2.541448
2.342356
2.237846
3.223601
2.346324
4.465378
5.832581
3.884883
3.329458
4.959191
3.324709
1.996856
2.819971
3.009581
3.586482
3.287120
1.827240
1.938559
2.113650
3.457907
3.521633
2.197877
2.019480
1.995996
1.862249
1.965169
1.828093
2.216959
1.883336
4.843434
4.610510
1.607924
1.916338
2.072070
2.944721
6.267812
5.671407
3.890150
3.469444
2.818610
5.994919
7.887232
5.496923
5.155195
4.453339
2.955973
5.416926
2.638838
4.271500
4.971187
2.894147
2.789337
7.073551
6.573472
5.297133
8.426680
4.289296
3.425090
2.511573
3.132300
5.214836
6.356391
3.787353
5.006510
3.251491
4.789432
3.052837
2.278014
2.962951
4.548354
2.923435
4.214333
1.495263
5.686447
7.863024
9.158730
8.878915
6.869478
4.839896
6.528052
6.176765
4.556825
7.298210
4.133278
3.929895
5.745579
8.100410
6.166594
6.686868
7.949819
7.026969
5.058816
4.308076
4.595252
4.032917
3.671297
4.560088
2.535622
2.311751
2.458640
5.053535
5.894869
2.845998
1.900356
4.068424
6.715065
3.487406
3.052151
4.095956
4.601600
11.705139
8.840265
8.413815
4.579742
4.964587
5.190443
3.868161
3.690250
4.887502
6.174935
4.165225
4.629555
5.048733
2.974146
7.064359
6.626452
10.734376
7.291551
2.866428
5.012299
5.840593
5.066390
3.765721
4.605738
5.052919
6.096228
11.370889
9.351867
9.485733
6.538631
5.536725
5.896233
3.865071
4.491665
7.171360
8.008945
6.837596
6.196539
3.407264
6.519809
5.308512
2.906426
2.717280
7.384439
7.287286
6.180296
5.051851
4.005380
3.230106
6.299963
9.115014
8.240526
5.984077
9.132635
9.355293
8.161434
5.431371
3.860722
4.481294
6.047962
4.745352
3.855739
2.085803
3.480637
10.068663
12.103788
6.533717
5.211267
8.293504
5.773052
7.486134
6.310375
6.896958
4.489876
3.670002
3.311220
2.005520
2.632113
2.300829
5.969266
4.289388
3.978836
3.810850
4.431905
5.433907
4.700378
5.695576
4.949217
5.604348
2.300601
4.132088
3.891617
6.266353
4.773573
3.228773
2.595450
2.202363
4.134334
8.746799
6.173746
4.918401
6.580257
3.447186
2.723532
4.212838
8.861405
9.471831
6.788068
4.142164
7.385652
5.383447
6.239822
6.107615
9.316159
6.749959
6.419785
4.809187
8.039001
7.313495
4.494607
3.786202
3.415184
4.124031
2.726720
3.216952
6.242583
4.284805
4.813657
5.393065
5.772338
4.074980
6.053310
4.246142
4.115563
4.375818
4.797007
7.898877
4.934645
4.756294
4.700564
4.409785
6.772582
4.872865
2.816072
2.794174
3.128596
2.973893
4.128328
6.834439
4.393369
3.562369
8.835967
6.561668
4.292814
2.812477
2.881262
3.256791
3.891603
5.259190
3.338943
3.599826
2.935062
2.218171
2.172919
4.056144
3.434337
3.093145
10.040541
5.775265
8.046707
3.720344
7.689206
4.735514
2.857159
2.241211
1.996419
1.751084
2.601247
2.386406
2.208744
1.870683
1.927685
1.936287
1.916442
1.860011
1.894577
1.826750
1.872577
1.755354
1.826740
1.794405
1.809894
1.815038
1.833405
1.786402
1.829116
1.744835
1.825836
1.927003
1.771517
1.796642
1.800987
1.793001
1.805109
1.813662
1.862764
1.803366
2.001626
1.713578
2.868033
3.296946
8.411663
5.319899
6.126091
3.209331
2.765407
8.658545
5.085897
6.851446
5.760312
7.687792
5.475946
8.514349
5.362532
5.078377
5.375344
9.512001
5.704607
5.849571
9.419717
7.781333
6.854032
6.094386
6.053839
3.054681
2.845319
1.982350
4.357389
11.848452
9.286506
8.262612
7.080172
6.650566
8.157350
7.205272
6.954345
6.410622
2.848558
2.892020
7.886499
7.970419
8.497827
6.056476
6.347062
8.005096
6.597177
6.051924
5.776294
3.969149
6.658671
3.861828
2.169217
2.057436
2.663737
2.195730
2.911812
3.270956
4.879542
5.488215
3.705012
5.649396
11.783765
10.140556
8.526747
5.341190
4.710501
4.858237
8.357688
5.107293
4.996702
5.235229
3.661444
4.460787
6.035181
5.007997
7.668732
3.506592
4.363350
3.087972
4.535310
2.151246
1.938498
1.937863
1.927692
1.880532
1.914017
1.967023
1.886553
1.946327
1.897850
1.914248
3.447165
9.538962
6.477812
7.903906
4.128730
3.304427
4.225893
7.750484
6.921274
7.494338
7.086205
6.738366
6.242598
5.988850
8.763193
7.153100
6.636283
9.014091
8.239029
6.895830
20.794843
18.277607
12.703116
10.569355
8.536076
6.088913
4.681360
6.635132
4.181411
4.416391
4.443696
9.296832
6.831644
7.372394
2.866061
2.859201
2.641998
2.231593
2.095906
2.127044
1.974069
2.005033
1.918910
1.781601
1.886424
1.819403
1.788216
1.754115
1.803640
1.813568
1.819414
1.809953
1.790700
1.757752
1.747051
1.725467
1.736272
1.710094
1.730755
1.695164
1.724623
1.681253
1.716783
1.669218
1.706022
1.658685
1.693154
1.648500
1.680401
1.636973
1.669136
1.622825
1.660103
1.606102
1.654826
1.588206
1.654742
1.571460
1.658381
1.556757
1.663408
1.542610
1.672739
1.532460
1.686303
1.531865
1.698550
1.550350
1.705588
1.611600
1.720779
1.682395
1.888328
2.411694
4.988681
4.651793
6.072366
7.095943
6.578396
2.463767
3.904782
6.635561
5.221062
7.026995
6.775245
11.733816
7.846601
8.169726
7.392554
6.106417
8.553069
5.712783
6.024715
6.420208
5.098090
8.667835
6.949318
7.092746
4.187230
5.019957
3.880830
4.488864
3.716605
3.525669
4.724570
6.999598
7.183231
7.677213
4.898985
4.510101
3.649544
2.452457
3.427280
4.850217
8.335335
7.066640
4.564337
4.201841
4.762429
1.791164
4.763433
5.016063
4.109774
5.232985
7.592813
17.237415
16.872238
14.961451
9.531520
8.190992
8.489088
6.690691
6.982758
5.229546
4.433863
7.636942
4.786784
4.967559
4.962079
8.251393
5.877478
8.412253
8.665432
6.934664
5.171673
3.451641
4.341242
6.507576
4.806010
4.503685
6.209431
4.995147
7.664650
5.474846
4.285200
3.144855
7.013541
4.645990
4.424285
3.758358
3.455801
3.510002
3.471357
3.735110
4.386040
4.529041
6.733583
3.936092
3.719460
3.762711
4.881207
7.727074
6.664890
5.269378
6.125719
5.226673
5.342773
4.247112
6.115515
4.442425
3.593220
3.477290
3.920129
3.041567
4.740642
4.187017
5.558166
7.428832
7.776489
8.535482
4.906308
4.615499
3.822542
3.294638
7.050738
6.637976
7.080475
6.938165
5.332089
3.900565
4.464029
4.197187
3.903880
3.634632
3.277542
5.306318
3.311680
4.468875
4.618566
4.209399
3.695781
3.575036
3.724485
3.655815
3.589859
3.884581
3.777030
3.746398
7.424994
7.175583
4.702577
6.126008
3.972536
3.633946
3.540879
3.397257
3.821001
5.047276
6.507387
3.873291
3.466556
3.631364
4.886079
5.323899
3.334249
3.026680
3.991336
3.128437
3.134371
2.926776
3.500332
3.779747
3.606534
3.651863
3.595286
3.450637
5.099525
3.765340
4.088643
3.756149
2.715572
2.975726
7.774050
5.076303
4.909106
3.610920
3.797885
5.254623
5.982465
6.065580
5.774616
6.200703
4.059286
3.854068
3.817383
3.694442
8.762649
6.863934
5.765465
7.124394
3.835235
4.659963
7.986742
10.473609
11.199445
5.464088
5.631412
4.196663
4.085605
2.694357
3.247398
2.682129
2.425454
2.823055
2.562956
3.563966
2.228436
2.145515
2.922638
2.290988
3.302867
2.199706
3.539330
2.317527
4.333344
4.667260
7.619936
6.638017
6.581675
5.266936
5.967761
3.351102
2.727466
4.995399
2.714551
1.964322
2.171708
2.063846
2.873228
3.565456
6.017394
5.597659
3.350459
8.049849
5.708228
3.036184
5.233540
4.808839
3.114643
6.163562
7.903251
6.415586
3.862766
3.113697
3.918508
3.888019
3.973528
5.763371
7.347919
4.325834
5.436275
4.836650
3.347193
6.075381
8.852919
6.168096
4.364529
3.130438
4.421066
5.746044
4.699490
8.206309
4.560526
3.200766
2.014668
1.781519
2.651899
1.962746
4.721825
3.915408
5.022460
5.211416
4.656480
4.172054
3.026715
4.706230
5.941613
5.057163
2.160013
2.318403
1.774665
1.628378
1.557989
1.640156
1.504642
1.616599
1.563349
1.549324
1.560078
1.554061
1.559336
1.565844
1.583394
4.021329
3.011436
2.504082
1.750207
2.516458
1.769637
2.981080
4.527324
6.274843
5.462144
5.308550
5.171214
8.575489
8.024217
7.463757
7.374556
6.549563
5.834326
5.128904
10.481920
10.229050
7.370837
3.316649
3.365628
6.913431
6.225780
4.645461
4.473401
4.433190
5.324965
3.543771
4.450524
3.489071
3.315152
5.872436
3.647794
3.186177
5.633144
5.815666
6.703796
2.353597
2.607784
1.917479
2.894248
2.592095
3.249391
2.064250
1.775701
2.102265
2.071464
1.830466
2.728763
2.004014
4.053526
3.710124
5.998732
2.203477
2.661937
2.387062
1.674416
2.693656
2.561243
3.489093
8.993851
12.395532
11.421624
5.620146
7.509526
7.315216
7.189529
11.625397
6.070768
2.415675
3.482884
3.434759
2.685157
4.610722
3.812520
4.112243
4.493036
5.116641
6.736914
3.521746
5.182969
3.120099
8.867627
3.037393
4.628389
2.865052
3.188634
5.707356
4.518144
3.134186
4.071853
3.190733
6.311234
3.806608
4.211206
3.171860
3.202948
3.547933
7.630660
8.006272
5.655177
7.034356
3.699761
4.583968
4.145190
3.917047
3.557435
5.521605
4.263360
1.711142
2.744356
3.117397
8.337504
6.161188
7.033695
5.852198
5.931400
4.762684
6.475739
6.145723
5.952702
5.145684
4.205498
4.174675
3.315677
4.018481
5.941220
5.880140
5.443576
4.929429
4.860074
5.654223
2.444742
3.337599
2.625498
4.490053
4.212455
6.903830
10.833752
7.878103
6.508598
3.479245
4.182636
3.765436
2.700395
3.015741
2.994442
3.531011
4.030124
6.940637
6.349957
5.856867
4.406415
4.171700
2.967954
2.897612
4.230769
3.193712
2.780994
3.704231
3.124632
4.888040
7.007267
3.480672
1.789665
1.931291
1.605144
1.613388
1.616283
1.669545
1.669945
1.685270
1.669577
1.667880
1.673758
1.671004
1.668576
1.668766
1.669267
1.671527
1.669317
1.663992
1.658245
1.651299
1.642638
1.632727
1.620662
1.606712
1.592543
1.579274
1.570232
1.564558
1.556852
1.550858
1.539564
1.535919
1.539869
1.759443
2.840160
3.544397
2.023137
5.406476
8.250619
3.235828
5.092887
5.088346
3.990667
8.113468
6.773124
4.374532
4.458951
3.974520
2.197546
2.487041
3.034786
3.612218
4.184818
3.301560
5.836239
2.513269
3.229121
4.278562
5.902020
5.757110
4.005485
3.727542
4.455639
4.972569
9.815121
14.033752
4.901133
5.337275
4.494604
4.732031
2.362701
3.163443
7.478264
5.670009
6.376010
5.668686
7.528234
6.212605
3.903874
3.268295
3.787507
1.946869
1.681295
2.827747
3.023602
5.792893
10.222938
7.589494
4.118329
5.345778
5.677153
6.078928
5.341238
9.050678
12.430941
6.377412
5.413939
9.437708
6.801832
9.916714
11.719392
6.747395
7.401607
8.272867
7.968149
9.640835
7.186309
5.618973
6.027227
7.836734
4.500250
5.054341
6.881766
7.688238
5.903908
8.080590
5.931031
5.244072
4.704022
4.926757
4.215781
6.853410
6.765232
7.526829
6.785179
4.776829
4.423146
4.205037
3.735416
3.897689
3.272855
3.652770
3.522885
4.452973
7.943893
6.597877
5.145330
5.007726
4.377885
5.138732
3.638721
3.762754
3.375340
3.409846
5.333987
3.758048
5.352770
5.461963
4.266828
5.803612
4.361647
4.795832
6.991778
6.495391
5.629135
7.658336
5.789029
5.452769
4.904573
4.825502
5.429367
7.962486
5.120094
4.256543
3.196077
2.261412
3.276593
2.311671
3.160525
2.609906
3.349562
4.095053
2.658429
3.671075
3.530303
2.349791
2.321600
2.415712
2.050425
1.735704
1.651830
1.663046
1.494196
3.280350
2.588599
2.356405
1.522544
3.063091
3.356880
3.637432
4.786103
4.055233
3.979256
4.971577
4.573584
4.928510
5.278668
4.543203
4.750329
6.401898
5.529359
5.554125
5.245868
4.248093
7.099130
7.677141
9.461060
4.004522
2.346565
2.391416
4.742533
2.828012
4.540899
5.170358
4.472746
3.911343
3.758045
5.769083
5.321685
7.419431
6.688194
3.814451
2.540981
1.887908
2.844330
2.805800
2.288033
3.405912
5.434678
4.464699
3.862660
3.835954
3.984528
7.946257
5.768920
5.696985
3.831085
5.308030
6.825317
5.014325
6.409351
9.518421
7.949762
7.164150
8.771822
5.970802
6.204209
8.023301
9.750412
7.971606
5.224226
3.615396
3.466351
3.578091
4.388082
4.892717
4.176064
3.983426
4.055661
4.092372
4.639344
4.103236
7.381056
6.226014
5.780842
8.654143
4.188616
7.508621
8.421018
7.587669
4.885678
4.871272
3.357467
3.695648
3.252217
3.827198
3.557782
6.844414
4.819639
5.086653
4.947189
4.257872
4.233118
6.256745
7.237246
4.543180
5.856739
4.370422
5.765171
5.159072
4.460468
5.647547
9.079323
6.762244
6.675422
6.210425
4.920356
6.664921
5.010269
3.291981
4.065224
2.392716
2.702590
2.884715
2.836204
3.261015
3.206343
2.076749
1.833477
1.890456
2.428423
1.901308
2.359432
2.283350
2.974433
4.129384
6.495477
5.459514
3.274894
5.245676
2.365320
1.659804
3.191647
3.055705
3.357030
4.043434
4.054081
2.591337
5.982293
3.822310
2.849440
3.942146
4.482869
4.688502
4.668607
5.579805
4.418923
4.217080
4.115119
3.264024
3.913699
4.026890
3.267368
3.590738
4.610049
3.867704
3.556921
4.078868
3.538500
3.186511
3.217233
3.271818
3.948574
2.216350
2.954988
2.966842
3.448190
5.331778
3.588535
3.605181
3.131697
6.213868
7.595593
4.434699
3.300506
4.222519
2.585930
1.889172
3.341774
5.220236
4.316538
3.836279
1.783484
2.498582
4.271527
4.119179
2.032684
6.601712
5.990419
3.736938
3.181113
4.927927
2.817852
2.624042
2.889334
2.528402
1.758618
5.046766
5.561788
7.039337
4.601127
5.542564
11.178308
8.522046
4.864799
3.118783
3.557841
2.911510
2.816621
3.812878
4.421103
3.448494
3.541567
3.950510
4.718727
5.352991
6.955622
5.956173
6.389094
8.862480
5.499840
5.045964
6.021550
3.154940
2.335220
2.593411
1.998783
1.441830
1.452898
1.498404
1.598667
1.636498
1.674343
1.674669
1.717413
2.207172
2.316946
5.142462
5.652083
5.040970
3.046115
3.117992
2.649220
3.522424
3.604602
3.275317
9.279441
7.808048
4.638595
3.924639
4.005543
3.693902
2.950868
5.353800
9.462286
13.262118
7.338473
4.971813
5.185757
5.308402
6.602037
8.363234
9.922144
6.566371
4.610617
4.310794
6.157605
6.559930
8.684394
7.793830
7.999922
6.499966
4.283941
7.190247
4.325093
2.627309
2.454258
3.883815
3.545445
5.993441
3.709967
2.598840
2.026832
3.450390
4.341684
3.028059
3.234661
1.922868
2.371595
2.739726
1.849534
2.765328
3.343392
3.868673
2.131832
2.715775
2.530984
7.496030
8.524319
5.667681
6.924688
3.348905
4.119633
1.484841
1.380209
1.371617
1.387012
1.465510
1.428494
1.463001
1.524335
1.532221
1.553357
1.546326
1.598298
1.506589
1.531062
1.556870
1.497384
1.556805
1.424032
1.512984
1.415272
1.406071
1.399953
1.439653
1.396835
1.507142
1.296767
1.631033
1.181679
1.349326
2.256469
5.080009
4.805315
6.915033
7.000363
7.690337
6.612314
4.690386
4.273617
4.573371
4.722475
3.659861
4.129410
14.428666
11.610381
7.502426
6.093639
4.521176
3.928293
3.992954
3.707667
4.702540
6.339089
6.068761
6.052282
8.438365
6.380110
8.019881
6.185514
6.209459
4.878953
5.861541
7.720355
6.898411
7.842021
9.201497
7.510782
5.149079
9.384772
8.063676
9.592673
7.556169
9.083733
6.775170
7.119079
8.436279
4.064101
2.674103
1.648405
2.142526
1.714010
1.939421
1.704537
2.600555
1.825744
1.939542
1.550852
1.835052
1.530050
1.426615
1.352664
1.360473
5.816316
5.445134
4.766656
7.343546
4.574157
10.380324
5.836196
5.801671
5.928036
2.929412
2.518368
1.391160
2.790120
5.948520
2.581592
3.680900
4.833142
3.878477
3.223675
4.923718
5.137756
5.168504
6.857515
6.659273
6.532447
5.210143
7.393019
6.184846
8.643612
7.247446
6.374069
4.358430
3.054870
4.923049
9.846771
3.863257
4.976619
3.872569
4.172118
3.510281
2.817617
5.257352
3.459685
1.707848
2.220717
2.494597
7.216850
3.701830
4.895794
1.697592
2.171210
4.201215
3.906786
6.656764
9.096379
8.044580
11.395539
6.504638
5.532212
7.548359
10.033744
7.163691
7.166575
4.922035
3.931313
2.771645
4.069471
5.402219
6.854169
5.069062
4.572684
5.113432
6.006024
4.910995
4.881113
3.006423
2.082784
1.941388
2.170266
1.807044
1.829308
4.447406
3.555699
3.146188
3.286296
4.135608
5.763217
4.791199
4.384151
2.482665
2.154360
3.045282
4.197190
2.602248
2.115512
1.735795
1.733793
1.724693
1.818699
2.469151
2.319369
2.874990
2.628250
2.808490
5.284753
3.167675
3.942579
3.393813
3.588361
2.150123
2.861203
3.109389
1.951976
2.583325
3.641861
5.238340
5.095852
5.419555
5.249449
5.263187
5.603526
5.309266
5.266885
4.187477
5.416886
3.000722
1.684821
2.727064
2.141016
2.761613
1.550913
1.570478
1.455952
1.459021
1.492227
2.710407
6.320397
4.961243
2.932996
3.879718
2.711720
2.587709
2.612184
2.543708
2.161597
2.390727
3.213605
3.670372
3.751131
1.347450
2.243967
1.626630
2.512436
2.685878
3.301718
2.556783
2.548438
2.919115
2.776667
2.719517
2.798244
3.966524
6.673720
3.995932
4.043222
4.167738
2.198210
4.441600
4.341444
4.315034
3.419814
1.724737
1.976328
3.129162
4.103211
3.263777
4.141140
3.417578
5.042484
3.069393
3.812987
1.748999
1.261623
1.314676
1.860048
1.737514
1.302663
1.504418
1.356967
1.531266
1.494513
1.473584
1.509511
1.511405
1.505899
1.493176
1.480725
1.464688
1.447906
1.432111
1.417617
1.404776
1.393857
1.384805
1.377504
1.371934
1.368101
1.365972
1.365437
1.366297
1.368268
1.371004
1.374136
1.377323
1.380300
1.382901
1.385062
1.386810
1.388231
1.389443
1.390570
1.391711
1.392931
1.394249
1.395642
1.397047
1.398384
1.399565
1.400514
1.401171
1.401504
1.401502
1.401176
1.400550
1.399658
1.398546
1.397269
1.395901
1.394533
1.393277
1.392250
1.391559
1.391266
1.391340
1.391636
1.391915
1.391920
1.391460
1.390455
1.388945
1.387056
1.384992
1.383196
1.385224
1.512676
10.042454
9.417020
12.750118
12.717272
8.725803
7.537760
4.324744
3.248161
5.656826
6.011867
4.872467
6.780919
7.476729
8.964313
10.589090
11.864539
7.071508
5.281884
6.365721
3.199888
7.571364
11.659708
13.325384
9.849693
9.089215
11.200114
10.868652
10.820552
8.105073
5.912649
5.647258
8.601454
10.363114
6.184678
5.053472
4.393725
7.047573
4.372708
6.152061
5.846558
5.530696
4.522263
7.964424
4.927816
3.914232
4.317708
4.005083
5.100201
6.105716
5.092542
8.427999
4.260854
7.504324
5.845289
4.859032
4.293142
4.393599
4.649875
3.694147
4.334853
3.699282
3.514806
4.301425
4.554070
5.905958
6.517929
4.828337
8.572853
4.668650
3.638346
3.546816
3.737591
3.555455
3.278705
4.275728
3.635296
2.848368
3.706697
2.956892
5.119425
2.831396
2.597314
2.077632
4.477378
3.262171
3.826432
1.940214
3.410220
2.863992
2.602034
4.115455
4.624563
3.035287
7.091056
8.276132
6.697715
10.773367
10.060241
9.773553
5.416811
2.961335
4.341955
3.902699
2.746181
2.678697
3.431985
4.831145
7.926296
7.045318
2.829186
5.151282
4.505197
3.340280
2.213562
4.622833
8.448530
4.934232
5.477916
4.422295
4.853990
2.829651
1.815409
3.260214
3.022545
2.493298
2.388846
2.192396
1.148881
2.168601
6.439203
5.100119
4.885349
6.672595
4.958374
1.993835
2.427561
3.314688
3.470743
3.571351
7.817518
5.090459
4.355067
2.315683
2.255891
2.526747
2.693009
1.823599
2.861711
3.133932
2.570940
3.105265
2.229610
2.884415
3.053720
2.058869
8.118601
4.117860
2.563805
2.982684
3.689199
2.892058
4.123404
4.211886
2.197826
2.182212
3.960283
2.427230
3.406342
9.000995
4.233415
3.320493
5.060278
1.872971
2.065121
2.363772
2.486159
3.002312
2.632372
2.483333
2.105130
3.460755
1.782332
2.027977
2.795255
3.561263
4.402688
4.733957
5.453976
5.125472
4.056410
3.938919
2.744840
4.061611
6.695014
5.858458
6.146683
5.756877
5.216584
7.829965
7.101623
9.178188
5.759757
5.203230
6.899084
3.984969
3.284787
3.966724
2.453013
3.740855
4.192223
2.965293
3.128651
4.301295
2.861392
2.844635
2.256415
1.566042
2.370003
4.463658
3.740529
4.410868
3.661528
4.710398
5.176693
3.816794
4.668138
2.470845
2.696846
1.716207
5.276121
10.180292
4.094614
3.595829
3.092666
2.665592
2.336828
3.248874
1.553979
2.231937
9.136908
8.458594
5.006767
5.423165
7.265092
1.521188
2.033819
2.167453
1.649550
2.798348
3.962711
5.848709
5.639114
3.251148
4.102484
3.313415
2.596712
3.204138
4.231136
5.680761
6.903767
6.204902
3.617496
1.816911
2.850780
5.414745
4.879179
2.792482
2.176295
1.526592
2.923316
4.047191
2.725693
4.334501
4.983113
6.342392
4.032660
3.219577
4.457966
3.061300
2.448568
2.981199
2.617640
3.097756
3.241097
2.306553
4.431829
3.043128
5.041583
2.923567
3.268892
3.440533
2.946107
2.946082
2.932937
4.882636
4.135673
4.989559
4.896071
4.649338
1.994681
2.350245
2.698772
2.753415
3.476858
4.007382
4.502478
3.680585
4.867023
4.031788
2.655363
2.677657
3.347400
3.748440
9.743040
5.584937
4.347231
5.621515
3.071365
3.880888
4.417471
2.609082
3.023040
4.117657
2.491966
2.011081
2.452302
2.664240
4.373894
2.337387
3.645868
5.251249
9.607823
10.011479
6.834181
3.947219
2.378646
2.748698
2.320514
9.788825
7.957920
6.794988
7.257376
3.736035
4.096890
3.975786
2.175466
5.286266
4.658934
2.731125
4.346090
4.303279
4.140287
3.112485
2.961417
5.458299
3.383656
3.579269
4.875039
3.255416
3.890414
4.873769
1.530943
2.194140
2.394686
2.639103
2.761180
2.760377
3.724511
1.445214
2.099227
2.881089
2.049982
2.272482
2.150676
1.790567
3.531624
6.782275
3.208191
3.054332
4.002123
6.828026
1.968431
5.138409
2.794177
2.303303
2.114481
2.889603
5.659550
8.826672
7.851854
7.486965
4.129933
8.379862
4.716181
3.480732
3.585739
4.793466
5.500147
5.018743
5.281941
3.851739
2.002558
4.037353
4.028781
4.885891
4.112292
3.646131
3.399337
4.618778
2.600477
3.150541
2.427081
2.320920
3.936092
3.034500
1.777400
1.546020
2.073697
4.148996
3.867826
8.327647
5.688112
9.973563
6.609628
3.461596
3.414062
3.801300
2.903206
3.512724
3.228863
2.190049
1.864540
1.935150
2.749706
1.682557
3.568914
4.391071
6.958498
7.036906
9.640989
7.181740
7.444823
9.323177
7.122129
9.267276
6.313743
6.036736
5.572679
5.715415
5.342353
5.478220
8.861312
6.669326
7.593588
7.590067
5.593574
4.417572
3.728854
5.940592
4.145322
3.648928
2.760304
4.863608
3.693353
3.733424
4.899034
7.316856
7.468892
8.077771
9.933062
11.835057
6.140472
4.617135
7.784206
4.335669
5.875099
5.332600
5.212014
3.278513
3.995637
4.509643
3.455695
4.174435
5.218701
3.256394
3.208909
3.951581
2.123705
4.269322
1.855138
2.920983
1.953530
3.231817
3.310002
3.122377
3.576744
3.373870
1.973845
2.617819
1.979848
3.852054
8.818167
10.240853
4.610537
4.071316
4.358724
3.092315
6.971344
5.691164
5.621440
6.282844
8.155183
6.781154
5.601847
6.591813
8.749108
7.504423
6.016932
4.695624
5.659014
3.773136
4.154944
7.768964
7.111142
5.983180
3.497445
3.049640
3.542667
3.195538
3.165407
1.955382
2.418608
2.379317
5.363750
5.168678
5.277734
5.963439
5.153977
3.598654
2.905023
2.663624
3.126942
2.944031
3.548328
2.629665
3.247528
5.060282
4.182397
2.844747
1.867891
2.010521
3.104760
2.382019
3.591346
5.816645
7.675703
9.744678
5.235121
5.187602
5.156915
4.855640
7.481521
7.048289
4.877679
5.195201
12.762218
7.961062
5.401234
5.277568
4.446044
4.393377
4.057184
8.019277
8.313175
8.825938
9.075402
5.965999
5.670221
7.326926
8.985210
6.489016
6.975991
6.618501
12.183787
11.358749
10.583418
8.072139
9.677410
5.972988
5.574984
6.219777
7.426959
8.974721
5.198778
8.793292
7.203654
6.207745
6.581503
5.964388
6.661514
4.406458
7.562230
11.738519
12.806855
10.460099
8.166799
8.699405
8.460442
7.022361
9.354969
7.904169
5.919258
5.613684
4.710823
6.679263
7.507842
8.163213
6.622184
7.217537
6.226868
5.365813
11.205733
9.565289
8.394835
7.155675
8.430831
7.580277
11.543306
7.717747
4.642297
12.470309
7.048593
8.699315
6.396287
7.113232
6.689809
5.044207
4.996259
4.686641
4.090763
4.530530
8.645275
7.955952
11.786840
8.633834
9.844760
6.054194
5.088642
10.913963
7.732255
6.629857
6.391683
5.813800
5.936915
8.871284
10.000286
6.367633
11.006449
7.955546
6.518802
4.823672
4.824512
4.477365
4.058769
7.434152
8.502708
8.170574
11.000105
6.495376
8.110728
8.330761
6.318855
5.570784
5.425150
4.987692
5.195394
5.754110
3.728598
4.955371
4.043221
8.508762
6.685782
7.388556
7.086798
6.085940
5.886826
12.081997
8.987813
10.169347
7.618041
6.804975
6.287050
7.518270
7.554057
6.309334
4.500012
7.134449
9.017425
13.108573
9.018679
11.921091
7.567681
5.160477
5.367918
7.567460
5.524148
4.534390
5.115323
6.811577
9.861485
9.662416
11.248948
9.390898
15.937603
11.710328
9.382889
8.811776
7.511177
7.091660
6.920737
12.039008
9.210099
9.044225
7.175918
7.210843
7.776904
6.299982
5.953124
5.455496
4.840366
4.840796
4.744617
4.723693
4.579729
4.144784
4.049343
3.839024
4.876824
6.760786
5.382367
4.767053
6.423758
5.354627
4.508598
4.533597
4.729197
5.352608
4.412267
5.116388
4.217133
3.823882
4.413431
5.532092
3.659887
3.876863
2.868937
3.705074
4.411894
5.628150
3.111898
2.798860
2.710280
2.693220
2.707900
2.686713
2.700047
2.635664
2.661571
2.671324
2.536393
2.610522
2.550823
2.688130
5.005472
2.776782
2.669864
2.731336
2.870688
3.617525
3.532504
2.465099
3.360616
3.370716
7.762015
8.191172
12.373906
5.117897
6.185769
5.441194
7.063770
8.943059
8.380232
4.643242
3.121203
3.396269
2.473342
2.727788
2.929458
3.398022
5.315567
4.482608
3.232492
5.790323
4.005641
8.582928
4.766690
3.106847
5.433983
3.912624
2.384045
2.519931
3.146594
6.150513
4.689581
2.411886
3.295823
3.188056
5.908549
5.803367
3.602023
5.326880
5.227304
7.333509
5.240431
7.236945
7.607779
9.633667
6.734057
4.590928
5.778898
8.041249
6.509211
3.277643
3.474674
5.547492
4.644243
3.655414
5.943981
7.017049
5.481274
5.980427
3.788046
2.168013
2.354895
2.654503
2.064062
2.446832
3.304849
5.710461
5.294026
3.759292
3.614068
2.746352
2.506235
1.932618
3.281743
3.911314
2.306057
5.493730
3.633850
2.662969
3.569240
4.812742
2.995904
4.393166
4.462522
4.512004
3.824647
11.424971
6.571609
8.575677
6.059790
5.470533
3.177373
3.774767
3.488619
3.057307
2.309246
2.310979
2.513050
7.902407
3.875525
4.876427
2.643398
4.562220
6.993638
3.789490
2.679361
3.919764
2.706495
3.561697
6.588510
7.562990
6.657033
6.979810
5.847628
2.952272
4.268188
3.186205
3.008562
2.639761
3.317759
2.031297
2.164366
3.527904
2.751256
4.042529
4.003923
5.315456
5.553480
4.948401
5.040929
7.186020
8.036959
6.105814
5.703852
5.745918
5.121680
6.391937
2.900072
4.752337
3.167052
6.220193
9.600375
7.048343
4.116838
4.442660
4.081369
4.133608
2.103653
2.836044
2.333254
5.290631
4.781129
2.740288
3.020767
2.909294
4.007791
2.493365
3.529872
2.789543
3.507338
6.624894
5.617151
5.452220
3.253981
6.385696
5.617029
3.050090
4.480409
4.377267
3.787703
2.807288
7.218675
4.123926
3.423560
3.497221
3.784757
6.391294
2.907099
2.461600
2.090424
2.991886
5.135855
4.303198
2.480445
3.832306
3.208742
5.896254
2.255378
3.192941
2.774900
4.193952
1.924198
2.340682
2.905565
4.293080
2.770742
2.097390
3.096191
2.868906
2.567892
3.216015
2.860316
2.646272
4.738397
2.834999
3.227646
4.770511
4.646058
4.552267
6.894063
3.382140
2.203933
1.793852
3.232267
3.462806
3.570336
2.978892
3.208293
3.906113
3.302293
3.251869
3.874688
6.263711
4.277472
2.710070
2.993034
3.074392
3.613842
2.002642
3.885259
3.510570
2.417465
2.828707
2.714147
3.324615
1.792467
2.977678
3.615377
5.485039
7.919586
2.443212
6.572590
7.331278
5.282807
5.440831
4.016820
2.154879
2.824648
1.822780
3.583434
4.692791
4.634739
2.381759
2.056419
2.447680
2.656021
2.361672
3.797320
6.541726
6.868572
3.591475
4.900172
5.389922
5.001079
4.976064
6.818258
6.263042
4.678779
7.610420
4.787711
2.477145
2.581622
2.446488
1.646816
1.701102
1.312370
1.425511
1.444742
1.335619
1.365698
1.262592
1.503550
1.944475
2.176391
3.048450
8.554726
2.700673
2.506299
2.189702
2.991205
3.060227
2.320788
2.835516
3.619923
9.034797
4.832286
5.146323
5.762025
5.349073
6.405126
5.387013
5.678329
4.393739
8.122152
5.198336
7.623914
3.529138
3.610473
2.865841
1.602303
1.963721
2.748476
1.937745
1.640710
2.740682
3.691272
3.039486
3.977680
2.754614
4.823195
3.418236
1.995325
3.806209
3.038354
2.908570
3.722430
5.810910
4.227650
2.968350
2.895108
3.229250
2.583932
2.139367
4.703442
6.406550
3.873118
3.613374
2.335450
5.331547
3.744818
5.591551
10.049518
11.336310
4.009633
4.356602
3.558965
6.475857
7.904380
4.503332
4.956842
2.738607
2.718578
4.598135
7.840548
9.402743
6.463410
10.269761
10.190080
10.888942
9.605401
6.627227
4.640072
3.779956
5.083136
7.364538
5.381470
5.900061
2.986183
3.837793
3.223786
2.731767
3.393707
4.370617
5.920055
9.836046
6.399053
8.724037
6.362917
5.935115
5.181802
4.823454
3.210821
3.970113
4.526593
3.710070
3.725022
2.293404
2.614872
4.880106
5.188993
4.064868
5.151620
3.499392
9.561259
4.400830
3.207630
4.431708
1.765940
2.131297
5.631748
6.166715
5.607434
4.589666
5.333580
4.800941
4.487150
1.916170
2.509177
2.320836
3.637785
2.172366
2.454310
2.584086
5.045383
3.263136
2.489562
1.330060
1.272973
1.188148
1.261299
1.797588
2.955388
4.165278
5.262487
3.572747
9.586023
10.363733
5.828363
3.827484
8.289791
4.228671
2.799957
9.873359
7.660820
5.817008
6.696032
8.157091
3.673881
4.291109
3.296109
5.743311
4.641755
3.173173
7.136079
7.974399
6.261448
4.050743
12.057720
6.485332
6.668338
3.465511
2.955898
3.509118
3.696737
4.780486
5.614261
3.115575
2.164292
2.431272
3.581639
6.651687
7.169253
6.988084
5.778520
7.181409
3.433132
7.838015
7.068100
8.411067
6.026593
8.443443
7.434062
3.237571
2.884977
2.665672
6.094315
2.674423
3.575131
3.199987
4.455808
5.262045
4.794183
3.623665
2.339955
2.348792
2.990748
4.769515
3.252474
2.070823
3.455415
2.841819
3.027123
3.367756
3.282763
3.897744
4.745685
2.821233
1.592605
1.902972
2.631795
3.152893
2.198143
7.423975
8.441106
8.432471
7.913629
7.619046
3.038343
7.562884
3.566987
7.298231
6.514247
6.250961
3.278154
3.690148
2.529395
3.526679
3.544216
6.343488
5.446186
4.958084
4.439486
4.161877
4.026717
3.958727
3.347489
3.215261
3.076872
5.297523
2.619705
4.283889
2.533473
2.548091
5.001892
3.851197
6.454734
6.962747
5.591893
2.954081
3.048644
2.688749
5.400098
3.291320
4.830116
4.868172
6.048928
2.193988
2.446264
1.728959
2.112641
2.695082
1.749706
1.575872
2.172744
2.289805
1.775211
2.113531
1.852052
2.003430
1.706724
1.820955
1.444262
1.288596
1.595368
1.538586
1.604607
1.856362
1.219229
2.109591
2.128029
6.009134
6.671639
4.482661
8.663372
2.587671
3.112410
3.707197
4.569637
3.459857
3.649623
4.487280
2.891788
2.592879
3.082285
2.661322
2.793488
4.751098
5.696957
4.158477
2.724282
2.603342
3.803506
5.321037
3.892404
3.303209
10.577467
7.598786
3.154842
2.788186
2.070251
2.459086
2.600848
3.344892
2.063154
2.328789
2.266376
2.548775
12.531961
7.099561
8.027788
8.124812
8.473465
5.544185
5.639274
7.521345
8.700566
3.811331
3.116917
3.672084
3.263730
4.645317
3.353028
6.676632
3.818874
4.073040
5.168233
3.159227
4.448609
5.585340
4.151428
3.246945
3.771792
4.662815
2.987299
4.378645
5.439325
3.359937
2.450617
2.901594
3.196456
3.271867
2.430702
2.802456
3.420124
2.069108
2.002731
2.781732
1.737818
2.859624
7.149911
7.479714
6.555926
4.231318
3.991901
4.030214
3.651388
5.289004
6.267623
2.867923
2.361951
1.755866
1.593058
1.570500
1.576650
1.756103
1.623564
1.240264
2.257591
3.464961
5.784064
5.518453
4.562497
8.091427
5.814946
3.096777
3.345448
3.908688
6.368493
2.713864
3.943496
2.864581
1.594821
3.314320
1.590885
3.255653
2.954575
1.877531
2.890326
3.103113
5.439145
4.521463
6.111850
4.637795
7.690055
2.994095
3.908286
5.220710
6.915658
5.286695
9.335430
4.491825
6.827537
4.734100
2.364426
3.166779
2.611664
1.437660
1.902214
1.950901
1.902324
2.051582
1.962693
1.952854
1.889340
2.358666
2.805831
3.703491
1.735934
1.986430
1.917400
1.855994
1.997143
2.011842
1.621557
1.941930
1.730539
1.849489
1.794135
1.610628
1.495353
1.937762
1.590472
3.851828
3.212344
2.080434
1.928427
2.292942
1.940887
3.480968
5.227310
2.553901
8.275934
5.436103
4.154743
3.469251
7.484969
7.528381
6.509196
5.990988
7.168145
3.902458
2.612712
5.026524
3.216044
6.345129
4.761556
6.826546
2.477066
3.421810
3.116672
2.706312
4.055230
1.740804
3.729329
4.450069
4.939075
3.305351
2.132483
1.985911
1.734578
2.475544
2.903240
4.066338
8.235230
3.387596
5.653078
2.952725
4.592300
6.747435
6.510907
5.208835
4.633595
4.592458
3.008135
4.719755
6.403727
5.799816
5.270769
5.358730
4.115869
3.789317
3.205369
2.291607
3.668782
3.979490
3.290338
4.359250
5.315859
2.985115
3.254928
2.964915
5.432158
3.229027
5.288527
6.434178
5.965468
7.090991
5.137511
3.632496
1.800294
3.499670
3.417137
3.635870
2.438191
2.792035
3.574006
7.742927
5.626558
4.406214
7.358502
4.387685
4.710550
3.623794
4.348606
2.893994
2.125897
3.067144
2.556810
3.649865
3.411980
3.501535
2.226987
3.302781
3.329820
6.107422
6.408915
5.677455
4.231135
3.917410
4.301942
8.225458
6.085715
5.387078
3.175561
3.197233
1.590115
1.814493
1.854927
3.609088
3.544432
3.151469
2.721227
4.294892
7.128280
15.777340
9.134209
10.380224
9.690224
7.801776
6.887625
7.237509
8.062648
5.951430
7.271884
4.555019
7.073125
7.195120
6.317161
6.390996
8.323746
5.561765
8.656798
2.294199
3.180537
3.068163
2.778640
5.426396
7.645952
6.272616
3.736357
3.634062
5.955587
6.842355
7.789227
4.945997
3.132232
2.732922
3.843035
3.436038
6.527658
9.077085
8.781846
7.292403
4.355000
4.950122
3.884348
3.396082
2.913563
3.987069
5.394725
4.893953
2.517848
3.132856
2.601788
4.400861
2.050438
2.723697
8.270601
8.088687
5.484694
9.302835
6.801700
4.210488
8.967842
4.063264
3.545009
3.133503
3.082918
6.080435
5.605840
10.138144
7.636198
5.685185
5.725868
4.104169
6.671650
4.629422
6.163569
3.379401
4.643551
1.974084
2.722895
1.798896
3.335720
3.562697
7.585855
7.166667
6.099632
4.474904
5.545862
6.170362
3.534474
6.001302
4.749609
2.542730
2.571893
2.822534
2.540374
2.257217
2.481852
2.290630
2.210061
2.188876
2.599650
2.284167
1.834712
1.725506
2.999472
3.785799
5.001717
2.439802
1.622978
1.458745
1.476618
1.652640
1.697273
1.724684
1.612865
1.465295
1.403954
1.387056
1.376038
1.374510
1.382206
1.397840
1.419021
1.447788
1.464007
1.488756
1.558141
1.644658
1.655795
1.636464
1.676177
1.662981
1.644811
2.378508
2.145201
3.534766
3.179046
6.737860
16.338262
11.886828
9.604428
9.731407
4.925785
7.331206
5.379399
6.029737
5.378289
4.458129
7.101672
11.223839
13.107906
9.505282
8.893771
8.690223
9.262158
9.869453
12.274186
10.162405
9.977607
8.205218
7.651674
8.336741
6.993850
8.510389
12.014155
10.701920
7.449477
9.592980
7.012962
8.809548
9.782993
9.425390
7.609806
7.675976
8.324034
7.531779
11.866180
7.768564
9.753592
9.030654
6.843653
8.077973
7.098869
6.353338
7.884459
9.748306
8.621490
7.117706
9.558574
11.097332
10.344164
10.640974
8.017331
9.916957
11.524523
13.934761
12.822604
8.278173
9.108623
8.278277
9.892399
7.516503
8.304716
9.788521
10.333689
12.126203
7.146974
8.707541
6.649407
6.010139
6.592683
6.376412
6.179266
6.055229
5.676388
5.936449
8.747889
7.084817
7.581742
8.267162
9.132026
7.993504
8.673840
9.768050
9.180880
10.414307
10.385147
10.793161
9.453240
9.723000
8.976218
9.598732
9.447546
9.216420
9.376774
9.298452
9.252871
9.422667
9.417158
9.332939
9.208308
8.709476
8.750338
8.755732
8.712837
8.747881
8.606566
8.721567
8.694745
9.526163
9.160353
8.999671
8.500596
7.242171
9.518900
12.470127
10.304483
7.231360
10.802658
9.559858
9.339513
8.947606
9.672886
8.878781
8.469385
9.289390
5.928856
7.330764
7.299919
10.591114
8.386505
4.813795
6.095706
8.090182
8.381047
7.655626
7.944819
9.510525
8.528117
10.013548
8.886610
8.291829
7.879445
10.026561
10.793525
10.171958
9.752444
9.220898
11.325653
10.206001
10.712024
12.830130
10.830747
9.395277
9.784674
10.556202
10.639704
8.927578
10.701772
9.613876
8.744417
10.169294
8.299347
7.570031
7.483129
7.576858
6.950567
8.265156
6.371041
6.742888
6.240039
5.719636
6.704030
6.399133
5.732326
5.389057
6.006187
5.395381
7.309343
6.024233
5.007386
6.358714
7.684358
6.800067
6.860477
6.865340
7.925894
7.065725
5.581826
5.796450
5.056830
4.685261
4.919467
5.601063
4.767852
5.846582
6.614577
5.279752
4.914942
5.832337
5.988203
5.435723
5.515214
5.715121
5.332176
5.023450
5.125580
5.672716
4.904170
5.085023
4.572409
5.572436
4.816811
6.182638
5.500498
5.022739
5.259321
5.146952
4.768890
4.766698
6.007490
6.895808
6.564400
4.352042
5.353954
4.789594
5.207726
5.703239
5.200365
5.682498
4.928570
5.060027
5.174542
4.404490
5.984448
4.867632
4.789393
5.177719
5.515543
4.896393
4.902965
4.785061
5.177620
4.582359
4.918990
5.064375
5.761762
4.586674
5.404677
4.545424
4.588494
4.510852
4.803015
4.673956
5.002744
4.990258
5.290252
4.875757
6.274051
5.008736
5.781514
4.728152
5.152204
5.587305
4.331349
4.721727
5.146739
5.417499
4.551158
5.619301
4.725710
6.393152
4.799501
5.578793
5.689490
4.352619
4.559007
5.074848
4.317909
4.463162
4.534323
4.772824
4.366896
4.611298
4.249472
4.539528
3.871802
4.736032
4.293199
4.219331
4.061802
4.198889
4.079864
4.165456
3.847724
4.156622
3.977065
4.308951
3.982367
4.389747
4.113165
3.794041
4.207788
3.702512
3.955106
3.824972
3.747231
4.371044
9.822171
6.462305
5.776441
4.088244
4.471390
4.436694
5.017305
4.710518
4.142183
4.387555
3.988747
4.227803
4.206014
4.238150
4.272260
4.170655
4.369343
4.295951
4.156078
3.880421
4.441686
3.807372
4.797001
4.421821
4.181761
8.377617
3.495485
4.169333
10.356462
4.901063
3.710115
4.534960
5.055426
3.667136
4.219222
3.768897
3.931696
3.865467
3.474270
3.646083
4.050739
4.486754
3.509128
4.993230
4.426695
4.402492
4.429948
5.593854
4.629980
3.892255
4.421013
3.704945
4.856692
3.452318
3.373244
4.001755
3.766907
6.748896
4.019033
3.128242
3.645919
3.266666
3.342321
3.472766
3.763265
3.572461
3.235699
4.811831
5.133669
6.314028
4.631335
5.939804
5.855913
4.840699
5.967053
5.738366
4.335293
3.883020
4.252290
3.316477
3.648953
4.489039
4.422437
5.730628
7.218814
5.503235
4.474565
5.225621
4.055730
8.159903
4.641576
3.845969
3.715467
4.607770
4.270992
4.232212
3.994845
4.440096
3.706229
3.071639
2.866336
3.310837
2.912471
3.871007
5.770934
5.559721
4.588805
5.620507
4.308189
4.876732
3.797975
3.972597
2.998334
3.132409
6.223907
2.777822
2.623395
4.044386
4.083601
5.177661
2.837879
5.779577
3.881358
4.362705
4.108487
3.354677
4.134581
3.141303
5.732653
5.658861
7.860449
6.727217
4.809001
4.524786
3.710570
3.287856
3.040889
8.551212
4.893032
3.447857
4.715373
3.090278
2.669041
3.640429
5.082597
3.563003
3.077614
3.571838
2.939442
3.902591
4.443677
5.309757
5.034336
6.572960
3.143406
2.833593
5.943441
3.089512
3.834013
2.969099
5.053664
4.286077
2.938865
3.059844
3.784147
2.763242
3.972649
4.169049
3.560231
3.185025
4.122261
2.904113
2.414780
3.132602
4.073906
5.929293
3.756912
2.732845
2.511844
4.870738
2.575410
2.764731
4.253115
4.281525
4.096322
3.726284
2.890080
2.118008
2.161709
3.082789
2.931433
5.331128
2.020801
2.019602
2.702280
3.474600
3.209018
4.351634
4.878175
5.206627
12.872924
9.603575
6.414965
6.049566
9.230842
7.899298
3.748481
3.529204
5.485073
7.133018
4.300670
4.032507
3.011059
3.382544
2.890545
2.755469
4.115285
2.673386
2.819325
5.657880
4.872313
4.952733
3.794378
4.688608
3.748687
8.052716
5.170332
5.066411
3.443382
3.943443
5.797049
7.076242
3.213558
5.212411
3.966739
5.507853
4.166060
2.082448
3.387887
3.374965
4.846298
9.562282
3.753212
3.106490
5.043762
5.888464
5.110202
4.095358
3.954924
4.511016
3.454936
8.075674
9.235921
3.498101
5.109877
8.590948
5.255410
3.578224
5.325151
4.046738
7.051879
3.078659
3.188451
4.511985
5.166293
4.357246
7.827951
5.629585
4.938953
4.490406
5.623802
5.870188
4.611849
5.968153
4.889359
3.500202
4.887463
4.614139
9.725984
6.057961
3.159012
3.548907
3.565261
4.594224
6.934391
6.225824
4.400835
2.163452
2.872625
8.959575
9.099681
7.944006
6.993220
6.244871
6.561816
6.558505
5.750198
6.751832
6.195131
6.364876
7.270519
7.541341
3.160419
5.139654
3.439171
4.697626
5.444723
4.102354
5.224925
6.045899
3.091837
2.435193
3.387621
2.933474
5.580089
2.886582
4.364232
5.747984
4.463012
3.778918
4.604558
4.890263
4.175454
3.654417
4.708838
6.139202
3.284430
3.024669
3.318656
2.871442
2.670544
4.080822
3.917692
3.654451
2.472052
4.912001
7.962916
6.914788
5.837083
3.791173
6.949685
5.812064
5.910020
5.276271
5.255321
4.051407
4.333531
4.755929
8.859970
3.794368
5.325993
5.123606
4.756071
3.813699
3.278427
4.733727
6.157167
3.820129
4.762257
6.675178
4.187440
3.949858
5.030175
4.217687
4.562634
5.483038
4.369063
4.625082
5.741373
3.872213
5.414175
4.554859
4.315237
5.379475
5.105488
6.766725
5.807530
9.518683
5.671597
5.142062
3.874160
3.832462
3.686636
4.624822
5.357987
5.282142
3.895567
4.273279
7.517537
7.768819
5.596849
5.811494
4.349914
3.340527
5.135578
6.083828
5.648837
4.713739
4.291765
4.879215
6.534793
6.605989
3.363943
3.670723
4.218219
5.030892
6.755310
4.088611
3.482598
3.569778
3.628782
3.384350
4.666426
3.305898
3.221401
4.482458
4.351426
4.475426
3.357086
3.308943
2.988243
3.427882
4.536224
4.756409
3.070483
5.108722
4.484071
3.373357
4.603899
4.104346
3.667808
3.984318
3.869927
4.218667
3.350295
4.194432
4.776233
3.990477
6.220438
4.946911
7.697016
5.280875
3.374659
6.110946
7.228646
6.205068
8.167876
5.362241
6.744708
6.007231
4.734449
4.735072
4.859403
6.146439
6.033958
6.177096
5.345693
2.854307
4.911260
6.486331
3.408126
3.718827
4.026354
3.957165
3.624649
3.916150
4.973934
5.702728
6.176956
3.552790
3.791110
4.014832
4.845096
3.662964
4.832183
7.147110
6.450359
6.525434
10.141342
8.582192
6.876696
6.076022
5.546020
4.725467
7.094400
6.482199
5.218783
6.007619
5.239992
4.305378
5.158162
4.627561
5.880922
3.855306
4.321448
4.252003
3.734594
4.073554
4.452520
3.506381
3.505873
5.132364
5.192706
4.344137
6.065048
3.839237
5.910694
4.486287
5.153260
5.355306
14.072792
7.866208
6.356879
5.890830
10.206163
7.858017
6.126807
5.953886
6.557222
6.303550
6.186913
6.143864
8.153869
8.498250
5.359376
6.954533
5.362118
6.257135
5.055417
6.691157
6.184541
5.442607
6.119935
4.964202
6.762971
8.482992
6.752299
4.949163
7.818578
6.112866
5.140255
6.048058
5.588519
6.517735
5.542190
6.076385
5.654182
6.244180
7.576603
6.479080
4.442245
5.573919
6.578346
4.789916
5.724033
9.085549
8.508089
5.252903
4.662437
4.550168
3.620500
4.612882
3.337324
7.162554
5.461064
6.470709
6.878250
6.958190
5.112434
6.989680
5.476825
4.830403
5.566609
4.162664
4.041077
5.414542
5.370417
4.669766
4.262456
3.516665
4.020561
3.916718
3.696371
5.029392
3.494329
3.186646
5.167886
4.670783
4.815101
3.589232
2.828381
7.686030
6.484262
5.507917
3.128854
4.093245
4.013287
3.465109
3.080056
3.909215
3.167547
4.393879
4.732495
5.308931
3.532266
3.113934
3.286965
3.232209
3.090393
3.385979
6.012156
4.790384
3.773071
3.010514
4.010096
4.625819
3.994907
3.856051
3.298097
4.449959
6.123720
4.703935
3.650116
4.466238
2.881296
3.436653
2.958298
4.956194
3.114474
3.290686
3.825540
4.987343
4.543791
10.518202
8.411884
7.780969
3.694099
4.109835
5.020778
4.114126
3.608816
5.271173
4.450314
3.494634
5.409382
3.122316
5.422057
3.172802
3.924141
4.313082
3.333141
3.921990
5.552443
3.569247
4.552638
4.988954
5.217352
4.579050
7.018676
3.316463
7.300551
3.912978
4.852243
4.948405
5.391823
4.313836
6.017893
3.499713
9.965757
6.351302
5.871104
5.310304
4.883821
6.060379
10.540172
7.032713
7.057849
5.599684
7.431629
6.029736
5.526124
3.920949
3.772942
3.781139
3.922088
5.149798
3.516984
3.923356
6.155865
4.245804
3.550150
6.185623
7.566695
3.286385
3.607859
4.258599
5.394531
4.092099
6.362902
5.841240
4.184623
4.284230
4.268288
4.566455
4.642984
5.798933
3.508445
5.339714
5.855028
5.820273
4.395907
4.339950
4.733586
4.558528
6.022006
3.854227
4.936213
3.808470
3.995604
2.953240
3.699429
4.977629
4.350069
3.393933
3.136733
4.792355
3.687182
4.399032
3.670071
3.768497
5.399700
6.519459
4.153145
4.635539
3.251784
3.461038
3.941122
3.505072
3.321228
3.277837
2.993056
3.474051
3.333156
3.843444
2.862015
5.779702
3.430986
5.643427
3.394979
3.464668
3.287024
6.589137
6.268605
3.945352
5.145098
5.250952
5.895025
5.599053
4.902498
3.495373
4.567036
3.649598
4.204194
3.192628
3.487820
4.447325
3.655283
4.125997
4.986556
3.756501
2.519645
3.287747
6.169291
3.181515
5.709586
6.022543
4.862287
4.168203
4.827855
6.416744
8.563231
3.719888
5.889897
5.144350
5.032188
7.938652
5.006377
3.515412
3.352935
3.711435
3.448044
6.568175
7.190327
5.358454
4.909166
4.357165
4.632265
3.814271
3.916042
3.157757
3.663914
4.329727
3.681658
3.679348
2.930141
3.293372
2.684367
5.457560
3.788057
5.724008
4.316364
2.965934
4.404472
3.963746
6.620472
4.566209
4.675431
5.200891
6.934317
4.663502
3.691152
3.240694
2.672598
3.899498
7.712497
4.874523
4.750977
2.984511
4.780176
4.196164
5.589236
5.040186
4.642358
4.480065
3.519105
5.882168
4.631896
3.564083
5.003913
3.014405
4.563386
2.899895
3.144146
3.192623
4.143861
3.355553
3.121005
2.785669
3.748120
3.434553
7.186430
3.472070
4.485474
3.628922
2.809554
6.174315
5.992159
3.293956
2.513473
4.692585
5.162883
5.423053
5.568769
4.799322
4.054730
3.772729
5.235010
5.848417
4.257298
7.872122
5.855127
5.549122
4.037554
7.127325
5.529775
3.992064
4.268893
5.287531
4.628503
3.695621
3.363661
4.104638
3.051604
3.986752
3.401653
4.219168
4.834300
4.299060
7.999739
4.201008
3.693829
3.621422
3.950003
2.788365
3.517230
4.980712
4.436852
2.794158
3.733121
6.478906
4.671995
3.366801
5.584933
4.040756
4.033355
7.226953
5.330313
3.124971
2.789291
8.980226
4.289611
3.199613
7.509218
5.052318
8.428513
8.203004
4.297604
6.869691
10.347135
6.523011
7.758995
5.880947
5.923829
6.478101
6.130138
4.764157
5.171658
7.073783
5.293722
6.595095
4.341854
5.793854
6.516932
6.056509
6.507393
8.775107
11.135584
9.029505
6.248270
4.607930
4.070986
3.718201
2.736325
2.729302
2.718928
4.012718
5.624751
3.229785
3.004895
2.727712
2.936263
4.968088
2.525647
3.188828
7.544958
4.567321
3.751968
3.547405
3.017958
2.516252
2.769098
3.153793
6.940516
3.980460
3.936761
5.290410
4.750468
3.055649
3.272375
2.746946
4.879530
4.330143
6.574796
5.170741
4.937177
5.712443
4.491968
2.926607
5.012926
4.410415
2.958721
3.136530
2.921428
3.377281
2.783974
4.369898
2.770499
5.349789
5.838244
6.579039
5.033125
3.251656
3.960376
3.932197
3.680815
4.738204
2.602914
2.977486
3.672595
2.953111
2.980059
5.902332
6.405211
3.324390
3.220370
6.934562
4.673299
3.583132
3.069681
2.446825
5.669766
3.088639
2.493682
6.832732
5.715511
3.581667
4.344583
4.873293
2.919158
2.800331
3.751188
4.817150
4.499835
3.301018
3.403181
5.873822
2.790422
6.569387
2.459788
8.291239
3.494752
10.079820
5.716984
3.548972
2.968119
3.232400
2.762813
3.647874
3.029575
5.241388
3.354207
3.324800
2.896015
3.275618
2.752929
3.106335
5.319213
3.420673
3.409697
10.299543
5.839815
5.771076
4.028777
3.374432
4.518673
6.315971
5.753817
5.485700
6.744841
6.570608
7.247933
5.270017
5.626434
3.746817
6.346037
6.103567
5.863093
3.118501
5.651585
4.703840
4.089934
4.490868
3.729531
3.210944
5.944182
4.978183
4.905823
6.625958
6.892496
6.880989
3.717686
7.313763
6.087858
7.423589
8.474561
5.179516
5.392781
4.506387
7.308979
5.312537
4.164089
4.148014
3.809548
4.201527
9.340703
4.626394
5.979150
3.933436
3.185373
2.666816
2.930403
2.963542
3.291713
2.424080
2.667342
4.718201
3.822401
3.852657
4.629529
3.468918
3.237977
3.880047
2.848040
3.155122
4.276927
7.137977
4.747670
4.263701
2.397847
3.616877
3.821745
4.014101
4.073900
3.340032
2.296751
3.102138
2.675901
3.056815
3.103063
4.550163
7.445927
8.650800
4.541696
4.179154
2.604847
3.083514
2.744388
2.913095
3.054512
7.501668
4.087629
4.895216
4.447564
4.620781
6.352324
6.106707
6.407971
3.916146
3.377813
3.955189
3.851390
3.823275
5.982943
4.583981
3.629317
4.897830
6.653281
4.740258
2.729441
4.095071
5.828959
3.698822
8.198354
3.943772
4.447574
2.816525
4.868394
2.584160
3.432523
3.561561
7.676035
7.772457
3.535598
10.006001
9.099242
7.948298
8.656268
5.549874
4.061143
3.946098
2.829208
3.540182
3.736513
7.162111
3.624539
4.364953
3.175448
4.930365
3.990670
3.678601
3.848620
3.896698
4.403550
3.324138
8.106269
6.339779
6.290010
8.008611
5.690203
3.962142
2.963177
5.346627
2.861600
5.484187
3.436135
3.057132
2.625377
3.165899
7.372176
2.474989
3.536906
6.130861
3.989100
2.583575
6.134199
6.844190
6.528640
4.817750
3.528667
2.914829
4.341794
5.296808
3.048476
5.053786
4.093652
3.597468
3.007208
2.375335
4.204326
3.031673
3.041207
3.107339
8.677504
3.412825
3.696900
2.493540
2.868673
6.882346
6.271936
5.144877
3.757134
2.895020
4.330860
5.536932
4.713360
4.066007
2.690141
3.907073
7.295183
3.434226
3.263370
4.131991
6.855596
3.779628
2.831522
2.515807
6.298228
4.051074
3.339881
3.945235
5.032032
4.599967
3.553821
4.772865
3.866498
6.999670
8.592193
3.292682
3.119268
4.703456
4.032301
3.780300
2.547169
4.458978
5.001967
4.235897
4.742797
4.581713
5.448639
5.127139
2.504807
5.513246
4.423291
3.064246
2.639978
2.106618
4.406822
3.189420
7.171577
3.699093
3.303212
6.075072
2.761455
2.456813
2.488253
2.457794
2.155932
3.373407
4.121347
5.690995
2.217036
5.221246
5.310683
10.583566
6.023254
3.338676
4.181297
5.803554
4.181976
2.474421
2.410965
3.023560
2.658310
2.691577
11.411508
6.807229
2.663966
3.057069
2.967350
6.269664
10.250192
12.010199
9.102144
5.236123
6.397442
6.342719
5.650255
2.119291
5.571396
8.699044
7.217740
6.155887
4.011321
3.854813
10.137662
6.953600
4.979781
4.808467
5.748320
4.285329
3.354407
8.125245
4.545387
5.688298
4.401708
2.839362
3.757549
3.248247
3.800087
4.290406
6.198508
4.036118
6.541914
5.871164
5.136745
3.146874
6.056048
2.589250
3.878942
6.903210
3.360400
1.810890
3.583142
3.264343
5.621780
2.977683
6.266899
3.032100
3.901155
5.355925
7.218801
7.847525
4.558992
7.818339
4.668792
6.968044
8.168666
5.724162
5.913911
4.050548
5.566194
3.334742
4.772476
6.053755
4.526580
3.753483
8.500383
4.141826
5.618316
3.756343
3.050711
3.242325
6.305449
2.693464
2.625589
3.047156
6.172829
4.832630
4.678456
5.338107
5.064057
2.846594
5.712369
5.336589
6.088208
3.677294
4.824910
4.844202
4.540228
7.139352
5.343180
3.071959
5.059233
2.873763
4.148013
7.412905
4.580684
4.493919
3.154302
2.946996
5.033589
7.360348
4.081083
7.327792
3.371327
3.238177
4.908598
4.447546
3.651042
4.418499
4.947373
6.230706
4.530906
4.516536
3.308323
6.295038
9.257558
9.753872
5.327863
7.321155
7.116912
4.960478
3.151389
4.011679
3.676526
3.584786
3.559438
3.508149
3.446712
3.286028
2.990878
3.113600
2.950767
3.324274
8.228695
4.417126
3.864482
10.121254
9.946341
8.857837
7.879853
5.368143
4.517598
5.905371
5.838490
5.018548
5.409281
5.900590
5.347952
5.509544
8.906641
7.527245
5.399817
4.239521
5.089949
5.140274
5.306710
7.355020
6.997180
7.212707
8.546591
7.671854
6.080796
4.666944
4.380543
5.282546
4.244260
4.998533
4.850249
5.835795
4.475944
4.092571
6.740542
8.256021
5.945279
4.058423
6.633253
4.897209
6.586650
3.030911
4.671566
4.547691
6.920010
4.452711
5.114344
9.065644
4.885110
4.313446
3.494098
3.649035
3.182996
3.088402
3.003966
3.124764
3.062996
3.055648
3.059962
2.954646
3.074850
3.071215
3.077920
3.052693
3.031190
3.021092
3.012118
3.014022
3.014051
3.018346
3.020674
3.027934
3.034513
3.058874
3.006578
3.066271
3.055678
2.633317
4.753146
4.815317
5.552922
6.222702
9.965225
4.989118
5.198069
5.196777
8.073858
5.064225
5.224588
6.864901
7.366115
7.470503
5.225850
5.380998
7.217210
4.319592
4.289152
9.347326
5.995287
5.197563
5.475906
10.722279
10.009782
7.558799
10.793955
7.784242
6.575485
8.550167
5.484532
6.693865
7.969743
7.040935
5.918837
4.716462
6.461836
4.503095
3.739058
3.937937
3.546355
6.185455
5.204584
5.435455
5.543560
6.818428
5.183353
8.873486
6.134881
7.809924
5.514981
11.561882
6.424121
9.341933
6.841617
6.818305
6.489393
6.568503
4.729345
4.534183
4.583417
4.024406
2.830973
8.485058
3.747929
5.085238
6.417493
9.827005
7.298701
7.470236
8.903692
7.177919
5.761616
7.588796
8.839266
4.758536
5.296735
7.142896
4.874283
8.820473
3.103164
4.361305
3.370737
3.184949
3.495473
5.743473
5.902308
3.322521
4.238977
5.281584
4.797813
5.565407
4.966074
4.874212
5.523638
5.724469
4.431728
5.229719
4.470894
5.268723
5.926335
3.753623
3.885992
3.122253
3.713917
3.256938
5.518850
5.251265
4.160840
3.513168
4.002705
3.475512
4.019047
4.768922
2.581660
4.877806
2.431054
3.744241
3.876942
2.492203
5.126663
3.485186
7.024189
5.496802
4.969873
7.821437
6.080736
5.717662
4.125131
3.657437
3.222519
2.979739
5.544651
4.135060
7.024850
5.755900
4.789722
4.676863
6.233619
8.650499
5.893546
4.393279
5.852782
5.259678
6.884460
4.572446
5.986976
5.044527
8.605843
6.164661
7.486762
5.756629
7.868039
5.480654
6.381930
5.060981
4.292349
5.255921
5.797781
6.577838
4.886295
4.150312
5.435394
9.529215
5.267306
12.057045
5.820037
4.425291
4.749029
5.666092
5.273979
4.627528
4.232845
5.007529
5.059012
5.286256
4.831150
3.314692
4.509397
5.945023
4.083382
6.168453
8.796821
8.157667
4.082113
5.787683
7.631048
7.163796
6.041888
6.287539
6.919801
7.426023
9.489503
5.285117
16.450852
6.083820
10.008208
7.394595
10.761011
6.589019
7.519671
4.697319
4.161691
10.045457
5.605454
4.958821
6.223109
6.674164
9.298797
6.021092
8.585064
7.805390
4.892594
4.668238
5.019891
6.774996
5.846756
6.982293
5.383078
9.290604
4.984494
3.962164
7.451407
9.594205
11.082666
7.974201
9.926468
6.977128
6.836555
9.534803
8.745927
7.767568
9.980040
9.975992
9.361372
9.137060
6.242541
6.132156
12.068558
10.172564
9.110817
14.157818
7.972109
7.439989
8.563747
7.437350
5.215146
6.808583
7.741755
4.887938
5.962800
5.576671
5.577257
5.616430
7.004999
5.450305
7.208820
6.603902
6.561052
6.697594
6.603532
8.326460
5.316529
5.672784
7.503787
5.714971
8.317685
8.161771
7.675912
10.040887
5.159032
4.334351
5.612084
4.065384
4.082692
7.100185
5.833897
7.863313
7.209090
7.585096
8.453035
4.636942
5.985639
3.346899
3.313895
6.523224
3.633535
4.444682
3.695023
5.367358
6.484211
6.367280
6.039395
4.500211
6.658302
6.283121
4.843184
4.502268
5.643763
6.054526
7.398964
5.919872
8.412863
6.455243
5.848346
4.938060
4.528222
6.616348
5.366703
4.628913
3.747487
7.478666
5.348606
4.770253
8.002331
4.610810
5.176043
5.449088
4.006468
8.344266
3.926352
6.283889
8.146782
6.409500
7.531045
7.313474
5.676615
5.160454
5.188930
5.743295
5.396955
3.597862
3.592572
4.783789
6.221458
4.800142
4.886563
5.261212
4.065425
3.659763
3.710791
3.830485
4.000157
3.470171
5.128846
3.544933
5.928931
5.727669
3.745820
6.976506
8.093915
6.107616
7.178804
8.927181
6.142396
3.057688
3.434981
5.054784
5.466658
10.798941
5.638585
7.935499
8.254125
5.830374
4.481885
5.522062
5.784046
8.121390
6.521391
6.139894
4.976458
5.544064
5.373099
6.504689
6.992446
7.500243
6.606889
4.874883
4.961839
4.070584
4.640256
3.339886
5.840002
4.746698
5.916483
7.268787
4.628415
3.362591
3.797572
4.498465
4.228938
6.515815
5.024231
4.749781
6.088594
5.562942
4.852311
4.755683
7.677238
4.437645
7.446649
10.146054
7.516892
7.846889
8.584589
10.082428
9.770747
7.003004
8.759242
10.118274
5.422209
14.735949
12.885508
11.926952
10.134478
12.271929
12.375618
9.708938
10.500251
8.573692
9.807409
9.060863
7.614720
8.579513
10.799867
7.055072
11.089946
10.951332
10.985559
10.213738
9.636508
10.921949
11.751161
9.267538
10.346939
10.985193
10.018125
7.739782
8.651036
7.439638
7.550879
8.058871
9.209740
6.820991
10.684568
8.291225
7.966922
9.355367
13.259997
10.459401
13.016606
13.052936
8.451651
9.294417
11.998468
14.818386
13.047526
11.295224
9.342480
8.660586
14.536912
11.822279
9.160611
13.859983
17.606888
19.301356
14.022513
13.822798
14.314015
12.578934
11.233936
9.662078
13.221303
9.326656
8.804281
10.008318
11.006484
11.956938
10.163729
10.858943
12.072249
13.442807
10.922403
12.070160
9.302923
12.318969
11.211410
14.728487
13.452954
12.298392
14.493746
13.745423
12.844277
11.842247
11.803555
11.130269
10.671049
9.662264
10.958405
9.682765
9.964679
9.491171
10.083658
10.343652
11.322464
9.777434
9.597966
11.040441
10.661749
13.216334
9.743152
9.327767
9.116026
8.907200
9.905064
8.603562
8.817836
8.220554
7.780956
7.128221
7.012391
6.942263
7.180777
7.644212
6.421380
11.405245
9.396626
10.211705
8.370828
8.143140
14.877851
12.310354
14.122010
11.408865
11.585562
9.747846
10.988878
9.459928
8.957107
8.653266
8.998539
8.225541
8.277931
8.202577
8.439436
9.276337
8.621784
10.436719
7.247347
8.022436
7.214422
7.006572
7.055281
6.926581
9.222347
13.601946
10.996352
7.930852
6.799274
6.900438
7.124821
8.357047
8.146346
7.552110
9.147680
7.115997
7.622288
7.678265
11.976030
8.509876
7.383102
6.753874
7.884137
9.262300
7.822551
7.209636
6.687163
6.832280
6.574664
8.469399
11.964838
12.205939
8.686767
8.750035
8.522226
7.543078
8.089615
7.762159
7.839292
7.619519
7.083858
7.080421
6.663104
6.778379
6.614855
6.614706
10.141085
11.129984
7.953333
7.253632
6.924603
7.748746
10.345445
8.682588
9.872853
6.656365
6.828766
9.262008
6.548209
7.316955
9.610424
7.416479
8.170297
7.921052
8.792344
8.118238
7.466708
7.478438
10.684986
8.602342
10.842259
8.957278
9.766304
8.224959
8.076315
8.545248
8.088999
7.193976
6.808947
8.368175
7.793160
8.174970
7.423504
6.081630
8.621845
7.643122
7.675348
10.600597
8.409648
7.347130
8.468628
7.259148
7.622178
7.129051
9.914558
7.431964
9.370153
9.796168
7.817448
6.906006
6.776201
6.012533
7.600307
7.357320
7.834581
6.621872
7.232140
7.541899
7.830787
10.687341
8.185206
7.753261
8.425805
8.480650
7.339970
6.893849
7.531903
9.922038
8.541731
8.185088
8.986288
8.721002
8.253831
7.644445
7.896259
8.537693
7.836853
6.840356
6.989200
8.111355
9.304111
9.116931
8.418805
9.154801
8.358700
8.376996
7.102270
7.750234
8.804081
8.415994
8.708003
7.540879
7.434468
7.304414
7.133077
7.072598
7.970761
7.699936
6.846270
7.185208
6.773639
7.684300
8.516302
8.436814
9.786409
12.273985
9.277183
11.290065
9.892469
7.159618
8.111472
7.750643
8.148833
8.009801
7.563139
7.107619
7.006287
7.408980
7.075275
7.442466
6.639635
6.661733
7.150531
8.205115
8.012060
7.030436
7.041727
7.371348
7.011900
7.090730
6.956880
6.788561
6.860096
7.119293
7.098333
6.928751
7.494089
6.742050
6.856301
6.778192
6.799246
6.983478
6.819089
6.710250
7.288233
6.891447
6.926776
6.900070
7.453319
7.382673
7.596440
9.717933
9.281376
8.650802
6.724528
6.867994
6.961166
6.895821
7.379378
7.215124
6.678278
7.098935
6.967409
7.084445
6.826965
7.670262
8.365857
6.674143
7.206828
7.033589
7.157225
6.790323
6.769332
7.523523
7.218728
7.570720
6.859423
7.798359
7.558605
6.930067
7.637223
8.541172
6.958777
6.952229
7.652617
7.030017
7.108902
6.730107
6.987241
7.027235
7.037019
6.920472
7.501574
6.750448
6.872620
7.658593
9.310667
10.980637
10.743472
8.635157
7.962035
7.547817
7.052221
7.567691
8.563501
10.075498
9.116801
8.284297
13.873999
10.079012
8.842908
6.918189
6.916229
6.879702
7.146270
7.702915
7.607806
8.243066
11.703380
9.334829
8.528249
9.120468
10.618289
7.902128
7.879390
8.123703
8.358372
7.582970
8.141255
7.791414
7.189909
7.879221
6.982717
7.135475
7.526444
7.541587
7.297602
8.999345
8.715426
7.488696
7.158619
7.062819
7.498311
12.245756
10.839778
7.841334
6.652735
9.046577
7.458903
7.027736
7.852759
8.755032
6.985146
9.020107
11.140061
9.729049
10.336266
11.409770
9.055191
8.247137
8.486335
7.694750
7.030431
9.103311
9.759917
6.839773
6.406035
6.651428
8.182387
7.452502
7.745388
8.659950
8.360275
7.945194
8.061846
8.038695
8.490185
8.273087
9.236800
7.458065
7.074056
6.965849
8.790187
13.506808
9.254499
8.450978
8.024448
8.287181
10.701954
9.096615
8.247875
10.595066
9.958236
8.455754
14.154876
13.447130
13.719378
9.267586
11.129482
9.640170
13.734822
8.963379
9.544045
9.006883
8.227084
9.728193
14.313922
13.150504
11.454147
9.482346
8.588039
7.536010
6.609740
10.168615
8.202703
8.714401
7.343566
14.510745
10.625729
7.519350
10.421359
10.603114
12.797539
8.749415
8.210460
16.304869
17.828903
13.454004
12.559198
12.428746
12.217650
10.515924
12.107129
11.417239
10.435104
9.864857
7.804975
10.408469
9.543674
11.134233
7.853131
10.303571
8.014210
9.841481
12.091681
11.085388
10.788352
11.480933
7.878646
7.520461
9.915574
11.771576
11.194869
8.982391
9.761019
11.949088
8.569822
10.712444
8.925528
10.203589
9.736516
7.177858
7.899303
8.866063
9.661795
8.877421
6.779825
7.922301
8.880326
9.003431
8.508920
7.862490
7.696604
8.338647
8.684823
9.583275
7.075334
6.233361
6.267041
5.819756
7.689940
6.353153
7.855484
7.080429
6.008579
7.326109
6.125696
6.776369
7.608811
7.094290
5.977372
6.060407
8.088507
6.741340
8.947957
6.951591
8.360390
6.366841
7.894432
6.222790
7.131648
6.272344
6.020006
7.050270
8.933091
6.839052
8.363608
6.039860
6.620006
6.172301
7.857849
7.357125
7.292503
8.116579
12.367213
10.617082
13.494690
10.977628
13.916131
10.362452
9.870317
9.835563
13.973983
14.158079
11.286583
9.396830
10.017977
9.911364
8.753121
8.478163
8.490567
8.171497
10.143618
8.299817
9.161519
9.082639
8.818056
8.078233
8.256375
7.703907
9.738034
9.442022
8.902145
10.221573
9.354944
9.973352
8.955321
8.257975
7.906907
9.107957
9.061292
8.310546
8.247043
7.993976
9.619041
8.958975
9.262541
9.553131
9.881109
12.887076
12.100884
11.705039
9.660156
10.292125
11.195274
9.579960
8.818540
12.149824
10.922443
10.390584
10.565540
9.600754
9.618834
9.340533
9.114913
9.026892
8.925960
8.509830
8.599093
9.343319
8.730666
9.046384
9.519593
8.510118
8.235704
9.143053
9.217426
8.450519
8.232805
8.457858
8.200245
9.485611
11.020904
9.164952
9.125535
10.942358
10.745396
9.768521
9.153405
10.405490
9.735708
9.369866
10.076701
8.718225
9.580768
8.588568
9.145040
8.003648
8.703318
8.470394
8.331041
9.470951
8.316404
8.860175
9.529278
7.732131
9.749001
8.641019
7.399195
8.575300
9.564488
10.091790
9.894160
14.776874
10.811489
9.037493
10.589412
8.159822
8.877550
9.646842
7.566827
7.715121
9.018498
8.578414
8.319845
8.689545
7.534811
9.058313
10.449772
11.022688
10.288900
8.391680
10.136496
8.272959
7.880015
7.867612
8.238803
8.143766
12.925900
10.352361
11.608500
