15.222938
14.570450
14.306652
14.117211
13.977619
13.872457
13.790456
13.723589
13.666279
13.614722
13.566355
13.519461
13.472884
13.425843
13.377798
13.328373
13.277294
13.224363
13.169430
13.112384
13.053145
12.991659
12.927897
12.861857
12.793562
12.723067
12.650452
12.575831
12.499351
12.421187
12.341546
12.260664
12.178797
12.096222
12.013222
11.930083
11.847083
11.764478
11.682497
11.601328
11.521119
11.441969
11.363930
11.287010
11.211176
11.136361
11.062472
10.989393
10.916997
10.845146
10.773700
10.702519
10.631466
10.560413
10.489239
10.417836
10.346107
10.273971
10.201365
10.128240
10.054569
9.980344
9.905575
9.830292
9.754542
9.678387
9.601906
9.525184
9.448319
9.371413
9.294572
9.217905
9.141519
9.065520
8.990013
8.915096
8.840866
8.767411
8.694815
8.623155
8.552501
8.482916
8.414456
8.347170
8.281099
8.216277
8.152733
8.090488
8.029559
7.969955
7.911682
7.854740
7.799126
7.744831
7.691846
7.640157
7.589745
7.540593
7.492679
7.445980
7.400472
7.356129
7.312925
7.270833
7.229825
7.189872
7.150946
7.113019
7.076062
7.040047
7.004946
6.970732
6.937376
6.904853
6.873136
6.842199
6.812019
6.782569
6.753827
6.725769
6.698373
6.671618
6.645482
6.619945
6.594988
6.570590
6.546735
6.523404
6.500580
6.478247
6.456389
6.434989
6.414035
6.393510
6.373402
6.353697
6.334383
6.315447
6.296876
6.278661
6.260789
6.243251
6.226035
6.209132
6.192533
6.176227
6.160207
6.144464
6.128989
6.113775
6.098814
6.084098
6.069620
6.055373
6.041351
6.027547
6.013955
6.000569
5.987383
5.974391
5.961588
5.948968
5.936527
5.924260
5.912161
5.900226
5.888451
5.876831
5.865362
5.854040
5.842861
5.831821
5.820917
5.810144
5.799499
5.788980
5.778582
5.768302
5.758138
5.748086
5.738144
5.728308
5.718576
5.708944
5.699412
5.689975
5.680632
5.671380
5.662217
5.653140
5.644148
5.635238
5.626408
5.617656
5.608980
5.600379
5.591849
5.583391
5.575001
5.566678
5.558420
5.550227
5.542095
5.534024
5.526012
5.518057
5.510159
5.502315
5.494525
5.486786
5.479099
5.471461
5.463870
5.456327
5.448830
5.441377
5.433967
5.426600
5.419274
5.411989
5.404742
5.397533
5.390362
5.383226
5.376126
5.369060
5.362027
5.355026
5.348057
5.341118
5.334210
5.327329
5.320477
5.313653
5.306854
5.300081
5.293333
5.286609
5.279908
5.273230
5.266574
5.259939
5.253324
5.246728
5.240152
5.233594
5.227053
5.220529
5.214022
5.207530
5.201053
5.194590
5.188141
5.181705
5.175281
5.168869
5.162469
5.156078
5.149698
5.143327
5.136965
5.130611
5.124264
5.117925
5.111592
5.105264
5.098943
5.092625
5.086313
5.080004
5.073698
5.067394
5.061093
5.054794
5.048495
5.042198
5.035900
5.029602
5.023303
5.017003
5.010701
5.004397
4.998090
4.991780
4.985467
4.979150
4.972828
4.966501
4.960170
4.953832
4.947489
4.941139
4.934783
4.928420
4.922049
4.915671
4.909285
4.902890
4.896487
4.890075
4.883653
4.877222
4.870781
4.864331
4.857870
4.851398
4.844916
4.838423
4.831918
4.825403
4.818875
4.812337
4.805786
4.799223
4.792648
4.786061
4.779461
4.772848
4.766223
4.759585
4.752934
4.746271
4.739594
4.732904
4.726200
4.719483
4.712753
4.706010
4.699253
4.692483
4.685699
4.678901
4.672090
4.665266
4.658428
4.651576
4.644711
4.637832
4.630940
4.624034
4.617115
4.610182
4.603236
4.596276
4.589303
4.582317
4.575318
4.568305
4.561279
4.554240
4.547189
4.540124
4.533046
4.525956
4.518853
4.511737
4.504609
4.497468
4.490314
4.483149
4.475971
4.468781
4.461579
4.454365
4.447139
4.439902
4.432652
4.425391
4.418119
4.410835
4.403540
4.396233
4.388916
4.381587
4.374247
4.366897
4.359535
4.352163
4.344780
4.337387
4.329983
4.322569
4.315144
4.307709
4.300264
4.292809
4.285344
4.277869
4.270384
4.262889
4.255384
4.247870
4.240345
4.232811
4.225268
4.217715
4.210153
4.202581
4.195000
4.187409
4.179809
4.172200
4.164581
4.156954
4.149317
4.141671
4.134016
4.126351
4.118678
4.110996
4.103305
4.095605
4.087896
4.080178
4.072451
4.064716
4.056971
4.049218
4.041457
4.033686
4.025908
4.018120
4.010324
4.002520
3.994707
3.986885
3.979056
3.971218
3.963372
3.955518
3.947656
3.939785
3.931907
3.924021
3.916127
3.908226
3.900317
3.892401
3.884477
3.876545
3.868607
3.860661
3.852709
3.844750
3.836783
3.828811
3.820831
3.812846
3.804854
3.796856
3.788852
3.780842
3.772827
3.764805
3.756779
3.748747
3.740711
3.732669
3.724623
3.716572
3.708517
3.700458
3.692394
3.684327
3.676256
3.668182
3.660104
3.652024
3.643940
3.635854
3.627766
3.619675
3.611582
3.603487
3.595391
3.587293
3.579194
3.571094
3.562994
3.554892
3.546791
3.538689
3.530588
3.522487
3.514386
3.506286
3.498187
3.490090
3.481994
3.473899
3.465807
3.457717
3.449629
3.441544
3.433461
3.425382
3.417306
3.409234
3.401165
3.393100
3.385040
3.376984
3.368933
3.360887
3.352845
3.344810
3.336779
3.328755
3.320737
3.312725
3.304719
3.296721
3.288729
3.280744
3.272767
3.264797
3.256836
3.248882
3.240936
3.232999
3.225071
3.217151
3.209241
3.201340
3.193448
3.185566
3.177694
3.169832
3.161980
3.154139
3.146309
3.138489
3.130680
3.122883
3.115097
3.107323
3.099560
3.091810
3.084072
3.076346
3.068632
3.060931
3.053243
3.045568
3.037906
3.030258
3.022623
3.015001
3.007394
2.999800
2.992220
2.984655
2.977104
2.969567
2.962045
2.954538
2.947046
2.939569
2.932107
2.924660
2.917229
2.909813
2.902413
2.895028
2.887660
2.880307
2.872971
2.865650
2.858346
2.851059
2.843788
2.836533
2.829295
2.822074
2.814870
2.807682
2.800512
2.793358
2.786222
2.779103
2.772001
2.764917
2.757850
2.750801
2.743769
2.736755
2.729758
2.722779
2.715818
2.708875
2.701950
2.695043
2.688153
2.681282
2.674428
2.667593
2.660776
2.653977
2.647197
2.640434
2.633690
2.626964
2.620257
2.613567
2.606896
2.600244
2.593610
2.586994
2.580397
2.573819
2.567258
2.560717
2.554193
2.547689
2.541203
2.534735
2.528286
2.521855
2.515443
2.509049
2.502674
2.496318
2.489980
2.483660
2.477360
2.471077
2.464813
2.458568
2.452341
2.446132
2.439942
2.433771
2.427618
2.421483
2.415367
2.409269
2.403189
2.397128
2.391085
2.385061
2.379055
2.373067
2.367097
2.361145
2.355212
2.349297
2.343400
2.337521
2.331660
2.325817
2.319993
2.314186
2.308397
2.302627
2.296874
2.291139
2.285422
2.279722
2.274041
2.268377
2.262731
2.257102
2.251492
2.245898
2.240323
2.234765
2.229224
2.223701
2.218195
2.212706
2.207235
2.201782
2.196345
2.190926
2.185523
2.180138
2.174770
2.169419
2.164085
2.158768
2.153468
2.148185
2.142918
2.137669
2.132436
2.127220
2.122020
2.116837
2.111670
2.106520
2.101387
2.096270
2.091169
2.086084
2.081016
2.075964
2.070928
2.065908
2.060904
2.055917
2.050945
2.045989
2.041049
2.036125
2.031217
2.026324
2.021447
2.016586
2.011740
2.006910
2.002095
1.997296
1.992512
1.987743
1.982990
1.978252
1.973529
1.968821
1.964128
1.959450
1.954788
1.950140
1.945507
1.940889
1.936285
1.931697
1.927122
1.922563
1.918018
1.913488
1.908972
1.904470
1.899983
1.895510
1.891052
1.886607
1.882177
1.877761
1.873359
1.868971
1.864597
1.860237
1.855890
1.851558
1.847239
1.842934
1.838642
1.834365
1.830100
1.825849
1.821612
1.817388
1.813177
1.808980
1.804796
1.800625
1.796467
1.792323
1.788191
1.784072
1.779967
1.775874
1.771794
1.767727
1.763673
1.759631
1.755602
1.751586
1.747582
1.743590
1.739612
1.735645
1.731691
1.727749
1.723820
1.719902
1.715997
1.712104
1.708224
1.704355
1.700498
1.696653
1.692820
1.688999
1.685189
1.681392
1.677606
1.673831
1.670069
1.666318
1.662578
1.658850
1.655133
1.651428
1.647734
1.644052
1.640380
1.636720
1.633071
1.629433
1.625807
1.622191
1.618586
1.614992
1.611409
1.607837
1.604276
1.600726
1.597186
1.593657
1.590138
1.586631
1.583133
1.579647
1.576171
1.572705
1.569249
1.565804
1.562370
1.558945
1.555531
1.552127
1.548733
1.545349
1.541976
1.538612
1.535258
1.531915
1.528581
1.525257
1.521943
1.518639
1.515344
1.512059
1.508784
1.505518
1.502263
1.499016
1.495779
1.492552
1.489334
1.486126
1.482927
1.479737
1.476557
1.473385
1.470223
1.467071
1.463927
1.460793
1.457667
1.454551
1.451444
1.448345
1.445256
1.442175
1.439104
1.436041
1.432987
1.429942
1.426905
1.423878
1.420859
1.417848
1.414846
1.411853
1.408868
1.405892
1.402924
1.399965
1.397014
1.394072
1.391137
1.388212
1.385294
1.382385
1.379483
1.376590
1.373706
1.370829
1.367960
1.365100
1.362247
1.359403
1.356566
1.353737
1.350917
1.348104
1.345299
1.342501
1.339712
1.336930
1.334156
1.331390
1.328632
1.325881
1.323137
1.320401
1.317673
1.314953
1.312239
1.309534
1.306835
1.304145
1.301461
1.298785
1.296116
1.293455
1.290800
1.288153
1.285514
1.282881
1.280256
1.277638
1.275026
1.272422
1.269825
1.267235
1.264653
1.262077
1.259508
1.256946
1.254390
1.251842
1.249301
1.246766
1.244239
1.241718
1.239203
1.236696
1.234195
1.231701
1.229214
1.226733
1.224259
1.221791
1.219330
1.216876
1.214428
1.211987
1.209552
1.207123
1.204701
1.202286
1.199876
1.197473
1.195077
1.192687
1.190303
1.187925
1.185554
1.183189
1.180830
1.178477
1.176130
1.173790
1.171455
1.169127
1.166805
1.164489
1.162179
1.159875
1.157577
1.155285
1.152998
1.150718
1.148444
1.146176
1.143913
1.141656
1.139406
1.137160
1.134921
1.132688
1.130460
1.128238
1.126022
1.123811
1.121607
1.119407
1.117214
1.115026
1.112843
1.110667
1.108496
1.106330
1.104170
1.102015
1.099866
1.097722
1.095584
1.093451
1.091324
1.089202
1.087086
1.084974
1.082869
1.080768
1.078673
1.076583
1.074498
1.072419
1.070345
1.068276
1.066212
1.064154
1.062101
1.060052
1.058009
1.055972
1.053939
1.051911
1.049889
1.047871
1.045859
1.043851
1.041849
1.039851
1.037859
1.035871
1.033889
1.031911
1.029939
1.027971
1.026008
1.024050
1.022097
1.020148
1.018205
1.016266
1.014332
1.012403
1.010479
1.008559
1.006645
1.004735
1.002829
1.000928
0.999032
0.997141
0.995254
0.993372
0.991495
0.989622
0.987754
0.985890
0.984031
0.982176
0.980326
0.978481
0.976640
0.974804
0.972972
0.971144
0.969321
0.967502
0.965688
0.963878
0.962073
0.960272
0.958476
0.956683
0.954895
0.953112
0.951333
0.949558
0.947787
0.946021
0.944259
0.942501
0.940748
0.938998
0.937253
0.935513
0.933776
0.932043
0.930315
0.928591
0.926871
0.925155
0.923444
0.921736
0.920033
0.918333
0.916638
0.914947
0.913259
0.911576
0.909897
0.908222
0.906551
0.904884
0.903221
0.901562
0.899907
0.898256
0.896608
0.894965
0.893326
0.891690
0.890058
0.888431
0.886807
0.885187
0.883571
0.881959
0.880350
0.878745
0.877145
0.875548
0.873954
0.872365
0.870779
0.869197
0.867619
0.866045
0.864474
0.862907
0.861344
0.859784
0.858228
0.856676
0.855127
0.853582
0.852041
0.850503
0.848969
0.847439
0.845912
0.844389
0.842869
0.841353
0.839841
0.838332
0.836826
0.835325
0.833826
0.832331
0.830840
0.829352
0.827868
0.826387
0.824910
0.823436
0.821965
0.820498
0.819034
0.817574
0.816117
0.814664
0.813214
0.811767
0.810324
0.808884
0.807448
0.806015
0.804585
0.803158
0.801735
0.800315
0.798899
0.797485
0.796076
0.794669
0.793265
0.791865
0.790468
0.789075
0.787684
0.786297
0.784913
0.783532
0.782155
0.780780
0.779409
0.778041
0.776676
0.775314
0.773956
0.772600
0.771248
0.769899
0.768553
0.767210
0.765870
0.764533
0.763199
0.761869
0.760541
0.759217
0.757895
0.756577
0.755262
0.753949
0.752640
0.751334
0.750030
0.748730
0.747433
0.746138
0.744847
0.743559
0.742273
0.740991
0.739711
0.738435
0.737161
0.735890
0.734622
0.733357
0.732095
0.730836
0.729580
0.728327
0.727076
0.725828
0.724584
0.723342
0.722102
0.720866
0.719633
0.718402
0.717174
0.715949
0.714727
0.713507
0.712291
0.711077
0.709866
0.708657
0.707452
0.706249
0.705048
0.703851
0.702656
0.701464
0.700275
0.699088
0.697905
0.696723
0.695545
0.694369
0.693196
0.692025
0.690857
0.689692
0.688530
0.687370
0.686212
0.685058
0.683906
0.682756
0.681609
0.680465
0.679323
0.678184
0.677048
0.675914
0.674782
0.673654
0.672527
0.671404
0.670282
0.669164
0.668048
0.666934
0.665823
0.664714
0.663608
0.662504
0.661403
0.660305
0.659208
0.658115
0.657023
0.655935
0.654848
0.653764
0.652683
0.651604
0.650527
0.649453
0.648381
0.647312
0.646245
0.645180
0.644118
0.643058
0.642001
0.640946
0.639893
0.638843
0.637795
0.636749
0.635706
0.634665
0.633626
0.632590
0.631556
0.630524
0.629495
0.628467
0.627443
0.626420
0.625400
0.624382
0.623366
0.622353
0.621342
0.620333
0.619326
0.618322
0.617320
0.616320
0.615322
0.614326
0.613333
0.612342
0.611353
0.610366
0.609382
0.608400
0.607420
0.606442
0.605466
0.604492
0.603521
0.602552
0.601585
0.600620
0.599657
0.598696
0.597737
0.596781
0.595827
0.594874
0.593924
0.592976
0.592030
0.591087
0.590145
0.589205
0.588268
0.587332
0.586399
0.585467
0.584538
0.583611
0.582685
0.581762
0.580841
0.579922
0.579005
0.578090
0.577177
0.576266
0.575357
0.574450
0.573545
0.572641
0.571740
0.570841
0.569944
0.569049
0.568156
0.567265
0.566375
0.565488
0.564603
0.563719
0.562838
0.561958
0.561081
0.560205
0.559331
0.558459
0.557589
0.556721
0.555855
0.554991
0.554129
0.553268
0.552409
0.551553
0.550698
0.549845
0.548994
0.548145
0.547297
0.546452
0.545608
0.544766
0.543926
0.543088
0.542251
0.541417
0.540584
0.539753
0.538924
0.538096
0.537271
0.536447
0.535625
0.534805
0.533987
0.533170
0.532355
0.531542
0.530731
0.529921
0.529114
0.528308
0.527503
0.526701
0.525900
0.525101
0.524303
0.523508
0.522714
0.521922
0.521131
0.520342
0.519555
0.518770
0.517986
0.517204
0.516424
0.515645
0.514869
0.514093
0.513320
0.512548
0.511778
0.511009
0.510242
0.509477
0.508713
0.507951
0.507191
0.506432
0.505675
0.504919
0.504165
0.503413
0.502663
0.501914
0.501166
0.500420
0.499676
0.498933
0.498192
0.497453
0.496715
0.495979
0.495244
0.494511
0.493779
0.493049
0.492321
0.491594
0.490869
0.490145
0.489423
0.488702
0.487983
0.487265
0.486549
0.485834
0.485121
0.484410
0.483700
0.482991
0.482284
0.481579
0.480875
0.480172
0.479471
0.478772
0.478073
0.477377
0.476682
0.475988
0.475296
0.474605
0.473916
0.473228
0.472542
0.471857
0.471174
0.470492
0.469811
0.469132
0.468454
0.467778
0.467103
0.466430
0.465758
0.465087
0.464418
0.463751
0.463084
0.462419
0.461756
0.461094
0.460433
0.459774
0.459116
0.458459
0.457804
0.457150
0.456498
0.455847
0.455197
0.454548
0.453901
0.453256
0.452612
0.451969
0.451327
0.450687
0.450048
0.449410
0.448774
0.448139
0.447505
0.446873
0.446242
0.445613
0.444984
0.444357
0.443732
0.443107
0.442484
0.441862
0.441242
0.440623
0.440005
0.439388
0.438773
0.438158
0.437546
0.436934
0.436324
0.435715
0.435107
0.434501
0.433895
0.433291
0.432689
0.432087
0.431487
0.430888
0.430290
0.429694
0.429098
0.428504
0.427911
0.427320
0.426729
0.426140
0.425552
0.424965
0.424380
0.423795
0.423212
0.422630
0.422050
0.421470
0.420892
0.420314
0.419738
0.419164
0.418590
0.418017
0.417446
0.416876
0.416307
0.415739
0.415173
0.414607
0.414043
0.413480
0.412918
0.412357
0.411797
0.411239
0.410681
0.410125
0.409570
0.409016
0.408463
0.407911
0.407360
0.406811
0.406262
0.405715
0.405169
0.404624
0.404080
0.403537
0.402995
0.402454
0.401915
0.401376
0.400839
0.400302
0.399767
0.399233
0.398700
0.398168
0.397637
0.397107
0.396578
0.396051
0.395524
0.394998
0.394474
0.393950
0.393428
0.392907
0.392386
0.391867
0.391349
0.390832
0.390316
0.389800
0.389286
0.388773
0.388261
0.387750
0.387240
0.386731
0.386223
0.385716
0.385211
0.384706
0.384202
0.383699
0.383197
0.382696
0.382196
0.381697
0.381199
0.380703
0.380207
0.379712
0.379218
0.378725
0.378233
0.377742
0.377252
0.376763
0.376275
0.375788
0.375301
0.374816
0.374332
0.373849
0.373366
0.372885
0.372405
0.371925
0.371447
0.370969
0.370493
0.370017
0.369542
0.369068
0.368596
0.368124
0.367653
0.367182
0.366713
0.366245
0.365778
0.365311
0.364846
0.364381
0.363918
0.363455
0.362993
0.362532
0.362072
0.361613
0.361155
0.360697
0.360241
0.359785
0.359331
0.358877
0.358424
0.357972
0.357521
0.357071
0.356621
0.356173
0.355725
0.355278
0.354833
0.354388
0.353943
0.353500
0.353058
0.352616
0.352175
0.351736
0.351297
0.350858
0.350421
0.349985
0.349549
0.349114
0.348680
0.348247
0.347815
0.347384
0.346953
0.346523
0.346094
0.345666
0.345239
0.344812
0.344387
0.343962
0.343538
0.343115
0.342692
0.342271
0.341850
0.341430
0.341011
0.340592
0.340175
0.339758
0.339342
0.338927
0.338513
0.338099
0.337686
0.337274
0.336863
0.336453
0.336043
0.335634
0.335226
0.334819
0.334412
0.334006
0.333601
0.333197
0.332794
0.332391
0.331989
0.331588
0.331188
0.330788
0.330389
0.329991
0.329593
0.329197
0.328801
0.328406
0.328011
0.327618
0.327225
0.326833
0.326441
0.326051
0.325661
0.325271
0.324883
0.324495
0.324108
0.323722
0.323336
0.322951
0.322567
0.322184
0.321801
0.321419
0.321038
0.320657
0.320278
0.319898
0.319520
0.319142
0.318765
0.318389
0.318013
0.317639
0.317264
0.316891
0.316518
0.316146
0.315774
0.315404
0.315034
0.314664
0.314296
0.313928
0.313560
0.313194
0.312828
0.312463
0.312098
0.311734
0.311371
0.311008
0.310646
0.310285
0.309924
0.309565
0.309205
0.308847
0.308489
0.308131
0.307775
0.307419
0.307064
0.306709
0.306355
0.306002
0.305649
0.305297
0.304945
0.304595
0.304245
0.303895
0.303546
0.303198
0.302851
0.302504
0.302157
0.301812
0.301467
0.301122
0.300778
0.300435
0.300093
0.299751
0.299409
0.299069
0.298729
0.298389
0.298051
0.297712
0.297375
0.297038
0.296701
0.296366
0.296030
0.295696
0.295362
0.295029
0.294696
0.294364
0.294032
0.293701
0.293371
0.293041
0.292712
0.292383
0.292056
0.291728
0.291401
0.291075
0.290750
0.290424
0.290100
0.289776
0.289453
0.289130
0.288808
0.288486
0.288165
0.287845
0.287525
0.287206
0.286887
0.286569
0.286252
0.285935
0.285618
0.285302
0.284987
0.284672
0.284358
0.284044
0.283731
0.283419
0.283107
0.282795
0.282485
0.282174
0.281864
0.281555
0.281247
0.280938
0.280631
0.280324
0.280017
0.279711
0.279406
0.279101
0.278797
0.278493
0.278190
0.277887
0.277585
0.277283
0.276982
0.276681
0.276381
0.276082
0.275783
0.275484
0.275186
0.274889
0.274592
0.274295
0.273999
0.273704
0.273409
0.273115
0.272821
0.272527
0.272235
0.271942
0.271650
0.271359
0.271068
0.270778
0.270488
0.270199
0.269910
0.269622
0.269334
0.269047
0.268760
0.268474
0.268188
0.267903
0.267618
0.267334
0.267050
0.266766
0.266483
0.266201
0.265919
0.265638
0.265357
0.265076
0.264797
0.264517
0.264238
0.263960
0.263682
0.263404
0.263127
0.262850
0.262574
0.262299
0.262023
0.261749
0.261474
0.261201
0.260927
0.260654
0.260382
0.260110
0.259839
0.259568
0.259297
0.259027
0.258757
0.258488
0.258220
0.257951
0.257684
0.257416
0.257149
0.256883
0.256617
0.256351
0.256086
0.255822
0.255558
0.255294
0.255030
0.254768
0.254505
0.254243
0.253982
0.253721
0.253460
0.253200
0.252940
0.252681
0.252422
0.252163
0.251905
0.251648
0.251391
0.251134
0.250877
0.250622
0.250366
0.250111
0.249856
0.249602
0.249349
0.249095
0.248842
0.248590
0.248338
0.248086
0.247835
0.247584
0.247334
0.247084
0.246834
0.246585
0.246336
0.246088
0.245840
0.245593
0.245345
0.245099
0.244852
0.244607
0.244361
0.244116
0.243871
0.243627
0.243383
0.243140
0.242897
0.242654
0.242412
0.242170
0.241929
0.241688
0.241447
0.241207
0.240967
0.240727
0.240488
0.240250
0.240011
0.239773
0.239536
0.239299
0.239062
0.238826
0.238590
0.238354
0.238119
0.237884
0.237649
0.237415
0.237182
0.236948
0.236715
0.236483
0.236251
0.236019
0.235788
0.235556
0.235326
0.235096
0.234866
0.234636
0.234407
0.234178
0.233950
0.233722
0.233494
0.233266
0.233039
0.232813
0.232587
0.232361
0.232135
0.231910
0.231685
0.231461
0.231237
0.231013
0.230790
0.230567
0.230344
0.230122
0.229900
0.229678
0.229457
0.229236
0.229016
0.228795
0.228576
0.228356
0.228137
0.227918
0.227700
0.227482
0.227264
0.227047
0.226830
0.226613
0.226397
0.226181
0.225965
0.225750
0.225535
0.225320
0.225106
0.224892
0.224678
0.224465
0.224252
0.224039
0.223827
0.223615
0.223403
0.223192
0.222981
0.222771
0.222560
0.222350
0.222141
0.221931
0.221722
0.221514
0.221306
0.221098
0.220890
0.220683
0.220476
0.220269
0.220062
0.219856
0.219651
0.219445
0.219240
0.219035
0.218831
0.218627
0.218423
0.218220
0.218016
0.217814
0.217611
0.217409
0.217207
0.217005
0.216804
0.216603
0.216402
0.216202
0.216002
0.215802
0.215603
0.215404
0.215205
0.215006
0.214808
0.214610
0.214413
0.214215
0.214018
0.213822
0.213625
0.213429
0.213233
0.213038
0.212843
0.212648
0.212453
0.212259
0.212065
0.211871
0.211678
0.211485
0.211292
0.211099
0.210907
0.210715
0.210524
0.210332
0.210141
0.209950
0.209760
0.209570
0.209380
0.209190
0.209001
0.208812
0.208623
0.208435
0.208247
0.208059
0.207871
0.207684
0.207497
0.207310
0.207123
0.206937
0.206751
0.206566
0.206380
0.206195
0.206010
0.205826
0.205642
0.205458
0.205274
0.205091
0.204907
0.204725
0.204542
0.204360
0.204178
0.203996
0.203814
0.203633
0.203452
0.203272
0.203091
0.202911
0.202731
0.202551
0.202372
0.202193
0.202014
0.201836
0.201657
0.201479
0.201302
0.201124
0.200947
0.200770
0.200593
0.200417
0.200241
0.200065
0.199889
0.199714
0.199539
0.199364
0.199189
0.199015
0.198841
0.198667
0.198493
0.198320
0.198147
0.197974
0.197801
0.197629
0.197457
0.197285
0.197114
0.196942
0.196771
0.196600
0.196430
0.196259
0.196089
0.195920
0.195750
0.195581
0.195412
0.195243
0.195074
0.194906
0.194738
0.194570
0.194402
0.194235
0.194068
0.193901
0.193734
0.193568
0.193402
0.193236
0.193070
0.192905
0.192740
0.192575
0.192410
0.192246
0.192081
0.191917
0.191754
0.191590
0.191427
0.191264
0.191101
0.190938
0.190776
0.190614
0.190452
0.190290
0.190129
0.189968
0.189807
0.189646
0.189486
0.189325
0.189165
0.189005
0.188846
0.188687
0.188527
0.188369
0.188210
0.188051
0.187893
0.187735
0.187577
0.187420
0.187263
0.187105
0.186949
0.186792
0.186636
0.186479
0.186323
0.186168
0.186012
0.185857
0.185702
0.185547
0.185392
0.185238
0.185083
0.184929
0.184776
0.184622
0.184469
0.184316
0.184163
0.184010
0.183857
0.183705
0.183553
0.183401
0.183250
0.183098
0.182947
0.182796
0.182645
0.182495
0.182344
0.182194
0.182044
0.181894
0.181745
0.181596
0.181446
0.181298
0.181149
0.181000
0.180852
0.180704
0.180556
0.180408
0.180261
0.180114
0.179967
0.179820
0.179673
0.179527
0.179381
0.179235
0.179089
0.178943
0.178798
0.178652
0.178507
0.178363
0.178218
0.178073
0.177929
0.177785
0.177641
0.177498
0.177354
0.177211
0.177068
0.176925
0.176783
0.176640
0.176498
0.176356
0.176214
0.176072
0.175931
0.175790
0.175648
0.175508
0.175367
0.175226
0.175086
0.174946
0.174806
0.174666
0.174527
0.174387
0.174248
0.174109
0.173970
0.173832
0.173693
0.173555
0.173417
0.173279
0.173141
0.173004
0.172867
0.172730
0.172593
0.172456
0.172319
0.172183
0.172047
0.171911
0.171775
0.171639
0.171504
0.171369
0.171233
0.171099
0.170964
0.170829
0.170695
0.170561
0.170427
0.170293
0.170159
0.170026
0.169893
0.169759
0.169626
0.169494
0.169361
0.169229
0.169097
0.168964
0.168833
0.168701
0.168569
0.168438
0.168307
0.168176
0.168045
0.167914
0.167784
0.167654
0.167524
0.167394
0.167264
0.167134
0.167005
0.166876
0.166746
0.166618
0.166489
0.166360
0.166232
0.166104
0.165975
0.165848
0.165720
0.165592
0.165465
0.165338
0.165211
0.165084
0.164957
0.164830
0.164704
0.164578
0.164452
0.164326
0.164200
0.164075
0.163949
0.163824
0.163699
0.163574
0.163449
0.163325
0.163200
0.163076
0.162952
0.162828
0.162704
0.162580
0.162457
0.162334
0.162211
0.162088
0.161965
0.161842
0.161720
0.161597
0.161475
0.161353
0.161231
0.161110
0.160988
0.160867
0.160745
0.160624
0.160503
0.160383
0.160262
0.160142
0.160021
0.159901
0.159781
0.159661
0.159542
0.159422
0.159303
0.159184
0.159065
0.158946
0.158827
0.158708
0.158590
0.158472
0.158354
0.158236
0.158118
0.158000
0.157882
0.157765
0.157648
0.157531
0.157414
0.157297
0.157180
0.157064
0.156948
0.156831
0.156715
0.156599
0.156484
0.156368
0.156253
0.156137
0.156022
0.155907
0.155792
0.155677
0.155563
0.155448
0.155334
0.155220
0.155106
0.154992
0.154878
0.154765
0.154651
0.154538
0.154425
0.154312
0.154199
0.154086
0.153974
0.153861
0.153749
0.153637
0.153525
0.153413
0.153301
0.153190
0.153078
0.152967
0.152856
0.152745
0.152634
0.152523
0.152413
0.152302
0.152192
0.152082
0.151971
0.151862
0.151752
0.151642
0.151533
0.151423
0.151314
0.151205
0.151096
0.150987
0.150878
0.150770
0.150661
0.150553
0.150445
0.150337
0.150229
0.150121
0.150014
0.149906
0.149799
0.149692
0.149584
0.149477
0.149371
0.149264
0.149157
0.149051
0.148945
0.148838
0.148732
0.148626
0.148521
0.148415
0.148310
0.148204
0.148099
0.147994
0.147889
0.147784
0.147679
0.147574
0.147470
0.147366
0.147261
0.147157
0.147053
0.146949
0.146846
0.146742
0.146639
0.146535
0.146432
0.146329
0.146226
0.146123
0.146020
0.145918
0.145815
0.145713
0.145611
0.145509
0.145407
0.145305
0.145203
0.145101
0.145000
0.144899
0.144797
0.144696
0.144595
0.144494
0.144394
0.144293
0.144192
0.144092
0.143992
0.143892
0.143792
0.143692
0.143592
0.143492
0.143393
0.143293
0.143194
0.143095
0.142996
0.142897
0.142798
0.142699
0.142601
0.142502
0.142404
0.142306
0.142207
0.142109
0.142012
0.141914
0.141816
0.141719
0.141621
0.141524
0.141427
0.141330
0.141233
0.141136
0.141039
0.140942
0.140846
0.140750
0.140653
0.140557
0.140461
0.140365
0.140269
0.140174
0.140078
0.139983
0.139887
0.139792
0.139697
0.139602
0.139507
0.139412
0.139317
0.139223
0.139128
0.139034
0.138940
0.138846
0.138752
0.138658
0.138564
0.138470
0.138377
0.138283
0.138190
0.138096
0.138003
0.137910
0.137817
0.137724
0.137632
0.137539
0.137447
0.137354
0.137262
0.137170
0.137078
0.136986
0.136894
0.136802
0.136711
0.136619
0.136528
0.136436
0.136345
0.136254
0.136163
0.136072
0.135981
0.135891
0.135800
0.135710
0.135619
0.135529
0.135439
0.135349
0.135259
0.135169
0.135079
0.134990
0.134900
0.134811
0.134721
0.134632
0.134543
0.134454
0.134365
0.134276
0.134187
0.134099
0.134010
0.133922
0.133834
0.133745
0.133657
0.133569
0.133481
0.133393
0.133306
0.133218
0.133131
0.133043
0.132956
0.132869
0.132782
0.132695
0.132608
0.132521
0.132434
0.132348
0.132261
0.132175
0.132088
0.132002
0.131916
0.131830
0.131744
0.131658
0.131573
0.131487
0.131401
0.131316
0.131231
0.131145
0.131060
0.130975
0.130890
0.130805
0.130721
0.130636
0.130551
0.130467
0.130382
0.130298
0.130214
0.130130
0.130046
0.129962
0.129878
0.129794
0.129711
0.129627
0.129544
0.129460
0.129377
0.129294
0.129211
0.129128
0.129045
0.128962
0.128880
0.128797
0.128714
0.128632
0.128550
0.128468
0.128385
0.128303
0.128221
0.128139
0.128058
0.127976
0.127894
0.127813
0.127731
0.127650
0.127569
0.127488
0.127407
0.127326
0.127245
0.127164
0.127083
0.127003
0.126922
0.126842
0.126762
0.126681
0.126601
0.126521
0.126441
0.126361
0.126281
0.126202
0.126122
0.126042
0.125963
0.125884
0.125804
0.125725
0.125646
0.125567
0.125488
0.125409
0.125330
0.125252
0.125173
0.125095
0.125016
0.124938
0.124860
0.124782
0.124703
0.124625
0.124548
0.124470
0.124392
0.124314
0.124237
0.124159
0.124082
0.124005
0.123927
0.123850
0.123773
0.123696
0.123619
0.123542
0.123466
0.123389
0.123313
0.123236
0.123160
0.123083
0.123007
0.122931
0.122855
0.122779
0.122703
0.122627
0.122551
0.122476
0.122400
0.122325
0.122249
0.122174
0.122099
0.122024
0.121949
0.121874
0.121799
0.121724
0.121649
0.121574
0.121500
0.121425
0.121351
0.121276
0.121202
0.121128
0.121054
0.120980
0.120906
0.120832
0.120758
0.120684
0.120611
0.120537
0.120464
0.120390
0.120317
0.120244
0.120170
0.120097
0.120024
0.119951
0.119878
0.119806
0.119733
0.119660
0.119588
0.119515
0.119443
0.119371
0.119298
0.119226
0.119154
0.119082
0.119010
0.118938
0.118866
0.118795
0.118723
0.118651
0.118580
0.118509
0.118437
0.118366
0.118295
0.118224
0.118153
0.118082
0.118011
0.117940
0.117869
0.117799
0.117728
0.117657
0.117587
0.117517
0.117446
0.117376
0.117306
0.117236
0.117166
0.117096
0.117026
0.116956
0.116887
0.116817
0.116747
0.116678
0.116608
0.116539
0.116470
0.116401
0.116331
0.116262
0.116193
0.116124
0.116056
0.115987
0.115918
0.115850
0.115781
0.115712
0.115644
0.115576
0.115507
0.115439
0.115371
0.115303
0.115235
0.115167
0.115099
0.115031
0.114964
0.114896
0.114829
0.114761
0.114694
0.114626
0.114559
0.114492
0.114425
0.114357
0.114290
0.114223
0.114157
0.114090
0.114023
0.113956
0.113890
0.113823
0.113757
0.113690
0.113624
0.113558
0.113492
0.113425
0.113359
0.113293
0.113227
0.113162
0.113096
0.113030
0.112964
0.112899
0.112833
0.112768
0.112702
0.112637
0.112572
0.112507
0.112442
0.112376
0.112311
0.112247
0.112182
0.112117
0.112052
0.111987
0.111923
0.111858
0.111794
0.111729
0.111665
0.111601
0.111537
0.111473
0.111408
0.111344
0.111280
0.111217
0.111153
0.111089
0.111025
0.110962
0.110898
0.110835
0.110771
0.110708
0.110645
0.110581
0.110518
0.110455
0.110392
0.110329
0.110266
0.110203
0.110140
0.110078
0.110015
0.109952
0.109890
0.109827
0.109765
0.109702
0.109640
0.109578
0.109516
0.109454
0.109392
0.109330
0.109268
0.109206
0.109144
0.109082
0.109021
0.108959
0.108897
0.108836
0.108774
0.108713
0.108652
0.108591
0.108529
0.108468
0.108407
0.108346
0.108285
0.108224
0.108163
0.108103
0.108042
0.107981
0.107921
0.107860
0.107800
0.107739
0.107679
0.107619
0.107558
0.107498
0.107438
0.107378
0.107318
0.107258
0.107198
0.107138
0.107079
0.107019
0.106959
0.106900
0.106840
0.106781
0.106721
0.106662
0.106603
0.106543
0.106484
0.106425
0.106366
0.106307
0.106248
0.106189
0.106130
0.106072
0.106013
0.105954
0.105896
0.105837
0.105779
0.105720
0.105662
0.105603
0.105545
0.105487
0.105429
0.105371
0.105313
0.105255
0.105197
0.105139
0.105081
0.105023
0.104966
0.104908
0.104850
0.104793
0.104735
0.104678
0.104621
0.104563
0.104506
0.104449
0.104392
0.104335
0.104278
0.104221
0.104164
0.104107
0.104050
0.103993
0.103937
0.103880
0.103823
0.103767
0.103710
0.103654
0.103597
0.103541
0.103485
0.103429
0.103373
0.103316
0.103260
0.103204
0.103148
0.103093
0.103037
0.102981
0.102925
0.102869
0.102814
0.102758
0.102703
0.102647
0.102592
0.102536
0.102481
0.102426
0.102371
0.102316
0.102260
0.102205
0.102150
0.102095
0.102041
0.101986
0.101931
0.101876
0.101822
0.101767
0.101712
0.101658
0.101603
0.101549
0.101494
0.101440
0.101386
0.101332
0.101277
0.101223
0.101169
0.101115
0.101061
0.101007
0.100954
0.100900
0.100846
0.100792
0.100739
0.100685
0.100631
0.100578
0.100524
0.100471
0.100418
0.100364
0.100311
0.100258
0.100205
0.100152
0.100099
0.100046
0.099993
0.099940
0.099887
0.099834
0.099781
0.099729
0.099676
0.099623
0.099571
0.099518
0.099466
0.099413
0.099361
0.099309
0.099256
0.099204
0.099152
0.099100
0.099048
0.098996
0.098944
0.098892
0.098840
0.098788
0.098736
0.098684
0.098633
0.098581
0.098530
0.098478
0.098426
0.098375
0.098324
0.098272
0.098221
0.098170
0.098118
0.098067
0.098016
0.097965
0.097914
0.097863
0.097812
0.097761
0.097710
0.097660
0.097609
0.097558
0.097507
0.097457
0.097406
0.097356
0.097305
0.097255
0.097204
0.097154
0.097104
0.097054
0.097003
0.096953
0.096903
0.096853
0.096803
0.096753
0.096703
0.096653
0.096604
0.096554
0.096504
0.096454
0.096405
0.096355
0.096306
0.096256
0.096207
0.096157
0.096108
0.096058
0.096009
0.095960
0.095911
0.095862
0.095812
0.095763
0.095714
0.095665
0.095616
0.095568
0.095519
0.095470
0.095421
0.095372
0.095324
0.095275
0.095227
0.095178
0.095130
0.095081
0.095033
0.094984
0.094936
0.094888
0.094839
0.094791
0.094743
0.094695
0.094647
0.094599
0.094551
0.094503
0.094455
0.094407
0.094360
0.094312
0.094264
0.094216
0.094169
0.094121
0.094074
0.094026
0.093979
0.093931
0.093884
0.093837
0.093789
0.093742
0.093695
0.093648
0.093601
0.093554
0.093506
0.093459
0.093413
0.093366
0.093319
0.093272
0.093225
0.093178
0.093132
0.093085
0.093038
0.092992
0.092945
0.092899
0.092852
0.092806
0.092760
0.092713
0.092667
0.092621
0.092575
0.092528
0.092482
0.092436
0.092390
0.092344
0.092298
0.092252
0.092206
0.092160
0.092115
0.092069
0.092023
0.091978
0.091932
0.091886
0.091841
0.091795
0.091750
0.091704
0.091659
0.091614
0.091568
0.091523
0.091478
0.091432
0.091387
0.091342
0.091297
0.091252
0.091207
0.091162
0.091117
0.091072
0.091027
0.090983
0.090938
0.090893
0.090848
0.090804
0.090759
0.090715
0.090670
0.090626
0.090581
0.090537
0.090492
0.090448
0.090404
0.090359
0.090315
0.090271
0.090227
0.090183
0.090139
0.090095
0.090051
0.090007
0.089963
0.089919
0.089875
0.089831
0.089787
0.089744
0.089700
0.089656
0.089613
0.089569
0.089526
0.089482
0.089439
0.089395
0.089352
0.089309
0.089265
0.089222
0.089179
0.089135
0.089092
0.089049
0.089006
0.088963
0.088920
0.088877
0.088834
0.088791
0.088748
0.088705
0.088663
0.088620
0.088577
0.088534
0.088492
0.088449
0.088407
0.088364
0.088322
0.088279
0.088237
0.088194
0.088152
0.088110
0.088067
0.088025
0.087983
0.087941
0.087899
0.087856
0.087814
0.087772
0.087730
0.087688
0.087646
0.087605
0.087563
0.087521
0.087479
0.087437
0.087396
0.087354
0.087312
0.087271
0.087229
0.087188
0.087146
0.087105
0.087063
0.087022
0.086980
0.086939
0.086898
0.086856
0.086815
0.086774
0.086733
0.086692
0.086651
0.086610
0.086569
0.086528
0.086487
0.086446
0.086405
0.086364
0.086323
0.086282
0.086242
0.086201
0.086160
0.086120
0.086079
0.086038
0.085998
0.085957
0.085917
0.085877
0.085836
0.085796
0.085755
0.085715
0.085675
0.085635
0.085594
0.085554
0.085514
0.085474
0.085434
0.085394
0.085354
0.085314
0.085274
0.085234
0.085194
0.085154
0.085115
0.085075
0.085035
0.084995
0.084956
0.084916
0.084876
0.084837
0.084797
0.084758
0.084718
0.084679
0.084640
0.084600
0.084561
0.084522
0.084482
0.084443
0.084404
0.084365
0.084325
0.084286
0.084247
0.084208
0.084169
0.084130
0.084091
0.084052
0.084013
0.083975
0.083936
0.083897
0.083858
0.083819
0.083781
0.083742
0.083703
0.083665
0.083626
0.083588
0.083549
0.083511
0.083472
0.083434
0.083396
0.083357
0.083319
0.083281
0.083242
0.083204
0.083166
0.083128
0.083090
0.083052
0.083013
0.082975
0.082937
0.082899
0.082861
0.082824
0.082786
0.082748
0.082710
0.082672
0.082634
0.082597
0.082559
0.082521
0.082484
0.082446
0.082409
0.082371
0.082333
0.082296
0.082259
0.082221
0.082184
0.082146
0.082109
0.082072
0.082034
0.081997
0.081960
0.081923
0.081886
0.081849
0.081811
0.081774
0.081737
0.081700
0.081663
0.081626
0.081590
0.081553
0.081516
0.081479
0.081442
0.081405
0.081369
0.081332
0.081295
0.081259
0.081222
0.081185
0.081149
0.081112
0.081076
0.081039
0.081003
0.080967
0.080930
0.080894
0.080857
0.080821
0.080785
0.080749
0.080712
0.080676
0.080640
0.080604
0.080568
0.080532
0.080496
0.080460
0.080424
0.080388
0.080352
0.080316
0.080280
0.080244
0.080209
0.080173
0.080137
0.080101
0.080066
0.080030
0.079994
0.079959
0.079923
0.079888
0.079852
0.079817
0.079781
0.079746
0.079710
0.079675
0.079639
0.079604
0.079569
0.079534
0.079498
0.079463
0.079428
0.079393
0.079358
0.079323
0.079287
0.079252
0.079217
0.079182
0.079147
0.079112
0.079078
0.079043
0.079008
0.078973
0.078938
0.078903
0.078869
0.078834
0.078799
0.078765
0.078730
0.078695
0.078661
0.078626
0.078592
0.078557
0.078523
0.078488
0.078454
0.078419
0.078385
0.078351
0.078316
0.078282
0.078248
0.078214
0.078179
0.078145
0.078111
0.078077
0.078043
0.078009
0.077975
0.077941
0.077907
0.077873
0.077839
0.077805
0.077771
0.077737
0.077703
0.077670
0.077636
0.077602
0.077568
0.077535
0.077501
0.077467
0.077434
0.077400
0.077366
0.077333
0.077299
0.077266
0.077232
0.077199
0.077166
0.077132
0.077099
0.077065
0.077032
0.076999
0.076966
0.076932
0.076899
0.076866
0.076833
0.076800
0.076767
0.076733
0.076700
0.076667
0.076634
0.076601
0.076568
0.076535
0.076503
0.076470
0.076437
0.076404
0.076371
0.076338
0.076306
0.076273
0.076240
0.076208
0.076175
0.076142
0.076110
0.076077
0.076044
0.076012
0.075979
0.075947
0.075914
0.075882
0.075850
0.075817
0.075785
0.075753
0.075720
0.075688
0.075656
0.075623
0.075591
0.075559
0.075527
0.075495
0.075463
0.075431
0.075399
0.075367
0.075334
0.075302
0.075271
0.075239
0.075207
0.075175
0.075143
0.075111
0.075079
0.075047
0.075016
0.074984
0.074952
0.074920
0.074889
0.074857
0.074826
0.074794
0.074762
0.074731
0.074699
0.074668
0.074636
0.074605
0.074573
0.074542
0.074511
0.074479
0.074448
0.074417
0.074385
0.074354
0.074323
0.074291
0.074260
0.074229
0.074198
0.074167
0.074136
0.074105
0.074074
0.074043
0.074011
0.073980
0.073950
0.073919
0.073888
0.073857
0.073826
0.073795
0.073764
0.073733
0.073703
0.073672
0.073641
0.073610
0.073580
0.073549
0.073518
0.073488
0.073457
0.073427
0.073396
0.073365
0.073335
0.073304
0.073274
0.073244
0.073213
0.073183
0.073152
0.073122
0.073092
0.073061
0.073031
0.073001
0.072971
0.072940
0.072910
0.072880
0.072850
0.072820
0.072790
0.072760
0.072729
0.072699
0.072669
0.072639
0.072609
0.072579
0.072550
0.072520
0.072490
0.072460
0.072430
0.072400
0.072370
0.072341
0.072311
0.072281
0.072251
0.072222
0.072192
0.072162
0.072133
0.072103
0.072074
0.072044
0.072015
0.071985
0.071956
0.071926
0.071897
0.071867
0.071838
0.071808
0.071779
0.071750
0.071720
0.071691
0.071662
0.071633
0.071603
0.071574
0.071545
0.071516
0.071487
0.071458
0.071428
0.071399
0.071370
0.071341
0.071312
0.071283
0.071254
0.071225
0.071196
0.071167
0.071139
0.071110
0.071081
0.071052
0.071023
0.070994
0.070966
0.070937
0.070908
0.070879
0.070851
0.070822
0.070793
0.070765
0.070736
0.070708
0.070679
0.070651
0.070622
0.070594
0.070565
0.070537
0.070508
0.070480
0.070451
0.070423
0.070395
0.070366
0.070338
0.070310
0.070281
0.070253
0.070225
0.070197
0.070168
0.070140
0.070112
0.070084
0.070056
0.070028
0.070000
0.069972
0.069944
0.069916
0.069888
0.069860
0.069832
0.069804
0.069776
0.069748
0.069720
0.069692
0.069664
0.069637
0.069609
0.069581
0.069553
0.069526
0.069498
0.069470
0.069443
0.069415
0.069387
0.069360
0.069332
0.069304
0.069277
0.069249
0.069222
0.069194
0.069167
0.069139
0.069112
0.069085
0.069057
0.069030
0.069002
0.068975
0.068948
0.068921
0.068893
0.068866
0.068839
0.068812
0.068784
0.068757
0.068730
0.068703
0.068676
0.068649
0.068621
0.068594
0.068567
0.068540
0.068513
0.068486
0.068459
0.068432
0.068405
0.068379
0.068352
0.068325
0.068298
0.068271
0.068244
0.068217
0.068191
0.068164
0.068137
0.068110
0.068084
0.068057
0.068030
0.068004
0.067977
0.067950
0.067924
0.067897
0.067871
0.067844
0.067818
0.067791
0.067765
0.067738
0.067712
0.067685
0.067659
0.067633
0.067606
0.067580
0.067554
0.067527
0.067501
0.067475
0.067448
0.067422
0.067396
0.067370
0.067343
0.067317
0.067291
0.067265
0.067239
0.067213
0.067187
0.067161
0.067135
0.067109
0.067083
0.067057
0.067031
0.067005
0.066979
0.066953
0.066927
0.066901
0.066875
0.066849
0.066824
0.066798
0.066772
0.066746
0.066720
0.066695
0.066669
0.066643
0.066618
0.066592
0.066566
0.066541
0.066515
0.066489
0.066464
0.066438
0.066413
0.066387
0.066362
0.066336
0.066311
0.066285
0.066260
0.066234
0.066209
0.066184
0.066158
0.066133
0.066108
0.066082
0.066057
0.066032
0.066006
0.065981
0.065956
0.065931
0.065906
0.065880
0.065855
0.065830
0.065805
0.065780
0.065755
0.065730
0.065705
0.065680
0.065655
0.065630
0.065605
0.065580
0.065555
0.065530
0.065505
0.065480
0.065455
0.065430
0.065405
0.065380
0.065356
0.065331
0.065306
0.065281
0.065256
0.065232
0.065207
0.065182
0.065158
0.065133
0.065108
0.065084
0.065059
0.065034
0.065010
0.064985
0.064961
0.064936
0.064912
0.064887
0.064863
0.064838
0.064814
0.064789
0.064765
0.064741
0.064716
0.064692
0.064668
0.064643
0.064619
0.064595
0.064570
0.064546
0.064522
0.064498
0.064473
0.064449
0.064425
0.064401
0.064377
0.064352
0.064328
0.064304
0.064280
0.064256
0.064232
0.064208
0.064184
0.064160
0.064136
0.064112
0.064088
0.064064
0.064040
0.064016
0.063992
0.063968
0.063945
0.063921
0.063897
0.063873
0.063849
0.063826
0.063802
0.063778
0.063754
0.063731
0.063707
0.063683
0.063659
0.063636
0.063612
0.063589
0.063565
0.063541
0.063518
0.063494
0.063471
0.063447
0.063424
0.063400
0.063377
0.063353
0.063330
0.063306
0.063283
0.063259
0.063236
0.063213
0.063189
0.063166
0.063143
0.063119
0.063096
0.063073
0.063050
0.063026
0.063003
0.062980
0.062957
0.062933
0.062910
0.062887
0.062864
0.062841
0.062818
0.062795
0.062772
0.062748
0.062725
0.062702
0.062679
0.062656
0.062633
0.062610
0.062587
0.062564
0.062542
0.062519
0.062496
0.062473
0.062450
0.062427
0.062404
0.062381
0.062359
0.062336
0.062313
0.062290
0.062268
0.062245
0.062222
0.062199
0.062177
0.062154
0.062131
0.062109
0.062086
0.062063
0.062041
0.062018
0.061996
0.061973
0.061951
0.061928
0.061906
0.061883
0.061861
0.061838
0.061816
0.061793
0.061771
0.061748
0.061726
0.061704
0.061681
0.061659
0.061637
0.061614
0.061592
0.061570
0.061547
0.061525
0.061503
0.061481
0.061458
0.061436
0.061414
0.061392
0.061370
0.061348
0.061325
0.061303
0.061281
0.061259
0.061237
0.061215
0.061193
0.061171
0.061149
0.061127
0.061105
0.061083
0.061061
0.061039
0.061017
0.060995
0.060973
0.060951
0.060929
0.060908
0.060886
0.060864
0.060842
0.060820
0.060799
0.060777
0.060755
0.060733
0.060711
0.060690
0.060668
0.060646
0.060625
0.060603
0.060581
0.060560
0.060538
0.060516
0.060495
0.060473
0.060452
0.060430
0.060409
0.060387
0.060366
0.060344
0.060323
0.060301
0.060280
0.060258
0.060237
0.060215
0.060194
0.060173
0.060151
0.060130
0.060109
0.060087
0.060066
0.060045
0.060023
0.060002
0.059981
0.059959
0.059938
0.059917
0.059896
0.059875
0.059853
0.059832
0.059811
0.059790
0.059769
0.059748
0.059727
0.059705
0.059684
0.059663
0.059642
0.059621
0.059600
0.059579
0.059558
0.059537
0.059516
0.059495
0.059474
0.059453
0.059432
0.059412
0.059391
0.059370
0.059349
0.059328
0.059307
0.059286
0.059266
0.059245
0.059224
0.059203
0.059182
0.059162
0.059141
0.059120
0.059100
0.059079
0.059058
0.059038
0.059017
0.058996
0.058976
0.058955
0.058934
0.058914
0.058893
0.058873
0.058852
0.058832
0.058811
0.058791
0.058770
0.058750
0.058729
0.058709
0.058688
0.058668
0.058647
0.058627
0.058607
0.058586
0.058566
0.058545
0.058525
0.058505
0.058484
0.058464
0.058444
0.058424
0.058403
0.058383
0.058363
0.058343
0.058322
0.058302
0.058282
0.058262
0.058242
0.058221
0.058201
0.058181
0.058161
0.058141
0.058121
0.058101
0.058081
0.058061
0.058041
0.058021
0.058000
0.057980
0.057960
0.057941
0.057921
0.057901
0.057881
0.057861
0.057841
0.057821
0.057801
0.057781
0.057761
0.057741
0.057722
0.057702
0.057682
0.057662
0.057642
0.057622
0.057603
0.057583
0.057563
0.057543
0.057524
0.057504
0.057484
0.057465
0.057445
0.057425
0.057406
0.057386
0.057366
0.057347
0.057327
0.057308
0.057288
0.057268
0.057249
0.057229
0.057210
0.057190
0.057171
0.057151
0.057132
0.057112
0.057093
0.057073
0.057054
0.057035
0.057015
0.056996
0.056976
0.056957
0.056938
0.056918
0.056899
0.056880
0.056860
0.056841
0.056822
0.056802
0.056783
0.056764
0.056745
0.056725
0.056706
0.056687
0.056668
0.056649
0.056630
0.056610
0.056591
0.056572
0.056553
0.056534
0.056515
0.056496
0.056477
0.056457
0.056438
0.056419
0.056400
0.056381
0.056362
0.056343
0.056324
0.056305
0.056286
0.056267
0.056249
0.056230
0.056211
0.056192
0.056173
0.056154
0.056135
0.056116
0.056097
0.056079
0.056060
0.056041
0.056022
0.056003
0.055985
0.055966
0.055947
0.055928
0.055910
0.055891
0.055872
0.055853
0.055835
0.055816
0.055797
0.055779
0.055760
0.055741
0.055723
0.055704
0.055686
0.055667
0.055648
0.055630
0.055611
0.055593
0.055574
0.055556
0.055537
0.055519
0.055500
0.055482
0.055463
0.055445
0.055426
0.055408
0.055390
0.055371
0.055353
0.055334
0.055316
0.055298
0.055279
0.055261
0.055243
0.055224
0.055206
0.055188
0.055169
0.055151
0.055133
0.055114
0.055096
0.055078
0.055060
0.055042
0.055023
0.055005
0.054987
0.054969
0.054951
0.054933
0.054914
0.054896
0.054878
0.054860
0.054842
0.054824
0.054806
0.054788
0.054770
0.054752
0.054734
0.054716
0.054698
0.054680
0.054662
0.054644
0.054626
0.054608
0.054590
0.054572
0.054554
0.054536
0.054518
0.054500
0.054482
0.054464
0.054447
0.054429
0.054411
0.054393
0.054375
0.054357
0.054340
0.054322
0.054304
0.054286
0.054269
0.054251
0.054233
0.054215
0.054198
0.054180
0.054162
0.054145
0.054127
0.054109
0.054092
0.054074
0.054056
0.054039
0.054021
0.054004
0.053986
0.053968
0.053951
0.053933
0.053916
0.053898
0.053881
0.053863
0.053846
0.053828
0.053811
0.053793
0.053776
0.053758
0.053741
0.053723
0.053706
0.053689
0.053671
0.053654
0.053636
0.053619
0.053602
0.053584
0.053567
0.053550
0.053532
0.053515
0.053498
0.053480
0.053463
0.053446
0.053429
0.053411
0.053394
0.053377
0.053360
0.053342
0.053325
0.053308
0.053291
0.053274
0.053257
0.053239
0.053222
0.053205
0.053188
0.053171
0.053154
0.053137
0.053120
0.053103
0.053085
0.053068
0.053051
0.053034
0.053017
0.053000
0.052983
0.052966
0.052949
0.052932
0.052915
0.052898
0.052882
0.052865
0.052848
0.052831
0.052814
0.052797
0.052780
0.052763
0.052746
0.052729
0.052713
0.052696
0.052679
0.052662
0.052645
0.052629
0.052612
0.052595
0.052578
0.052561
0.052545
0.052528
0.052511
0.052495
0.052478
0.052461
0.052444
0.052428
0.052411
0.052394
0.052378
0.052361
0.052344
0.052328
0.052311
0.052295
0.052278
0.052261
0.052245
0.052228
0.052212
0.052195
0.052179
0.052162
0.052146
0.052129
0.052113
0.052096
0.052080
0.052063
0.052047
0.052030
0.052014
0.051997
0.051981
0.051965
0.051948
0.051932
0.051915
0.051899
0.051883
0.051866
0.051850
0.051834
0.051817
0.051801
0.051785
0.051768
0.051752
0.051736
0.051719
0.051703
0.051687
0.051671
0.051654
0.051638
0.051622
0.051606
0.051590
0.051573
0.051557
0.051541
0.051525
0.051509
0.051493
0.051476
0.051460
0.051444
0.051428
0.051412
0.051396
0.051380
0.051364
0.051348
0.051332
0.051316
0.051300
0.051284
0.051268
0.051252
0.051236
0.051220
0.051204
0.051188
0.051172
0.051156
0.051140
0.051124
0.051108
0.051092
0.051076
0.051060
0.051044
0.051028
0.051012
0.050997
0.050981
0.050965
0.050949
0.050933
0.050917
0.050902
0.050886
0.050870
0.050854
0.050838
0.050823
0.050807
0.050791
0.050775
0.050760
0.050744
0.050728
0.050713
0.050697
0.050681
0.050665
0.050650
0.050634
0.050618
0.050603
0.050587
0.050572
0.050556
0.050540
0.050525
0.050509
0.050494
0.050478
0.050462
0.050447
0.050431
0.050416
0.050400
0.050385
0.050369
0.050354
0.050338
0.050323
0.050307
0.050292
0.050276
0.050261
0.050245
0.050230
0.050215
0.050199
0.050184
0.050168
0.050153
0.050138
0.050122
0.050107
0.050091
0.050076
0.050061
0.050045
0.050030
0.050015
0.049999
0.049984
0.049969
0.049954
0.049938
0.049923
0.049908
0.049893
0.049877
0.049862
0.049847
0.049832
0.049816
0.049801
0.049786
0.049771
0.049756
0.049741
0.049725
0.049710
0.049695
0.049680
0.049665
0.049650
0.049635
0.049619
0.049604
0.049589
0.049574
0.049559
0.049544
0.049529
0.049514
0.049499
0.049484
0.049469
0.049454
0.049439
0.049424
0.049409
0.049394
0.049379
0.049364
0.049349
0.049334
0.049319
0.049304
0.049289
0.049275
0.049260
0.049245
0.049230
0.049215
0.049200
0.049185
0.049170
0.049156
0.049141
0.049126
0.049111
0.049096
0.049081
0.049067
0.049052
0.049037
0.049022
0.049008
0.048993
0.048978
0.048963
0.048949
0.048934
0.048919
0.048904
0.048890
0.048875
0.048860
0.048846
0.048831
0.048816
0.048802
0.048787
0.048772
0.048758
0.048743
0.048729
0.048714
0.048699
0.048685
0.048670
0.048656
0.048641
0.048627
0.048612
0.048597
0.048583
0.048568
0.048554
0.048539
0.048525
0.048510
0.048496
0.048481
0.048467
0.048452
0.048438
0.048424
0.048409
0.048395
0.048380
0.048366
0.048351
0.048337
0.048323
0.048308
0.048294
0.048280
0.048265
0.048251
0.048237
0.048222
0.048208
0.048194
0.048179
0.048165
0.048151
0.048136
0.048122
0.048108
0.048093
0.048079
0.048065
0.048051
0.048037
0.048022
0.048008
0.047994
0.047980
0.047965
0.047951
0.047937
0.047923
0.047909
0.047895
0.047880
0.047866
0.047852
0.047838
0.047824
0.047810
0.047796
0.047782
0.047767
0.047753
0.047739
0.047725
0.047711
0.047697
0.047683
0.047669
0.047655
0.047641
0.047627
0.047613
0.047599
0.047585
0.047571
0.047557
0.047543
0.047529
0.047515
0.047501
0.047487
0.047473
0.047459
0.047445
0.047431
0.047418
0.047404
0.047390
0.047376
0.047362
0.047348
0.047334
0.047320
0.047307
0.047293
0.047279
0.047265
0.047251
0.047237
0.047224
0.047210
0.047196
0.047182
0.047169
0.047155
0.047141
0.047127
0.047114
0.047100
0.047086
0.047072
0.047059
0.047045
0.047031
0.047018
0.047004
0.046990
0.046976
0.046963
0.046949
0.046936
0.046922
0.046908
0.046895
0.046881
0.046867
0.046854
0.046840
0.046827
0.046813
0.046799
0.046786
0.046772
0.046759
0.046745
0.046732
0.046718
0.046705
0.046691
0.046678
0.046664
0.046651
0.046637
0.046624
0.046610
0.046597
0.046583
0.046570
0.046556
0.046543
0.046529
0.046516
0.046502
0.046489
0.046476
0.046462
0.046449
0.046435
0.046422
0.046409
0.046395
0.046382
0.046369
0.046355
0.046342
0.046329
0.046315
0.046302
0.046289
0.046275
0.046262
0.046249
0.046235
0.046222
0.046209
0.046196
0.046182
0.046169
0.046156
0.046143
0.046129
0.046116
0.046103
0.046090
0.046077
0.046063
0.046050
0.046037
0.046024
0.046011
0.045998
0.045984
0.045971
0.045958
0.045945
0.045932
0.045919
0.045906
0.045893
0.045879
0.045866
0.045853
0.045840
0.045827
0.045814
0.045801
0.045788
0.045775
0.045762
0.045749
0.045736
0.045723
0.045710
0.045697
0.045684
0.045671
0.045658
0.045645
0.045632
0.045619
0.045606
0.045593
0.045580
0.045567
0.045554
0.045541
0.045528
0.045515
0.045503
0.045490
0.045477
0.045464
0.045451
0.045438
0.045425
0.045412
0.045400
0.045387
0.045374
0.045361
0.045348
0.045335
0.045323
0.045310
0.045297
0.045284
0.045271
0.045259
0.045246
0.045233
0.045220
0.045208
0.045195
0.045182
0.045169
0.045157
0.045144
0.045131
0.045118
0.045106
0.045093
0.045080
0.045068
0.045055
0.045042
0.045030
0.045017
0.045004
0.044992
0.044979
0.044967
0.044954
0.044941
0.044929
0.044916
0.044903
0.044891
0.044878
0.044866
0.044853
0.044841
0.044828
0.044815
0.044803
0.044790
0.044778
0.044765
0.044753
0.044740
0.044728
0.044715
0.044703
0.044690
0.044678
0.044665
0.044653
0.044640
0.044628
0.044616
0.044603
0.044591
0.044578
0.044566
0.044553
0.044541
0.044529
0.044516
0.044504
0.044491
0.044479
0.044467
0.044454
0.044442
0.044430
0.044417
0.044405
0.044392
0.044380
0.044368
0.044356
0.044343
0.044331
0.044319
0.044306
0.044294
0.044282
0.044269
0.044257
0.044245
0.044233
0.044220
0.044208
0.044196
0.044184
0.044171
0.044159
0.044147
0.044135
0.044123
0.044110
0.044098
0.044086
0.044074
0.044062
0.044050
0.044037
0.044025
0.044013
0.044001
0.043989
0.043977
0.043965
0.043952
0.043940
0.043928
0.043916
0.043904
0.043892
0.043880
0.043868
0.043856
0.043844
0.043832
0.043820
0.043808
0.043796
0.043783
0.043771
0.043759
0.043747
0.043735
0.043723
0.043711
0.043699
0.043687
0.043675
0.043663
0.043652
0.043640
0.043628
0.043616
0.043604
0.043592
0.043580
0.043568
0.043556
0.043544
0.043532
0.043520
0.043508
0.043497
0.043485
0.043473
0.043461
0.043449
0.043437
0.043425
0.043413
0.043402
0.043390
0.043378
0.043366
0.043354
0.043343
0.043331
0.043319
0.043307
0.043295
0.043284
0.043272
0.043260
0.043248
0.043236
0.043225
0.043213
0.043201
0.043189
0.043178
0.043166
0.043154
0.043143
0.043131
0.043119
0.043107
0.043096
0.043084
0.043072
0.043061
0.043049
0.043037
0.043026
0.043014
0.043002
0.042991
0.042979
0.042968
0.042956
0.042944
0.042933
0.042921
0.042910
0.042898
0.042886
0.042875
0.042863
0.042852
0.042840
0.042829
0.042817
0.042805
0.042794
0.042782
0.042771
0.042759
0.042748
0.042736
0.042725
0.042713
0.042702
0.042690
0.042679
0.042667
0.042656
0.042644
0.042633
0.042621
0.042610
0.042599
0.042587
0.042576
0.042564
0.042553
0.042541
0.042530
0.042519
0.042507
0.042496
0.042484
0.042473
0.042462
0.042450
0.042439
0.042428
0.042416
0.042405
0.042393
0.042382
0.042371
0.042359
0.042348
0.042337
0.042325
0.042314
0.042303
0.042292
0.042280
0.042269
0.042258
0.042246
0.042235
0.042224
0.042213
0.042201
0.042190
0.042179
0.042168
0.042156
0.042145
0.042134
0.042123
0.042112
0.042100
0.042089
0.042078
0.042067
0.042056
0.042044
0.042033
0.042022
0.042011
0.042000
0.041989
0.041977
0.041966
0.041955
0.041944
0.041933
0.041922
0.041911
0.041900
0.041889
0.041877
0.041866
0.041855
0.041844
0.041833
0.041822
0.041811
0.041800
0.041789
0.041778
0.041767
0.041756
0.041745
0.041734
0.041723
0.041712
0.041701
0.041690
0.041679
0.041668
0.041657
0.041646
0.041635
0.041624
0.041613
0.041602
0.041591
0.041580
0.041569
0.041558
0.041547
0.041536
0.041525
0.041514
0.041503
0.041492
0.041482
0.041471
0.041460
0.041449
0.041438
0.041427
0.041416
0.041405
0.041394
0.041384
0.041373
0.041362
0.041351
0.041340
0.041329
0.041319
0.041308
0.041297
0.041286
0.041275
0.041264
0.041254
0.041243
0.041232
0.041221
0.041211
0.041200
0.041189
0.041178
0.041168
0.041157
0.041146
0.041135
0.041125
0.041114
0.041103
0.041092
0.041082
0.041071
0.041060
0.041050
0.041039
0.041028
0.041017
0.041007
0.040996
0.040985
0.040975
0.040964
0.040953
0.040943
0.040932
0.040922
0.040911
0.040900
0.040890
0.040879
0.040868
0.040858
0.040847
0.040837
0.040826
0.040815
0.040805
0.040794
0.040784
0.040773
0.040763
0.040752
0.040741
0.040731
0.040720
0.040710
0.040699
0.040689
0.040678
0.040668
0.040657
0.040647
0.040636
0.040626
0.040615
0.040605
0.040594
0.040584
0.040573
0.040563
0.040552
0.040542
0.040531
0.040521
0.040510
0.040500
0.040490
0.040479
0.040469
0.040458
0.040448
0.040438
0.040427
0.040417
0.040406
0.040396
0.040386
0.040375
0.040365
0.040354
0.040344
0.040334
0.040323
0.040313
0.040303
0.040292
0.040282
0.040272
0.040261
0.040251
0.040241
0.040230
0.040220
0.040210
0.040199
0.040189
0.040179
0.040169
0.040158
0.040148
0.040138
0.040127
0.040117
0.040107
0.040097
0.040086
0.040076
0.040066
0.040056
0.040045
0.040035
0.040025
0.040015
0.040005
0.039994
0.039984
0.039974
0.039964
0.039954
0.039943
0.039933
0.039923
0.039913
0.039903
0.039893
0.039882
0.039872
0.039862
0.039852
0.039842
0.039832
0.039822
0.039812
0.039801
0.039791
0.039781
0.039771
0.039761
0.039751
0.039741
0.039731
0.039721
0.039711
0.039701
0.039690
0.039680
0.039670
0.039660
0.039650
0.039640
0.039630
0.039620
0.039610
0.039600
0.039590
0.039580
0.039570
0.039560
0.039550
0.039540
0.039530
0.039520
0.039510
0.039500
0.039490
0.039480
0.039470
0.039460
0.039450
0.039440
0.039430
0.039420
0.039411
0.039401
0.039391
0.039381
0.039371
0.039361
0.039351
0.039341
0.039331
0.039321
0.039311
0.039302
0.039292
0.039282
0.039272
0.039262
0.039252
0.039242
0.039233
0.039223
0.039213
0.039203
0.039193
0.039183
0.039173
0.039164
0.039154
0.039144
0.039134
0.039124
0.039115
0.039105
0.039095
0.039085
0.039075
0.039066
0.039056
0.039046
0.039036
0.039027
0.039017
0.039007
0.038997
0.038988
0.038978
0.038968
0.038958
0.038949
0.038939
0.038929
0.038920
0.038910
0.038900
0.038890
0.038881
0.038871
0.038861
0.038852
0.038842
0.038832
0.038823
0.038813
0.038803
0.038794
0.038784
0.038774
0.038765
0.038755
0.038746
0.038736
0.038726
0.038717
0.038707
0.038697
0.038688
0.038678
0.038669
0.038659
0.038649
0.038640
0.038630
0.038621
0.038611
0.038602
0.038592
0.038582
0.038573
0.038563
0.038554
0.038544
0.038535
0.038525
0.038516
0.038506
0.038497
0.038487
0.038478
0.038468
0.038459
0.038449
0.038440
0.038430
0.038421
0.038411
0.038402
0.038392
0.038383
0.038373
0.038364
0.038354
0.038345
0.038336
0.038326
0.038317
0.038307
0.038298
0.038288
0.038279
0.038270
0.038260
0.038251
0.038241
0.038232
0.038222
0.038213
0.038204
0.038194
0.038185
0.038176
0.038166
0.038157
0.038147
0.038138
0.038129
0.038119
0.038110
0.038101
0.038091
0.038082
0.038073
0.038063
0.038054
0.038045
0.038035
0.038026
0.038017
0.038008
0.037998
0.037989
0.037980
0.037970
0.037961
0.037952
0.037943
0.037933
0.037924
0.037915
0.037906
0.037896
0.037887
0.037878
0.037869
0.037859
0.037850
0.037841
0.037832
0.037822
0.037813
0.037804
0.037795
0.037786
0.037776
0.037767
0.037758
0.037749
0.037740
0.037730
0.037721
0.037712
0.037703
0.037694
0.037685
0.037676
0.037666
0.037657
0.037648
0.037639
0.037630
0.037621
0.037612
0.037602
0.037593
0.037584
0.037575
0.037566
0.037557
0.037548
0.037539
0.037530
0.037521
0.037511
0.037502
0.037493
0.037484
0.037475
0.037466
0.037457
0.037448
0.037439
0.037430
0.037421
0.037412
0.037403
0.037394
0.037385
0.037376
0.037367
0.037358
0.037349
0.037340
0.037331
0.037322
0.037313
0.037304
0.037295
0.037286
0.037277
0.037268
0.037259
0.037250
0.037241
0.037232
0.037223
0.037214
0.037205
0.037196
0.037187
0.037178
0.037169
0.037160
0.037152
0.037143
0.037134
0.037125
0.037116
0.037107
0.037098
0.037089
0.037080
0.037071
0.037063
0.037054
0.037045
0.037036
0.037027
0.037018
0.037009
0.037001
0.036992
0.036983
0.036974
0.036965
0.036956
0.036947
0.036939
0.036930
0.036921
0.036912
0.036903
0.036895
0.036886
0.036877
0.036868
0.036859
0.036851
0.036842
0.036833
0.036824
0.036815
0.036807
0.036798
0.036789
0.036780
0.036772
0.036763
0.036754
0.036745
0.036737
0.036728
0.036719
0.036710
0.036702
0.036693
0.036684
0.036676
0.036667
0.036658
0.036649
0.036641
0.036632
0.036623
0.036615
0.036606
0.036597
0.036589
0.036580
0.036571
0.036563
0.036554
0.036545
0.036537
0.036528
0.036519
0.036511
0.036502
0.036493
0.036485
0.036476
0.036468
0.036459
0.036450
0.036442
0.036433
0.036425
0.036416
0.036407
0.036399
0.036390
0.036382
0.036373
0.036364
0.036356
0.036347
0.036339
0.036330
0.036322
0.036313
0.036304
0.036296
0.036287
0.036279
0.036270
0.036262
0.036253
0.036245
0.036236
0.036228
0.036219
0.036211
0.036202
0.036194
0.036185
0.036177
0.036168
0.036160
0.036151
0.036143
0.036134
0.036126
0.036117
0.036109
0.036100
0.036092
0.036083
0.036075
0.036066
0.036058
0.036050
0.036041
0.036033
0.036024
0.036016
0.036007
0.035999
0.035991
0.035982
0.035974
0.035965
0.035957
0.035949
0.035940
0.035932
0.035923
0.035915
0.035907
0.035898
0.035890
0.035881
0.035873
0.035865
0.035856
0.035848
0.035840
0.035831
0.035823
0.035815
0.035806
0.035798
0.035790
0.035781
0.035773
0.035765
0.035756
0.035748
0.035740
0.035731
0.035723
0.035715
0.035706
0.035698
0.035690
0.035682
0.035673
0.035665
0.035657
0.035648
0.035640
0.035632
0.035624
0.035615
0.035607
0.035599
0.035591
0.035582
0.035574
0.035566
0.035558
0.035549
0.035541
0.035533
0.035525
0.035517
0.035508
0.035500
0.035492
0.035484
0.035476
0.035467
0.035459
0.035451
0.035443
0.035435
0.035426
0.035418
0.035410
0.035402
0.035394
0.035386
0.035377
0.035369
0.035361
0.035353
0.035345
0.035337
0.035329
0.035320
0.035312
0.035304
0.035296
0.035288
0.035280
0.035272
0.035264
0.035255
0.035247
0.035239
0.035231
0.035223
0.035215
0.035207
0.035199
0.035191
0.035183
0.035175
0.035167
0.035158
0.035150
0.035142
0.035134
0.035126
0.035118
0.035110
0.035102
0.035094
0.035086
0.035078
0.035070
0.035062
0.035054
0.035046
0.035038
0.035030
0.035022
0.035014
0.035006
0.034998
0.034990
0.034982
0.034974
0.034966
0.034958
0.034950
0.034942
0.034934
0.034926
0.034918
0.034910
0.034902
0.034894
0.034886
0.034878
0.034870
0.034862
0.034854
0.034847
0.034839
0.034831
0.034823
0.034815
0.034807
0.034799
0.034791
0.034783
0.034775
0.034767
0.034759
0.034752
0.034744
0.034736
0.034728
0.034720
0.034712
0.034704
0.034696
0.034688
0.034681
0.034673
0.034665
0.034657
0.034649
0.034641
0.034633
0.034626
0.034618
0.034610
0.034602
0.034594
0.034586
0.034579
0.034571
0.034563
0.034555
0.034547
0.034540
0.034532
0.034524
0.034516
0.034508
0.034501
0.034493
0.034485
0.034477
0.034469
0.034462
0.034454
0.034446
0.034438
0.034431
0.034423
0.034415
0.034407
0.034400
0.034392
0.034384
0.034376
0.034369
0.034361
0.034353
0.034345
0.034338
0.034330
0.034322
0.034315
0.034307
0.034299
0.034291
0.034284
0.034276
0.034268
0.034261
0.034253
0.034245
0.034238
0.034230
0.034222
0.034214
0.034207
0.034199
0.034191
0.034184
0.034176
0.034169
0.034161
0.034153
0.034146
0.034138
0.034130
0.034123
0.034115
0.034107
0.034100
0.034092
0.034084
0.034077
0.034069
0.034062
0.034054
0.034046
0.034039
0.034031
0.034024
0.034016
0.034008
0.034001
0.033993
0.033986
0.033978
0.033971
0.033963
0.033955
0.033948
0.033940
0.033933
0.033925
0.033918
0.033910
0.033903
0.033895
0.033887
0.033880
0.033872
0.033865
0.033857
0.033850
0.033842
0.033835
0.033827
0.033820
0.033812
0.033805
0.033797
0.033790
0.033782
0.033775
0.033767
0.033760
0.033752
0.033745
0.033737
0.033730
0.033722
0.033715
0.033707
0.033700
0.033692
0.033685
0.033678
0.033670
0.033663
0.033655
0.033648
0.033640
0.033633
0.033625
0.033618
0.033611
0.033603
0.033596
0.033588
0.033581
0.033573
0.033566
0.033559
0.033551
0.033544
0.033536
0.033529
0.033522
0.033514
0.033507
0.033499
0.033492
0.033485
0.033477
0.033470
0.033463
0.033455
0.033448
0.033441
0.033433
0.033426
0.033418
0.033411
0.033404
0.033396
0.033389
0.033382
0.033374
0.033367
0.033360
0.033352
0.033345
0.033338
0.033330
0.033323
0.033316
0.033309
0.033301
0.033294
0.033287
0.033279
0.033272
0.033265
0.033257
0.033250
0.033243
0.033236
0.033228
0.033221
0.033214
0.033207
0.033199
0.033192
0.033185
0.033177
0.033170
0.033163
0.033156
0.033149
0.033141
0.033134
0.033127
0.033120
0.033112
0.033105
0.033098
0.033091
0.033083
0.033076
0.033069
0.033062
0.033055
0.033047
0.033040
0.033033
0.033026
0.033019
0.033011
0.033004
0.032997
0.032990
0.032983
0.032976
0.032968
0.032961
0.032954
0.032947
0.032940
0.032933
0.032925
0.032918
0.032911
0.032904
0.032897
0.032890
0.032883
0.032875
0.032868
0.032861
0.032854
0.032847
0.032840
0.032833
0.032826
0.032818
0.032811
0.032804
0.032797
0.032790
0.032783
0.032776
0.032769
0.032762
0.032755
0.032747
0.032740
0.032733
0.032726
0.032719
0.032712
0.032705
0.032698
0.032691
0.032684
0.032677
0.032670
0.032663
0.032656
0.032649
0.032642
0.032635
0.032627
0.032620
0.032613
0.032606
0.032599
0.032592
0.032585
0.032578
0.032571
0.032564
0.032557
0.032550
0.032543
0.032536
0.032529
0.032522
0.032515
0.032508
0.032501
0.032494
0.032487
0.032480
0.032473
0.032466
0.032459
0.032452
0.032446
0.032439
0.032432
0.032425
0.032418
0.032411
0.032404
0.032397
0.032390
0.032383
0.032376
0.032369
0.032362
0.032355
0.032348
0.032341
0.032334
0.032328
0.032321
0.032314
0.032307
0.032300
0.032293
0.032286
0.032279
0.032272
0.032265
0.032258
0.032252
0.032245
0.032238
0.032231
0.032224
0.032217
0.032210
0.032203
0.032197
0.032190
0.032183
0.032176
0.032169
0.032162
0.032155
0.032149
0.032142
0.032135
0.032128
0.032121
0.032114
0.032108
0.032101
0.032094
0.032087
0.032080
0.032073
0.032067
0.032060
0.032053
0.032046
0.032039
0.032033
0.032026
0.032019
0.032012
0.032005
0.031999
0.031992
0.031985
0.031978
0.031971
0.031965
0.031958
0.031951
0.031944
0.031938
0.031931
0.031924
0.031917
0.031911
0.031904
0.031897
0.031890
0.031884
0.031877
0.031870
0.031863
0.031857
0.031850
0.031843
0.031836
0.031830
0.031823
0.031816
0.031810
0.031803
0.031796
0.031789
0.031783
0.031776
0.031769
0.031763
0.031756
0.031749
0.031743
0.031736
0.031729
0.031722
0.031716
0.031709
0.031702
0.031696
0.031689
0.031682
0.031676
0.031669
0.031662
0.031656
0.031649
0.031642
0.031636
0.031629
0.031623
0.031616
0.031609
0.031603
0.031596
0.031589
0.031583
0.031576
0.031569
0.031563
0.031556
0.031550
0.031543
0.031536
0.031530
0.031523
0.031517
0.031510
0.031503
0.031497
0.031490
0.031484
0.031477
0.031470
0.031464
0.031457
0.031451
0.031444
0.031438
0.031431
0.031424
0.031418
0.031411
0.031405
0.031398
0.031392
0.031385
0.031378
0.031372
0.031365
0.031359
0.031352
0.031346
0.031339
0.031333
0.031326
0.031320
0.031313
0.031307
0.031300
0.031294
0.031287
0.031281
0.031274
0.031268
0.031261
0.031255
0.031248
0.031242
0.031235
0.031229
0.031222
0.031216
0.031209
0.031203
0.031196
0.031190
0.031183
0.031177
0.031170
0.031164
0.031157
0.031151
0.031144
0.031138
0.031131
0.031125
0.031119
0.031112
0.031106
0.031099
0.031093
0.031086
0.031080
0.031073
0.031067
0.031061
0.031054
0.031048
0.031041
0.031035
0.031028
0.031022
0.031016
0.031009
0.031003
0.030996
0.030990
0.030984
0.030977
0.030971
0.030964
0.030958
0.030952
0.030945
0.030939
0.030932
0.030926
0.030920
0.030913
0.030907
0.030901
0.030894
0.030888
0.030882
0.030875
0.030869
0.030862
0.030856
0.030850
0.030843
0.030837
0.030831
0.030824
0.030818
0.030812
0.030805
0.030799
0.030793
0.030786
0.030780
0.030774
0.030767
0.030761
0.030755
0.030748
0.030742
0.030736
0.030730
0.030723
0.030717
0.030711
0.030704
0.030698
0.030692
0.030685
0.030679
0.030673
0.030667
0.030660
0.030654
0.030648
0.030642
0.030635
0.030629
0.030623
0.030616
0.030610
0.030604
0.030598
0.030591
0.030585
0.030579
0.030573
0.030566
0.030560
0.030554
0.030548
0.030541
0.030535
0.030529
0.030523
0.030517
0.030510
0.030504
0.030498
0.030492
0.030485
0.030479
0.030473
0.030467
0.030461
0.030454
0.030448
0.030442
0.030436
0.030430
0.030423
0.030417
0.030411
0.030405
0.030399
0.030393
0.030386
0.030380
0.030374
0.030368
0.030362
0.030356
0.030349
0.030343
0.030337
0.030331
0.030325
0.030319
0.030312
0.030306
0.030300
0.030294
0.030288
0.030282
0.030276
0.030269
0.030263
0.030257
0.030251
0.030245
0.030239
0.030233
0.030227
0.030220
0.030214
0.030208
0.030202
0.030196
0.030190
0.030184
0.030178
0.030172
0.030166
0.030159
0.030153
0.030147
0.030141
0.030135
0.030129
0.030123
0.030117
0.030111
0.030105
0.030099
0.030093
0.030087
0.030080
0.030074
0.030068
0.030062
0.030056
0.030050
0.030044
0.030038
0.030032
0.030026
0.030020
0.030014
0.030008
0.030002
0.029996
0.029990
0.029984
0.029978
0.029972
0.029966
0.029960
0.029954
0.029948
0.029942
0.029936
0.029930
0.029924
0.029918
0.029912
0.029906
0.029900
0.029894
0.029888
0.029882
0.029876
0.029870
0.029864
0.029858
0.029852
0.029846
0.029840
0.029834
0.029828
0.029822
0.029816
0.029810
0.029804
0.029798
0.029792
0.029786
0.029780
0.029774
0.029768
0.029762
0.029756
0.029750
0.029745
0.029739
0.029733
0.029727
0.029721
0.029715
0.029709
0.029703
0.029697
0.029691
0.029685
0.029679
0.029673
0.029668
0.029662
0.029656
0.029650
0.029644
0.029638
0.029632
0.029626
0.029620
0.029614
0.029609
0.029603
0.029597
0.029591
0.029585
0.029579
0.029573
0.029567
0.029561
0.029556
0.029550
0.029544
0.029538
0.029532
0.029526
0.029520
0.029515
0.029509
0.029503
0.029497
0.029491
0.029485
0.029479
0.029474
0.029468
0.029462
0.029456
0.029450
0.029444
0.029439
0.029433
0.029427
0.029421
0.029415
0.029410
0.029404
0.029398
0.029392
0.029386
0.029380
0.029375
0.029369
0.029363
0.029357
0.029351
0.029346
0.029340
0.029334
0.029328
0.029323
0.029317
0.029311
0.029305
0.029299
0.029294
0.029288
0.029282
0.029276
0.029271
0.029265
0.029259
0.029253
0.029248
0.029242
0.029236
0.029230
0.029225
0.029219
0.029213
0.029207
0.029202
0.029196
0.029190
0.029184
0.029179
0.029173
0.029167
0.029161
0.029156
0.029150
0.029144
0.029139
0.029133
0.029127
0.029121
0.029116
0.029110
0.029104
0.029099
0.029093
0.029087
0.029081
0.029076
0.029070
0.029064
0.029059
0.029053
0.029047
0.029042
0.029036
0.029030
0.029025
0.029019
0.029013
0.029008
0.029002
0.028996
0.028991
0.028985
0.028979
0.028974
0.028968
0.028962
0.028957
0.028951
0.028945
0.028940
0.028934
0.028928
0.028923
0.028917
0.028911
0.028906
0.028900
0.028895
0.028889
0.028883
0.028878
0.028872
0.028866
0.028861
0.028855
0.028850
0.028844
0.028838
0.028833
0.028827
0.028821
0.028816
0.028810
0.028805
0.028799
0.028793
0.028788
0.028782
0.028777
0.028771
0.028766
0.028760
0.028754
0.028749
0.028743
0.028738
0.028732
0.028727
0.028721
0.028715
0.028710
0.028704
0.028699
0.028693
0.028688
0.028682
0.028676
0.028671
0.028665
0.028660
0.028654
0.028649
0.028643
0.028638
0.028632
0.028627
0.028621
0.028615
0.028610
0.028604
0.028599
0.028593
0.028588
0.028582
0.028577
0.028571
0.028566
0.028560
0.028555
0.028549
0.028544
0.028538
0.028533
0.028527
0.028522
0.028516
0.028511
0.028505
0.028500
0.028494
0.028489
0.028483
0.028478
0.028472
0.028467
0.028461
0.028456
0.028450
0.028445
0.028439
0.028434
0.028429
0.028423
0.028418
0.028412
0.028407
0.028401
0.028396
0.028390
0.028385
0.028379
0.028374
0.028369
0.028363
0.028358
0.028352
0.028347
0.028341
0.028336
0.028331
0.028325
0.028320
0.028314
0.028309
0.028303
0.028298
0.028293
0.028287
0.028282
0.028276
0.028271
0.028265
0.028260
0.028255
0.028249
0.028244
0.028238
0.028233
0.028228
0.028222
0.028217
0.028211
0.028206
0.028201
0.028195
0.028190
0.028185
0.028179
0.028174
0.028168
0.028163
0.028158
0.028152
0.028147
0.028142
0.028136
0.028131
0.028126
0.028120
0.028115
0.028109
0.028104
0.028099
0.028093
0.028088
0.028083
0.028077
0.028072
0.028067
0.028061
0.028056
0.028051
0.028045
0.028040
0.028035
0.028029
0.028024
0.028019
0.028013
0.028008
0.028003
0.027997
0.027992
0.027987
0.027982
0.027976
0.027971
0.027966
0.027960
0.027955
0.027950
0.027944
0.027939
0.027934
0.027929
0.027923
0.027918
0.027913
0.027907
0.027902
0.027897
0.027892
0.027886
0.027881
0.027876
0.027870
0.027865
0.027860
0.027855
0.027849
0.027844
0.027839
0.027834
0.027828
0.027823
0.027818
0.027813
0.027807
0.027802
0.027797
0.027792
0.027786
0.027781
0.027776
0.027771
0.027765
0.027760
0.027755
0.027750
0.027745
0.027739
0.027734
0.027729
0.027724
0.027718
0.027713
0.027708
0.027703
0.027698
0.027692
0.027687
0.027682
0.027677
0.027672
0.027666
0.027661
0.027656
0.027651
0.027646
0.027640
0.027635
0.027630
0.027625
0.027620
0.027614
0.027609
0.027604
0.027599
0.027594
0.027589
0.027583
0.027578
0.027573
0.027568
0.027563
0.027558
0.027552
0.027547
0.027542
0.027537
0.027532
0.027527
0.027521
0.027516
0.027511
0.027506
0.027501
0.027496
0.027491
0.027485
0.027480
0.027475
0.027470
0.027465
0.027460
0.027455
0.027450
0.027444
0.027439
0.027434
0.027429
0.027424
0.027419
0.027414
0.027409
0.027403
0.027398
0.027393
0.027388
0.027383
0.027378
0.027373
0.027368
0.027363
0.027358
0.027352
0.027347
0.027342
0.027337
0.027332
0.027327
0.027322
0.027317
0.027312
0.027307
0.027302
0.027297
0.027292
0.027286
0.027281
0.027276
0.027271
0.027266
0.027261
0.027256
0.027251
0.027246
0.027241
0.027236
0.027231
0.027226
0.027221
0.027216
0.027211
0.027206
0.027201
0.027195
0.027190
0.027185
0.027180
0.027175
0.027170
0.027165
0.027160
0.027155
0.027150
0.027145
0.027140
0.027135
0.027130
0.027125
0.027120
0.027115
0.027110
0.027105
0.027100
0.027095
0.027090
0.027085
0.027080
0.027075
0.027070
0.027065
0.027060
0.027055
0.027050
0.027045
0.027040
0.027035
0.027030
0.027025
0.027020
0.027015
0.027010
0.027005
0.027000
0.026995
0.026990
0.026985
0.026980
0.026975
0.026971
0.026966
0.026961
0.026956
0.026951
0.026946
0.026941
0.026936
0.026931
0.026926
0.026921
0.026916
0.026911
0.026906
0.026901
0.026896
0.026891
0.026886
0.026881
0.026877
0.026872
0.026867
0.026862
0.026857
0.026852
0.026847
0.026842
0.026837
0.026832
0.026827
0.026822
0.026818
0.026813
0.026808
0.026803
0.026798
0.026793
0.026788
0.026783
0.026778
0.026773
0.026769
0.026764
0.026759
0.026754
0.026749
0.026744
0.026739
0.026734
0.026729
0.026725
0.026720
0.026715
0.026710
0.026705
0.026700
0.026695
0.026690
0.026686
0.026681
0.026676
0.026671
0.026666
0.026661
0.026656
0.026652
0.026647
0.026642
0.026637
0.026632
0.026627
0.026622
0.026618
0.026613
0.026608
0.026603
0.026598
0.026593
0.026589
0.026584
0.026579
0.026574
0.026569
0.026564
0.026560
0.026555
0.026550
0.026545
0.026540
0.026536
0.026531
0.026526
0.026521
0.026516
0.026511
0.026507
0.026502
0.026497
0.026492
0.026487
0.026483
0.026478
0.026473
0.026468
0.026463
0.026459
0.026454
0.026449
0.026444
0.026440
0.026435
0.026430
0.026425
0.026420
0.026416
0.026411
0.026406
0.026401
0.026397
0.026392
0.026387
0.026382
0.026377
0.026373
0.026368
0.026363
0.026358
0.026354
0.026349
0.026344
0.026339
0.026335
0.026330
0.026325
0.026320
0.026316
0.026311
0.026306
0.026301
0.026297
0.026292
0.026287
0.026283
0.026278
0.026273
0.026268
0.026264
0.026259
0.026254
0.026249
0.026245
0.026240
0.026235
0.026231
0.026226
0.026221
0.026216
0.026212
0.026207
0.026202
0.026198
0.026193
0.026188
0.026184
0.026179
0.026174
0.026169
0.026165
0.026160
0.026155
0.026151
0.026146
0.026141
0.026137
0.026132
0.026127
0.026123
0.026118
0.026113
0.026109
0.026104
0.026099
0.026095
0.026090
0.026085
0.026081
0.026076
0.026071
0.026067
0.026062
0.026057
0.026053
0.026048
0.026043
0.026039
0.026034
0.026029
0.026025
0.026020
0.026015
0.026011
0.026006
0.026001
0.025997
0.025992
0.025988
0.025983
0.025978
0.025974
0.025969
0.025964
0.025960
0.025955
0.025951
0.025946
0.025941
0.025937
0.025932
0.025927
0.025923
0.025918
0.025914
0.025909
0.025904
0.025900
0.025895
0.025891
0.025886
0.025881
0.025877
0.025872
0.025868
0.025863
0.025858
0.025854
0.025849
0.025845
0.025840
0.025835
0.025831
0.025826
0.025822
0.025817
0.025813
0.025808
0.025803
0.025799
0.025794
0.025790
0.025785
0.025781
0.025776
0.025771
0.025767
0.025762
0.025758
0.025753
0.025749
0.025744
0.025740
0.025735
0.025730
0.025726
0.025721
0.025717
0.025712
0.025708
0.025703
0.025699
0.025694
0.025690
0.025685
0.025680
0.025676
0.025671
0.025667
0.025662
0.025658
0.025653
0.025649
0.025644
0.025640
0.025635
0.025631
0.025626
0.025622
0.025617
0.025613
0.025608
0.025604
0.025599
0.025595
0.025590
0.025586
0.025581
0.025577
0.025572
0.025568
0.025563
0.025559
0.025554
0.025550
0.025545
0.025541
0.025536
0.025532
0.025527
0.025523
0.025518
0.025514
0.025509
0.025505
0.025500
0.025496
0.025491
0.025487
0.025482
0.025478
0.025473
0.025469
0.025465
0.025460
0.025456
0.025451
0.025447
0.025442
0.025438
0.025433
0.025429
0.025424
0.025420
0.025416
0.025411
0.025407
0.025402
0.025398
0.025393
0.025389
0.025384
0.025380
0.025376
0.025371
0.025367
0.025362
0.025358
0.025353
0.025349
0.025345
0.025340
0.025336
0.025331
0.025327
0.025322
0.025318
0.025314
0.025309
0.025305
0.025300
0.025296
0.025292
0.025287
0.025283
0.025278
0.025274
0.025269
0.025265
0.025261
0.025256
0.025252
0.025248
0.025243
0.025239
0.025234
0.025230
0.025226
0.025221
0.025217
0.025212
0.025208
0.025204
0.025199
0.025195
0.025190
0.025186
0.025182
0.025177
0.025173
0.025169
0.025164
0.025160
0.025156
0.025151
0.025147
0.025142
0.025138
0.025134
0.025129
0.025125
0.025121
0.025116
0.025112
0.025108
0.025103
0.025099
0.025095
0.025090
0.025086
0.025082
0.025077
0.025073
0.025069
0.025064
0.025060
0.025056
0.025051
0.025047
0.025043
0.025038
0.025034
0.025030
0.025025
0.025021
0.025017
0.025012
0.025008
0.025004
0.024999
0.024995
0.024991
0.024986
0.024982
0.024978
0.024973
0.024969
0.024965
0.024961
0.024956
0.024952
0.024948
0.024943
0.024939
0.024935
0.024930
0.024926
0.024922
0.024918
0.024913
0.024909
0.024905
0.024900
0.024896
0.024892
0.024888
0.024883
0.024879
0.024875
0.024870
0.024866
0.024862
0.024858
0.024853
0.024849
0.024845
0.024841
0.024836
0.024832
0.024828
0.024824
0.024819
0.024815
0.024811
0.024807
0.024802
0.024798
0.024794
0.024790
0.024785
0.024781
0.024777
0.024773
0.024768
0.024764
0.024760
0.024756
0.024751
0.024747
0.024743
0.024739
0.024734
0.024730
0.024726
0.024722
0.024717
0.024713
0.024709
0.024705
0.024701
0.024696
0.024692
0.024688
0.024684
0.024679
0.024675
0.024671
0.024667
0.024663
0.024658
0.024654
0.024650
0.024646
0.024642
0.024637
0.024633
0.024629
0.024625
0.024621
0.024616
0.024612
0.024608
0.024604
0.024600
0.024595
0.024591
0.024587
0.024583
0.024579
0.024575
0.024570
0.024566
0.024562
0.024558
0.024554
0.024549
0.024545
0.024541
0.024537
0.024533
0.024529
0.024524
0.024520
0.024516
0.024512
0.024508
0.024504
0.024500
0.024495
0.024491
0.024487
0.024483
0.024479
0.024475
0.024470
0.024466
0.024462
0.024458
0.024454
0.024450
0.024446
0.024441
0.024437
0.024433
0.024429
0.024425
0.024421
0.024417
0.024412
0.024408
0.024404
0.024400
0.024396
0.024392
0.024388
0.024384
0.024379
0.024375
0.024371
0.024367
0.024363
0.024359
0.024355
0.024351
0.024347
0.024342
0.024338
0.024334
0.024330
0.024326
0.024322
0.024318
0.024314
0.024310
0.024306
0.024301
0.024297
0.024293
0.024289
0.024285
0.024281
0.024277
0.024273
0.024269
0.024265
0.024261
0.024256
0.024252
0.024248
0.024244
0.024240
0.024236
0.024232
0.024228
0.024224
0.024220
0.024216
0.024212
0.024208
0.024203
0.024199
0.024195
0.024191
0.024187
0.024183
0.024179
0.024175
0.024171
0.024167
0.024163
0.024159
0.024155
0.024151
0.024147
0.024143
0.024139
0.024135
0.024131
0.024126
0.024122
0.024118
0.024114
0.024110
0.024106
0.024102
0.024098
0.024094
0.024090
0.024086
0.024082
0.024078
0.024074
0.024070
0.024066
0.024062
0.024058
0.024054
0.024050
0.024046
0.024042
0.024038
0.024034
0.024030
0.024026
0.024022
0.024018
0.024014
0.024010
0.024006
0.024002
0.023998
0.023994
0.023990
0.023986
0.023982
0.023978
0.023974
0.023970
0.023966
0.023962
0.023958
0.023954
0.023950
0.023946
0.023942
0.023938
0.023934
0.023930
0.023926
0.023922
0.023918
0.023914
0.023910
0.023906
0.023902
0.023898
0.023894
0.023890
0.023886
0.023882
0.023878
0.023874
0.023870
0.023866
0.023862
0.023858
0.023854
0.023851
0.023847
0.023843
0.023839
0.023835
0.023831
0.023827
0.023823
0.023819
0.023815
0.023811
0.023807
0.023803
0.023799
0.023795
0.023791
0.023787
0.023783
0.023779
0.023776
0.023772
0.023768
0.023764
0.023760
0.023756
0.023752
0.023748
0.023744
0.023740
0.023736
0.023732
0.023728
0.023725
0.023721
0.023717
0.023713
0.023709
0.023705
0.023701
0.023697
0.023693
0.023689
0.023685
0.023681
0.023678
0.023674
0.023670
0.023666
0.023662
0.023658
0.023654
0.023650
0.023646
0.023642
0.023639
0.023635
0.023631
0.023627
0.023623
0.023619
0.023615
0.023611
0.023607
0.023604
0.023600
0.023596
0.023592
0.023588
0.023584
0.023580
0.023576
0.023573
0.023569
0.023565
0.023561
0.023557
0.023553
0.023549
0.023546
0.023542
0.023538
0.023534
0.023530
0.023526
0.023522
0.023518
0.023515
0.023511
0.023507
0.023503
0.023499
0.023495
0.023492
0.023488
0.023484
0.023480
0.023476
0.023472
0.023468
0.023465
0.023461
0.023457
0.023453
0.023449
0.023445
0.023442
0.023438
0.023434
0.023430
0.023426
0.023422
0.023419
0.023415
0.023411
0.023407
0.023403
0.023400
0.023396
0.023392
0.023388
0.023384
0.023380
0.023377
0.023373
0.023369
0.023365
0.023361
0.023358
0.023354
0.023350
0.023346
0.023342
0.023339
0.023335
0.023331
0.023327
0.023323
0.023320
0.023316
0.023312
0.023308
0.023304
0.023301
0.023297
0.023293
0.023289
0.023285
0.023282
0.023278
0.023274
0.023270
0.023267
0.023263
0.023259
0.023255
0.023251
0.023248
0.023244
0.023240
0.023236
0.023233
0.023229
0.023225
0.023221
0.023217
0.023214
0.023210
0.023206
0.023202
0.023199
0.023195
0.023191
0.023187
0.023184
0.023180
0.023176
0.023172
0.023169
0.023165
0.023161
0.023157
0.023154
0.023150
0.023146
0.023142
0.023139
0.023135
0.023131
0.023127
0.023124
0.023120
0.023116
0.023112
0.023109
0.023105
0.023101
0.023098
0.023094
0.023090
0.023086
0.023083
0.023079
0.023075
0.023071
0.023068
0.023064
0.023060
0.023057
0.023053
0.023049
0.023045
0.023042
0.023038
0.023034
0.023031
0.023027
0.023023
0.023019
0.023016
0.023012
0.023008
0.023005
0.023001
0.022997
0.022994
0.022990
0.022986
0.022982
0.022979
0.022975
0.022971
0.022968
0.022964
0.022960
0.022957
0.022953
0.022949
0.022946
0.022942
0.022938
0.022934
0.022931
0.022927
0.022923
0.022920
0.022916
0.022912
0.022909
0.022905
0.022901
0.022898
0.022894
0.022890
0.022887
0.022883
0.022879
0.022876
0.022872
0.022868
0.022865
0.022861
0.022857
0.022854
0.022850
0.022846
0.022843
0.022839
0.022835
0.022832
0.022828
0.022825
0.022821
0.022817
0.022814
0.022810
0.022806
0.022803
0.022799
0.022795
0.022792
0.022788
0.022784
0.022781
0.022777
0.022774
0.022770
0.022766
0.022763
0.022759
0.022755
0.022752
0.022748
0.022744
0.022741
0.022737
0.022734
0.022730
0.022726
0.022723
0.022719
0.022716
0.022712
0.022708
0.022705
0.022701
0.022697
0.022694
0.022690
0.022687
0.022683
0.022679
0.022676
0.022672
0.022669
0.022665
0.022661
0.022658
0.022654
0.022651
0.022647
0.022643
0.022640
0.022636
0.022633
0.022629
0.022625
0.022622
0.022618
0.022615
0.022611
0.022607
0.022604
0.022600
0.022597
0.022593
0.022590
0.022586
0.022582
0.022579
0.022575
0.022572
0.022568
0.022565
0.022561
0.022557
0.022554
0.022550
0.022547
0.022543
0.022540
0.022536
0.022532
0.022529
0.022525
0.022522
0.022518
0.022515
0.022511
0.022508
0.022504
0.022500
0.022497
0.022493
0.022490
0.022486
0.022483
0.022479
0.022476
0.022472
0.022468
0.022465
0.022461
0.022458
0.022454
0.022451
0.022447
0.022444
0.022440
0.022437
0.022433
0.022430
0.022426
0.022422
0.022419
0.022415
0.022412
0.022408
0.022405
0.022401
0.022398
0.022394
0.022391
0.022387
0.022384
0.022380
0.022377
0.022373
0.022370
0.022366
0.022363
0.022359
0.022356
0.022352
0.022349
0.022345
0.022342
0.022338
0.022334
0.022331
0.022327
0.022324
0.022320
0.022317
0.022313
0.022310
0.022306
0.022303
0.022299
0.022296
0.022293
0.022289
0.022286
0.022282
0.022279
0.022275
0.022272
0.022268
0.022265
0.022261
0.022258
0.022254
0.022251
0.022247
0.022244
0.022240
0.022237
0.022233
0.022230
0.022226
0.022223
0.022219
0.022216
0.022212
0.022209
0.022205
0.022202
0.022199
0.022195
0.022192
0.022188
0.022185
0.022181
0.022178
0.022174
0.022171
0.022167
0.022164
0.022160
0.022157
0.022154
0.022150
0.022147
0.022143
0.022140
0.022136
0.022133
0.022129
0.022126
0.022123
0.022119
0.022116
0.022112
0.022109
0.022105
0.022102
0.022098
0.022095
0.022092
0.022088
0.022085
0.022081
0.022078
0.022074
0.022071
0.022068
0.022064
0.022061
0.022057
0.022054
0.022050
0.022047
0.022044
0.022040
0.022037
0.022033
0.022030
0.022026
0.022023
0.022020
0.022016
0.022013
0.022009
0.022006
0.022003
0.021999
0.021996
0.021992
0.021989
0.021986
0.021982
0.021979
0.021975
0.021972
0.021968
0.021965
0.021962
0.021958
0.021955
0.021951
0.021948
0.021945
0.021941
0.021938
0.021935
0.021931
0.021928
0.021924
0.021921
0.021918
0.021914
0.021911
0.021907
0.021904
0.021901
0.021897
0.021894
0.021891
0.021887
0.021884
0.021880
0.021877
0.021874
0.021870
0.021867
0.021864
0.021860
0.021857
0.021853
0.021850
0.021847
0.021843
0.021840
0.021837
0.021833
0.021830
0.021827
0.021823
0.021820
0.021816
0.021813
0.021810
0.021806
0.021803
0.021800
0.021796
0.021793
0.021790
0.021786
0.021783
0.021780
0.021776
0.021773
0.021770
0.021766
0.021763
0.021759
0.021756
0.021753
0.021749
0.021746
0.021743
0.021739
0.021736
0.021733
0.021729
0.021726
0.021723
0.021719
0.021716
0.021713
0.021709
0.021706
0.021703
0.021700
0.021696
0.021693
0.021690
0.021686
0.021683
0.021680
0.021676
0.021673
0.021670
0.021666
0.021663
0.021660
0.021656
0.021653
0.021650
0.021646
0.021643
0.021640
0.021637
0.021633
0.021630
0.021627
0.021623
0.021620
0.021617
0.021613
0.021610
0.021607
0.021603
0.021600
0.021597
0.021594
0.021590
0.021587
0.021584
0.021580
0.021577
0.021574
0.021571
0.021567
0.021564
0.021561
0.021557
0.021554
0.021551
0.021548
0.021544
0.021541
0.021538
0.021534
0.021531
0.021528
0.021525
0.021521
0.021518
0.021515
0.021512
0.021508
0.021505
0.021502
0.021498
0.021495
0.021492
0.021489
0.021485
0.021482
0.021479
0.021476
0.021472
0.021469
0.021466
0.021463
0.021459
0.021456
0.021453
0.021450
0.021446
0.021443
0.021440
0.021437
0.021433
0.021430
0.021427
0.021424
0.021420
0.021417
0.021414
0.021411
0.021407
0.021404
0.021401
0.021398
0.021394
0.021391
0.021388
0.021385
0.021381
0.021378
0.021375
0.021372
0.021368
0.021365
0.021362
0.021359
0.021356
0.021352
0.021349
0.021346
0.021343
0.021339
0.021336
0.021333
0.021330
0.021327
0.021323
0.021320
0.021317
0.021314
0.021310
0.021307
0.021304
0.021301
0.021298
0.021294
0.021291
0.021288
0.021285
0.021282
0.021278
0.021275
0.021272
0.021269
0.021266
0.021262
0.021259
0.021256
0.021253
0.021250
0.021246
0.021243
0.021240
0.021237
0.021234
0.021230
0.021227
0.021224
0.021221
0.021218
0.021214
0.021211
0.021208
0.021205
0.021202
0.021198
0.021195
0.021192
0.021189
0.021186
0.021183
0.021179
0.021176
0.021173
0.021170
0.021167
0.021164
0.021160
0.021157
0.021154
0.021151
0.021148
0.021144
0.021141
0.021138
0.021135
0.021132
0.021129
0.021125
0.021122
0.021119
0.021116
0.021113
0.021110
0.021107
0.021103
0.021100
0.021097
0.021094
0.021091
0.021088
0.021084
0.021081
0.021078
0.021075
0.021072
0.021069
0.021066
0.021062
0.021059
0.021056
0.021053
0.021050
0.021047
0.021044
0.021040
0.021037
0.021034
0.021031
0.021028
0.021025
0.021022
0.021018
0.021015
0.021012
0.021009
0.021006
0.021003
0.021000
0.020997
0.020993
0.020990
0.020987
0.020984
0.020981
0.020978
0.020975
0.020972
0.020968
0.020965
0.020962
0.020959
0.020956
0.020953
0.020950
0.020947
0.020943
0.020940
0.020937
0.020934
0.020931
0.020928
0.020925
0.020922
0.020919
0.020915
0.020912
0.020909
0.020906
0.020903
0.020900
0.020897
0.020894
0.020891
0.020888
0.020884
0.020881
0.020878
0.020875
0.020872
0.020869
0.020866
0.020863
0.020860
0.020857
0.020854
0.020850
0.020847
0.020844
0.020841
0.020838
0.020835
0.020832
0.020829
0.020826
0.020823
0.020820
0.020816
0.020813
0.020810
0.020807
0.020804
0.020801
0.020798
0.020795
0.020792
0.020789
0.020786
0.020783
0.020780
0.020777
0.020773
0.020770
0.020767
0.020764
0.020761
0.020758
0.020755
0.020752
0.020749
0.020746
0.020743
0.020740
0.020737
0.020734
0.020731
0.020728
0.020725
0.020721
0.020718
0.020715
0.020712
0.020709
0.020706
0.020703
0.020700
0.020697
0.020694
0.020691
0.020688
0.020685
0.020682
0.020679
0.020676
0.020673
0.020670
0.020667
0.020664
0.020661
0.020658
0.020654
0.020651
0.020648
0.020645
0.020642
0.020639
0.020636
0.020633
0.020630
0.020627
0.020624
0.020621
0.020618
0.020615
0.020612
0.020609
0.020606
0.020603
0.020600
0.020597
0.020594
0.020591
0.020588
0.020585
0.020582
0.020579
0.020576
0.020573
0.020570
0.020567
0.020564
0.020561
0.020558
0.020555
0.020552
0.020549
0.020546
0.020543
0.020540
0.020537
0.020534
0.020531
0.020528
0.020525
0.020522
0.020519
0.020516
0.020513
0.020510
0.020507
0.020504
0.020501
0.020498
0.020495
0.020492
0.020489
0.020486
0.020483
0.020480
0.020477
0.020474
0.020471
0.020468
0.020465
0.020462
0.020459
0.020456
0.020453
0.020450
0.020447
0.020444
0.020441
0.020438
0.020435
0.020432
0.020429
0.020426
0.020423
0.020420
0.020417
0.020414
0.020411
0.020408
0.020405
0.020402
0.020399
0.020397
0.020394
0.020391
0.020388
0.020385
0.020382
0.020379
0.020376
0.020373
0.020370
0.020367
0.020364
0.020361
0.020358
0.020355
0.020352
0.020349
0.020346
0.020343
0.020340
0.020337
0.020334
0.020331
0.020329
0.020326
0.020323
0.020320
0.020317
0.020314
0.020311
0.020308
0.020305
0.020302
0.020299
0.020296
0.020293
0.020290
0.020287
0.020284
0.020281
0.020279
0.020276
0.020273
0.020270
0.020267
0.020264
0.020261
0.020258
0.020255
0.020252
0.020249
0.020246
0.020243
0.020240
0.020238
0.020235
0.020232
0.020229
0.020226
0.020223
0.020220
0.020217
0.020214
0.020211
0.020208
0.020205
0.020203
0.020200
0.020197
0.020194
0.020191
0.020188
0.020185
0.020182
0.020179
0.020176
0.020173
0.020171
0.020168
0.020165
0.020162
0.020159
0.020156
0.020153
0.020150
0.020147
0.020144
0.020142
0.020139
0.020136
0.020133
0.020130
0.020127
0.020124
0.020121
0.020118
0.020115
0.020113
0.020110
0.020107
0.020104
0.020101
0.020098
0.020095
0.020092
0.020090
0.020087
0.020084
0.020081
0.020078
0.020075
0.020072
0.020069
0.020066
0.020064
0.020061
0.020058
0.020055
0.020052
0.020049
0.020046
0.020043
0.020041
0.020038
0.020035
0.020032
0.020029
0.020026
0.020023
0.020021
0.020018
0.020015
0.020012
0.020009
0.020006
0.020003
0.020000
0.019998
0.019995
0.019992
0.019989
0.019986
0.019983
0.019980
0.019978
0.019975
0.019972
0.019969
0.019966
0.019963
0.019961
0.019958
0.019955
0.019952
0.019949
0.019946
0.019943
0.019941
0.019938
0.019935
0.019932
0.019929
0.019926
0.019924
0.019921
0.019918
0.019915
0.019912
0.019909
0.019907
0.019904
0.019901
0.019898
0.019895
0.019892
0.019890
0.019887
0.019884
0.019881
0.019878
0.019875
0.019873
0.019870
0.019867
0.019864
0.019861
0.019858
0.019856
0.019853
0.019850
0.019847
0.019844
0.019842
0.019839
0.019836
0.019833
0.019830
0.019827
0.019825
0.019822
0.019819
0.019816
0.019813
0.019811
0.019808
0.019805
0.019802
0.019799
0.019797
0.019794
0.019791
0.019788
0.019785
0.019783
0.019780
0.019777
0.019774
0.019771
0.019769
0.019766
0.019763
0.019760
0.019757
0.019755
0.019752
0.019749
0.019746
0.019743
0.019741
0.019738
0.019735
0.019732
0.019729
0.019727
0.019724
0.019721
0.019718
0.019715
0.019713
0.019710
0.019707
0.019704
0.019702
0.019699
0.019696
0.019693
0.019690
0.019688
0.019685
0.019682
0.019679
0.019677
0.019674
0.019671
0.019668
0.019665
0.019663
0.019660
0.019657
0.019654
0.019652
0.019649
0.019646
0.019643
0.019641
0.019638
0.019635
0.019632
0.019629
0.019627
0.019624
0.019621
0.019618
0.019616
0.019613
0.019610
0.019607
0.019605
0.019602
0.019599
0.019596
0.019594
0.019591
0.019588
0.019585
0.019583
0.019580
0.019577
0.019574
0.019572
0.019569
0.019566
0.019563
0.019561
0.019558
0.019555
0.019552
0.019550
0.019547
0.019544
0.019541
0.019539
0.019536
0.019533
0.019531
0.019528
0.019525
0.019522
0.019520
0.019517
0.019514
0.019511
0.019509
0.019506
0.019503
0.019500
0.019498
0.019495
0.019492
0.019490
0.019487
0.019484
0.019481
0.019479
0.019476
0.019473
0.019470
0.019468
0.019465
0.019462
0.019460
0.019457
0.019454
0.019451
0.019449
0.019446
0.019443
0.019441
0.019438
0.019435
0.019432
0.019430
0.019427
0.019424
0.019422
0.019419
0.019416
0.019413
0.019411
0.019408
0.019405
0.019403
0.019400
0.019397
0.019395
0.019392
0.019389
0.019386
0.019384
0.019381
0.019378
0.019376
0.019373
0.019370
0.019368
0.019365
0.019362
0.019359
0.019357
0.019354
0.019351
0.019349
0.019346
0.019343
0.019341
0.019338
0.019335
0.019333
0.019330
0.019327
0.019325
0.019322
0.019319
0.019316
0.019314
0.019311
0.019308
0.019306
0.019303
0.019300
0.019298
0.019295
0.019292
0.019290
0.019287
0.019284
0.019282
0.019279
0.019276
0.019274
0.019271
0.019268
0.019266
0.019263
0.019260
0.019258
0.019255
0.019252
0.019250
0.019247
0.019244
0.019242
0.019239
0.019236
0.019234
0.019231
0.019228
0.019226
0.019223
0.019220
0.019218
0.019215
0.019212
0.019210
0.019207
0.019204
0.019202
0.019199
0.019197
0.019194
0.019191
0.019189
0.019186
0.019183
0.019181
0.019178
0.019175
0.019173
0.019170
0.019167
0.019165
0.019162
0.019159
0.019157
0.019154
0.019152
0.019149
0.019146
0.019144
0.019141
0.019138
0.019136
0.019133
0.019130
0.019128
0.019125
0.019123
0.019120
0.019117
0.019115
0.019112
0.019109
0.019107
0.019104
0.019102
0.019099
0.019096
0.019094
0.019091
0.019088
0.019086
0.019083
0.019081
0.019078
0.019075
0.019073
0.019070
0.019067
0.019065
0.019062
0.019060
0.019057
0.019054
0.019052
0.019049
0.019047
0.019044
0.019041
0.019039
0.019036
0.019033
0.019031
0.019028
0.019026
0.019023
0.019020
0.019018
0.019015
0.019013
0.019010
0.019007
0.019005
0.019002
0.019000
0.018997
0.018994
0.018992
0.018989
0.018987
0.018984
0.018981
0.018979
0.018976
0.018974
0.018971
0.018968
0.018966
0.018963
0.018961
0.018958
0.018955
0.018953
0.018950
0.018948
0.018945
0.018943
0.018940
0.018937
0.018935
0.018932
0.018930
0.018927
0.018924
0.018922
0.018919
0.018917
0.018914
0.018912
0.018909
0.018906
0.018904
0.018901
0.018899
0.018896
0.018894
0.018891
0.018888
0.018886
0.018883
0.018881
0.018878
0.018876
0.018873
0.018870
0.018868
0.018865
0.018863
0.018860
0.018858
0.018855
0.018852
0.018850
0.018847
0.018845
0.018842
0.018840
0.018837
0.018834
0.018832
0.018829
0.018827
0.018824
0.018822
0.018819
0.018817
0.018814
0.018811
0.018809
0.018806
0.018804
0.018801
0.018799
0.018796
0.018794
0.018791
0.018789
0.018786
0.018783
0.018781
0.018778
0.018776
0.018773
0.018771
0.018768
0.018766
0.018763
0.018761
0.018758
0.018755
0.018753
0.018750
0.018748
0.018745
0.018743
0.018740
0.018738
0.018735
0.018733
0.018730
0.018728
0.018725
0.018723
0.018720
0.018717
0.018715
0.018712
0.018710
0.018707
0.018705
0.018702
0.018700
0.018697
0.018695
0.018692
0.018690
0.018687
0.018685
0.018682
0.018680
0.018677
0.018675
0.018672
0.018669
0.018667
0.018664
0.018662
0.018659
0.018657
0.018654
0.018652
0.018649
0.018647
0.018644
0.018642
0.018639
0.018637
0.018634
0.018632
0.018629
0.018627
0.018624
0.018622
0.018619
0.018617
0.018614
0.018612
0.018609
