18.187137
13.901148
13.674003
13.453460
13.233058
13.012922
12.795187
12.582651
12.377930
12.182898
11.998399
11.824224
11.659293
11.501915
11.350061
11.201602
11.054521
10.907079
10.757948
10.606288
10.451752
10.294404
10.134580
9.972727
9.809282
9.644612
9.479016
9.312762
9.146126
8.979431
8.813064
8.647483
8.483208
8.320797
8.160821
8.003834
7.850349
7.700826
7.555675
7.415282
7.280048
7.150457
7.027136
6.910882
6.802617
6.703230
6.613342
6.533092
6.462071
6.399425
6.344074
6.294911
6.250939
6.211319
6.175378
6.142577
6.112487
6.084759
6.059106
6.035281
6.013073
5.992299
5.972794
5.954413
5.937029
5.920525
5.904798
5.889755
5.875313
5.861398
5.847943
5.834885
5.822170
5.809749
5.797574
5.785606
5.773805
5.762136
5.750568
5.739071
5.727617
5.716180
5.704737
5.693267
5.681747
5.670161
5.658489
5.646715
5.634824
5.622803
5.610638
5.598317
5.585830
5.573167
5.560320
5.547279
5.534040
5.520597
5.506945
5.493080
5.479001
5.464706
5.450195
5.435469
5.420531
5.405383
5.390029
5.374476
5.358730
5.342798
5.326689
5.310412
5.293978
5.277396
5.260678
5.243835
5.226878
5.209817
5.192662
5.175422
5.158105
5.140719
5.123268
5.105757
5.088191
5.070572
5.052901
5.035180
5.017407
4.999584
4.981708
4.963779
4.945795
4.927755
4.909658
4.891501
4.873285
4.855008
4.836670
4.818272
4.799814
4.781299
4.762730
4.744109
4.725443
4.706736
4.687996
4.669230
4.650448
4.631658
4.612871
4.594098
4.575348
4.556633
4.537964
4.519349
4.500797
4.482319
4.463920
4.445606
4.427384
4.409257
4.391228
4.373299
4.355471
4.337744
4.320118
4.302592
4.285163
4.267830
4.250591
4.233441
4.216380
4.199403
4.182509
4.165693
4.148954
4.132289
4.115696
4.099172
4.082715
4.066324
4.049998
4.033734
4.017533
4.001392
3.985312
3.969292
3.953331
3.937429
3.921585
3.905800
3.890074
3.874405
3.858794
3.843240
3.827743
3.812303
3.796919
3.781591
3.766318
3.751100
3.735936
3.720825
3.705766
3.690759
3.675803
3.660897
3.646040
3.631232
3.616471
3.601757
3.587088
3.572465
3.557887
3.543352
3.528860
3.514411
3.500004
3.485638
3.471313
3.457029
3.442785
3.428581
3.414416
3.400291
3.386204
3.372157
3.358149
3.344179
3.330248
3.316356
3.302503
3.288688
3.274914
3.261178
3.247483
3.233828
3.220214
3.206641
3.193110
3.179622
3.166178
3.152778
3.139422
3.126113
3.112851
3.099636
3.086470
3.073353
3.060286
3.047271
3.034307
3.021396
3.008538
2.995734
2.982983
2.970288
2.957647
2.945061
2.932531
2.920056
2.907637
2.895273
2.882964
2.870711
2.858514
2.846371
2.834283
2.822251
2.810273
2.798350
2.786482
2.774668
2.762909
2.751204
2.739554
2.727959
2.716418
2.704933
2.693503
2.682128
2.670809
2.659546
2.648339
2.637188
2.626095
2.615058
2.604079
2.593158
2.582295
2.571491
2.560747
2.550062
2.539436
2.528872
2.518368
2.507926
2.497546
2.487228
2.476973
2.466781
2.456653
2.446590
2.436591
2.426657
2.416789
2.406987
2.397252
2.387583
2.377982
2.368449
2.358984
2.349587
2.340260
2.331001
2.321813
2.312694
2.303645
2.294667
2.285759
2.276922
2.268157
2.259462
2.250839
2.242288
2.233808
2.225399
2.217063
2.208798
2.200605
2.192483
2.184433
2.176455
2.168549
2.160714
2.152950
2.145258
2.137636
2.130086
2.122606
2.115197
2.107858
2.100590
2.093391
2.086262
2.079202
2.072212
2.065290
2.058437
2.051652
2.044935
2.038287
2.031705
2.025191
2.018743
2.012362
2.006048
1.999799
1.993615
1.987497
1.981444
1.975455
1.969531
1.963670
1.957873
1.952139
1.946468
1.940859
1.935312
1.929826
1.924402
1.919038
1.913735
1.908491
1.903307
1.898182
1.893116
1.888107
1.883156
1.878262
1.873424
1.868642
1.863916
1.859244
1.854627
1.850063
1.845552
1.841094
1.836687
1.832332
1.828027
1.823772
1.819566
1.815409
1.811299
1.807236
1.803220
1.799249
1.795324
1.791442
1.787604
1.783808
1.780054
1.776342
1.772670
1.769037
1.765443
1.761887
1.758368
1.754886
1.751440
1.748028
1.744651
1.741307
1.737995
1.734716
1.731467
1.728249
1.725060
1.721899
1.718767
1.715662
1.712584
1.709531
1.706503
1.703499
1.700520
1.697562
1.694627
1.691714
1.688821
1.685948
1.683095
1.680260
1.677444
1.674645
1.671862
1.669096
1.666346
1.663610
1.660889
1.658182
1.655488
1.652806
1.650137
1.647479
1.644833
1.642197
1.639572
1.636956
1.634349
1.631751
1.629161
1.626580
1.624005
1.621438
1.618878
1.616324
1.613776
1.611233
1.608696
1.606164
1.603636
1.601113
1.598595
1.596079
1.593568
1.591060
1.588555
1.586053
1.583554
1.581057
1.578562
1.576070
1.573580
1.571091
1.568604
1.566119
1.563635
1.561152
1.558671
1.556190
1.553711
1.551232
1.548754
1.546278
1.543801
1.541326
1.538851
1.536376
1.533902
1.531429
1.528956
1.526483
1.524011
1.521539
1.519068
1.516597
1.514126
1.511656
1.509186
1.506717
1.504248
1.501779
1.499311
1.496844
1.494377
1.491910
1.489444
1.486979
1.484514
1.482050
1.479587
1.477124
1.474662
1.472201
1.469741
1.467281
1.464823
1.462365
1.459908
1.457452
1.454997
1.452543
1.450090
1.447638
1.445188
1.442738
1.440289
1.437842
1.435396
1.432950
1.430506
1.428064
1.425622
1.423181
1.420742
1.418304
1.415867
1.413431
1.410997
1.408563
1.406131
1.403699
1.401269
1.398840
1.396411
1.393984
1.391557
1.389131
1.386706
1.384282
1.381858
1.379435
1.377012
1.374589
1.372167
1.369744
1.367322
1.364900
1.362477
1.360054
1.357630
1.355205
1.352779
1.350352
1.347924
1.345494
1.343062
1.340627
1.338191
1.335751
1.333309
1.330863
1.328413
1.325959
1.323500
1.321036
1.318567
1.316091
1.313609
1.311120
1.308623
1.306118
1.303604
1.301080
1.298545
1.296000
1.293443
1.290872
1.288288
1.285690
1.283075
1.280444
1.277796
1.275128
1.272441
1.269732
1.267000
1.264245
1.261464
1.258657
1.255821
1.252956
1.250059
1.247128
1.244163
1.241161
1.238121
1.235040
1.231916
1.228747
1.225532
1.222267
1.218951
1.215581
1.212155
1.208669
1.205122
1.201511
1.197832
1.194083
1.190261
1.186362
1.182383
1.178321
1.174171
1.169931
1.165594
1.161159
1.156619
1.151970
1.147207
1.142325
1.137317
1.132177
1.126900
1.121479
1.115905
1.110173
1.104275
1.098203
1.091950
1.085511
1.078878
1.072047
1.065017
1.057788
1.050363
1.042752
1.034967
1.027030
1.018968
1.010813
1.002609
0.994401
0.986239
0.978176
0.970263
0.962545
0.955064
0.947852
0.940931
0.934315
0.928008
0.922007
0.916303
0.910883
0.905729
0.900823
0.896147
0.891680
0.887404
0.883303
0.879360
0.875561
0.871893
0.868345
0.864905
0.861564
0.858315
0.855150
0.852063
0.849048
0.846100
0.843215
0.840388
0.837616
0.834896
0.832225
0.829600
0.827018
0.824479
0.821978
0.819516
0.817089
0.814697
0.812338
0.810010
0.807713
0.805445
0.803205
0.800991
0.798804
0.796642
0.794504
0.792389
0.790297
0.788227
0.786178
0.784150
0.782141
0.780152
0.778181
0.776229
0.774294
0.772377
0.770476
0.768592
0.766723
0.764869
0.763031
0.761207
0.759398
0.757602
0.755820
0.754051
0.752295
0.750552
0.748821
0.747102
0.745395
0.743700
0.742015
0.740342
0.738680
0.737028
0.735387
0.733755
0.732134
0.730522
0.728920
0.727328
0.725745
0.724170
0.722605
0.721048
0.719500
0.717961
0.716429
0.714906
0.713391
0.711884
0.710384
0.708892
0.707408
0.705931
0.704461
0.702998
0.701543
0.700094
0.698652
0.697217
0.695789
0.694367
0.692952
0.691543
0.690140
0.688744
0.687354
0.685969
0.684591
0.683219
0.681852
0.680491
0.679136
0.677787
0.676443
0.675104
0.673771
0.672444
0.671121
0.669804
0.668492
0.667185
0.665884
0.664587
0.663295
0.662008
0.660726
0.659449
0.658176
0.656908
0.655645
0.654387
0.653133
0.651883
0.650639
0.649398
0.648162
0.646930
0.645703
0.644480
0.643261
0.642047
0.640836
0.639630
0.638428
0.637230
0.636036
0.634846
0.633660
0.632477
0.631299
0.630125
0.628955
0.627788
0.626625
0.625466
0.624311
0.623159
0.622011
0.620867
0.619727
0.618590
0.617456
0.616327
0.615200
0.614078
0.612959
0.611843
0.610731
0.609622
0.608517
0.607415
0.606316
0.605221
0.604129
0.603041
0.601956
0.600874
0.599795
0.598720
0.597648
0.596579
0.595513
0.594451
0.593392
0.592336
0.591283
0.590233
0.589187
0.588143
0.587103
0.586066
0.585032
0.584001
0.582973
0.581948
0.580926
0.579907
0.578891
0.577879
0.576869
0.575862
0.574858
0.573857
0.572860
0.571865
0.570873
0.569884
0.568898
0.567915
0.566935
0.565958
0.564983
0.564012
0.563043
0.562078
0.561115
0.560156
0.559199
0.558245
0.557294
0.556345
0.555400
0.554457
0.553518
0.552581
0.551647
0.550716
0.549788
0.548862
0.547940
0.547020
0.546103
0.545189
0.544278
0.543369
0.542464
0.541561
0.540661
0.539764
0.538870
0.537978
0.537090
0.536204
0.535321
0.534440
0.533563
0.532688
0.531816
0.530947
0.530081
0.529218
0.528357
0.527499
0.526644
0.525792
0.524942
0.524096
0.523252
0.522410
0.521572
0.520737
0.519904
0.519074
0.518247
0.517422
0.516601
0.515782
0.514966
0.514152
0.513342
0.512534
0.511729
0.510927
0.510127
0.509330
0.508537
0.507745
0.506957
0.506171
0.505388
0.504608
0.503831
0.503056
0.502284
0.501515
0.500749
0.499985
0.499224
0.498466
0.497711
0.496958
0.496208
0.495461
0.494716
0.493975
0.493235
0.492499
0.491766
0.491035
0.490306
0.489581
0.488858
0.488138
0.487421
0.486706
0.485994
0.485285
0.484578
0.483874
0.483173
0.482475
0.481779
0.481086
0.480395
0.479707
0.479022
0.478339
0.477659
0.476982
0.476308
0.475636
0.474966
0.474300
0.473636
0.472974
0.472315
0.471659
0.471005
0.470354
0.469706
0.469060
0.468417
0.467776
0.467138
0.466503
0.465870
0.465240
0.464612
0.463987
0.463364
0.462744
0.462127
0.461512
0.460899
0.460290
0.459682
0.459077
0.458475
0.457875
0.457278
0.456683
0.456091
0.455501
0.454914
0.454330
0.453747
0.453167
0.452590
0.452015
0.451443
0.450873
0.450306
0.449741
0.449178
0.448618
0.448061
0.447505
0.446953
0.446402
0.445854
0.445309
0.444766
0.444225
0.443687
0.443151
0.442618
0.442086
0.441558
0.441031
0.440507
0.439986
0.439467
0.438950
0.438435
0.437923
0.437413
0.436906
0.436400
0.435898
0.435397
0.434899
0.434403
0.433909
0.433418
0.432929
0.432442
0.431958
0.431476
0.430996
0.430518
0.430043
0.429569
0.429099
0.428630
0.428163
0.427699
0.427237
0.426777
0.426320
0.425864
0.425411
0.424960
0.424511
0.424065
0.423620
0.423178
0.422738
0.422299
0.421864
0.421430
0.420998
0.420568
0.420141
0.419716
0.419292
0.418871
0.418452
0.418035
0.417620
0.417207
0.416796
0.416387
0.415980
0.415575
0.415172
0.414771
0.414372
0.413975
0.413580
0.413187
0.412796
0.412407
0.412020
0.411635
0.411252
0.410870
0.410491
0.410113
0.409737
0.409363
0.408991
0.408621
0.408253
0.407886
0.407522
0.407159
0.406798
0.406438
0.406081
0.405725
0.405371
0.405019
0.404669
0.404320
0.403973
0.403628
0.403284
0.402942
0.402602
0.402264
0.401927
0.401592
0.401258
0.400927
0.400596
0.400268
0.399941
0.399615
0.399292
0.398969
0.398649
0.398330
0.398012
0.397696
0.397382
0.397069
0.396757
0.396448
0.396139
0.395832
0.395527
0.395223
0.394920
0.394619
0.394320
0.394021
0.393725
0.393429
0.393135
0.392843
0.392552
0.392262
0.391974
0.391687
0.391401
0.391116
0.390833
0.390552
0.390271
0.389992
0.389715
0.389438
0.389163
0.388889
0.388616
0.388345
0.388075
0.387806
0.387538
0.387272
0.387007
0.386742
0.386480
0.386218
0.385958
0.385698
0.385440
0.385183
0.384927
0.384673
0.384419
0.384167
0.383916
0.383666
0.383417
0.383169
0.382922
0.382676
0.382432
0.382188
0.381945
0.381704
0.381464
0.381224
0.380986
0.380749
0.380513
0.380277
0.380043
0.379810
0.379578
0.379347
0.379116
0.378887
0.378659
0.378432
0.378205
0.377980
0.377755
0.377532
0.377309
0.377088
0.376867
0.376647
0.376429
0.376211
0.375994
0.375778
0.375562
0.375348
0.375135
0.374922
0.374710
0.374499
0.374289
0.374080
0.373872
0.373665
0.373458
0.373252
0.373047
0.372843
0.372640
0.372438
0.372236
0.372035
0.371835
0.371636
0.371437
0.371240
0.371043
0.370847
0.370651
0.370457
0.370263
0.370070
0.369878
0.369686
0.369495
0.369305
0.369116
0.368927
0.368740
0.368552
0.368366
0.368180
0.367995
0.367811
0.367628
0.367445
0.367262
0.367081
0.366900
0.366720
0.366541
0.366362
0.366184
0.366006
0.365830
0.365654
0.365478
0.365303
0.365129
0.364956
0.364783
0.364611
0.364439
0.364268
0.364098
0.363928
0.363759
0.363591
0.363423
0.363256
0.363089
0.362923
0.362758
0.362593
0.362429
0.362265
0.362102
0.361940
0.361778
0.361616
0.361456
0.361296
0.361136
0.360977
0.360819
0.360661
0.360503
0.360347
0.360190
0.360035
0.359879
0.359725
0.359571
0.359417
0.359264
0.359112
0.358960
0.358808
0.358658
0.358507
0.358357
0.358208
0.358059
0.357911
0.357763
0.357616
0.357469
0.357323
0.357177
0.357031
0.356887
0.356742
0.356598
0.356455
0.356312
0.356169
0.356027
0.355886
0.355745
0.355604
0.355464
0.355325
0.355185
0.355047
0.354908
0.354770
0.354633
0.354496
0.354360
0.354223
0.354088
0.353953
0.353818
0.353684
0.353550
0.353416
0.353283
0.353150
0.353018
0.352886
0.352755
0.352624
0.352493
0.352363
0.352234
0.352104
0.351975
0.351847
0.351719
0.351591
0.351463
0.351336
0.351210
0.351084
0.350958
0.350832
0.350707
0.350583
0.350458
0.350335
0.350211
0.350088
0.349965
0.349843
0.349721
0.349599
0.349477
0.349356
0.349236
0.349116
0.348996
0.348876
0.348757
0.348638
0.348519
0.348401
0.348283
0.348166
0.348049
0.347932
0.347816
0.347699
0.347584
0.347468
0.347353
0.347238
0.347124
0.347009
0.346896
0.346782
0.346669
0.346556
0.346443
0.346331
0.346219
0.346108
0.345996
0.345885
0.345775
0.345664
0.345554
0.345444
0.345335
0.345226
0.345117
0.345008
0.344900
0.344792
0.344684
0.344577
0.344470
0.344363
0.344257
0.344151
0.344045
0.343939
0.343834
0.343729
0.343624
0.343519
0.343415
0.343311
0.343208
0.343104
0.343001
0.342898
0.342796
0.342694
0.342592
0.342490
0.342388
0.342287
0.342186
0.342086
0.341985
0.341885
0.341786
0.341686
0.341587
0.341488
0.341389
0.341291
0.341193
0.341095
0.340997
0.340900
0.340803
0.340706
0.340609
0.340513
0.340417
0.340321
0.340226
0.340130
0.340035
0.339941
0.339846
0.339752
0.339658
0.339565
0.339471
0.339378
0.339285
0.339193
0.339101
0.339009
0.338917
0.338825
0.338734
0.338643
0.338553
0.338462
0.338372
0.338282
0.338193
0.338103
0.338014
0.337926
0.337837
0.337749
0.337661
0.337574
0.337487
0.337400
0.337313
0.337226
0.337140
0.337055
0.336969
0.336884
0.336799
0.336714
0.336630
0.336546
0.336462
0.336379
0.336296
0.336213
0.336131
0.336049
0.335967
0.335886
0.335805
0.335724
0.335644
0.335564
0.335484
0.335405
0.335326
0.335248
0.335170
0.335092
0.335015
0.334938
0.334861
0.334785
0.334709
0.334634
0.334559
0.334484
0.334410
0.334337
0.334264
0.334191
0.334119
0.334047
0.333976
0.333905
0.333835
0.333766
0.333697
0.333628
0.333560
0.333493
0.333426
0.333360
0.333294
0.333229
0.333165
0.333101
0.333038
0.332975
0.332914
0.332853
0.332793
0.332733
0.332675
0.332617
0.332560
0.332504
0.332448
0.332394
0.332341
0.332288
0.332237
0.332186
0.332137
0.332088
0.332041
0.331995
0.331950
0.331906
0.331864
0.331823
0.331783
0.331745
0.331708
0.331673
0.331639
0.331607
0.331576
0.331548
0.331521
0.331496
0.331473
0.331452
0.331433
0.331416
0.331402
0.331390
0.331381
0.331374
0.331370
0.331369
0.331370
0.331375
0.331384
0.331395
0.331411
0.331430
0.331453
0.331480
0.331511
0.331547
0.331589
0.331635
0.331686
0.331743
0.331807
0.331876
0.331953
0.332036
0.332127
0.332227
0.332334
0.332451
0.332578
0.332715
0.332863
0.333023
0.333196
0.333382
0.333584
0.333801
0.334035
0.334288
0.334561
0.334856
0.335174
0.335519
0.335893
0.336298
0.336738
0.337216
0.337738
0.338307
0.338930
0.339613
0.340364
0.341192
0.342106
0.343115
0.344221
0.345407
0.346592
0.347440
0.346486
0.336857
0.601601
0.577982
0.618263
0.894680
0.952757
0.888840
0.649531
0.731914
0.870644
0.662052
0.716866
0.880541
0.742794
0.718107
0.835703
0.654248
0.632831
0.776503
0.690552
0.572409
0.694717
0.705411
0.608494
0.595872
0.672224
0.651724
0.619927
0.620889
0.634021
0.634934
0.633667
0.634641
0.637062
0.640853
0.646040
0.652415
0.659363
0.665941
0.671198
0.674656
0.676711
0.678806
0.683486
0.695639
0.732292
0.898624
1.095480
1.575176
1.249127
0.989377
1.175802
0.956592
1.744625
1.425185
0.885087
0.980750
1.302819
1.136693
1.191297
0.920479
1.101305
0.856584
0.791428
0.821159
0.615758
0.805654
0.798226
0.915851
0.946227
1.650373
1.597787
1.294462
0.720703
0.892772
0.793404
0.670510
0.480130
0.624296
0.443710
0.640391
0.646844
0.520523
1.148870
2.040091
1.224426
0.492959
0.336670
0.362976
0.305054
0.301720
0.283579
0.270799
0.263441
0.259380
0.257240
0.256193
0.255748
0.255613
0.255614
0.255648
0.255651
0.255582
0.255419
0.255148
0.254762
0.254261
0.253648
0.252931
0.252116
0.251216
0.250241
0.249202
0.248113
0.246984
0.245828
0.244655
0.243476
0.242301
0.241139
0.239997
0.238883
0.237802
0.236762
0.235766
0.234819
0.233924
0.233085
0.232305
0.231587
0.230933
0.230347
0.229833
0.229397
0.229046
0.228790
0.228642
0.228622
0.228759
0.229098
0.229708
0.230704
0.232295
0.234895
0.239454
0.248640
0.272107
0.348543
0.478371
0.487451
0.456164
0.447677
0.414476
0.386744
0.358551
0.332774
0.311696
0.297659
0.290558
0.286312
0.281655
0.276572
0.271734
0.267303
0.263148
0.259161
0.255299
0.251534
0.247831
0.244159
0.240492
0.236810
0.233096
0.229338
0.225527
0.221657
0.217725
0.213734
0.209686
0.205591
0.201465
0.197330
0.193218
0.189175
0.185257
0.181534
0.178086
0.175020
0.172467
0.170727
0.170436
0.174188
0.221938
0.564853
0.539620
0.556880
0.552609
0.511279
0.500493
0.802230
0.731240
0.898213
0.412105
0.596932
0.440783
0.471759
0.316337
0.607928
0.423554
0.400685
0.681749
0.362757
0.365044
0.436956
0.741269
0.319367
0.550589
0.440761
0.559157
0.391216
0.483939
0.449983
0.429907
0.549683
0.335232
0.646510
0.392265
0.514274
0.380467
0.558951
0.315342
0.524842
0.357649
0.519155
0.368048
0.588556
0.374079
0.597770
0.365833
0.604020
0.350053
0.584865
0.325420
0.537991
0.293526
0.468708
0.257562
0.386349
0.232714
0.307386
0.231659
0.246938
0.222582
0.213218
0.201755
0.191941
0.183150
0.175551
0.168861
0.162912
0.157494
0.152482
0.147774
0.143309
0.139045
0.134961
0.131046
0.127298
0.123720
0.120317
0.117096
0.114062
0.111216
0.108557
0.106081
0.103781
0.101646
0.099666
0.097828
0.096121
0.094531
0.093048
0.091661
0.090359
0.089136
0.087982
0.086891
0.085856
0.084873
0.083937
0.083043
0.082188
0.081369
0.080582
0.079826
0.079097
0.078394
0.077716
0.077060
0.076425
0.075810
0.075213
0.074634
0.074071
0.073524
0.072992
0.072474
0.071969
0.071477
0.070997
0.070528
0.070071
0.069624
0.069187
0.068760
0.068342
0.067934
0.067534
0.067142
0.066758
0.066382
0.066014
0.065653
0.065298
0.064951
0.064610
0.064275
0.063946
0.063623
0.063306
0.062995
0.062689
0.062388
0.062092
0.061801
0.061515
0.061233
0.060956
0.060684
0.060415
0.060151
0.059891
0.059635
0.059383
0.059134
0.058889
0.058648
0.058410
0.058175
0.057944
0.057716
0.057491
0.057269
0.057050
0.056834
0.056621
0.056411
0.056203
0.055998
0.055796
0.055596
0.055399
0.055204
0.055011
0.054821
0.054633
0.054447
0.054264
0.054082
0.053903
0.053726
0.053551
0.053377
0.053206
0.053036
0.052869
0.052703
0.052539
0.052376
0.052215
0.052056
0.051899
0.051743
0.051589
0.051437
0.051285
0.051136
0.050988
0.050841
0.050696
0.050552
0.050409
0.050268
0.050128
0.049990
0.049852
0.049716
0.049581
0.049448
0.049315
0.049184
0.049054
0.048925
0.048797
0.048670
0.048545
0.048420
0.048296
0.048174
0.048052
0.047932
0.047812
0.047694
0.047576
0.047459
0.047343
0.047228
0.047114
0.047001
0.046889
0.046778
0.046667
0.046557
0.046449
0.046340
0.046233
0.046127
0.046021
0.045916
0.045812
0.045708
0.045606
0.045504
0.045402
0.045302
0.045202
0.045103
0.045004
0.044906
0.044809
0.044712
0.044616
0.044521
0.044427
0.044333
0.044239
0.044146
0.044054
0.043963
0.043871
0.043781
0.043691
0.043602
0.043513
0.043425
0.043337
0.043250
0.043163
0.043077
0.042992
0.042907
0.042822
0.042738
0.042654
0.042571
0.042489
0.042407
0.042325
0.042244
0.042163
0.042083
0.042003
0.041924
0.041845
0.041767
0.041689
0.041611
0.041534
0.041457
0.041381
0.041305
0.041229
0.041154
0.041080
0.041005
0.040931
0.040858
0.040785
0.040712
0.040640
0.040568
0.040496
0.040425
0.040354
0.040283
0.040213
0.040143
0.040074
0.040005
0.039936
0.039867
0.039799
0.039731
0.039664
0.039597
0.039530
0.039464
0.039397
0.039332
0.039266
0.039201
0.039136
0.039071
0.039007
0.038943
0.038879
0.038816
0.038753
0.038690
0.038627
0.038565
0.038503
0.038442
0.038380
0.038319
0.038258
0.038198
0.038137
0.038077
0.038017
0.037958
0.037899
0.037840
0.037781
0.037722
0.037664
0.037606
0.037548
0.037491
0.037434
0.037377
0.037320
0.037263
0.037207
0.037151
0.037095
0.037039
0.036984
0.036929
0.036874
0.036819
0.036765
0.036711
0.036657
0.036603
0.036549
0.036496
0.036443
0.036390
0.036337
0.036285
0.036232
0.036180
0.036128
0.036077
0.036025
0.035974
0.035923
0.035872
0.035821
0.035770
0.035720
0.035670
0.035620
0.035570
0.035521
0.035471
0.035422
0.035373
0.035324
0.035276
0.035227
0.035179
0.035131
0.035083
0.035035
0.034988
0.034940
0.034893
0.034846
0.034799
0.034752
0.034706
0.034660
0.034613
0.034567
0.034521
0.034476
0.034430
0.034385
0.034339
0.034294
0.034249
0.034205
0.034160
0.034116
0.034071
0.034027
0.033983
0.033939
0.033896
0.033852
0.033809
0.033766
0.033722
0.033680
0.033637
0.033594
0.033552
0.033509
0.033467
0.033425
0.033383
0.033341
0.033299
0.033258
0.033216
0.033175
0.033134
0.033093
0.033052
0.033012
0.032971
0.032930
0.032890
0.032850
0.032810
0.032770
0.032730
0.032690
0.032651
0.032611
0.032572
0.032533
0.032494
0.032455
0.032416
0.032377
0.032339
0.032300
0.032262
0.032224
0.032186
0.032148
0.032110
0.032072
0.032035
0.031997
0.031960
0.031922
0.031885
0.031848
0.031811
0.031774
0.031738
0.031701
0.031665
0.031628
0.031592
0.031556
0.031520
0.031484
0.031448
0.031412
0.031376
0.031341
0.031305
0.031270
0.031235
0.031200
0.031165
0.031130
0.031095
0.031060
0.031026
0.030991
0.030957
0.030922
0.030888
0.030854
0.030820
0.030786
0.030752
0.030719
0.030685
0.030651
0.030618
0.030585
0.030551
0.030518
0.030485
0.030452
0.030419
0.030386
0.030354
0.030321
0.030289
0.030256
0.030224
0.030192
0.030159
0.030127
0.030095
0.030063
0.030032
0.030000
0.029968
0.029937
0.029905
0.029874
0.029843
0.029811
0.029780
0.029749
0.029718
0.029687
0.029656
0.029626
0.029595
0.029565
0.029534
0.029504
0.029473
0.029443
0.029413
0.029383
0.029353
0.029323
0.029293
0.029263
0.029234
0.029204
0.029174
0.029145
0.029116
0.029086
0.029057
0.029028
0.028999
0.028970
0.028941
0.028912
0.028883
0.028854
0.028826
0.028797
0.028769
0.028740
0.028712
0.028684
0.028655
0.028627
0.028599
0.028571
0.028543
0.028515
0.028488
0.028460
0.028432
0.028405
0.028377
0.028350
0.028322
0.028295
0.028268
0.028240
0.028213
0.028186
0.028159
0.028132
0.028105
0.028079
0.028052
0.028025
0.027999
0.027972
0.027946
0.027919
0.027893
0.027867
0.027840
0.027814
0.027788
0.027762
0.027736
0.027710
0.027684
0.027658
0.027633
0.027607
0.027581
0.027556
0.027530
0.027505
0.027480
0.027454
0.027429
0.027404
0.027379
0.027353
0.027328
0.027303
0.027279
0.027254
0.027229
0.027204
0.027179
0.027155
0.027130
0.027106
0.027081
0.027057
0.027033
0.027008
0.026984
0.026960
0.026936
0.026912
0.026888
0.026864
0.026840
0.026816
0.026792
0.026768
0.026744
0.026721
0.026697
0.026674
0.026650
0.026627
0.026603
0.026580
0.026557
0.026533
0.026510
0.026487
0.026464
0.026441
0.026418
0.026395
0.026372
0.026349
0.026327
0.026304
0.026281
0.026258
0.026236
0.026213
0.026191
0.026168
0.026146
0.026124
0.026101
0.026079
0.026057
0.026035
0.026012
0.025990
0.025968
0.025946
0.025924
0.025903
0.025881
0.025859
0.025837
0.025815
0.025794
0.025772
0.025751
0.025729
0.025708
0.025686
0.025665
0.025643
0.025622
0.025601
0.025580
0.025558
0.025537
0.025516
0.025495
0.025474
0.025453
0.025432
0.025411
0.025390
0.025370
0.025349
0.025328
0.025308
0.025287
0.025266
0.025246
0.025225
0.025205
0.025184
0.025164
0.025144
0.025123
0.025103
0.025083
0.025063
0.025043
0.025022
0.025002
0.024982
0.024962
0.024942
0.024923
0.024903
0.024883
0.024863
0.024843
0.024824
0.024804
0.024784
0.024765
0.024745
0.024726
0.024706
0.024687
0.024667
0.024648
0.024629
0.024609
0.024590
0.024571
0.024552
0.024532
0.024513
0.024494
0.024475
0.024456
0.024437
0.024418
0.024399
0.024381
0.024362
0.024343
0.024324
0.024306
0.024287
0.024268
0.024250
0.024231
0.024212
0.024194
0.024175
0.024157
0.024139
0.024120
0.024102
0.024084
0.024065
0.024047
0.024029
0.024011
0.023993
0.023974
0.023956
0.023938
0.023920
0.023902
0.023884
0.023867
0.023849
0.023831
0.023813
0.023795
0.023777
0.023760
0.023742
0.023724
0.023707
0.023689
0.023672
0.023654
0.023637
0.023619
0.023602
0.023584
0.023567
0.023550
0.023532
0.023515
0.023498
0.023481
0.023463
0.023446
0.023429
0.023412
0.023395
0.023378
0.023361
0.023344
0.023327
0.023310
0.023293
0.023276
0.023260
0.023243
0.023226
0.023209
0.023193
0.023176
0.023159
0.023143
0.023126
0.023109
0.023093
0.023076
0.023060
0.023043
0.023027
0.023011
0.022994
0.022978
0.022962
0.022945
0.022929
0.022913
0.022897
0.022880
0.022864
0.022848
0.022832
0.022816
0.022800
0.022784
0.022768
0.022752
0.022736
0.022720
0.022704
0.022688
0.022673
0.022657
0.022641
0.022625
0.022610
0.022594
0.022578
0.022563
0.022547
0.022531
0.022516
0.022500
0.022485
0.022469
0.022454
0.022438
0.022423
0.022408
0.022392
0.022377
0.022362
0.022346
0.022331
0.022316
0.022301
0.022285
0.022270
0.022255
0.022240
0.022225
0.022210
0.022195
0.022180
0.022165
0.022150
0.022135
0.022120
0.022105
0.022090
0.022075
0.022060
0.022046
0.022031
0.022016
0.022001
0.021987
0.021972
0.021957
0.021943
0.021928
0.021913
0.021899
0.021884
0.021870
0.021855
0.021841
0.021826
0.021812
0.021797
0.021783
0.021769
0.021754
0.021740
0.021726
0.021711
0.021697
0.021683
0.021669
0.021654
0.021640
0.021626
0.021612
0.021598
0.021584
0.021570
0.021556
0.021542
0.021528
0.021514
0.021500
0.021486
0.021472
0.021458
0.021444
0.021430
0.021416
0.021403
0.021389
0.021375
0.021361
0.021348
0.021334
0.021320
0.021307
0.021293
0.021279
0.021266
0.021252
0.021239
0.021225
0.021211
0.021198
0.021184
0.021171
0.021158
0.021144
0.021131
0.021117
0.021104
0.021091
0.021077
0.021064
0.021051
0.021037
0.021024
0.021011
0.020998
0.020985
0.020971
0.020958
0.020945
0.020932
0.020919
0.020906
0.020893
0.020880
0.020867
0.020854
0.020841
0.020828
0.020815
0.020802
0.020789
0.020776
0.020763
0.020750
0.020738
0.020725
0.020712
0.020699
0.020686
0.020674
0.020661
0.020648
0.020636
0.020623
0.020610
0.020598
0.020585
0.020572
0.020560
0.020547
0.020535
0.020522
0.020510
0.020497
0.020485
0.020472
0.020460
0.020447
0.020435
0.020423
0.020410
0.020398
0.020386
0.020373
0.020361
0.020349
0.020336
0.020324
0.020312
0.020300
0.020287
0.020275
0.020263
0.020251
0.020239
0.020227
0.020215
0.020202
0.020190
0.020178
0.020166
0.020154
0.020142
0.020130
0.020118
0.020106
0.020094
0.020083
0.020071
0.020059
0.020047
0.020035
0.020023
0.020011
0.020000
0.019988
0.019976
0.019964
0.019952
0.019941
0.019929
0.019917
0.019906
0.019894
0.019882
0.019871
0.019859
0.019847
0.019836
0.019824
0.019813
0.019801
0.019790
0.019778
0.019767
0.019755
0.019744
0.019732
0.019721
0.019709
0.019698
0.019687
0.019675
0.019664
0.019653
0.019641
0.019630
0.019619
0.019607
0.019596
0.019585
0.019573
0.019562
0.019551
0.019540
0.019529
0.019517
0.019506
0.019495
0.019484
0.019473
0.019462
0.019451
0.019440
0.019429
0.019418
0.019407
0.019396
0.019385
0.019374
0.019363
0.019352
0.019341
0.019330
0.019319
0.019308
0.019297
0.019286
0.019275
0.019264
0.019254
0.019243
0.019232
0.019221
0.019210
0.019200
0.019189
0.019178
0.019167
0.019157
0.019146
0.019135
0.019125
0.019114
0.019103
0.019093
0.019082
0.019071
0.019061
0.019050
0.019040
0.019029
0.019019
0.019008
0.018998
0.018987
0.018977
0.018966
0.018956
0.018945
0.018935
0.018924
0.018914
0.018904
0.018893
0.018883
0.018872
0.018862
0.018852
0.018841
0.018831
0.018821
0.018811
0.018800
0.018790
0.018780
0.018769
0.018759
0.018749
0.018739
0.018729
0.018719
0.018708
0.018698
0.018688
0.018678
0.018668
0.018658
0.018648
0.018638
0.018627
0.018617
0.018607
0.018597
0.018587
0.018577
0.018567
0.018557
0.018547
0.018537
0.018527
0.018518
0.018508
0.018498
0.018488
0.018478
0.018468
0.018458
0.018448
0.018439
0.018429
0.018419
0.018409
0.018399
0.018389
0.018380
0.018370
0.018360
0.018350
0.018341
0.018331
0.018321
0.018312
0.018302
0.018292
0.018283
0.018273
0.018263
0.018254
0.018244
0.018235
0.018225
0.018215
0.018206
0.018196
0.018187
0.018177
0.018168
0.018158
0.018149
0.018139
0.018130
0.018120
0.018111
0.018101
0.018092
0.018082
0.018073
0.018064
0.018054
0.018045
0.018035
0.018026
0.018017
0.018007
0.017998
0.017989
0.017979
0.017970
0.017961
0.017952
0.017942
0.017933
0.017924
0.017915
0.017905
0.017896
0.017887
0.017878
0.017868
0.017859
0.017850
0.017841
0.017832
0.017823
0.017814
0.017804
0.017795
0.017786
0.017777
0.017768
0.017759
0.017750
0.017741
0.017732
0.017723
0.017714
0.017705
0.017696
0.017687
0.017678
0.017669
0.017660
0.017651
0.017642
0.017633
0.017624
0.017615
0.017607
0.017598
0.017589
0.017580
0.017571
0.017562
0.017553
0.017545
0.017536
0.017527
0.017518
0.017509
0.017501
0.017492
0.017483
0.017474
0.017466
0.017457
0.017448
0.017439
0.017431
0.017422
0.017413
0.017405
0.017396
0.017387
0.017379
0.017370
0.017361
0.017353
0.017344
0.017336
0.017327
0.017318
0.017310
0.017301
0.017293
0.017284
0.017276
0.017267
0.017259
0.017250
0.017242
0.017233
0.017225
0.017216
0.017208
0.017199
0.017191
0.017182
0.017174
0.017165
0.017157
0.017149
0.017140
0.017132
0.017123
0.017115
0.017107
0.017098
0.017090
0.017082
0.017073
0.017065
0.017057
0.017048
0.017040
0.017032
0.017024
0.017015
0.017007
0.016999
0.016991
0.016982
0.016974
0.016966
0.016958
0.016950
0.016941
0.016933
0.016925
0.016917
0.016909
0.016901
0.016892
0.016884
0.016876
0.016868
0.016860
0.016852
0.016844
0.016836
0.016828
0.016820
0.016811
0.016803
0.016795
0.016787
0.016779
0.016771
0.016763
0.016755
0.016747
0.016739
0.016731
0.016723
0.016715
0.016708
0.016700
0.016692
0.016684
0.016676
0.016668
0.016660
0.016652
0.016644
0.016636
0.016628
0.016621
0.016613
0.016605
0.016597
0.016589
0.016581
0.016574
0.016566
0.016558
0.016550
0.016542
0.016535
0.016527
0.016519
0.016511
0.016504
0.016496
0.016488
0.016480
0.016473
0.016465
0.016457
0.016450
0.016442
0.016434
0.016427
0.016419
0.016411
0.016404
0.016396
0.016388
0.016381
0.016373
0.016366
0.016358
0.016350
0.016343
0.016335
0.016328
0.016320
0.016313
0.016305
0.016297
0.016290
0.016282
0.016275
0.016267
0.016260
0.016252
0.016245
0.016237
0.016230
0.016222
0.016215
0.016208
0.016200
0.016193
0.016185
0.016178
0.016170
0.016163
0.016156
0.016148
0.016141
0.016133
0.016126
0.016119
0.016111
0.016104
0.016097
0.016089
0.016082
0.016075
0.016067
0.016060
0.016053
0.016045
0.016038
0.016031
0.016023
0.016016
0.016009
0.016002
0.015994
0.015987
0.015980
0.015973
0.015966
0.015958
0.015951
0.015944
0.015937
0.015930
0.015922
0.015915
0.015908
0.015901
0.015894
0.015887
0.015879
0.015872
0.015865
0.015858
0.015851
0.015844
0.015837
0.015830
0.015822
0.015815
0.015808
0.015801
0.015794
0.015787
0.015780
0.015773
0.015766
0.015759
0.015752
0.015745
0.015738
0.015731
0.015724
0.015717
0.015710
0.015703
0.015696
0.015689
0.015682
0.015675
0.015668
0.015661
0.015654
0.015647
0.015641
0.015634
0.015627
0.015620
0.015613
0.015606
0.015599
0.015592
0.015585
0.015579
0.015572
0.015565
0.015558
0.015551
0.015544
0.015537
0.015531
0.015524
0.015517
0.015510
0.015503
0.015497
0.015490
0.015483
0.015476
0.015470
0.015463
0.015456
0.015449
0.015443
0.015436
0.015429
0.015422
0.015416
0.015409
0.015402
0.015396
0.015389
0.015382
0.015376
0.015369
0.015362
0.015356
0.015349
0.015342
0.015336
0.015329
0.015322
0.015316
0.015309
0.015302
0.015296
0.015289
0.015283
0.015276
0.015269
0.015263
0.015256
0.015250
0.015243
0.015237
0.015230
0.015224
0.015217
0.015210
0.015204
0.015197
0.015191
0.015184
0.015178
0.015171
0.015165
0.015158
0.015152
0.015145
0.015139
0.015133
0.015126
0.015120
0.015113
0.015107
0.015100
0.015094
0.015087
0.015081
0.015075
0.015068
0.015062
0.015055
0.015049
0.015043
0.015036
0.015030
0.015024
0.015017
0.015011
0.015004
0.014998
0.014992
0.014985
0.014979
0.014973
0.014967
0.014960
0.014954
0.014948
0.014941
0.014935
0.014929
0.014922
0.014916
0.014910
0.014904
0.014897
0.014891
0.014885
0.014879
0.014872
0.014866
0.014860
0.014854
0.014847
0.014841
0.014835
0.014829
0.014823
0.014816
0.014810
0.014804
0.014798
0.014792
0.014786
0.014779
0.014773
0.014767
0.014761
0.014755
0.014749
0.014743
0.014737
0.014730
0.014724
0.014718
0.014712
0.014706
0.014700
0.014694
0.014688
0.014682
0.014676
0.014670
0.014663
0.014657
0.014651
0.014645
0.014639
0.014633
0.014627
0.014621
0.014615
0.014609
0.014603
0.014597
0.014591
0.014585
0.014579
0.014573
0.014567
0.014561
0.014555
0.014549
0.014543
0.014537
0.014531
0.014525
0.014520
0.014514
0.014508
0.014502
0.014496
0.014490
0.014484
0.014478
0.014472
0.014466
0.014460
0.014455
0.014449
0.014443
0.014437
0.014431
0.014425
0.014419
0.014413
0.014408
0.014402
0.014396
0.014390
0.014384
0.014378
0.014373
0.014367
0.014361
0.014355
0.014349
0.014344
0.014338
0.014332
0.014326
0.014321
0.014315
0.014309
0.014303
0.014297
0.014292
0.014286
0.014280
0.014274
0.014269
0.014263
0.014257
0.014252
0.014246
0.014240
0.014234
0.014229
0.014223
0.014217
0.014212
0.014206
0.014200
0.014195
0.014189
0.014183
0.014178
0.014172
0.014166
0.014161
0.014155
0.014149
0.014144
0.014138
0.014133
0.014127
0.014121
0.014116
0.014110
0.014105
0.014099
0.014093
0.014088
0.014082
0.014077
0.014071
0.014065
0.014060
0.014054
0.014049
0.014043
0.014038
0.014032
0.014027
0.014021
0.014016
0.014010
0.014004
0.013999
0.013993
0.013988
0.013982
0.013977
0.013971
0.013966
0.013960
0.013955
0.013949
0.013944
0.013939
0.013933
0.013928
0.013922
0.013917
0.013911
0.013906
0.013900
0.013895
0.013890
0.013884
0.013879
0.013873
0.013868
0.013862
0.013857
0.013852
0.013846
0.013841
0.013835
0.013830
0.013825
0.013819
0.013814
0.013809
0.013803
0.013798
0.013793
0.013787
0.013782
0.013776
0.013771
0.013766
0.013760
0.013755
0.013750
0.013745
0.013739
0.013734
0.013729
0.013723
0.013718
0.013713
0.013707
0.013702
0.013697
0.013692
0.013686
0.013681
0.013676
0.013671
0.013665
0.013660
0.013655
0.013650
0.013644
0.013639
0.013634
0.013629
0.013623
0.013618
0.013613
0.013608
0.013602
0.013597
0.013592
0.013587
0.013582
0.013577
0.013571
0.013566
0.013561
0.013556
0.013551
0.013545
0.013540
0.013535
0.013530
0.013525
0.013520
0.013515
0.013509
0.013504
0.013499
0.013494
0.013489
0.013484
0.013479
0.013474
0.013468
0.013463
0.013458
0.013453
0.013448
0.013443
0.013438
0.013433
0.013428
0.013423
0.013418
0.013413
0.013408
0.013402
0.013397
0.013392
0.013387
0.013382
0.013377
0.013372
0.013367
0.013362
0.013357
0.013352
0.013347
0.013342
0.013337
0.013332
0.013327
0.013322
0.013317
0.013312
0.013307
0.013302
0.013297
0.013292
0.013287
0.013282
0.013277
0.013272
0.013267
0.013262
0.013257
0.013253
0.013248
0.013243
0.013238
0.013233
0.013228
0.013223
0.013218
0.013213
0.013208
0.013203
0.013198
0.013193
0.013189
0.013184
0.013179
0.013174
0.013169
0.013164
0.013159
0.013154
0.013150
0.013145
0.013140
0.013135
0.013130
0.013125
0.013120
0.013116
0.013111
0.013106
0.013101
0.013096
0.013091
0.013087
0.013082
0.013077
0.013072
0.013067
0.013063
0.013058
0.013053
0.013048
0.013043
0.013039
0.013034
0.013029
0.013024
0.013019
0.013015
0.013010
0.013005
0.013000
0.012996
0.012991
0.012986
0.012981
0.012977
0.012972
0.012967
0.012962
0.012958
0.012953
0.012948
0.012944
0.012939
0.012934
0.012929
0.012925
0.012920
0.012915
0.012911
0.012906
0.012901
0.012897
0.012892
0.012887
0.012883
0.012878
0.012873
0.012869
0.012864
0.012859
0.012855
0.012850
0.012845
0.012841
0.012836
0.012831
0.012827
0.012822
0.012817
0.012813
0.012808
0.012804
0.012799
0.012794
0.012790
0.012785
0.012781
0.012776
0.012771
0.012767
0.012762
0.012758
0.012753
0.012748
0.012744
0.012739
0.012735
0.012730
0.012726
0.012721
0.012716
0.012712
0.012707
0.012703
0.012698
0.012694
0.012689
0.012685
0.012680
0.012676
0.012671
0.012667
0.012662
0.012658
0.012653
0.012649
0.012644
0.012640
0.012635
0.012631
0.012626
0.012622
0.012617
0.012613
0.012608
0.012604
0.012599
0.012595
0.012590
0.012586
0.012581
0.012577
0.012572
0.012568
0.012563
0.012559
0.012555
0.012550
0.012546
0.012541
0.012537
0.012532
0.012528
0.012524
0.012519
0.012515
0.012510
0.012506
0.012502
0.012497
0.012493
0.012488
0.012484
0.012480
0.012475
0.012471
0.012466
0.012462
0.012458
0.012453
0.012449
0.012445
0.012440
0.012436
0.012431
0.012427
0.012423
0.012418
0.012414
0.012410
0.012405
0.012401
0.012397
0.012392
0.012388
0.012384
0.012379
0.012375
0.012371
0.012366
0.012362
0.012358
0.012354
0.012349
0.012345
0.012341
0.012336
0.012332
0.012328
0.012323
0.012319
0.012315
0.012311
0.012306
0.012302
0.012298
0.012294
0.012289
0.012285
0.012281
0.012277
0.012272
0.012268
0.012264
0.012260
0.012255
0.012251
0.012247
0.012243
0.012238
0.012234
0.012230
0.012226
0.012222
0.012217
0.012213
0.012209
0.012205
0.012201
0.012196
0.012192
0.012188
0.012184
0.012180
0.012175
0.012171
0.012167
0.012163
0.012159
0.012155
0.012150
0.012146
0.012142
0.012138
0.012134
0.012130
0.012125
0.012121
0.012117
0.012113
0.012109
0.012105
0.012101
0.012096
0.012092
0.012088
0.012084
0.012080
0.012076
0.012072
0.012068
0.012064
0.012059
0.012055
0.012051
0.012047
0.012043
0.012039
0.012035
0.012031
0.012027
0.012023
0.012018
0.012014
0.012010
0.012006
0.012002
0.011998
0.011994
0.011990
0.011986
0.011982
0.011978
0.011974
0.011970
0.011966
0.011962
0.011958
0.011954
0.011950
0.011946
0.011942
0.011937
0.011933
0.011929
0.011925
0.011921
0.011917
0.011913
0.011909
0.011905
0.011901
0.011897
0.011893
0.011889
0.011885
0.011881
0.011877
0.011873
0.011869
0.011865
0.011862
0.011858
0.011854
0.011850
0.011846
0.011842
0.011838
0.011834
0.011830
0.011826
0.011822
0.011818
0.011814
0.011810
0.011806
0.011802
0.011798
0.011794
0.011790
0.011786
0.011783
0.011779
0.011775
0.011771
0.011767
0.011763
0.011759
0.011755
0.011751
0.011747
0.011743
0.011740
0.011736
0.011732
0.011728
0.011724
0.011720
0.011716
0.011712
0.011709
0.011705
0.011701
0.011697
0.011693
0.011689
0.011685
0.011681
0.011678
0.011674
0.011670
0.011666
0.011662
0.011658
0.011655
0.011651
0.011647
0.011643
0.011639
0.011635
0.011632
0.011628
0.011624
0.011620
0.011616
0.011612
0.011609
0.011605
0.011601
0.011597
0.011593
0.011590
0.011586
0.011582
0.011578
0.011574
0.011571
0.011567
0.011563
0.011559
0.011556
0.011552
0.011548
0.011544
0.011540
0.011537
0.011533
0.011529
0.011525
0.011522
0.011518
0.011514
0.011510
0.011507
0.011503
0.011499
0.011495
0.011492
0.011488
0.011484
0.011480
0.011477
0.011473
0.011469
0.011466
0.011462
0.011458
0.011454
0.011451
0.011447
0.011443
0.011440
0.011436
0.011432
0.011428
0.011425
0.011421
0.011417
0.011414
0.011410
0.011406
0.011403
0.011399
0.011395
0.011392
0.011388
0.011384
0.011381
0.011377
0.011373
0.011370
0.011366
0.011362
0.011359
0.011355
0.011351
0.011348
0.011344
0.011340
0.011337
0.011333
0.011330
0.011326
0.011322
0.011319
0.011315
0.011311
0.011308
0.011304
0.011301
0.011297
0.011293
0.011290
0.011286
0.011282
0.011279
0.011275
0.011272
0.011268
0.011264
0.011261
0.011257
0.011254
0.011250
0.011247
0.011243
0.011239
0.011236
0.011232
0.011229
0.011225
0.011221
0.011218
0.011214
0.011211
0.011207
0.011204
0.011200
0.011197
0.011193
0.011189
0.011186
0.011182
0.011179
0.011175
0.011172
0.011168
0.011165
0.011161
0.011158
0.011154
0.011151
0.011147
0.011144
0.011140
0.011136
0.011133
0.011129
0.011126
0.011122
0.011119
0.011115
0.011112
0.011108
0.011105
0.011101
0.011098
0.011094
0.011091
0.011087
0.011084
0.011081
0.011077
0.011074
0.011070
0.011067
0.011063
0.011060
0.011056
0.011053
0.011049
0.011046
0.011042
0.011039
0.011035
0.011032
0.011029
0.011025
0.011022
0.011018
0.011015
0.011011
0.011008
0.011004
0.011001
0.010998
0.010994
0.010991
0.010987
0.010984
0.010980
0.010977
0.010974
0.010970
0.010967
0.010963
0.010960
0.010957
0.010953
0.010950
0.010946
0.010943
0.010940
0.010936
0.010933
0.010929
0.010926
0.010923
0.010919
0.010916
0.010912
0.010909
0.010906
0.010902
0.010899
0.010896
0.010892
0.010889
0.010885
0.010882
0.010879
0.010875
0.010872
0.010869
0.010865
0.010862
0.010859
0.010855
0.010852
0.010849
0.010845
0.010842
0.010839
0.010835
0.010832
0.010829
0.010825
0.010822
0.010819
0.010815
0.010812
0.010809
0.010805
0.010802
0.010799
0.010795
0.010792
0.010789
0.010785
0.010782
0.010779
0.010775
0.010772
0.010769
0.010766
0.010762
0.010759
0.010756
0.010752
0.010749
0.010746
0.010743
0.010739
0.010736
0.010733
0.010729
0.010726
0.010723
0.010720
0.010716
0.010713
0.010710
0.010707
0.010703
0.010700
0.010697
0.010694
0.010690
0.010687
0.010684
0.010681
0.010677
0.010674
0.010671
0.010668
0.010664
0.010661
0.010658
0.010655
0.010652
0.010648
0.010645
0.010642
0.010639
0.010635
0.010632
0.010629
0.010626
0.010623
0.010619
0.010616
0.010613
0.010610
0.010607
0.010603
0.010600
0.010597
0.010594
0.010591
0.010587
0.010584
0.010581
0.010578
0.010575
0.010571
0.010568
0.010565
0.010562
0.010559
0.010556
0.010552
0.010549
0.010546
0.010543
0.010540
0.010537
0.010533
0.010530
0.010527
0.010524
0.010521
0.010518
0.010515
0.010511
0.010508
0.010505
0.010502
0.010499
0.010496
0.010493
0.010489
0.010486
0.010483
0.010480
0.010477
0.010474
0.010471
0.010468
0.010464
0.010461
0.010458
0.010455
0.010452
0.010449
0.010446
0.010443
0.010439
0.010436
0.010433
0.010430
0.010427
0.010424
0.010421
0.010418
0.010415
0.010412
0.010409
0.010405
0.010402
0.010399
0.010396
0.010393
0.010390
0.010387
0.010384
0.010381
0.010378
0.010375
0.010372
0.010369
0.010366
0.010362
0.010359
0.010356
0.010353
0.010350
0.010347
0.010344
0.010341
0.010338
0.010335
0.010332
0.010329
0.010326
0.010323
0.010320
0.010317
0.010314
0.010311
0.010308
0.010305
0.010302
0.010299
0.010296
0.010293
0.010290
0.010286
0.010283
0.010280
0.010277
0.010274
0.010271
0.010268
0.010265
0.010262
0.010259
0.010256
0.010253
0.010250
0.010247
0.010244
0.010241
0.010238
0.010235
0.010232
0.010229
0.010226
0.010223
0.010221
0.010218
0.010215
0.010212
0.010209
0.010206
0.010203
0.010200
0.010197
0.010194
0.010191
0.010188
0.010185
0.010182
0.010179
0.010176
0.010173
0.010170
0.010167
0.010164
0.010161
0.010158
0.010155
0.010152
0.010149
0.010147
0.010144
0.010141
0.010138
0.010135
0.010132
0.010129
0.010126
0.010123
0.010120
0.010117
0.010114
0.010111
0.010108
0.010106
0.010103
0.010100
0.010097
0.010094
0.010091
0.010088
0.010085
0.010082
0.010079
0.010076
0.010074
0.010071
0.010068
0.010065
0.010062
0.010059
0.010056
0.010053
0.010050
0.010048
0.010045
0.010042
0.010039
0.010036
0.010033
0.010030
0.010027
0.010025
0.010022
0.010019
0.010016
0.010013
0.010010
0.010007
0.010004
0.010002
0.009999
0.009996
0.009993
0.009990
0.009987
0.009984
0.009982
0.009979
0.009976
0.009973
0.009970
0.009967
0.009965
0.009962
0.009959
0.009956
0.009953
0.009950
0.009948
0.009945
0.009942
0.009939
0.009936
0.009933
0.009931
0.009928
0.009925
0.009922
0.009919
0.009917
0.009914
0.009911
0.009908
0.009905
0.009902
0.009900
0.009897
0.009894
0.009891
0.009888
0.009886
0.009883
0.009880
0.009877
0.009874
0.009872
0.009869
0.009866
0.009863
0.009861
0.009858
0.009855
0.009852
0.009849
0.009847
0.009844
0.009841
0.009838
0.009836
0.009833
0.009830
0.009827
0.009825
0.009822
0.009819
0.009816
0.009813
0.009811
0.009808
0.009805
0.009802
0.009800
0.009797
0.009794
0.009791
0.009789
0.009786
0.009783
0.009780
0.009778
0.009775
0.009772
0.009770
0.009767
0.009764
0.009761
0.009759
0.009756
0.009753
0.009750
0.009748
0.009745
0.009742
0.009740
0.009737
0.009734
0.009731
0.009729
0.009726
0.009723
0.009721
0.009718
0.009715
0.009712
0.009710
0.009707
0.009704
0.009702
0.009699
0.009696
0.009694
0.009691
0.009688
0.009686
0.009683
0.009680
0.009677
0.009675
0.009672
0.009669
0.009667
0.009664
0.009661
0.009659
0.009656
0.009653
0.009651
0.009648
0.009645
0.009643
0.009640
0.009637
0.009635
0.009632
0.009629
0.009627
0.009624
0.009621
0.009619
0.009616
0.009613
0.009611
0.009608
0.009605
0.009603
0.009600
0.009598
0.009595
0.009592
0.009590
0.009587
0.009584
0.009582
0.009579
0.009576
0.009574
0.009571
0.009569
0.009566
0.009563
0.009561
0.009558
0.009555
0.009553
0.009550
0.009548
0.009545
0.009542
0.009540
0.009537
0.009535
0.009532
0.009529
0.009527
0.009524
0.009521
0.009519
0.009516
0.009514
0.009511
0.009508
0.009506
0.009503
0.009501
0.009498
0.009496
0.009493
0.009490
0.009488
0.009485
0.009483
0.009480
0.009477
0.009475
0.009472
0.009470
0.009467
0.009465
0.009462
0.009459
0.009457
0.009454
0.009452
0.009449
0.009447
0.009444
0.009441
0.009439
0.009436
0.009434
0.009431
0.009429
0.009426
0.009424
0.009421
0.009418
0.009416
0.009413
0.009411
0.009408
0.009406
0.009403
0.009401
0.009398
0.009396
0.009393
0.009391
0.009388
0.009385
0.009383
0.009380
0.009378
0.009375
0.009373
0.009370
0.009368
0.009365
0.009363
0.009360
0.009358
0.009355
0.009353
0.009350
0.009348
0.009345
0.009343
0.009340
0.009338
0.009335
0.009333
0.009330
0.009328
0.009325
0.009323
0.009320
0.009318
0.009315
0.009313
0.009310
0.009308
0.009305
0.009303
0.009300
0.009298
0.009295
0.009293
0.009290
0.009288
0.009285
0.009283
0.009280
0.009278
0.009275
0.009273
0.009270
0.009268
0.009265
0.009263
0.009260
0.009258
0.009255
0.009253
0.009251
0.009248
0.009246
0.009243
0.009241
0.009238
0.009236
0.009233
0.009231
0.009228
0.009226
0.009224
0.009221
0.009219
0.009216
0.009214
0.009211
0.009209
0.009206
0.009204
0.009202
0.009199
0.009197
0.009194
0.009192
0.009189
0.009187
0.009185
0.009182
0.009180
0.009177
0.009175
0.009172
0.009170
0.009168
0.009165
0.009163
0.009160
0.009158
0.009155
0.009153
0.009151
0.009148
0.009146
0.009143
0.009141
0.009139
0.009136
0.009134
0.009131
0.009129
0.009127
0.009124
0.009122
0.009119
0.009117
0.009115
0.009112
0.009110
0.009107
0.009105
0.009103
0.009100
0.009098
0.009095
0.009093
0.009091
0.009088
0.009086
0.009084
0.009081
0.009079
0.009076
0.009074
0.009072
0.009069
0.009067
0.009065
0.009062
0.009060
0.009057
0.009055
0.009053
0.009050
0.009048
0.009046
0.009043
0.009041
0.009039
0.009036
0.009034
0.009031
0.009029
0.009027
0.009024
0.009022
0.009020
0.009017
0.009015
0.009013
0.009010
0.009008
0.009006
0.009003
0.009001
0.008999
0.008996
0.008994
0.008992
0.008989
0.008987
0.008985
0.008982
0.008980
0.008978
0.008975
0.008973
0.008971
0.008968
0.008966
0.008964
0.008961
0.008959
0.008957
0.008954
0.008952
0.008950
0.008947
0.008945
0.008943
0.008941
0.008938
0.008936
0.008934
0.008931
0.008929
0.008927
0.008924
0.008922
0.008920
0.008918
0.008915
0.008913
0.008911
0.008908
0.008906
0.008904
0.008901
0.008899
0.008897
0.008895
0.008892
0.008890
0.008888
0.008885
0.008883
0.008881
0.008879
0.008876
0.008874
0.008872
0.008870
0.008867
0.008865
0.008863
0.008860
0.008858
0.008856
0.008854
0.008851
0.008849
0.008847
0.008845
0.008842
0.008840
0.008838
0.008836
0.008833
0.008831
0.008829
0.008827
0.008824
0.008822
0.008820
0.008818
0.008815
0.008813
0.008811
0.008809
0.008806
0.008804
0.008802
0.008800
0.008797
0.008795
0.008793
0.008791
0.008788
0.008786
0.008784
0.008782
0.008779
0.008777
0.008775
0.008773
0.008771
0.008768
0.008766
0.008764
0.008762
0.008759
0.008757
0.008755
0.008753
0.008751
0.008748
0.008746
0.008744
0.008742
0.008739
0.008737
0.008735
0.008733
0.008731
0.008728
0.008726
0.008724
0.008722
0.008720
0.008717
0.008715
0.008713
0.008711
0.008709
0.008706
0.008704
0.008702
0.008700
0.008698
0.008695
0.008693
0.008691
0.008689
0.008687
0.008685
0.008682
0.008680
0.008678
0.008676
0.008674
0.008671
0.008669
0.008667
0.008665
0.008663
0.008661
0.008658
0.008656
0.008654
0.008652
0.008650
0.008648
0.008645
0.008643
0.008641
0.008639
0.008637
0.008635
0.008632
0.008630
0.008628
0.008626
0.008624
0.008622
0.008619
0.008617
0.008615
0.008613
0.008611
0.008609
0.008607
0.008604
0.008602
0.008600
0.008598
0.008596
0.008594
0.008592
0.008589
0.008587
0.008585
0.008583
0.008581
0.008579
0.008577
0.008574
0.008572
0.008570
0.008568
0.008566
0.008564
0.008562
0.008560
0.008557
0.008555
0.008553
0.008551
0.008549
0.008547
0.008545
0.008543
0.008540
0.008538
0.008536
0.008534
0.008532
0.008530
0.008528
0.008526
0.008524
0.008521
0.008519
0.008517
0.008515
0.008513
0.008511
0.008509
0.008507
0.008505
0.008503
0.008500
0.008498
0.008496
0.008494
0.008492
0.008490
0.008488
0.008486
0.008484
0.008482
0.008480
0.008477
0.008475
0.008473
0.008471
0.008469
0.008467
0.008465
0.008463
0.008461
0.008459
0.008457
0.008455
0.008452
0.008450
0.008448
0.008446
0.008444
0.008442
0.008440
0.008438
0.008436
0.008434
0.008432
0.008430
0.008428
0.008426
0.008423
0.008421
0.008419
0.008417
0.008415
0.008413
0.008411
0.008409
0.008407
0.008405
0.008403
0.008401
0.008399
0.008397
0.008395
0.008393
0.008391
0.008389
0.008387
0.008384
0.008382
0.008380
0.008378
0.008376
0.008374
0.008372
0.008370
0.008368
0.008366
0.008364
0.008362
0.008360
0.008358
0.008356
0.008354
0.008352
0.008350
0.008348
0.008346
0.008344
0.008342
0.008340
0.008338
0.008336
0.008334
0.008332
0.008330
0.008328
0.008326
0.008324
0.008322
0.008320
0.008318
0.008316
0.008314
0.008312
0.008309
0.008307
0.008305
0.008303
0.008301
0.008299
0.008297
0.008295
0.008293
0.008291
0.008289
0.008287
0.008285
0.008283
0.008281
0.008279
0.008277
0.008275
0.008273
0.008271
0.008269
0.008268
0.008266
0.008264
0.008262
0.008260
0.008258
0.008256
0.008254
0.008252
0.008250
0.008248
0.008246
0.008244
0.008242
0.008240
0.008238
0.008236
0.008234
0.008232
0.008230
0.008228
0.008226
0.008224
0.008222
0.008220
0.008218
0.008216
0.008214
0.008212
0.008210
0.008208
0.008206
0.008204
0.008202
0.008200
0.008198
0.008196
0.008194
0.008193
0.008191
0.008189
0.008187
0.008185
0.008183
0.008181
0.008179
0.008177
0.008175
0.008173
0.008171
0.008169
0.008167
0.008165
0.008163
0.008161
0.008159
0.008157
0.008156
0.008154
0.008152
0.008150
0.008148
0.008146
0.008144
0.008142
0.008140
0.008138
0.008136
0.008134
0.008132
0.008130
0.008128
0.008127
0.008125
0.008123
0.008121
0.008119
0.008117
0.008115
0.008113
0.008111
0.008109
0.008107
0.008105
0.008103
0.008102
0.008100
0.008098
0.008096
0.008094
0.008092
0.008090
0.008088
0.008086
0.008084
0.008082
0.008081
0.008079
0.008077
0.008075
0.008073
0.008071
0.008069
0.008067
0.008065
0.008063
0.008062
0.008060
0.008058
0.008056
0.008054
0.008052
0.008050
0.008048
0.008046
0.008044
0.008043
0.008041
0.008039
0.008037
0.008035
0.008033
0.008031
0.008029
0.008028
0.008026
0.008024
0.008022
0.008020
0.008018
0.008016
0.008014
0.008012
0.008011
0.008009
0.008007
0.008005
0.008003
0.008001
0.007999
0.007998
0.007996
0.007994
0.007992
0.007990
0.007988
0.007986
0.007984
0.007983
0.007981
0.007979
0.007977
0.007975
0.007973
0.007971
0.007970
0.007968
0.007966
0.007964
0.007962
0.007960
0.007958
0.007957
0.007955
0.007953
0.007951
0.007949
0.007947
0.007946
0.007944
0.007942
0.007940
0.007938
0.007936
0.007934
0.007933
0.007931
0.007929
0.007927
0.007925
0.007923
0.007922
0.007920
0.007918
0.007916
0.007914
0.007912
0.007911
0.007909
0.007907
0.007905
0.007903
0.007901
0.007900
0.007898
0.007896
0.007894
0.007892
0.007890
0.007889
0.007887
0.007885
0.007883
0.007881
0.007880
0.007878
0.007876
0.007874
0.007872
0.007870
0.007869
0.007867
0.007865
0.007863
0.007861
0.007860
0.007858
0.007856
0.007854
0.007852
0.007851
0.007849
0.007847
0.007845
0.007843
0.007842
0.007840
0.007838
0.007836
0.007834
0.007833
0.007831
0.007829
0.007827
0.007825
0.007824
0.007822
0.007820
0.007818
0.007816
0.007815
0.007813
0.007811
0.007809
0.007808
0.007806
0.007804
0.007802
0.007800
0.007799
0.007797
0.007795
0.007793
0.007791
0.007790
0.007788
0.007786
0.007784
0.007783
0.007781
0.007779
0.007777
0.007775
0.007774
0.007772
0.007770
0.007768
0.007767
0.007765
0.007763
0.007761
0.007760
0.007758
0.007756
0.007754
0.007753
0.007751
0.007749
0.007747
0.007745
0.007744
0.007742
0.007740
0.007738
0.007737
0.007735
0.007733
0.007731
0.007730
0.007728
0.007726
0.007724
0.007723
0.007721
0.007719
0.007717
0.007716
0.007714
0.007712
0.007710
0.007709
0.007707
0.007705
0.007703
0.007702
0.007700
0.007698
0.007697
0.007695
0.007693
0.007691
0.007690
0.007688
0.007686
0.007684
0.007683
0.007681
0.007679
0.007677
0.007676
0.007674
0.007672
0.007671
0.007669
0.007667
0.007665
0.007664
0.007662
0.007660
0.007658
0.007657
0.007655
0.007653
0.007652
0.007650
0.007648
0.007646
0.007645
0.007643
0.007641
0.007640
0.007638
0.007636
0.007634
0.007633
0.007631
0.007629
0.007628
0.007626
0.007624
0.007622
0.007621
0.007619
0.007617
0.007616
0.007614
0.007612
0.007611
0.007609
0.007607
0.007605
0.007604
0.007602
0.007600
0.007599
0.007597
0.007595
0.007594
0.007592
0.007590
0.007588
0.007587
0.007585
0.007583
0.007582
0.007580
0.007578
0.007577
0.007575
0.007573
0.007572
0.007570
0.007568
0.007567
0.007565
0.007563
0.007561
0.007560
0.007558
0.007556
0.007555
0.007553
0.007551
0.007550
0.007548
0.007546
0.007545
0.007543
0.007541
0.007540
0.007538
0.007536
0.007535
0.007533
0.007531
0.007530
0.007528
0.007526
0.007525
0.007523
0.007521
0.007520
0.007518
0.007516
0.007515
0.007513
0.007511
0.007510
0.007508
0.007506
0.007505
0.007503
0.007501
0.007500
0.007498
0.007496
0.007495
0.007493
0.007492
0.007490
0.007488
0.007487
0.007485
0.007483
0.007482
0.007480
0.007478
0.007477
0.007475
0.007473
0.007472
0.007470
0.007468
0.007467
0.007465
0.007464
0.007462
0.007460
0.007459
0.007457
0.007455
0.007454
0.007452
0.007450
0.007449
0.007447
0.007446
0.007444
0.007442
0.007441
0.007439
0.007437
0.007436
0.007434
0.007432
0.007431
0.007429
0.007428
0.007426
0.007424
0.007423
0.007421
0.007419
0.007418
0.007416
0.007415
0.007413
0.007411
0.007410
0.007408
0.007407
0.007405
0.007403
0.007402
0.007400
0.007398
0.007397
0.007395
0.007394
0.007392
0.007390
0.007389
0.007387
0.007386
0.007384
0.007382
0.007381
0.007379
0.007378
0.007376
0.007374
0.007373
0.007371
0.007370
0.007368
0.007366
0.007365
0.007363
0.007362
0.007360
0.007358
0.007357
0.007355
0.007354
0.007352
0.007350
0.007349
0.007347
0.007346
0.007344
0.007342
0.007341
0.007339
0.007338
0.007336
0.007334
0.007333
0.007331
0.007330
0.007328
0.007327
0.007325
0.007323
0.007322
0.007320
0.007319
0.007317
0.007315
0.007314
0.007312
0.007311
0.007309
0.007308
0.007306
0.007304
0.007303
0.007301
0.007300
0.007298
0.007297
0.007295
0.007293
0.007292
0.007290
0.007289
0.007287
0.007286
0.007284
0.007282
0.007281
0.007279
0.007278
0.007276
0.007275
0.007273
0.007272
0.007270
0.007268
0.007267
0.007265
0.007264
0.007262
0.007261
0.007259
0.007257
0.007256
0.007254
0.007253
0.007251
0.007250
0.007248
0.007247
0.007245
0.007244
0.007242
0.007240
0.007239
0.007237
0.007236
0.007234
0.007233
0.007231
0.007230
0.007228
0.007226
0.007225
0.007223
0.007222
0.007220
0.007219
0.007217
0.007216
0.007214
0.007213
0.007211
0.007210
0.007208
0.007206
0.007205
0.007203
0.007202
0.007200
0.007199
0.007197
0.007196
0.007194
0.007193
0.007191
0.007190
0.007188
0.007187
0.007185
0.007184
0.007182
0.007180
0.007179
0.007177
0.007176
0.007174
0.007173
0.007171
0.007170
0.007168
0.007167
0.007165
0.007164
0.007162
0.007161
0.007159
0.007158
0.007156
0.007155
0.007153
0.007152
0.007150
0.007149
0.007147
0.007146
0.007144
0.007143
0.007141
0.007140
0.007138
0.007137
0.007135
0.007134
0.007132
0.007130
0.007129
0.007127
0.007126
0.007124
0.007123
0.007121
0.007120
0.007118
0.007117
0.007115
0.007114
0.007112
0.007111
0.007109
0.007108
0.007106
0.007105
0.007104
0.007102
0.007101
0.007099
0.007098
0.007096
0.007095
0.007093
0.007092
0.007090
0.007089
0.007087
0.007086
0.007084
0.007083
0.007081
0.007080
0.007078
0.007077
0.007075
0.007074
0.007072
0.007071
0.007069
0.007068
0.007066
0.007065
0.007063
0.007062
0.007060
0.007059
0.007057
0.007056
0.007055
0.007053
0.007052
0.007050
0.007049
0.007047
0.007046
0.007044
0.007043
0.007041
0.007040
0.007038
0.007037
0.007035
0.007034
0.007032
0.007031
0.007030
0.007028
0.007027
0.007025
0.007024
0.007022
0.007021
0.007019
0.007018
0.007016
0.007015
0.007013
0.007012
0.007011
0.007009
0.007008
0.007006
0.007005
0.007003
0.007002
0.007000
0.006999
0.006997
0.006996
0.006995
0.006993
0.006992
0.006990
0.006989
0.006987
0.006986
0.006984
0.006983
0.006982
0.006980
0.006979
0.006977
0.006976
0.006974
0.006973
0.006971
0.006970
0.006969
0.006967
0.006966
0.006964
0.006963
0.006961
0.006960
0.006958
0.006957
0.006956
0.006954
0.006953
0.006951
0.006950
0.006948
0.006947
0.006946
0.006944
0.006943
0.006941
0.006940
0.006938
0.006937
0.006936
0.006934
0.006933
0.006931
0.006930
0.006928
0.006927
0.006926
0.006924
0.006923
0.006921
0.006920
0.006918
0.006917
0.006916
0.006914
0.006913
0.006911
0.006910
0.006909
0.006907
0.006906
0.006904
0.006903
0.006901
0.006900
0.006899
0.006897
0.006896
0.006894
0.006893
0.006892
0.006890
0.006889
0.006887
0.006886
0.006884
0.006883
0.006882
0.006880
0.006879
0.006877
0.006876
0.006875
0.006873
0.006872
0.006870
0.006869
0.006868
0.006866
0.006865
0.006863
0.006862
0.006861
0.006859
0.006858
0.006856
0.006855
0.006854
0.006852
0.006851
0.006849
0.006848
0.006847
0.006845
0.006844
0.006842
0.006841
0.006840
0.006838
0.006837
0.006836
0.006834
0.006833
0.006831
0.006830
0.006829
0.006827
0.006826
0.006824
0.006823
0.006822
0.006820
0.006819
0.006818
0.006816
0.006815
0.006813
0.006812
0.006811
0.006809
0.006808
0.006806
0.006805
0.006804
0.006802
0.006801
0.006800
0.006798
0.006797
0.006795
0.006794
0.006793
0.006791
0.006790
0.006789
0.006787
0.006786
0.006784
0.006783
0.006782
0.006780
0.006779
0.006778
0.006776
0.006775
0.006774
0.006772
0.006771
0.006769
0.006768
0.006767
0.006765
0.006764
0.006763
0.006761
0.006760
0.006759
0.006757
0.006756
0.006754
0.006753
0.006752
0.006750
0.006749
0.006748
0.006746
0.006745
0.006744
0.006742
0.006741
0.006740
0.006738
0.006737
0.006736
0.006734
0.006733
0.006731
0.006730
0.006729
0.006727
0.006726
0.006725
0.006723
0.006722
0.006721
0.006719
0.006718
0.006717
0.006715
0.006714
0.006713
0.006711
0.006710
0.006709
0.006707
0.006706
0.006705
0.006703
0.006702
0.006701
0.006699
0.006698
0.006697
0.006695
0.006694
0.006693
0.006691
0.006690
0.006689
0.006687
0.006686
0.006685
0.006683
0.006682
0.006681
0.006679
0.006678
0.006677
0.006675
0.006674
0.006673
0.006671
0.006670
0.006669
0.006667
0.006666
0.006665
0.006663
0.006662
0.006661
0.006659
0.006658
0.006657
0.006655
0.006654
0.006653
0.006651
0.006650
0.006649
0.006647
0.006646
0.006645
0.006643
0.006642
0.006641
0.006640
0.006638
0.006637
0.006636
0.006634
0.006633
0.006632
0.006630
0.006629
0.006628
0.006626
0.006625
0.006624
0.006622
0.006621
0.006620
0.006619
0.006617
0.006616
0.006615
0.006613
0.006612
0.006611
0.006609
0.006608
0.006607
0.006606
0.006604
0.006603
0.006602
0.006600
0.006599
0.006598
0.006596
0.006595
0.006594
0.006593
0.006591
0.006590
0.006589
0.006587
0.006586
0.006585
0.006583
0.006582
0.006581
0.006580
0.006578
0.006577
0.006576
0.006574
0.006573
0.006572
0.006571
0.006569
0.006568
0.006567
0.006565
0.006564
0.006563
0.006562
0.006560
0.006559
0.006558
0.006556
0.006555
0.006554
0.006553
0.006551
0.006550
0.006549
0.006547
0.006546
0.006545
0.006544
0.006542
0.006541
0.006540
0.006538
0.006537
0.006536
0.006535
0.006533
0.006532
0.006531
0.006530
0.006528
0.006527
0.006526
0.006524
0.006523
0.006522
0.006521
0.006519
0.006518
0.006517
0.006516
0.006514
0.006513
0.006512
0.006510
0.006509
0.006508
0.006507
0.006505
0.006504
0.006503
0.006502
0.006500
0.006499
0.006498
0.006497
0.006495
0.006494
0.006493
0.006491
0.006490
0.006489
0.006488
0.006486
0.006485
0.006484
0.006483
0.006481
0.006480
0.006479
0.006478
0.006476
0.006475
0.006474
0.006473
0.006471
0.006470
0.006469
0.006468
0.006466
0.006465
0.006464
0.006463
0.006461
0.006460
0.006459
0.006458
0.006456
0.006455
0.006454
0.006453
0.006451
0.006450
0.006449
0.006448
0.006446
0.006445
0.006444
0.006443
0.006441
0.006440
0.006439
0.006438
0.006436
0.006435
0.006434
0.006433
0.006432
0.006430
0.006429
0.006428
0.006427
0.006425
0.006424
0.006423
0.006422
0.006420
0.006419
0.006418
0.006417
0.006415
0.006414
0.006413
0.006412
0.006411
0.006409
0.006408
0.006407
0.006406
0.006404
0.006403
0.006402
0.006401
0.006399
0.006398
0.006397
0.006396
0.006395
0.006393
0.006392
0.006391
0.006390
0.006388
0.006387
0.006386
0.006385
0.006384
0.006382
0.006381
0.006380
0.006379
0.006377
0.006376
0.006375
0.006374
0.006373
0.006371
0.006370
0.006369
0.006368
0.006367
0.006365
0.006364
0.006363
0.006362
0.006360
0.006359
0.006358
0.006357
0.006356
0.006354
0.006353
0.006352
0.006351
0.006350
0.006348
0.006347
0.006346
0.006345
0.006344
0.006342
0.006341
0.006340
0.006339
0.006337
0.006336
0.006335
0.006334
0.006333
0.006331
0.006330
0.006329
0.006328
0.006327
0.006325
0.006324
0.006323
0.006322
0.006321
0.006319
0.006318
0.006317
0.006316
0.006315
0.006313
0.006312
0.006311
0.006310
0.006309
0.006307
0.006306
0.006305
0.006304
0.006303
0.006302
0.006300
0.006299
0.006298
0.006297
0.006296
0.006294
0.006293
0.006292
0.006291
0.006290
0.006288
0.006287
0.006286
0.006285
0.006284
0.006283
0.006281
0.006280
0.006279
0.006278
0.006277
0.006275
0.006274
0.006273
0.006272
0.006271
0.006270
0.006268
0.006267
0.006266
0.006265
0.006264
0.006262
0.006261
0.006260
0.006259
0.006258
0.006257
0.006255
0.006254
0.006253
0.006252
0.006251
0.006250
0.006248
0.006247
0.006246
0.006245
0.006244
0.006242
0.006241
0.006240
0.006239
0.006238
0.006237
0.006235
0.006234
0.006233
0.006232
0.006231
0.006230
0.006228
0.006227
0.006226
0.006225
0.006224
0.006223
0.006221
0.006220
0.006219
0.006218
0.006217
0.006216
0.006215
0.006213
0.006212
0.006211
0.006210
0.006209
0.006208
0.006206
0.006205
0.006204
0.006203
0.006202
0.006201
0.006199
0.006198
0.006197
0.006196
0.006195
0.006194
0.006193
0.006191
0.006190
0.006189
0.006188
0.006187
0.006186
0.006184
0.006183
0.006182
0.006181
0.006180
0.006179
0.006178
0.006176
0.006175
0.006174
0.006173
0.006172
0.006171
0.006170
0.006168
0.006167
0.006166
0.006165
0.006164
0.006163
0.006162
0.006160
0.006159
0.006158
0.006157
0.006156
0.006155
0.006154
0.006152
0.006151
0.006150
0.006149
0.006148
0.006147
0.006146
0.006144
0.006143
0.006142
0.006141
0.006140
0.006139
0.006138
0.006137
0.006135
0.006134
0.006133
0.006132
0.006131
0.006130
0.006129
0.006127
0.006126
0.006125
0.006124
0.006123
0.006122
0.006121
0.006120
0.006118
0.006117
0.006116
0.006115
0.006114
0.006113
0.006112
0.006111
0.006109
0.006108
0.006107
0.006106
0.006105
0.006104
0.006103
0.006102
0.006100
0.006099
0.006098
0.006097
0.006096
0.006095
0.006094
0.006093
0.006091
0.006090
0.006089
0.006088
0.006087
0.006086
0.006085
0.006084
0.006083
0.006081
0.006080
0.006079
0.006078
0.006077
0.006076
0.006075
0.006074
0.006073
0.006071
0.006070
0.006069
0.006068
0.006067
0.006066
0.006065
0.006064
0.006063
0.006061
0.006060
0.006059
0.006058
0.006057
0.006056
0.006055
0.006054
0.006053
0.006052
0.006050
0.006049
0.006048
0.006047
0.006046
0.006045
0.006044
0.006043
0.006042
0.006040
0.006039
0.006038
0.006037
0.006036
0.006035
0.006034
0.006033
0.006032
0.006031
0.006030
0.006028
0.006027
0.006026
0.006025
0.006024
0.006023
0.006022
0.006021
0.006020
0.006019
0.006017
0.006016
0.006015
0.006014
0.006013
0.006012
0.006011
0.006010
0.006009
0.006008
0.006007
0.006005
0.006004
0.006003
0.006002
0.006001
0.006000
0.005999
0.005998
0.005997
0.005996
0.005995
0.005994
0.005992
0.005991
0.005990
0.005989
0.005988
0.005987
0.005986
0.005985
0.005984
0.005983
0.005982
0.005981
0.005979
0.005978
0.005977
0.005976
0.005975
0.005974
0.005973
0.005972
0.005971
0.005970
0.005969
0.005968
0.005967
0.005965
0.005964
0.005963
0.005962
0.005961
0.005960
0.005959
0.005958
0.005957
0.005956
0.005955
0.005954
0.005953
0.005952
0.005950
0.005949
0.005948
0.005947
0.005946
0.005945
0.005944
0.005943
0.005942
0.005941
0.005940
0.005939
0.005938
0.005937
0.005936
0.005934
0.005933
0.005932
0.005931
0.005930
0.005929
0.005928
0.005927
0.005926
0.005925
0.005924
0.005923
0.005922
0.005921
0.005920
0.005919
0.005917
0.005916
0.005915
0.005914
0.005913
0.005912
0.005911
0.005910
0.005909
0.005908
0.005907
0.005906
0.005905
0.005904
0.005903
0.005902
0.005901
0.005900
0.005898
0.005897
0.005896
0.005895
0.005894
0.005893
0.005892
0.005891
0.005890
0.005889
0.005888
0.005887
0.005886
0.005885
0.005884
0.005883
0.005882
0.005881
0.005880
0.005879
0.005878
0.005876
0.005875
0.005874
0.005873
0.005872
0.005871
0.005870
0.005869
0.005868
0.005867
0.005866
0.005865
0.005864
0.005863
0.005862
0.005861
0.005860
0.005859
0.005858
0.005857
0.005856
0.005855
0.005854
0.005853
0.005852
0.005850
0.005849
0.005848
0.005847
0.005846
0.005845
0.005844
0.005843
0.005842
0.005841
0.005840
0.005839
0.005838
0.005837
0.005836
0.005835
0.005834
0.005833
0.005832
0.005831
0.005830
0.005829
0.005828
0.005827
0.005826
0.005825
0.005824
0.005823
0.005822
0.005821
0.005820
0.005819
0.005818
0.005817
0.005815
0.005814
0.005813
0.005812
0.005811
0.005810
0.005809
0.005808
0.005807
0.005806
0.005805
0.005804
0.005803
0.005802
0.005801
0.005800
0.005799
0.005798
0.005797
0.005796
0.005795
0.005794
0.005793
0.005792
0.005791
0.005790
0.005789
0.005788
0.005787
0.005786
0.005785
0.005784
0.005783
0.005782
0.005781
0.005780
0.005779
0.005778
0.005777
0.005776
0.005775
0.005774
0.005773
0.005772
0.005771
0.005770
0.005769
0.005768
0.005767
0.005766
0.005765
0.005764
0.005763
0.005762
0.005761
0.005760
0.005759
0.005758
0.005757
0.005756
0.005755
0.005754
0.005753
0.005752
0.005751
0.005750
0.005749
0.005748
0.005747
0.005746
0.005745
0.005744
0.005743
0.005742
0.005741
0.005740
0.005739
0.005738
0.005737
0.005736
0.005735
0.005734
0.005733
0.005732
0.005731
0.005730
0.005729
0.005728
0.005727
0.005726
0.005725
0.005724
0.005723
0.005722
0.005721
0.005720
0.005719
0.005718
0.005717
0.005716
0.005715
0.005714
0.005713
0.005712
0.005711
0.005710
0.005709
0.005708
0.005707
0.005706
0.005705
0.005704
0.005703
0.005702
0.005701
0.005700
0.005699
0.005698
0.005697
0.005696
0.005695
0.005694
0.005693
0.005692
0.005691
0.005690
0.005689
0.005688
0.005687
0.005686
0.005685
0.005684
0.005683
0.005682
0.005681
0.005680
0.005679
0.005678
0.005677
0.005676
0.005675
0.005674
0.005673
0.005672
0.005671
0.005671
0.005670
0.005669
0.005668
0.005667
0.005666
0.005665
0.005664
0.005663
0.005662
0.005661
0.005660
0.005659
0.005658
0.005657
0.005656
0.005655
0.005654
0.005653
0.005652
0.005651
0.005650
0.005649
0.005648
0.005647
0.005646
0.005645
0.005644
0.005643
0.005642
0.005641
0.005640
0.005639
0.005638
0.005638
0.005637
0.005636
0.005635
0.005634
0.005633
0.005632
0.005631
0.005630
0.005629
0.005628
0.005627
0.005626
0.005625
0.005624
0.005623
0.005622
0.005621
0.005620
0.005619
0.005618
0.005617
0.005616
0.005615
0.005614
0.005613
0.005613
0.005612
0.005611
0.005610
0.005609
0.005608
0.005607
0.005606
0.005605
0.005604
0.005603
0.005602
0.005601
0.005600
0.005599
0.005598
0.005597
0.005596
0.005595
0.005594
0.005593
0.005592
0.005592
0.005591
0.005590
0.005589
0.005588
0.005587
0.005586
0.005585
0.005584
0.005583
0.005582
0.005581
0.005580
0.005579
0.005578
0.005577
0.005576
0.005575
0.005574
0.005574
0.005573
0.005572
0.005571
0.005570
0.005569
0.005568
0.005567
0.005566
0.005565
0.005564
0.005563
0.005562
0.005561
0.005560
0.005559
0.005558
0.005557
0.005557
0.005556
0.005555
0.005554
0.005553
0.005552
0.005551
0.005550
0.005549
0.005548
0.005547
0.005546
0.005545
0.005544
0.005543
0.005542
0.005542
0.005541
0.005540
0.005539
0.005538
0.005537
0.005536
0.005535
0.005534
0.005533
0.005532
0.005531
0.005530
0.005529
0.005529
0.005528
0.005527
0.005526
0.005525
0.005524
0.005523
0.005522
0.005521
0.005520
0.005519
0.005518
0.005517
0.005516
0.005516
0.005515
0.005514
0.005513
0.005512
0.005511
0.005510
0.005509
0.005508
0.005507
0.005506
0.005505
0.005504
0.005503
0.005503
0.005502
0.005501
0.005500
0.005499
0.005498
0.005497
0.005496
0.005495
0.005494
0.005493
0.005492
0.005492
0.005491
0.005490
0.005489
0.005488
0.005487
0.005486
0.005485
0.005484
0.005483
0.005482
0.005481
0.005481
0.005480
0.005479
0.005478
0.005477
0.005476
0.005475
0.005474
0.005473
0.005472
0.005471
0.005470
0.005470
0.005469
0.005468
0.005467
0.005466
0.005465
0.005464
0.005463
0.005462
0.005461
0.005460
0.005460
0.005459
0.005458
0.005457
0.005456
0.005455
0.005454
0.005453
0.005452
0.005451
0.005450
0.005450
0.005449
0.005448
0.005447
0.005446
0.005445
0.005444
0.005443
0.005442
0.005441
0.005441
0.005440
0.005439
0.005438
0.005437
0.005436
0.005435
0.005434
0.005433
0.005432
0.005432
0.005431
0.005430
0.005429
0.005428
0.005427
0.005426
0.005425
0.005424
0.005423
0.005423
0.005422
0.005421
0.005420
0.005419
0.005418
0.005417
0.005416
0.005415
0.005414
0.005414
0.005413
0.005412
0.005411
0.005410
0.005409
0.005408
0.005407
0.005406
0.005406
0.005405
0.005404
0.005403
0.005402
0.005401
0.005400
0.005399
0.005398
0.005398
0.005397
0.005396
0.005395
0.005394
0.005393
0.005392
0.005391
0.005390
0.005390
0.005389
0.005388
0.005387
0.005386
0.005385
0.005384
0.005383
0.005382
0.005382
0.005381
0.005380
0.005379
0.005378
0.005377
0.005376
0.005375
0.005375
0.005374
0.005373
0.005372
0.005371
0.005370
0.005369
0.005368
0.005367
0.005367
0.005366
0.005365
0.005364
0.005363
0.005362
0.005361
0.005360
0.005360
0.005359
0.005358
0.005357
0.005356
0.005355
0.005354
0.005353
0.005353
0.005352
0.005351
0.005350
0.005349
0.005348
0.005347
0.005346
0.005346
0.005345
0.005344
0.005343
0.005342
0.005341
0.005340
0.005339
0.005339
0.005338
0.005337
0.005336
0.005335
0.005334
0.005333
0.005332
0.005332
0.005331
0.005330
0.005329
0.005328
0.005327
0.005326
0.005326
0.005325
0.005324
0.005323
0.005322
0.005321
0.005320
0.005319
0.005319
0.005318
0.005317
0.005316
0.005315
0.005314
0.005313
0.005313
0.005312
0.005311
0.005310
0.005309
0.005308
0.005307
0.005307
0.005306
0.005305
0.005304
0.005303
0.005302
0.005301
0.005301
0.005300
0.005299
0.005298
0.005297
0.005296
0.005295
0.005295
0.005294
0.005293
0.005292
0.005291
0.005290
0.005289
0.005289
0.005288
0.005287
0.005286
0.005285
0.005284
0.005283
0.005283
0.005282
0.005281
0.005280
0.005279
0.005278
0.005277
0.005277
0.005276
0.005275
0.005274
0.005273
0.005272
0.005271
0.005271
0.005270
0.005269
0.005268
0.005267
0.005266
0.005266
0.005265
0.005264
0.005263
0.005262
0.005261
0.005260
0.005260
0.005259
0.005258
0.005257
0.005256
0.005255
0.005255
0.005254
0.005253
0.005252
0.005251
0.005250
0.005249
0.005249
0.005248
0.005247
0.005246
0.005245
0.005244
0.005244
0.005243
0.005242
0.005241
0.005240
0.005239
0.005239
0.005238
0.005237
0.005236
0.005235
0.005234
0.005233
0.005233
0.005232
0.005231
0.005230
0.005229
0.005228
0.005228
0.005227
0.005226
0.005225
0.005224
0.005223
0.005223
0.005222
0.005221
0.005220
0.005219
0.005218
0.005218
0.005217
0.005216
0.005215
0.005214
0.005213
0.005213
0.005212
0.005211
0.005210
0.005209
0.005208
0.005208
0.005207
0.005206
0.005205
0.005204
0.005203
0.005203
0.005202
0.005201
0.005200
0.005199
0.005198
0.005198
0.005197
0.005196
0.005195
0.005194
0.005194
0.005193
0.005192
0.005191
0.005190
0.005189
0.005189
0.005188
0.005187
0.005186
0.005185
0.005184
0.005184
0.005183
0.005182
0.005181
0.005180
0.005179
0.005179
0.005178
0.005177
0.005176
0.005175
0.005175
0.005174
0.005173
0.005172
0.005171
0.005170
0.005170
0.005169
0.005168
0.005167
0.005166
0.005166
0.005165
0.005164
0.005163
0.005162
0.005161
0.005161
0.005160
0.005159
0.005158
0.005157
0.005157
0.005156
0.005155
0.005154
0.005153
0.005152
0.005152
0.005151
0.005150
0.005149
0.005148
0.005148
0.005147
0.005146
0.005145
0.005144
0.005144
0.005143
0.005142
0.005141
0.005140
0.005139
0.005139
0.005138
0.005137
0.005136
0.005135
0.005135
0.005134
0.005133
0.005132
0.005131
0.005131
0.005130
0.005129
0.005128
0.005127
0.005127
0.005126
0.005125
0.005124
0.005123
0.005123
0.005122
0.005121
0.005120
0.005119
0.005119
0.005118
0.005117
0.005116
0.005115
0.005114
0.005114
0.005113
0.005112
0.005111
0.005110
0.005110
0.005109
0.005108
0.005107
0.005106
0.005106
0.005105
0.005104
0.005103
0.005102
0.005102
0.005101
0.005100
0.005099
0.005098
0.005098
0.005097
0.005096
0.005095
0.005095
0.005094
0.005093
0.005092
0.005091
0.005091
0.005090
0.005089
0.005088
0.005087
0.005087
0.005086
0.005085
0.005084
0.005083
0.005083
0.005082
0.005081
0.005080
0.005079
0.005079
0.005078
0.005077
0.005076
0.005075
0.005075
0.005074
0.005073
0.005072
0.005071
0.005071
0.005070
0.005069
0.005068
0.005068
0.005067
0.005066
0.005065
0.005064
0.005064
0.005063
0.005062
0.005061
0.005060
0.005060
0.005059
0.005058
0.005057
0.005057
0.005056
0.005055
0.005054
0.005053
0.005053
0.005052
0.005051
0.005050
0.005049
0.005049
0.005048
0.005047
0.005046
0.005046
0.005045
0.005044
0.005043
0.005042
0.005042
0.005041
0.005040
0.005039
0.005039
0.005038
0.005037
0.005036
0.005035
0.005035
0.005034
0.005033
0.005032
0.005032
0.005031
0.005030
0.005029
0.005028
0.005028
0.005027
0.005026
0.005025
0.005025
0.005024
0.005023
0.005022
0.005021
0.005021
0.005020
0.005019
0.005018
0.005018
0.005017
0.005016
0.005015
0.005014
0.005014
0.005013
0.005012
0.005011
0.005011
0.005010
0.005009
0.005008
0.005007
0.005007
0.005006
0.005005
0.005004
0.005004
0.005003
0.005002
0.005001
0.005001
0.005000
0.004999
0.004998
0.004997
0.004997
0.004996
0.004995
0.004994
0.004994
0.004993
0.004992
0.004991
0.004991
0.004990
0.004989
0.004988
0.004988
0.004987
0.004986
0.004985
0.004984
0.004984
0.004983
0.004982
0.004981
0.004981
0.004980
0.004979
0.004978
0.004978
0.004977
0.004976
0.004975
0.004975
0.004974
0.004973
0.004972
0.004971
0.004971
0.004970
0.004969
0.004968
0.004968
0.004967
0.004966
0.004965
0.004965
0.004964
0.004963
0.004962
0.004962
0.004961
0.004960
0.004959
0.004959
0.004958
0.004957
0.004956
0.004956
0.004955
0.004954
0.004953
0.004953
0.004952
0.004951
0.004950
0.004950
0.004949
0.004948
0.004947
0.004947
0.004946
0.004945
0.004944
0.004944
0.004943
0.004942
0.004941
0.004940
0.004940
0.004939
0.004938
0.004937
0.004937
0.004936
0.004935
0.004934
0.004934
0.004933
0.004932
0.004931
0.004931
0.004930
0.004929
0.004928
0.004928
0.004927
0.004926
0.004926
0.004925
0.004924
0.004923
0.004923
0.004922
0.004921
0.004920
0.004920
0.004919
0.004918
0.004917
0.004917
0.004916
0.004915
0.004914
0.004914
0.004913
0.004912
0.004911
0.004911
0.004910
0.004909
0.004908
0.004908
0.004907
0.004906
0.004905
0.004905
0.004904
0.004903
0.004902
0.004902
0.004901
0.004900
0.004899
0.004899
0.004898
0.004897
0.004897
0.004896
0.004895
0.004894
0.004894
0.004893
0.004892
0.004891
0.004891
0.004890
0.004889
0.004888
0.004888
0.004887
0.004886
0.004885
0.004885
0.004884
0.004883
0.004883
0.004882
0.004881
0.004880
0.004880
0.004879
0.004878
0.004877
0.004877
0.004876
0.004875
0.004874
0.004874
0.004873
0.004872
0.004872
0.004871
0.004870
0.004869
0.004869
0.004868
0.004867
0.004866
0.004866
0.004865
0.004864
0.004863
0.004863
0.004862
0.004861
0.004861
0.004860
0.004859
0.004858
0.004858
0.004857
0.004856
0.004855
0.004855
0.004854
0.004853
0.004853
0.004852
0.004851
0.004850
0.004850
0.004849
0.004848
0.004847
0.004847
0.004846
0.004845
0.004845
0.004844
0.004843
0.004842
0.004842
0.004841
0.004840
0.004840
0.004839
0.004838
0.004837
0.004837
0.004836
0.004835
0.004834
0.004834
0.004833
0.004832
0.004832
0.004831
0.004830
0.004829
0.004829
0.004828
0.004827
0.004827
0.004826
0.004825
0.004824
0.004824
0.004823
0.004822
0.004822
0.004821
0.004820
0.004819
0.004819
0.004818
0.004817
0.004816
0.004816
0.004815
0.004814
0.004814
0.004813
0.004812
0.004811
0.004811
0.004810
0.004809
0.004809
0.004808
0.004807
0.004806
0.004806
0.004805
0.004804
0.004804
0.004803
0.004802
0.004802
0.004801
0.004800
0.004799
0.004799
0.004798
0.004797
0.004797
0.004796
0.004795
0.004794
0.004794
0.004793
0.004792
0.004792
0.004791
0.004790
0.004789
0.004789
0.004788
0.004787
0.004787
0.004786
0.004785
0.004784
0.004784
0.004783
0.004782
0.004782
0.004781
0.004780
0.004780
0.004779
0.004778
0.004777
0.004777
0.004776
0.004775
0.004775
0.004774
0.004773
0.004772
0.004772
0.004771
0.004770
0.004770
0.004769
0.004768
0.004768
0.004767
0.004766
0.004765
0.004765
0.004764
0.004763
0.004763
0.004762
0.004761
0.004761
0.004760
0.004759
0.004758
0.004758
0.004757
0.004756
0.004756
0.004755
0.004754
0.004754
0.004753
0.004752
0.004751
0.004751
0.004750
0.004749
0.004749
0.004748
0.004747
0.004747
0.004746
0.004745
0.004744
0.004744
0.004743
0.004742
0.004742
0.004741
0.004740
0.004740
0.004739
0.004738
0.004738
0.004737
0.004736
0.004735
0.004735
0.004734
0.004733
0.004733
0.004732
0.004731
0.004731
0.004730
0.004729
0.004729
0.004728
0.004727
0.004726
0.004726
0.004725
0.004724
0.004724
0.004723
0.004722
0.004722
0.004721
0.004720
0.004720
0.004719
0.004718
0.004717
0.004717
0.004716
0.004715
0.004715
0.004714
0.004713
0.004713
0.004712
0.004711
0.004711
0.004710
0.004709
0.004709
0.004708
0.004707
0.004707
0.004706
0.004705
0.004704
0.004704
0.004703
0.004702
0.004702
0.004701
0.004700
0.004700
0.004699
0.004698
0.004698
0.004697
0.004696
0.004696
0.004695
0.004694
0.004694
0.004693
0.004692
0.004691
0.004691
0.004690
0.004689
0.004689
0.004688
0.004687
0.004687
0.004686
0.004685
0.004685
0.004684
0.004683
0.004683
0.004682
0.004681
0.004681
0.004680
0.004679
0.004679
0.004678
0.004677
0.004677
0.004676
0.004675
0.004675
0.004674
0.004673
0.004672
0.004672
0.004671
0.004670
0.004670
0.004669
0.004668
0.004668
0.004667
0.004666
0.004666
0.004665
0.004664
0.004664
0.004663
0.004662
0.004662
0.004661
0.004660
0.004660
0.004659
0.004658
0.004658
0.004657
0.004656
0.004656
0.004655
0.004654
0.004654
0.004653
0.004652
0.004652
0.004651
0.004650
0.004650
0.004649
0.004648
0.004648
0.004647
0.004646
0.004646
0.004645
0.004644
0.004644
0.004643
0.004642
0.004642
0.004641
0.004640
0.004640
0.004639
0.004638
0.004638
0.004637
0.004636
0.004636
0.004635
0.004634
0.004634
0.004633
0.004632
0.004632
0.004631
0.004630
0.004630
0.004629
0.004628
0.004628
0.004627
0.004626
0.004626
0.004625
0.004624
0.004624
0.004623
0.004622
0.004622
0.004621
0.004620
0.004620
0.004619
0.004618
0.004618
0.004617
0.004616
0.004616
0.004615
0.004614
0.004614
0.004613
0.004612
0.004612
0.004611
0.004610
0.004610
0.004609
0.004608
0.004608
0.004607
0.004606
0.004606
0.004605
0.004604
0.004604
0.004603
0.004603
0.004602
0.004601
0.004601
0.004600
0.004599
0.004599
0.004598
0.004597
0.004597
0.004596
0.004595
0.004595
0.004594
0.004593
0.004593
0.004592
0.004591
0.004591
0.004590
0.004589
0.004589
0.004588
0.004587
0.004587
0.004586
0.004585
0.004585
0.004584
0.004584
0.004583
0.004582
0.004582
0.004581
0.004580
0.004580
0.004579
0.004578
0.004578
0.004577
0.004576
0.004576
0.004575
0.004574
0.004574
0.004573
0.004572
0.004572
0.004571
0.004571
0.004570
0.004569
0.004569
0.004568
0.004567
0.004567
0.004566
0.004565
0.004565
0.004564
0.004563
0.004563
0.004562
0.004561
0.004561
0.004560
0.004560
0.004559
0.004558
0.004558
0.004557
0.004556
0.004556
0.004555
0.004554
0.004554
0.004553
0.004552
0.004552
0.004551
0.004551
0.004550
0.004549
0.004549
0.004548
0.004547
0.004547
0.004546
0.004545
0.004545
0.004544
0.004543
0.004543
0.004542
0.004542
0.004541
0.004540
0.004540
0.004539
0.004538
0.004538
0.004537
0.004536
0.004536
0.004535
0.004535
0.004534
0.004533
0.004533
0.004532
0.004531
0.004531
0.004530
0.004529
0.004529
0.004528
0.004528
0.004527
0.004526
0.004526
0.004525
0.004524
0.004524
0.004523
0.004522
0.004522
0.004521
0.004521
0.004520
0.004519
0.004519
0.004518
0.004517
0.004517
0.004516
0.004515
0.004515
0.004514
0.004514
0.004513
0.004512
0.004512
0.004511
0.004510
0.004510
0.004509
0.004508
0.004508
0.004507
0.004507
0.004506
0.004505
0.004505
0.004504
0.004503
0.004503
0.004502
0.004502
0.004501
0.004500
0.004500
0.004499
0.004498
0.004498
0.004497
0.004497
0.004496
0.004495
0.004495
0.004494
0.004493
0.004493
0.004492
0.004492
0.004491
0.004490
0.004490
0.004489
0.004488
0.004488
0.004487
0.004486
0.004486
0.004485
0.004485
0.004484
0.004483
0.004483
0.004482
0.004481
0.004481
0.004480
0.004480
0.004479
0.004478
0.004478
0.004477
0.004477
0.004476
0.004475
0.004475
0.004474
0.004473
0.004473
0.004472
0.004472
0.004471
0.004470
0.004470
0.004469
0.004468
0.004468
0.004467
0.004467
0.004466
0.004465
0.004465
0.004464
0.004463
0.004463
0.004462
0.004462
0.004461
0.004460
0.004460
0.004459
0.004459
0.004458
0.004457
0.004457
0.004456
0.004455
0.004455
0.004454
0.004454
0.004453
0.004452
0.004452
0.004451
0.004450
0.004450
0.004449
0.004449
0.004448
0.004447
0.004447
0.004446
0.004446
0.004445
0.004444
0.004444
0.004443
0.004442
0.004442
0.004441
0.004441
0.004440
0.004439
0.004439
0.004438
0.004438
0.004437
0.004436
0.004436
0.004435
0.004435
0.004434
0.004433
0.004433
0.004432
0.004431
0.004431
0.004430
0.004430
0.004429
0.004428
0.004428
0.004427
0.004427
0.004426
0.004425
0.004425
0.004424
0.004424
0.004423
0.004422
0.004422
0.004421
0.004421
0.004420
0.004419
0.004419
0.004418
0.004417
0.004417
0.004416
0.004416
0.004415
0.004414
0.004414
0.004413
0.004413
0.004412
0.004411
0.004411
0.004410
0.004410
0.004409
0.004408
0.004408
0.004407
0.004407
0.004406
0.004405
0.004405
0.004404
0.004404
0.004403
0.004402
0.004402
0.004401
0.004401
0.004400
0.004399
0.004399
0.004398
0.004398
0.004397
0.004396
0.004396
0.004395
0.004394
0.004394
0.004393
0.004393
0.004392
0.004391
0.004391
0.004390
0.004390
0.004389
0.004388
0.004388
0.004387
0.004387
0.004386
0.004385
0.004385
0.004384
0.004384
0.004383
0.004383
0.004382
0.004381
0.004381
0.004380
0.004380
0.004379
0.004378
0.004378
0.004377
0.004377
0.004376
0.004375
0.004375
0.004374
0.004374
0.004373
0.004372
0.004372
0.004371
0.004371
0.004370
0.004369
0.004369
0.004368
0.004368
0.004367
0.004366
0.004366
0.004365
0.004365
0.004364
0.004363
0.004363
0.004362
0.004362
0.004361
0.004360
0.004360
0.004359
0.004359
0.004358
0.004358
0.004357
0.004356
0.004356
0.004355
0.004355
0.004354
0.004353
0.004353
0.004352
0.004352
0.004351
0.004350
0.004350
0.004349
0.004349
0.004348
0.004347
0.004347
0.004346
0.004346
0.004345
0.004345
0.004344
0.004343
0.004343
0.004342
0.004342
0.004341
0.004340
0.004340
0.004339
0.004339
0.004338
0.004337
0.004337
0.004336
0.004336
0.004335
0.004335
0.004334
0.004333
0.004333
0.004332
0.004332
0.004331
0.004330
0.004330
0.004329
0.004329
0.004328
0.004328
0.004327
0.004326
0.004326
0.004325
0.004325
0.004324
0.004323
0.004323
0.004322
0.004322
0.004321
0.004321
0.004320
0.004319
0.004319
0.004318
0.004318
0.004317
0.004316
0.004316
0.004315
0.004315
0.004314
0.004314
0.004313
0.004312
0.004312
0.004311
0.004311
0.004310
0.004310
0.004309
0.004308
0.004308
0.004307
0.004307
0.004306
0.004305
0.004305
0.004304
0.004304
0.004303
0.004303
0.004302
0.004301
0.004301
0.004300
0.004300
0.004299
0.004299
0.004298
0.004297
0.004297
0.004296
0.004296
0.004295
0.004295
0.004294
0.004293
0.004293
0.004292
0.004292
0.004291
0.004290
0.004290
0.004289
0.004289
0.004288
0.004288
0.004287
0.004286
0.004286
0.004285
0.004285
0.004284
0.004284
0.004283
0.004282
0.004282
0.004281
0.004281
0.004280
0.004280
0.004279
0.004278
0.004278
0.004277
0.004277
0.004276
0.004276
0.004275
0.004274
0.004274
0.004273
0.004273
0.004272
0.004272
0.004271
0.004270
0.004270
0.004269
0.004269
0.004268
0.004268
0.004267
0.004266
0.004266
0.004265
0.004265
0.004264
0.004264
0.004263
0.004263
0.004262
0.004261
0.004261
0.004260
0.004260
0.004259
0.004259
0.004258
0.004257
0.004257
0.004256
0.004256
0.004255
0.004255
0.004254
0.004253
0.004253
0.004252
0.004252
0.004251
0.004251
0.004250
0.004250
0.004249
0.004248
0.004248
0.004247
0.004247
0.004246
0.004246
0.004245
0.004244
0.004244
0.004243
0.004243
0.004242
0.004242
0.004241
0.004240
0.004240
0.004239
0.004239
0.004238
0.004238
0.004237
0.004237
0.004236
0.004235
0.004235
0.004234
0.004234
0.004233
0.004233
0.004232
0.004232
0.004231
0.004230
0.004230
0.004229
0.004229
0.004228
0.004228
0.004227
0.004227
0.004226
0.004225
0.004225
0.004224
0.004224
0.004223
0.004223
0.004222
0.004221
0.004221
0.004220
0.004220
0.004219
0.004219
0.004218
0.004218
0.004217
0.004216
0.004216
0.004215
0.004215
0.004214
0.004214
0.004213
0.004213
0.004212
0.004211
0.004211
0.004210
0.004210
0.004209
0.004209
0.004208
0.004208
0.004207
0.004206
0.004206
0.004205
0.004205
0.004204
0.004204
0.004203
0.004203
0.004202
0.004202
0.004201
0.004200
0.004200
0.004199
0.004199
0.004198
0.004198
0.004197
0.004197
0.004196
0.004195
0.004195
0.004194
0.004194
0.004193
0.004193
0.004192
0.004192
0.004191
0.004191
0.004190
0.004189
0.004189
0.004188
0.004188
0.004187
0.004187
0.004186
0.004186
0.004185
0.004184
0.004184
0.004183
0.004183
0.004182
0.004182
0.004181
0.004181
0.004180
0.004180
0.004179
0.004178
0.004178
0.004177
0.004177
0.004176
0.004176
0.004175
0.004175
0.004174
0.004174
0.004173
0.004172
0.004172
0.004171
0.004171
0.004170
0.004170
0.004169
0.004169
0.004168
0.004168
0.004167
0.004166
0.004166
0.004165
0.004165
0.004164
0.004164
0.004163
0.004163
0.004162
0.004162
0.004161
0.004161
0.004160
0.004159
0.004159
0.004158
0.004158
0.004157
0.004157
0.004156
0.004156
0.004155
0.004155
0.004154
0.004153
0.004153
0.004152
0.004152
0.004151
0.004151
0.004150
0.004150
0.004149
0.004149
0.004148
0.004148
0.004147
0.004146
0.004146
0.004145
0.004145
0.004144
0.004144
0.004143
0.004143
0.004142
0.004142
0.004141
0.004141
0.004140
0.004140
0.004139
0.004138
0.004138
0.004137
0.004137
0.004136
0.004136
0.004135
0.004135
0.004134
0.004134
0.004133
0.004133
0.004132
0.004131
0.004131
0.004130
0.004130
0.004129
0.004129
0.004128
0.004128
0.004127
0.004127
0.004126
0.004126
0.004125
0.004125
0.004124
0.004123
0.004123
0.004122
0.004122
0.004121
0.004121
0.004120
0.004120
0.004119
0.004119
0.004118
0.004118
0.004117
0.004117
0.004116
0.004116
0.004115
0.004114
0.004114
0.004113
0.004113
0.004112
0.004112
0.004111
0.004111
0.004110
0.004110
0.004109
0.004109
0.004108
0.004108
0.004107
0.004107
0.004106
0.004105
0.004105
0.004104
0.004104
0.004103
0.004103
0.004102
0.004102
0.004101
0.004101
0.004100
0.004100
0.004099
0.004099
0.004098
0.004098
0.004097
0.004096
0.004096
0.004095
0.004095
0.004094
0.004094
0.004093
0.004093
0.004092
0.004092
0.004091
0.004091
0.004090
0.004090
0.004089
0.004089
0.004088
0.004088
0.004087
0.004087
0.004086
0.004085
0.004085
0.004084
0.004084
0.004083
0.004083
0.004082
0.004082
0.004081
0.004081
0.004080
0.004080
0.004079
0.004079
0.004078
0.004078
0.004077
0.004077
0.004076
0.004076
0.004075
0.004075
0.004074
0.004073
0.004073
0.004072
0.004072
0.004071
0.004071
0.004070
0.004070
0.004069
0.004069
0.004068
0.004068
0.004067
0.004067
0.004066
0.004066
0.004065
0.004065
0.004064
0.004064
0.004063
0.004063
0.004062
0.004062
0.004061
0.004061
0.004060
0.004059
0.004059
0.004058
0.004058
0.004057
0.004057
0.004056
0.004056
0.004055
0.004055
0.004054
0.004054
0.004053
0.004053
0.004052
0.004052
0.004051
0.004051
0.004050
0.004050
0.004049
0.004049
0.004048
0.004048
0.004047
0.004047
0.004046
0.004046
0.004045
0.004045
0.004044
0.004044
0.004043
0.004043
0.004042
0.004041
0.004041
0.004040
0.004040
0.004039
0.004039
0.004038
0.004038
0.004037
0.004037
0.004036
0.004036
0.004035
0.004035
0.004034
0.004034
0.004033
0.004033
0.004032
0.004032
0.004031
0.004031
0.004030
0.004030
0.004029
0.004029
0.004028
0.004028
0.004027
0.004027
0.004026
0.004026
0.004025
0.004025
0.004024
0.004024
0.004023
0.004023
0.004022
0.004022
0.004021
0.004021
0.004020
0.004020
0.004019
0.004019
0.004018
0.004018
0.004017
0.004017
0.004016
0.004016
0.004015
0.004015
0.004014
0.004013
0.004013
0.004012
0.004012
0.004011
0.004011
0.004010
0.004010
0.004009
0.004009
0.004008
0.004008
0.004007
0.004007
0.004006
0.004006
0.004005
0.004005
0.004004
0.004004
0.004003
0.004003
0.004002
0.004002
0.004001
0.004001
0.004000
0.004000
0.003999
0.003999
0.003998
0.003998
0.003997
0.003997
0.003996
0.003996
0.003995
0.003995
0.003994
0.003994
0.003993
0.003993
0.003992
0.003992
0.003991
0.003991
0.003990
0.003990
0.003989
0.003989
0.003988
0.003988
0.003987
0.003987
0.003986
0.003986
0.003985
0.003985
0.003984
0.003984
0.003983
0.003983
0.003982
0.003982
0.003981
0.003981
0.003980
0.003980
0.003979
0.003979
0.003978
0.003978
0.003977
0.003977
0.003976
0.003976
0.003975
0.003975
0.003974
0.003974
0.003973
0.003973
0.003972
0.003972
0.003971
0.003971
0.003970
0.003970
0.003969
0.003969
0.003968
0.003968
0.003968
0.003967
0.003967
0.003966
0.003966
0.003965
0.003965
0.003964
0.003964
0.003963
0.003963
0.003962
0.003962
0.003961
0.003961
0.003960
0.003960
0.003959
0.003959
0.003958
0.003958
0.003957
0.003957
0.003956
0.003956
0.003955
0.003955
0.003954
0.003954
0.003953
0.003953
0.003952
0.003952
0.003951
0.003951
0.003950
0.003950
0.003949
0.003949
0.003948
0.003948
0.003947
0.003947
0.003946
0.003946
0.003945
0.003945
0.003944
0.003944
0.003943
0.003943
0.003942
0.003942
0.003941
0.003941
0.003940
0.003940
0.003940
0.003939
0.003939
0.003938
0.003938
0.003937
0.003937
0.003936
0.003936
0.003935
0.003935
0.003934
0.003934
0.003933
0.003933
0.003932
0.003932
0.003931
0.003931
0.003930
0.003930
0.003929
0.003929
0.003928
0.003928
0.003927
0.003927
0.003926
0.003926
0.003925
0.003925
0.003924
0.003924
0.003923
0.003923
0.003923
0.003922
0.003922
0.003921
0.003921
0.003920
0.003920
0.003919
0.003919
0.003918
0.003918
0.003917
0.003917
0.003916
0.003916
0.003915
0.003915
0.003914
0.003914
0.003913
0.003913
0.003912
0.003912
0.003911
0.003911
0.003910
0.003910
0.003909
0.003909
0.003909
0.003908
0.003908
0.003907
0.003907
0.003906
0.003906
0.003905
0.003905
0.003904
0.003904
0.003903
0.003903
0.003902
0.003902
0.003901
0.003901
0.003900
0.003900
0.003899
0.003899
0.003898
0.003898
0.003898
0.003897
0.003897
0.003896
0.003896
0.003895
0.003895
0.003894
0.003894
0.003893
0.003893
0.003892
0.003892
0.003891
0.003891
0.003890
0.003890
0.003889
0.003889
0.003888
0.003888
0.003887
0.003887
0.003887
0.003886
0.003886
0.003885
0.003885
0.003884
0.003884
0.003883
0.003883
0.003882
0.003882
0.003881
0.003881
0.003880
0.003880
0.003879
0.003879
0.003878
0.003878
0.003878
0.003877
0.003877
0.003876
0.003876
0.003875
0.003875
0.003874
0.003874
0.003873
0.003873
0.003872
0.003872
0.003871
0.003871
0.003870
0.003870
0.003870
0.003869
0.003869
0.003868
0.003868
0.003867
0.003867
0.003866
0.003866
0.003865
0.003865
0.003864
0.003864
0.003863
0.003863
0.003862
0.003862
0.003862
0.003861
0.003861
0.003860
0.003860
0.003859
0.003859
0.003858
0.003858
0.003857
0.003857
0.003856
0.003856
0.003855
0.003855
0.003854
0.003854
0.003854
0.003853
0.003853
0.003852
0.003852
0.003851
0.003851
0.003850
0.003850
0.003849
0.003849
0.003848
0.003848
0.003847
0.003847
0.003847
0.003846
0.003846
0.003845
0.003845
0.003844
0.003844
0.003843
0.003843
0.003842
0.003842
0.003841
0.003841
0.003840
0.003840
0.003840
0.003839
0.003839
0.003838
0.003838
0.003837
0.003837
0.003836
0.003836
0.003835
0.003835
0.003834
0.003834
0.003834
0.003833
0.003833
0.003832
0.003832
0.003831
0.003831
0.003830
0.003830
0.003829
0.003829
0.003828
0.003828
0.003828
0.003827
0.003827
0.003826
0.003826
