28.236314
26.119811
14.636978
14.677910
14.666555
14.655674
14.645211
14.635108
14.625302
14.615734
14.606347
14.597094
14.587933
14.578833
14.569776
14.560752
14.551763
14.542822
14.533945
14.525156
14.516479
14.507936
14.499550
14.491336
14.483308
14.475476
14.467845
14.460416
14.453188
14.446158
14.439319
14.432665
14.426186
14.419875
14.413721
14.407715
14.401848
14.396112
14.390499
14.385001
14.379613
14.374328
14.369144
14.364055
14.359059
14.354152
14.349333
14.344598
14.339946
14.335374
14.330879
14.326459
14.322109
14.317826
14.313606
14.309444
14.305335
14.301274
14.297255
14.293273
14.289321
14.285394
14.281486
14.277590
14.273702
14.269815
14.265923
14.262022
14.258106
14.254171
14.250211
14.246223
14.242204
14.238148
14.234054
14.229918
14.225738
14.221512
14.217239
14.212917
14.208547
14.204128
14.199660
14.195144
14.190582
14.185975
14.181326
14.176637
14.171911
14.167152
14.162363
14.157549
14.152712
14.147857
14.142989
14.138110
14.133226
14.128339
14.123453
14.118571
14.113695
14.108827
14.103969
14.099123
14.094287
14.089462
14.084648
14.079843
14.075045
14.070252
14.065461
14.060667
14.055867
14.051055
14.046226
14.041373
14.036487
14.031562
14.026587
14.021551
14.016441
14.011245
14.005945
14.000525
13.994964
13.989238
13.983321
13.977184
13.970790
13.964102
13.957074
13.949654
13.941784
13.933398
13.924420
13.914769
13.904353
13.893079
13.880848
13.867570
13.853166
13.837584
13.820812
13.802884
13.783884
13.763932
13.743147
13.721611
13.699345
13.676334
13.652612
13.628360
13.603978
13.580071
13.557357
13.536549
13.518248
13.502900
13.490803
13.482132
13.476934
13.474982
13.475435
13.476518
13.476042
13.472676
13.466081
13.456464
13.444599
13.431362
13.416926
13.400190
13.378445
13.347176
13.300954
13.246810
13.258280
13.215093
12.940408
12.769520
12.630319
12.382296
11.996422
11.721806
11.584798
11.686678
11.956097
11.967475
11.806080
11.705102
11.576639
11.654658
11.608348
11.503978
11.601819
11.298518
11.290158
11.248075
13.768881
11.306500
11.607114
11.665194
10.519466
11.688161
10.308639
11.846442
11.274175
10.820816
13.688355
13.942235
13.853650
13.175454
13.152622
12.452512
12.018882
11.631760
11.282509
11.927644
11.838457
11.296050
11.617272
11.959427
11.352637
10.759188
11.248966
11.933589
11.770157
11.478074
10.888614
11.567257
10.931726
11.807745
11.141880
11.154885
11.482425
10.520349
11.612150
10.851016
10.938842
10.478351
10.636912
11.008524
11.475862
10.962608
10.980666
10.800061
11.293196
10.785881
11.002925
10.709220
11.522975
10.812454
11.630740
10.912413
11.267807
10.484335
10.640721
11.690852
10.729350
10.715190
11.024653
11.286596
10.669828
11.071180
10.920770
10.551075
10.850868
11.167594
11.298968
10.387619
11.778410
11.035475
11.199604
10.491415
10.905873
10.564524
10.963319
10.325114
10.327900
10.327152
10.326850
10.325966
10.324938
10.323923
10.322953
10.322026
10.321136
10.320282
10.319468
10.318709
10.318020
10.317419
10.316903
10.316442
10.316009
10.315703
10.315978
10.319735
10.568003
10.308125
10.303961
10.308167
10.310301
10.637541
12.021845
10.317197
10.675368
10.554207
10.379587
10.921825
10.508527
10.821564
10.753020
10.475771
10.331117
10.232339
10.474998
10.387116
10.496240
10.906003
11.182608
11.065914
10.258685
10.773587
10.769179
10.647231
10.589086
10.263599
10.750949
10.743031
10.455490
11.110175
10.696802
10.417607
11.064025
10.588463
11.136962
11.217817
10.930385
10.607920
11.110155
9.637670
9.572359
10.177974
9.813986
10.242648
10.287082
10.862448
10.815122
10.353204
9.622323
10.864771
10.196512
10.729560
13.656085
10.082077
10.882099
10.109537
10.306688
9.710230
10.665200
10.287210
11.016504
10.726894
10.646902
10.653312
10.379680
10.220906
9.565881
10.177856
11.255334
10.983031
9.783250
10.697596
9.474624
9.782933
10.952161
10.359734
10.150513
10.170032
9.565408
9.239762
9.692624
10.874570
10.233905
10.695273
10.887890
11.082446
9.824056
10.468097
10.703989
10.036205
10.178764
9.624961
10.321341
10.172649
10.647617
10.665658
11.000424
11.369680
10.873935
10.757665
10.216141
10.247955
10.644586
10.632961
10.373312
10.543248
10.296513
9.995379
9.502260
10.448268
9.359066
11.188902
11.211381
11.489764
11.482513
11.144882
12.698683
11.038285
10.657736
10.576769
11.564891
11.266131
10.178348
9.860185
10.291698
10.536211
11.422611
9.850183
11.663974
10.801338
11.036647
11.182820
9.040786
11.049136
10.095337
11.081132
9.852677
10.999464
10.865532
10.458692
11.278575
10.857585
10.312488
10.814454
9.921256
10.516259
10.927587
11.434879
10.909823
9.995277
10.131921
9.980004
9.354485
9.962466
10.586925
9.682798
9.118828
9.104567
9.515517
10.549422
11.654421
10.429950
10.040565
10.316955
10.981221
10.256928
10.109930
10.760360
9.994367
9.432703
8.874820
9.563060
9.982879
10.826801
10.987425
10.750591
9.480200
10.524527
10.310362
9.771531
9.248444
8.850315
11.146354
10.101783
9.924767
10.424740
9.806517
10.325250
10.783330
9.390450
9.558087
9.336704
8.489362
8.739140
9.005271
9.664778
10.705304
9.613498
9.585689
8.503333
9.299989
8.913251
6.929285
8.926831
7.418850
10.928794
7.256272
7.993959
7.587684
12.530118
8.194208
6.405660
7.749407
8.023807
7.088123
6.100484
9.090312
8.114174
8.018198
7.905168
7.225497
6.791644
8.228555
7.223867
6.397455
7.430304
7.365139
7.712966
6.996860
7.040075
6.459499
7.039233
7.396917
6.027181
6.710563
8.236608
6.908515
6.914583
7.094624
6.046723
6.914921
8.234040
6.557631
7.355093
6.298770
7.913183
5.804931
6.590541
5.733843
5.952688
6.184111
8.276043
6.864302
8.166705
6.400610
6.555528
6.194855
6.191952
9.174667
6.720500
5.216358
7.501577
5.909462
6.229112
6.844409
8.837904
8.795807
9.361296
8.391169
8.906779
6.835225
6.054914
5.555681
5.500867
6.998238
7.344910
6.341840
6.927681
6.184777
5.585164
5.650546
6.091158
10.049067
6.097483
5.811022
6.063811
4.942672
7.346936
6.790879
5.352812
5.567550
6.976232
6.518292
6.429588
5.878141
5.196895
4.957996
6.958972
6.017365
5.930380
6.596661
6.280735
6.000478
7.384934
6.460746
5.419089
5.683651
4.951125
5.760810
5.579426
7.561278
5.697887
5.844191
5.500611
7.889544
5.013112
5.691379
6.221669
4.933817
4.818273
6.160539
6.211147
6.549332
10.740332
5.298610
4.790297
4.856692
9.085832
6.261486
7.970058
5.412733
4.407946
4.381863
8.292777
5.665338
6.165762
6.981373
4.758637
5.270345
4.679326
8.041177
6.923315
7.996245
5.108855
4.718572
4.364837
5.550383
6.413221
6.420569
9.701596
8.368897
9.010871
8.982331
6.031807
5.963799
6.589536
4.797873
5.083031
4.321806
6.107203
5.352445
6.243799
5.117776
8.034766
8.816739
6.278084
6.147197
4.791848
5.522859
5.860773
5.125331
5.564387
5.190233
6.703107
4.409614
4.898543
4.476834
5.032121
4.717407
3.976318
4.062483
4.387855
4.025499
4.956780
4.256263
3.911370
4.280390
4.142677
4.546048
4.054878
4.510484
3.882359
4.366809
4.224863
3.513389
4.560668
3.843406
4.239760
4.996891
4.433561
4.968002
4.490615
4.326439
5.220883
5.647507
4.715368
5.514187
3.403799
4.549075
5.296711
4.617165
6.170952
5.992131
4.760905
3.411410
3.229509
3.804122
4.679677
3.385911
3.120117
3.522930
3.563168
2.467844
4.050317
2.654800
6.282147
5.501428
4.502691
5.029811
6.227763
4.051919
4.345923
4.212842
4.790781
3.625959
3.738444
5.615133
4.498022
2.891873
3.684841
3.609142
3.629019
3.272800
4.687365
3.747426
3.707394
3.203031
3.762451
3.259990
3.796563
5.849217
3.154619
2.837061
4.538680
6.103360
7.084359
2.919651
4.420221
3.664307
4.379124
4.766981
3.475490
3.721346
2.634780
3.971240
3.947979
3.754203
3.732250
2.880185
2.990629
3.895290
4.466823
3.624703
7.546167
4.552362
4.554291
6.452012
3.805653
3.543762
4.502451
3.682042
3.654018
4.562470
3.850976
4.306184
4.472765
3.687718
4.684954
3.561148
3.179735
3.458330
4.186559
3.156123
3.675468
2.992500
2.859856
2.727988
3.520269
3.513446
3.179669
3.366826
3.244769
3.212390
2.877743
2.940958
2.880731
2.866064
2.881322
2.827410
2.809922
2.789839
2.770745
2.756683
2.747693
2.695595
3.077022
2.572952
3.477357
3.488807
3.357377
2.831543
2.831022
2.652408
2.579849
3.268467
5.698951
4.299607
3.858549
2.636163
3.282659
2.545870
2.624844
2.092028
3.068921
2.705219
2.767875
6.912968
6.636111
3.346755
4.105612
5.113451
3.693432
4.820914
5.596101
4.226305
4.396474
3.831645
2.923398
3.177104
3.862809
3.663450
3.024004
4.199768
4.195867
3.262302
2.527977
2.417506
4.495832
4.935180
3.154998
3.078953
2.508236
3.900491
2.977780
2.524567
2.504338
2.773557
2.531863
3.166183
3.153386
2.171232
2.698144
2.758696
3.760271
4.046631
4.172929
2.407115
3.233115
3.042617
2.995786
3.284272
4.374363
4.105240
2.729783
2.329530
2.407122
2.679146
2.621988
2.022467
4.091801
4.458568
3.601524
2.354617
2.169852
2.156311
2.343233
2.991077
2.535372
2.206801
2.846679
4.036586
3.066753
4.945075
2.373337
4.288153
2.068737
2.069853
1.922201
1.768273
3.653469
4.844593
2.396572
2.543418
2.627308
2.502022
4.260259
3.248019
2.027681
3.809899
3.274137
2.092615
3.186295
3.381821
2.378365
1.756169
1.766992
1.786102
2.916666
3.874941
3.894976
2.992135
3.040156
1.756300
1.658119
1.951203
2.632709
1.989932
5.530423
3.551499
4.380183
3.893116
2.883317
3.682186
3.968274
2.592870
2.473232
1.762176
4.064583
2.497053
3.434971
3.498400
3.110519
1.704280
1.753369
1.952931
2.352475
2.035501
6.328594
6.121008
2.526276
2.031480
2.456666
2.175887
1.993641
3.747540
2.958530
2.543117
2.507821
2.521429
2.926417
2.805167
2.940945
2.532653
2.041211
2.222925
2.730920
2.664133
1.383850
2.543787
2.691889
2.423283
3.976194
4.858193
4.880286
2.519319
1.637001
1.619531
1.686661
1.764148
1.462650
1.744004
3.132825
3.660603
4.237411
4.186093
2.118283
1.613690
1.404935
1.130085
2.177666
4.229849
2.303174
2.398771
5.617028
4.535877
1.612506
2.173180
1.556207
4.140170
1.861180
2.524453
1.767697
4.060198
2.095412
1.549412
1.512923
1.493472
1.393931
1.250389
1.331352
2.138471
1.582289
1.150803
1.255141
1.096067
1.135585
1.932127
6.309831
6.910551
2.593587
1.533110
1.315294
1.390859
1.994160
8.184652
7.730736
5.478574
3.958923
2.919797
2.119325
1.667856
5.963284
4.866966
2.338807
2.046683
3.430313
0.856710
1.179906
1.061119
1.132563
0.959040
1.059964
1.296574
3.659882
7.358023
4.082215
2.933285
2.718167
3.690264
2.199833
4.000242
3.058867
7.984105
2.003669
1.404579
0.925592
2.467545
3.713070
1.838117
3.611572
1.643983
3.117807
4.860144
2.710098
2.301021
3.581337
3.394817
1.335887
2.205243
0.862286
1.312572
1.168078
3.252750
3.689351
1.118756
1.470791
1.599276
1.143460
1.042473
1.934674
4.648472
1.498391
0.990784
1.880575
2.685992
2.295767
1.424463
1.244075
3.405159
3.589448
1.700829
2.890679
3.568806
1.466126
0.684178
1.104900
0.514854
0.487203
3.414819
4.736068
6.508995
2.123015
2.979767
1.265144
2.762995
4.529574
5.037892
2.387725
0.755116
0.989569
1.096015
1.121524
2.601220
1.649675
1.439571
1.007298
0.889781
2.131060
2.005141
0.989422
0.740273
1.109104
1.293010
1.545401
3.147681
4.619500
1.571153
1.689984
3.843587
1.899339
4.534466
1.441255
1.562426
0.552682
1.412081
0.721723
3.780452
6.551094
3.470613
1.856641
1.874125
1.418273
1.237274
1.151703
1.918421
2.205994
2.050706
1.265673
2.886839
1.276066
7.551382
2.235716
1.468917
1.057076
1.252933
4.597403
2.124744
1.178222
0.748307
1.150053
1.039606
2.133999
1.751249
1.036276
1.107201
0.940829
1.187253
3.997278
4.857968
8.601270
3.979068
1.115680
0.855115
0.958197
0.963892
1.182749
1.592197
1.108344
1.444434
1.682160
5.588856
7.664054
1.958821
1.521869
0.877278
2.605575
4.951444
4.145110
1.461359
1.753691
1.444737
0.645534
0.753092
3.770662
4.272930
9.233324
6.905352
0.873227
1.254798
0.567305
2.916191
3.554130
2.591428
0.956073
3.565535
2.630555
1.837625
1.223549
0.835676
1.270035
1.756244
0.688889
1.172704
0.758112
3.338115
6.316124
2.488552
2.270671
1.890296
1.390391
1.100656
1.736484
1.229633
0.829558
1.027492
1.107818
3.428385
3.726155
1.852284
2.955242
1.205269
8.139174
3.585391
2.341724
2.453211
3.031072
1.581980
6.569108
1.413379
1.348621
2.078363
1.339992
2.071412
3.282439
2.218229
1.662336
2.314523
2.024214
2.766548
0.901982
1.633288
3.210274
1.832575
1.439825
1.496153
1.752624
2.010525
1.668130
3.117122
2.031117
3.073052
3.576235
2.115325
2.852889
0.906600
1.261292
4.369068
9.610659
2.858078
1.718152
0.730735
1.564666
2.126211
2.193288
0.694325
1.369847
1.841674
1.572357
3.754309
1.473103
1.309345
3.338036
3.150390
4.986354
2.240947
2.371872
1.781665
2.807067
2.495642
2.461300
2.420059
2.114834
1.803375
1.980265
2.251905
2.152303
1.529096
1.162327
1.484289
1.477792
0.700398
0.893133
1.556592
1.197052
0.751113
1.698283
0.819893
5.106410
4.694099
2.483727
1.424062
0.874896
0.779787
4.057770
1.473621
1.499208
0.986079
0.690291
4.048914
8.859842
4.655815
4.312309
4.112826
2.754312
2.137990
1.433547
2.192957
5.061721
2.571907
4.196671
2.024559
1.235931
1.019101
5.589579
0.551785
0.534248
2.627773
1.887290
1.700074
4.661241
3.621971
2.626554
3.816578
2.813183
4.067081
2.334323
1.293902
0.756200
3.202913
2.897897
6.922329
3.495381
4.628792
3.106616
3.096503
2.873683
2.930727
1.831046
1.236218
1.982950
0.978148
0.399592
0.710143
0.528128
0.364044
3.749894
5.939795
5.134752
3.370594
1.660633
1.049470
0.606449
1.687319
2.515599
1.017730
3.376008
2.513892
1.998167
1.324185
1.035646
1.018884
1.051735
0.970833
1.898598
1.806216
0.761090
2.958491
2.765626
4.322986
2.554513
2.104518
6.758347
1.362819
0.805967
0.936279
1.006337
2.274437
1.485967
3.261422
3.168540
2.723192
5.138792
3.217501
1.822472
1.660584
3.217100
3.109626
1.337019
0.648198
1.361388
0.816091
2.125391
5.263949
4.415731
4.138727
3.798458
1.069939
1.161433
1.106810
1.612841
1.787015
1.157420
2.092614
1.569875
1.049546
0.618683
3.228519
1.293069
0.906488
1.260719
1.173098
1.817282
3.695525
2.782568
4.216910
1.058570
1.208337
2.042977
2.027762
2.132320
1.193037
1.441770
2.968252
3.955384
6.693332
5.683591
6.715005
1.159418
0.978802
1.505681
1.767067
4.093020
1.415046
1.776930
2.981886
0.792970
3.548564
1.395460
3.264934
2.548601
1.292708
1.040539
0.517354
2.481901
1.633678
2.490932
3.443926
1.986027
1.399452
1.494816
1.023604
0.883531
1.607055
1.309743
1.654349
1.721673
1.889649
0.812018
0.497361
0.974454
1.728199
1.141615
1.028397
3.186666
2.764642
2.335454
1.566088
1.672053
0.422910
0.356634
0.301281
0.300018
0.294240
0.301755
0.298728
0.301363
0.301927
0.300836
0.299889
0.298870
0.297803
0.296813
0.295890
0.295033
0.294234
0.293488
0.292787
0.292126
0.291500
0.290908
0.290346
0.289814
0.289309
0.288833
0.288382
0.287961
0.287562
0.287196
0.286845
0.286533
0.286221
0.285965
0.285671
0.285490
0.285171
0.285127
0.284674
0.284947
0.284104
0.285165
0.283363
0.286331
0.282392
0.289131
0.280829
0.290986
0.278974
0.288760
0.278625
0.287655
0.278548
0.285706
0.279375
0.284606
0.280729
0.283555
0.282293
0.282983
0.282842
0.282771
0.282709
0.282635
0.282553
0.282470
0.282385
0.282298
0.282209
0.282116
0.282021
0.281924
0.281825
0.281725
0.281623
0.281519
0.281415
0.281310
0.281205
0.281100
0.280996
0.280891
0.280788
0.280686
0.280584
0.280485
0.280387
0.280291
0.280197
0.280106
0.280017
0.279930
0.279847
0.279766
0.279688
0.279613
0.279541
0.279473
0.279407
0.279346
0.279287
0.279232
0.279181
0.279133
0.279088
0.279047
0.279009
0.278974
0.278942
0.278912
0.278885
0.278860
0.278838
0.278815
0.278791
0.278766
0.278745
0.278725
0.278689
0.278624
0.278569
0.278595
0.278645
0.278437
0.277872
0.277818
0.279452
0.281308
0.277328
0.268241
0.276375
0.337759
6.795691
9.534740
8.221472
11.994079
2.691691
1.504860
1.232226
1.055959
2.167085
1.938423
1.172961
1.425856
5.157549
4.007634
3.073127
7.598700
5.913664
3.487705
2.968792
2.245669
1.968392
2.077946
0.842308
4.816648
6.212429
4.595764
8.548604
1.297494
2.087488
2.362278
0.244085
5.920540
0.886202
0.999123
1.618824
0.478141
0.150674
0.236629
0.104797
0.121959
1.675841
3.071571
7.108137
10.552976
4.751266
4.678164
4.543603
3.516178
3.658097
1.201841
0.700159
4.286630
3.055488
2.491831
0.696671
2.729683
1.357798
3.031288
4.632874
2.876606
0.914318
1.740112
0.337022
3.327290
2.422785
1.446340
0.771892
1.208778
0.779042
1.146668
1.626829
1.308586
0.652512
0.635318
0.374726
1.250154
0.362839
2.029442
1.997239
4.486746
4.659569
4.362791
2.581710
1.816336
1.746106
2.178186
0.836014
0.740495
1.476283
1.239690
1.476732
2.351815
1.800005
0.894082
0.584626
0.385673
1.186760
2.249335
2.524739
0.932964
1.826223
0.609234
1.280102
1.137616
0.561461
0.716777
0.928852
7.512346
4.221724
3.061793
0.709456
0.751467
1.168467
2.515671
0.698131
0.343680
1.120646
2.020171
0.600995
0.625372
0.269548
2.809092
2.031844
2.814528
5.056975
8.319503
3.117771
2.816113
1.874492
1.699153
0.446985
0.803714
0.255689
0.241555
0.208533
0.184464
2.257326
3.445634
2.322138
0.558222
0.526984
0.432459
0.098246
0.177837
3.096527
3.273012
1.472115
6.644714
3.098869
0.838892
6.404953
4.387300
2.183316
1.039256
0.383475
0.873320
0.977063
0.421393
0.434523
6.256538
4.774587
2.874728
4.779587
3.881748
1.250010
0.774852
1.607660
0.736066
0.369182
0.653050
2.229732
0.899565
2.147715
2.165420
2.247504
0.857985
0.214100
0.165646
1.700502
4.730941
2.240423
0.927015
0.734337
1.892690
0.734269
1.451171
0.750469
0.791195
2.742778
1.384620
3.159838
2.806273
0.641383
2.817158
2.270864
2.633830
3.143978
1.773887
3.459703
3.034142
3.077388
3.040962
3.100963
3.126991
1.702082
0.495497
0.389018
0.276104
0.210393
0.264313
0.306740
0.188405
0.301016
0.326292
0.366002
0.308227
1.391145
2.304752
6.844180
11.026724
6.005697
1.027557
2.123144
2.435353
1.668427
1.055330
1.217832
3.906098
1.973423
0.839246
3.088575
3.671568
0.526141
0.252382
0.172279
0.135075
0.133168
0.150742
0.161172
0.125276
2.921362
11.080909
6.063742
2.556312
0.951519
4.911977
0.971168
1.894686
2.651814
0.560295
2.541830
1.194813
0.888075
0.879410
1.542055
3.485841
1.563562
0.917907
0.610217
0.192398
0.158682
0.149951
0.173159
0.956609
1.533927
0.595253
3.050194
3.287247
3.206750
3.391880
2.265882
4.820136
1.591264
1.971947
2.271378
0.337095
3.593185
2.754403
1.026200
0.447844
1.343019
0.289948
0.250054
0.173226
0.670945
7.422838
3.233232
6.792328
3.653647
3.104228
1.466114
1.231400
0.702430
1.228801
3.460051
0.765185
1.515415
3.347626
0.788561
2.298558
0.314456
0.185898
0.145981
0.120029
0.106949
0.086386
0.072502
0.051327
0.025380
0.010346
0.009911
0.009532
0.009196
0.008892
0.008616
0.008362
0.008128
0.007910
0.007708
0.007519
0.007341
0.007175
0.007017
0.006869
0.006728
0.006595
0.006468
0.006348
0.006233
0.006123
0.006018
0.005917
0.005821
0.005728
0.005639
0.005554
0.005472
0.005392
0.005316
0.005242
0.005171
0.005102
0.005035
0.004970
0.004908
0.004847
0.004788
0.004731
0.004676
0.004622
0.004569
0.004518
0.004469
0.004420
0.004373
0.004327
0.004283
0.004239
0.004197
0.004155
0.004114
0.004075
0.004036
0.003998
0.003961
0.003925
0.003890
0.003855
0.003821
0.003788
0.003755
0.003723
0.003692
0.003661
0.003631
0.003602
0.003573
0.003544
0.003516
0.003489
0.003462
0.003436
0.003410
0.003384
0.003359
0.003335
0.003311
0.003287
0.003263
0.003240
0.003218
0.003195
0.003174
0.003152
0.003131
0.003110
0.003089
0.003069
0.003049
0.003029
0.003010
0.002991
0.002972
0.002953
0.002935
0.002917
0.002899
0.002882
0.002864
0.002847
0.002830
0.002814
0.002797
0.002781
0.002765
0.002750
0.002734
0.002719
0.002703
0.002688
0.002674
0.002659
0.002645
0.002630
0.002616
0.002602
0.002589
0.002575
0.002562
0.002548
0.002535
0.002522
0.002509
0.002497
0.002484
0.002472
0.002460
0.002447
0.002436
0.002424
0.002412
0.002400
0.002389
0.002377
0.002366
0.002355
0.002344
0.002333
0.002322
0.002312
0.002301
0.002291
0.002280
0.002270
0.002260
0.002250
0.002240
0.002230
0.002220
0.002211
0.002201
0.002192
0.002182
0.002173
0.002164
0.002155
0.002146
0.002137
0.002128
0.002119
0.002110
0.002102
0.002093
0.002085
0.002076
0.002068
0.002060
0.002052
0.002043
0.002035
0.002027
0.002019
0.002012
0.002004
0.001996
0.001988
0.001981
0.001973
0.001966
0.001959
0.001951
0.001944
0.001937
0.001930
0.001922
0.001915
0.001908
0.001901
0.001895
0.001888
0.001881
0.001874
0.001868
0.001861
0.001854
0.001848
0.001841
0.001835
0.001829
0.001822
0.001816
0.001810
0.001804
0.001798
0.001791
0.001785
0.001779
0.001773
0.001768
0.001762
0.001756
0.001750
0.001744
0.001739
0.001733
0.001727
0.001722
0.001716
0.001711
0.001705
0.001700
0.001694
0.001689
0.001684
0.001678
0.001673
0.001668
0.001663
0.001658
0.001652
0.001647
0.001642
0.001637
0.001632
0.001627
0.001622
0.001618
0.001613
0.001608
0.001603
0.001598
0.001594
0.001589
0.001584
0.001580
0.001575
0.001570
0.001566
0.001561
0.001557
0.001552
0.001548
0.001543
0.001539
0.001535
0.001530
0.001526
0.001522
0.001518
0.001513
0.001509
0.001505
0.001501
0.001497
0.001492
0.001488
0.001484
0.001480
0.001476
0.001472
0.001468
0.001464
0.001460
0.001457
0.001453
0.001449
0.001445
0.001441
0.001437
0.001434
0.001430
0.001426
0.001422
0.001419
0.001415
0.001411
0.001408
0.001404
0.001401
0.001397
0.001393
0.001390
0.001386
0.001383
0.001379
0.001376
0.001373
0.001369
0.001366
0.001362
0.001359
0.001356
0.001352
0.001349
0.001346
0.001342
0.001339
0.001336
0.001333
0.001329
0.001326
0.001323
0.001320
0.001317
0.001314
0.001310
0.001307
0.001304
0.001301
0.001298
0.001295
0.001292
0.001289
0.001286
0.001283
0.001280
0.001277
0.001274
0.001271
0.001268
0.001266
0.001263
0.001260
0.001257
0.001254
0.001251
0.001248
0.001246
0.001243
0.001240
0.001237
0.001235
0.001232
0.001229
0.001226
0.001224
0.001221
0.001218
0.001216
0.001213
0.001210
0.001208
0.001205
0.001203
0.001200
0.001197
0.001195
0.001192
0.001190
0.001187
0.001185
0.001182
0.001180
0.001177
0.001175
0.001172
0.001170
0.001167
0.001165
0.001163
0.001160
0.001158
0.001155
0.001153
0.001151
0.001148
0.001146
0.001144
0.001141
0.001139
0.001137
0.001134
0.001132
0.001130
0.001127
0.001125
0.001123
0.001121
0.001118
0.001116
0.001114
0.001112
0.001110
0.001107
0.001105
0.001103
0.001101
0.001099
0.001097
0.001094
0.001092
0.001090
0.001088
0.001086
0.001084
0.001082
0.001080
0.001078
0.001076
0.001074
0.001072
0.001070
0.001067
0.001065
0.001063
0.001061
0.001059
0.001057
0.001056
0.001054
0.001052
0.001050
0.001048
0.001046
0.001044
0.001042
0.001040
0.001038
0.001036
0.001034
0.001032
0.001030
0.001029
0.001027
0.001025
0.001023
0.001021
0.001019
0.001018
0.001016
0.001014
0.001012
0.001010
0.001008
0.001007
0.001005
0.001003
0.001001
0.001000
0.000998
0.000996
0.000994
0.000993
0.000991
0.000989
0.000987
0.000986
0.000984
0.000982
0.000981
0.000979
0.000977
0.000976
0.000974
0.000972
0.000971
0.000969
0.000967
0.000966
0.000964
0.000962
0.000961
0.000959
0.000957
0.000956
0.000954
0.000953
0.000951
0.000949
0.000948
0.000946
0.000945
0.000943
0.000942
0.000940
0.000939
0.000937
0.000935
0.000934
0.000932
0.000931
0.000929
0.000928
0.000926
0.000925
0.000923
0.000922
0.000920
0.000919
0.000917
0.000916
0.000914
0.000913
0.000912
0.000910
0.000909
0.000907
0.000906
0.000904
0.000903
0.000901
0.000900
0.000899
0.000897
0.000896
0.000894
0.000893
0.000892
0.000890
0.000889
0.000887
0.000886
0.000885
0.000883
0.000882
0.000881
0.000879
0.000878
0.000877
0.000875
0.000874
0.000873
0.000871
0.000870
0.000869
0.000867
0.000866
0.000865
0.000863
0.000862
0.000861
0.000859
0.000858
0.000857
0.000856
0.000854
0.000853
0.000852
0.000851
0.000849
0.000848
0.000847
0.000846
0.000844
0.000843
0.000842
0.000841
0.000839
0.000838
0.000837
0.000836
0.000835
0.000833
0.000832
0.000831
0.000830
0.000828
0.000827
0.000826
0.000825
0.000824
0.000823
0.000821
0.000820
0.000819
0.000818
0.000817
0.000816
0.000814
0.000813
0.000812
0.000811
0.000810
0.000809
0.000808
0.000806
0.000805
0.000804
0.000803
0.000802
0.000801
0.000800
0.000799
0.000797
0.000796
0.000795
0.000794
0.000793
0.000792
0.000791
0.000790
0.000789
0.000788
0.000787
0.000786
0.000784
0.000783
0.000782
0.000781
0.000780
0.000779
0.000778
0.000777
0.000776
0.000775
0.000774
0.000773
0.000772
0.000771
0.000770
0.000769
0.000768
0.000767
0.000766
0.000765
0.000764
0.000763
0.000762
0.000761
0.000760
0.000759
0.000758
0.000757
0.000756
0.000755
0.000754
0.000753
0.000752
0.000751
0.000750
0.000749
0.000748
0.000747
0.000746
0.000745
0.000744
0.000743
0.000742
0.000741
0.000740
0.000739
0.000738
0.000737
0.000736
0.000736
0.000735
0.000734
0.000733
0.000732
0.000731
0.000730
0.000729
0.000728
0.000727
0.000726
0.000725
0.000725
0.000724
0.000723
0.000722
0.000721
0.000720
0.000719
0.000718
0.000717
0.000716
0.000716
0.000715
0.000714
0.000713
0.000712
0.000711
0.000710
0.000709
0.000709
0.000708
0.000707
0.000706
0.000705
0.000704
0.000703
0.000703
0.000702
0.000701
0.000700
0.000699
0.000698
0.000698
0.000697
0.000696
0.000695
0.000694
0.000693
0.000693
0.000692
0.000691
0.000690
0.000689
0.000688
0.000688
0.000687
0.000686
0.000685
0.000684
0.000684
0.000683
0.000682
0.000681
0.000680
0.000680
0.000679
0.000678
0.000677
0.000676
0.000676
0.000675
0.000674
0.000673
0.000672
0.000672
0.000671
0.000670
0.000669
0.000669
0.000668
0.000667
0.000666
0.000666
0.000665
0.000664
0.000663
0.000663
0.000662
0.000661
0.000660
0.000660
0.000659
0.000658
0.000657
0.000657
0.000656
0.000655
0.000654
0.000654
0.000653
0.000652
0.000651
0.000651
0.000650
0.000649
0.000649
0.000648
0.000647
0.000646
0.000646
0.000645
0.000644
0.000644
0.000643
0.000642
0.000641
0.000641
0.000640
0.000639
0.000639
0.000638
0.000637
0.000636
0.000636
0.000635
0.000634
0.000634
0.000633
0.000632
0.000632
0.000631
0.000630
0.000630
0.000629
0.000628
0.000628
0.000627
0.000626
0.000626
0.000625
0.000624
0.000624
0.000623
0.000622
0.000622
0.000621
0.000620
0.000620
0.000619
0.000618
0.000618
0.000617
0.000616
0.000616
0.000615
0.000614
0.000614
0.000613
0.000612
0.000612
0.000611
0.000611
0.000610
0.000609
0.000609
0.000608
0.000607
0.000607
0.000606
0.000605
0.000605
0.000604
0.000604
0.000603
0.000602
0.000602
0.000601
0.000600
0.000600
0.000599
0.000599
0.000598
0.000597
0.000597
0.000596
0.000596
0.000595
0.000594
0.000594
0.000593
0.000593
0.000592
0.000591
0.000591
0.000590
0.000590
0.000589
0.000588
0.000588
0.000587
0.000587
0.000586
0.000585
0.000585
0.000584
0.000584
0.000583
0.000583
0.000582
0.000581
0.000581
0.000580
0.000580
0.000579
0.000579
0.000578
0.000577
0.000577
0.000576
0.000576
0.000575
0.000575
0.000574
0.000573
0.000573
0.000572
0.000572
0.000571
0.000571
0.000570
0.000570
0.000569
0.000568
0.000568
0.000567
0.000567
0.000566
0.000566
0.000565
0.000565
0.000564
0.000564
0.000563
0.000562
0.000562
0.000561
0.000561
0.000560
0.000560
0.000559
0.000559
0.000558
0.000558
0.000557
0.000557
0.000556
0.000555
0.000555
0.000554
0.000554
0.000553
0.000553
0.000552
0.000552
0.000551
0.000551
0.000550
0.000550
0.000549
0.000549
0.000548
0.000548
0.000547
0.000547
0.000546
0.000546
0.000545
0.000545
0.000544
0.000544
0.000543
0.000543
0.000542
0.000542
0.000541
0.000541
0.000540
0.000540
0.000539
0.000539
0.000538
0.000538
0.000537
0.000537
0.000536
0.000536
0.000535
0.000535
0.000534
0.000534
0.000533
0.000533
0.000532
0.000532
0.000531
0.000531
0.000530
0.000530
0.000529
0.000529
0.000528
0.000528
0.000528
0.000527
0.000527
0.000526
0.000526
0.000525
0.000525
0.000524
0.000524
0.000523
0.000523
0.000522
0.000522
0.000521
0.000521
0.000521
0.000520
0.000520
0.000519
0.000519
0.000518
0.000518
0.000517
0.000517
0.000516
0.000516
0.000516
0.000515
0.000515
0.000514
0.000514
0.000513
0.000513
0.000512
0.000512
0.000511
0.000511
0.000511
0.000510
0.000510
0.000509
0.000509
0.000508
0.000508
0.000508
0.000507
0.000507
0.000506
0.000506
0.000505
0.000505
0.000504
0.000504
0.000504
0.000503
0.000503
0.000502
0.000502
0.000501
0.000501
0.000501
0.000500
0.000500
0.000499
0.000499
0.000498
0.000498
0.000498
0.000497
0.000497
0.000496
0.000496
0.000496
0.000495
0.000495
0.000494
0.000494
0.000493
0.000493
0.000493
0.000492
0.000492
0.000491
0.000491
0.000491
0.000490
0.000490
0.000489
0.000489
0.000489
0.000488
0.000488
0.000487
0.000487
0.000487
0.000486
0.000486
0.000485
0.000485
0.000485
0.000484
0.000484
0.000483
0.000483
0.000483
0.000482
0.000482
0.000481
0.000481
0.000481
0.000480
0.000480
0.000479
0.000479
0.000479
0.000478
0.000478
0.000477
0.000477
0.000477
0.000476
0.000476
0.000476
0.000475
0.000475
0.000474
0.000474
0.000474
0.000473
0.000473
0.000473
0.000472
0.000472
0.000471
0.000471
0.000471
0.000470
0.000470
0.000469
0.000469
0.000469
0.000468
0.000468
0.000468
0.000467
0.000467
0.000467
0.000466
0.000466
0.000465
0.000465
0.000465
0.000464
0.000464
0.000464
0.000463
0.000463
0.000463
0.000462
0.000462
0.000461
0.000461
0.000461
0.000460
0.000460
0.000460
0.000459
0.000459
0.000459
0.000458
0.000458
0.000457
0.000457
0.000457
0.000456
0.000456
0.000456
0.000455
0.000455
0.000455
0.000454
0.000454
0.000454
0.000453
0.000453
0.000453
0.000452
0.000452
0.000452
0.000451
0.000451
0.000451
0.000450
0.000450
0.000449
0.000449
0.000449
0.000448
0.000448
0.000448
0.000447
0.000447
0.000447
0.000446
0.000446
0.000446
0.000445
0.000445
0.000445
0.000444
0.000444
0.000444
0.000443
0.000443
0.000443
0.000442
0.000442
0.000442
0.000441
0.000441
0.000441
0.000440
0.000440
0.000440
0.000439
0.000439
0.000439
0.000438
0.000438
0.000438
0.000437
0.000437
0.000437
0.000437
0.000436
0.000436
0.000436
0.000435
0.000435
0.000435
0.000434
0.000434
0.000434
0.000433
0.000433
0.000433
0.000432
0.000432
0.000432
0.000431
0.000431
0.000431
0.000430
0.000430
0.000430
0.000430
0.000429
0.000429
0.000429
0.000428
0.000428
0.000428
0.000427
0.000427
0.000427
0.000426
0.000426
0.000426
0.000426
0.000425
0.000425
0.000425
0.000424
0.000424
0.000424
0.000423
0.000423
0.000423
0.000422
0.000422
0.000422
0.000422
0.000421
0.000421
0.000421
0.000420
0.000420
0.000420
0.000420
0.000419
0.000419
0.000419
0.000418
0.000418
0.000418
0.000417
0.000417
0.000417
0.000417
0.000416
0.000416
0.000416
0.000415
0.000415
0.000415
0.000415
0.000414
0.000414
0.000414
0.000413
0.000413
0.000413
0.000412
0.000412
0.000412
0.000412
0.000411
0.000411
0.000411
0.000410
0.000410
0.000410
0.000410
0.000409
0.000409
0.000409
0.000408
0.000408
0.000408
0.000408
0.000407
0.000407
0.000407
0.000407
0.000406
0.000406
0.000406
0.000405
0.000405
0.000405
0.000405
0.000404
0.000404
0.000404
0.000403
0.000403
0.000403
0.000403
0.000402
0.000402
0.000402
0.000402
0.000401
0.000401
0.000401
0.000400
0.000400
0.000400
0.000400
0.000399
0.000399
0.000399
0.000399
0.000398
0.000398
0.000398
0.000398
0.000397
0.000397
0.000397
0.000396
0.000396
0.000396
0.000396
0.000395
0.000395
0.000395
0.000395
0.000394
0.000394
0.000394
0.000394
0.000393
0.000393
0.000393
0.000393
0.000392
0.000392
0.000392
0.000391
0.000391
0.000391
0.000391
0.000390
0.000390
0.000390
0.000390
0.000389
0.000389
0.000389
0.000389
0.000388
0.000388
0.000388
0.000388
0.000387
0.000387
0.000387
0.000387
0.000386
0.000386
0.000386
0.000386
0.000385
0.000385
0.000385
0.000385
0.000384
0.000384
0.000384
0.000384
0.000383
0.000383
0.000383
0.000383
0.000382
0.000382
0.000382
0.000382
0.000381
0.000381
0.000381
0.000381
0.000380
0.000380
0.000380
0.000380
0.000379
0.000379
0.000379
0.000379
0.000378
0.000378
0.000378
0.000378
0.000378
0.000377
0.000377
0.000377
0.000377
0.000376
0.000376
0.000376
0.000376
0.000375
0.000375
0.000375
0.000375
0.000374
0.000374
0.000374
0.000374
0.000373
0.000373
0.000373
0.000373
0.000373
0.000372
0.000372
0.000372
0.000372
0.000371
0.000371
0.000371
0.000371
0.000370
0.000370
0.000370
0.000370
0.000370
0.000369
0.000369
0.000369
0.000369
0.000368
0.000368
0.000368
0.000368
0.000367
0.000367
0.000367
0.000367
0.000367
0.000366
0.000366
0.000366
0.000366
0.000365
0.000365
0.000365
0.000365
0.000365
0.000364
0.000364
0.000364
0.000364
0.000363
0.000363
0.000363
0.000363
0.000363
0.000362
0.000362
0.000362
0.000362
0.000361
0.000361
0.000361
0.000361
0.000361
0.000360
0.000360
0.000360
0.000360
0.000359
0.000359
0.000359
0.000359
0.000359
0.000358
0.000358
0.000358
0.000358
0.000358
0.000357
0.000357
0.000357
0.000357
0.000356
0.000356
0.000356
0.000356
0.000356
0.000355
0.000355
0.000355
0.000355
0.000355
0.000354
0.000354
0.000354
0.000354
0.000353
0.000353
0.000353
0.000353
0.000353
0.000352
0.000352
0.000352
0.000352
0.000352
0.000351
0.000351
0.000351
0.000351
0.000351
0.000350
0.000350
0.000350
0.000350
0.000350
0.000349
0.000349
0.000349
0.000349
0.000348
0.000348
0.000348
0.000348
0.000348
0.000347
0.000347
0.000347
0.000347
0.000347
0.000346
0.000346
0.000346
0.000346
0.000346
0.000345
0.000345
0.000345
0.000345
0.000345
0.000344
0.000344
0.000344
0.000344
0.000344
0.000343
0.000343
0.000343
0.000343
0.000343
0.000342
0.000342
0.000342
0.000342
0.000342
0.000341
0.000341
0.000341
0.000341
0.000341
0.000341
0.000340
0.000340
0.000340
0.000340
0.000340
0.000339
0.000339
0.000339
0.000339
0.000339
0.000338
0.000338
0.000338
0.000338
0.000338
0.000337
0.000337
0.000337
0.000337
0.000337
0.000336
0.000336
0.000336
0.000336
0.000336
0.000336
0.000335
0.000335
0.000335
0.000335
0.000335
0.000334
0.000334
0.000334
0.000334
0.000334
0.000333
0.000333
0.000333
0.000333
0.000333
0.000333
0.000332
0.000332
0.000332
0.000332
0.000332
0.000331
0.000331
0.000331
0.000331
0.000331
0.000330
0.000330
0.000330
0.000330
0.000330
0.000330
0.000329
0.000329
0.000329
0.000329
0.000329
0.000328
0.000328
0.000328
0.000328
0.000328
0.000328
0.000327
0.000327
0.000327
0.000327
0.000327
0.000326
0.000326
0.000326
0.000326
0.000326
0.000326
0.000325
0.000325
0.000325
0.000325
0.000325
0.000325
0.000324
0.000324
0.000324
0.000324
0.000324
0.000323
0.000323
0.000323
0.000323
0.000323
0.000323
0.000322
0.000322
0.000322
0.000322
0.000322
0.000322
0.000321
0.000321
0.000321
0.000321
0.000321
0.000321
0.000320
0.000320
0.000320
0.000320
0.000320
0.000319
0.000319
0.000319
0.000319
0.000319
0.000319
0.000318
0.000318
0.000318
0.000318
0.000318
0.000318
0.000317
0.000317
0.000317
0.000317
0.000317
0.000317
0.000316
0.000316
0.000316
0.000316
0.000316
0.000316
0.000315
0.000315
0.000315
0.000315
0.000315
0.000315
0.000314
0.000314
0.000314
0.000314
0.000314
0.000314
0.000313
0.000313
0.000313
0.000313
0.000313
0.000313
0.000312
0.000312
0.000312
0.000312
0.000312
0.000312
0.000311
0.000311
0.000311
0.000311
0.000311
0.000311
0.000310
0.000310
0.000310
0.000310
0.000310
0.000310
0.000310
0.000309
0.000309
0.000309
0.000309
0.000309
0.000309
0.000308
0.000308
0.000308
0.000308
0.000308
0.000308
0.000307
0.000307
0.000307
0.000307
0.000307
0.000307
0.000306
0.000306
0.000306
0.000306
0.000306
0.000306
0.000306
0.000305
0.000305
0.000305
0.000305
0.000305
0.000305
0.000304
0.000304
0.000304
0.000304
0.000304
0.000304
0.000304
0.000303
0.000303
0.000303
0.000303
0.000303
0.000303
0.000302
0.000302
0.000302
0.000302
0.000302
0.000302
0.000302
0.000301
0.000301
0.000301
0.000301
0.000301
0.000301
0.000300
0.000300
0.000300
0.000300
0.000300
0.000300
0.000300
0.000299
0.000299
0.000299
0.000299
0.000299
0.000299
0.000298
0.000298
0.000298
0.000298
0.000298
0.000298
0.000298
0.000297
0.000297
0.000297
0.000297
0.000297
0.000297
0.000297
0.000296
0.000296
0.000296
0.000296
0.000296
0.000296
0.000296
0.000295
0.000295
0.000295
0.000295
0.000295
0.000295
0.000295
0.000294
0.000294
0.000294
0.000294
0.000294
0.000294
0.000293
0.000293
0.000293
0.000293
0.000293
0.000293
0.000293
0.000292
0.000292
0.000292
0.000292
0.000292
0.000292
0.000292
0.000291
0.000291
0.000291
0.000291
0.000291
0.000291
0.000291
0.000290
0.000290
0.000290
0.000290
0.000290
0.000290
0.000290
0.000289
0.000289
0.000289
0.000289
0.000289
0.000289
0.000289
0.000289
0.000288
0.000288
0.000288
0.000288
0.000288
0.000288
0.000288
0.000287
0.000287
0.000287
0.000287
0.000287
0.000287
0.000287
0.000286
0.000286
0.000286
0.000286
0.000286
0.000286
0.000286
0.000285
0.000285
0.000285
0.000285
0.000285
0.000285
0.000285
0.000285
0.000284
0.000284
0.000284
0.000284
0.000284
0.000284
0.000284
0.000283
0.000283
0.000283
0.000283
0.000283
0.000283
0.000283
0.000282
0.000282
0.000282
0.000282
0.000282
0.000282
0.000282
0.000282
0.000281
0.000281
0.000281
0.000281
0.000281
0.000281
0.000281
0.000280
0.000280
0.000280
0.000280
0.000280
0.000280
0.000280
0.000280
0.000279
0.000279
0.000279
0.000279
0.000279
0.000279
0.000279
0.000279
0.000278
0.000278
0.000278
0.000278
0.000278
0.000278
0.000278
0.000277
0.000277
0.000277
0.000277
0.000277
0.000277
0.000277
0.000277
0.000276
0.000276
0.000276
0.000276
0.000276
0.000276
0.000276
0.000276
0.000275
0.000275
0.000275
0.000275
0.000275
0.000275
0.000275
0.000275
0.000274
0.000274
0.000274
0.000274
0.000274
0.000274
0.000274
0.000274
0.000273
0.000273
0.000273
0.000273
0.000273
0.000273
0.000273
0.000273
0.000272
0.000272
0.000272
0.000272
0.000272
0.000272
0.000272
0.000272
0.000271
0.000271
0.000271
0.000271
0.000271
0.000271
0.000271
0.000271
0.000270
0.000270
0.000270
0.000270
0.000270
0.000270
0.000270
0.000270
0.000269
0.000269
0.000269
0.000269
0.000269
0.000269
0.000269
0.000269
0.000268
0.000268
0.000268
0.000268
0.000268
0.000268
0.000268
0.000268
0.000268
0.000267
0.000267
0.000267
0.000267
0.000267
0.000267
0.000267
0.000267
0.000266
0.000266
0.000266
0.000266
0.000266
0.000266
0.000266
0.000266
0.000266
0.000265
0.000265
0.000265
0.000265
0.000265
0.000265
0.000265
0.000265
0.000264
0.000264
0.000264
0.000264
0.000264
0.000264
0.000264
0.000264
0.000264
0.000263
0.000263
0.000263
0.000263
0.000263
0.000263
0.000263
0.000263
0.000262
0.000262
0.000262
0.000262
0.000262
0.000262
0.000262
0.000262
0.000262
0.000261
0.000261
0.000261
0.000261
0.000261
0.000261
0.000261
0.000261
0.000261
0.000260
0.000260
0.000260
0.000260
0.000260
0.000260
0.000260
0.000260
0.000260
0.000259
0.000259
0.000259
0.000259
0.000259
0.000259
0.000259
0.000259
0.000258
0.000258
0.000258
0.000258
0.000258
0.000258
0.000258
0.000258
0.000258
0.000257
0.000257
0.000257
0.000257
0.000257
0.000257
0.000257
0.000257
0.000257
0.000256
0.000256
0.000256
0.000256
0.000256
0.000256
0.000256
0.000256
0.000256
0.000256
0.000255
0.000255
0.000255
0.000255
0.000255
0.000255
0.000255
0.000255
0.000255
0.000254
0.000254
0.000254
0.000254
0.000254
0.000254
0.000254
0.000254
0.000254
0.000253
0.000253
0.000253
0.000253
0.000253
0.000253
0.000253
0.000253
0.000253
0.000252
0.000252
0.000252
0.000252
0.000252
0.000252
0.000252
0.000252
0.000252
0.000252
0.000251
0.000251
0.000251
0.000251
0.000251
0.000251
0.000251
0.000251
0.000251
0.000250
0.000250
0.000250
0.000250
0.000250
0.000250
0.000250
0.000250
0.000250
0.000250
0.000249
0.000249
0.000249
0.000249
0.000249
0.000249
0.000249
0.000249
0.000249
0.000248
0.000248
0.000248
0.000248
0.000248
0.000248
0.000248
0.000248
0.000248
0.000248
0.000247
0.000247
0.000247
0.000247
0.000247
0.000247
0.000247
0.000247
0.000247
0.000247
0.000246
0.000246
0.000246
0.000246
0.000246
0.000246
0.000246
0.000246
0.000246
0.000246
0.000245
0.000245
0.000245
0.000245
0.000245
0.000245
0.000245
0.000245
0.000245
0.000245
0.000244
0.000244
0.000244
0.000244
0.000244
0.000244
0.000244
0.000244
0.000244
0.000244
0.000243
0.000243
0.000243
0.000243
0.000243
0.000243
0.000243
0.000243
0.000243
0.000243
0.000242
0.000242
0.000242
0.000242
0.000242
0.000242
0.000242
0.000242
0.000242
0.000242
0.000241
0.000241
0.000241
0.000241
0.000241
0.000241
0.000241
0.000241
0.000241
0.000241
0.000240
0.000240
0.000240
0.000240
0.000240
0.000240
0.000240
0.000240
0.000240
0.000240
0.000240
0.000239
0.000239
0.000239
0.000239
0.000239
0.000239
0.000239
0.000239
0.000239
0.000239
0.000238
0.000238
0.000238
0.000238
0.000238
0.000238
0.000238
0.000238
0.000238
0.000238
0.000238
0.000237
0.000237
0.000237
0.000237
0.000237
0.000237
0.000237
0.000237
0.000237
0.000237
0.000236
0.000236
0.000236
0.000236
0.000236
0.000236
0.000236
0.000236
0.000236
0.000236
0.000236
0.000235
0.000235
0.000235
0.000235
0.000235
0.000235
0.000235
0.000235
0.000235
0.000235
0.000235
0.000234
0.000234
0.000234
0.000234
0.000234
0.000234
0.000234
0.000234
0.000234
0.000234
0.000234
0.000233
0.000233
0.000233
0.000233
0.000233
0.000233
0.000233
0.000233
0.000233
0.000233
0.000233
0.000232
0.000232
0.000232
0.000232
0.000232
0.000232
0.000232
0.000232
0.000232
0.000232
0.000232
0.000231
0.000231
0.000231
0.000231
0.000231
0.000231
0.000231
0.000231
0.000231
0.000231
0.000231
0.000230
0.000230
0.000230
0.000230
0.000230
0.000230
0.000230
0.000230
0.000230
0.000230
0.000230
0.000229
0.000229
0.000229
0.000229
0.000229
0.000229
0.000229
0.000229
0.000229
0.000229
0.000229
0.000229
0.000228
0.000228
0.000228
0.000228
0.000228
0.000228
0.000228
0.000228
0.000228
0.000228
0.000228
0.000227
0.000227
0.000227
0.000227
0.000227
0.000227
0.000227
0.000227
0.000227
0.000227
0.000227
0.000227
0.000226
0.000226
0.000226
0.000226
0.000226
0.000226
0.000226
0.000226
0.000226
0.000226
0.000226
0.000225
0.000225
0.000225
0.000225
0.000225
0.000225
0.000225
0.000225
0.000225
0.000225
0.000225
0.000225
0.000224
0.000224
0.000224
0.000224
0.000224
0.000224
0.000224
0.000224
0.000224
0.000224
0.000224
0.000224
0.000223
0.000223
0.000223
0.000223
0.000223
0.000223
0.000223
0.000223
0.000223
0.000223
0.000223
0.000223
0.000222
0.000222
0.000222
0.000222
0.000222
0.000222
0.000222
0.000222
0.000222
0.000222
0.000222
0.000222
0.000221
0.000221
0.000221
0.000221
0.000221
0.000221
0.000221
0.000221
0.000221
0.000221
0.000221
0.000221
0.000220
0.000220
0.000220
0.000220
0.000220
0.000220
0.000220
0.000220
0.000220
0.000220
0.000220
0.000220
0.000220
0.000219
0.000219
0.000219
0.000219
0.000219
0.000219
0.000219
0.000219
0.000219
0.000219
0.000219
0.000219
0.000218
0.000218
0.000218
0.000218
0.000218
0.000218
0.000218
0.000218
0.000218
0.000218
0.000218
0.000218
0.000218
0.000217
0.000217
0.000217
0.000217
0.000217
0.000217
0.000217
0.000217
0.000217
0.000217
0.000217
0.000217
0.000216
0.000216
0.000216
0.000216
0.000216
0.000216
0.000216
0.000216
0.000216
0.000216
0.000216
0.000216
0.000216
0.000215
0.000215
0.000215
0.000215
0.000215
0.000215
0.000215
0.000215
0.000215
0.000215
0.000215
0.000215
0.000215
0.000214
0.000214
0.000214
0.000214
0.000214
0.000214
0.000214
0.000214
0.000214
0.000214
0.000214
0.000214
0.000214
0.000213
0.000213
0.000213
0.000213
0.000213
0.000213
0.000213
0.000213
0.000213
0.000213
0.000213
0.000213
0.000213
0.000212
0.000212
0.000212
0.000212
0.000212
0.000212
0.000212
0.000212
0.000212
0.000212
0.000212
0.000212
0.000212
0.000212
0.000211
0.000211
0.000211
0.000211
0.000211
0.000211
0.000211
0.000211
0.000211
0.000211
0.000211
0.000211
0.000211
0.000210
0.000210
0.000210
0.000210
0.000210
0.000210
0.000210
0.000210
0.000210
0.000210
0.000210
0.000210
0.000210
0.000210
0.000209
0.000209
0.000209
0.000209
0.000209
0.000209
0.000209
0.000209
0.000209
0.000209
0.000209
0.000209
0.000209
0.000208
0.000208
0.000208
0.000208
0.000208
0.000208
0.000208
0.000208
0.000208
0.000208
0.000208
0.000208
0.000208
0.000208
0.000207
0.000207
0.000207
0.000207
0.000207
0.000207
0.000207
0.000207
0.000207
0.000207
0.000207
0.000207
0.000207
0.000207
0.000206
0.000206
0.000206
0.000206
0.000206
0.000206
0.000206
0.000206
0.000206
0.000206
0.000206
0.000206
0.000206
0.000206
0.000205
0.000205
0.000205
0.000205
0.000205
0.000205
0.000205
0.000205
0.000205
0.000205
0.000205
0.000205
0.000205
0.000205
0.000204
0.000204
0.000204
0.000204
0.000204
0.000204
0.000204
0.000204
0.000204
0.000204
0.000204
0.000204
0.000204
0.000204
0.000204
0.000203
0.000203
0.000203
0.000203
0.000203
0.000203
0.000203
0.000203
0.000203
0.000203
0.000203
0.000203
0.000203
0.000203
0.000202
0.000202
0.000202
0.000202
0.000202
0.000202
0.000202
0.000202
0.000202
0.000202
0.000202
0.000202
0.000202
0.000202
0.000202
0.000201
0.000201
0.000201
0.000201
0.000201
0.000201
0.000201
0.000201
0.000201
0.000201
0.000201
0.000201
0.000201
0.000201
0.000201
0.000200
0.000200
0.000200
0.000200
0.000200
0.000200
0.000200
0.000200
0.000200
0.000200
0.000200
0.000200
0.000200
0.000200
0.000200
0.000199
0.000199
0.000199
0.000199
0.000199
0.000199
0.000199
0.000199
0.000199
0.000199
0.000199
0.000199
0.000199
0.000199
0.000199
0.000198
0.000198
0.000198
0.000198
0.000198
0.000198
0.000198
0.000198
0.000198
0.000198
0.000198
0.000198
0.000198
0.000198
0.000198
0.000197
0.000197
0.000197
0.000197
0.000197
0.000197
0.000197
0.000197
0.000197
0.000197
0.000197
0.000197
0.000197
0.000197
0.000197
0.000196
0.000196
0.000196
0.000196
0.000196
0.000196
0.000196
0.000196
0.000196
0.000196
0.000196
0.000196
0.000196
0.000196
0.000196
0.000196
0.000195
0.000195
0.000195
0.000195
0.000195
0.000195
0.000195
0.000195
0.000195
0.000195
0.000195
0.000195
0.000195
0.000195
0.000195
0.000195
0.000194
0.000194
0.000194
0.000194
0.000194
0.000194
0.000194
0.000194
0.000194
0.000194
0.000194
0.000194
0.000194
0.000194
0.000194
0.000193
0.000193
0.000193
0.000193
0.000193
0.000193
0.000193
0.000193
0.000193
0.000193
0.000193
0.000193
0.000193
0.000193
0.000193
0.000193
0.000192
0.000192
0.000192
0.000192
0.000192
0.000192
0.000192
0.000192
0.000192
0.000192
0.000192
0.000192
0.000192
0.000192
0.000192
0.000192
0.000192
0.000191
0.000191
0.000191
0.000191
0.000191
0.000191
0.000191
0.000191
0.000191
0.000191
0.000191
0.000191
0.000191
0.000191
0.000191
0.000191
0.000190
0.000190
0.000190
0.000190
0.000190
0.000190
0.000190
0.000190
0.000190
0.000190
0.000190
0.000190
0.000190
0.000190
0.000190
0.000190
0.000190
0.000189
0.000189
0.000189
0.000189
0.000189
0.000189
0.000189
0.000189
0.000189
0.000189
0.000189
0.000189
0.000189
0.000189
0.000189
0.000189
0.000188
0.000188
0.000188
0.000188
0.000188
0.000188
0.000188
0.000188
0.000188
0.000188
0.000188
0.000188
0.000188
0.000188
0.000188
0.000188
0.000188
0.000187
0.000187
0.000187
0.000187
0.000187
0.000187
0.000187
0.000187
0.000187
0.000187
0.000187
0.000187
0.000187
0.000187
0.000187
0.000187
0.000187
0.000186
0.000186
0.000186
0.000186
0.000186
0.000186
0.000186
0.000186
0.000186
0.000186
0.000186
0.000186
0.000186
0.000186
0.000186
0.000186
0.000186
0.000186
0.000185
0.000185
0.000185
0.000185
0.000185
0.000185
0.000185
0.000185
0.000185
0.000185
0.000185
0.000185
0.000185
0.000185
0.000185
0.000185
0.000185
0.000184
0.000184
0.000184
0.000184
0.000184
0.000184
0.000184
0.000184
0.000184
0.000184
0.000184
0.000184
0.000184
0.000184
0.000184
0.000184
0.000184
0.000184
0.000183
0.000183
0.000183
0.000183
0.000183
0.000183
0.000183
0.000183
0.000183
0.000183
0.000183
0.000183
0.000183
0.000183
0.000183
0.000183
0.000183
0.000183
0.000182
0.000182
0.000182
0.000182
0.000182
0.000182
0.000182
0.000182
0.000182
0.000182
0.000182
0.000182
0.000182
0.000182
0.000182
0.000182
0.000182
0.000182
0.000181
0.000181
0.000181
0.000181
0.000181
0.000181
0.000181
0.000181
0.000181
0.000181
0.000181
0.000181
0.000181
0.000181
0.000181
0.000181
0.000181
0.000181
0.000180
0.000180
0.000180
0.000180
0.000180
0.000180
0.000180
0.000180
0.000180
0.000180
0.000180
0.000180
0.000180
0.000180
0.000180
0.000180
0.000180
0.000180
0.000179
0.000179
0.000179
0.000179
0.000179
0.000179
0.000179
0.000179
0.000179
0.000179
0.000179
0.000179
0.000179
0.000179
0.000179
0.000179
0.000179
0.000179
0.000179
0.000178
0.000178
0.000178
0.000178
0.000178
0.000178
0.000178
0.000178
0.000178
0.000178
0.000178
0.000178
0.000178
0.000178
0.000178
0.000178
0.000178
0.000178
0.000178
0.000177
0.000177
0.000177
0.000177
0.000177
0.000177
0.000177
0.000177
0.000177
0.000177
0.000177
0.000177
0.000177
0.000177
0.000177
0.000177
0.000177
0.000177
0.000177
0.000176
0.000176
0.000176
0.000176
0.000176
0.000176
0.000176
0.000176
0.000176
0.000176
0.000176
0.000176
0.000176
0.000176
0.000176
0.000176
0.000176
0.000176
0.000176
0.000175
0.000175
0.000175
0.000175
0.000175
0.000175
0.000175
0.000175
0.000175
0.000175
0.000175
0.000175
0.000175
0.000175
0.000175
0.000175
0.000175
0.000175
0.000175
0.000175
0.000174
0.000174
0.000174
0.000174
0.000174
0.000174
0.000174
0.000174
0.000174
0.000174
0.000174
0.000174
0.000174
0.000174
0.000174
0.000174
0.000174
0.000174
0.000174
0.000173
0.000173
0.000173
0.000173
0.000173
0.000173
0.000173
0.000173
0.000173
0.000173
0.000173
0.000173
0.000173
0.000173
0.000173
0.000173
0.000173
0.000173
0.000173
0.000173
0.000172
0.000172
0.000172
0.000172
0.000172
0.000172
0.000172
0.000172
0.000172
0.000172
0.000172
0.000172
0.000172
0.000172
0.000172
0.000172
0.000172
0.000172
0.000172
0.000172
0.000172
0.000171
0.000171
0.000171
0.000171
0.000171
0.000171
0.000171
0.000171
0.000171
0.000171
0.000171
0.000171
0.000171
0.000171
0.000171
0.000171
0.000171
0.000171
0.000171
0.000171
0.000170
0.000170
0.000170
0.000170
0.000170
0.000170
0.000170
0.000170
0.000170
0.000170
0.000170
0.000170
0.000170
0.000170
0.000170
0.000170
0.000170
0.000170
0.000170
0.000170
0.000170
0.000169
0.000169
0.000169
0.000169
0.000169
0.000169
0.000169
0.000169
0.000169
0.000169
0.000169
0.000169
0.000169
0.000169
0.000169
0.000169
0.000169
0.000169
0.000169
0.000169
0.000169
0.000168
0.000168
0.000168
0.000168
0.000168
0.000168
0.000168
0.000168
0.000168
0.000168
0.000168
0.000168
0.000168
0.000168
0.000168
0.000168
0.000168
0.000168
0.000168
0.000168
0.000168
0.000167
0.000167
0.000167
0.000167
0.000167
0.000167
0.000167
0.000167
0.000167
0.000167
0.000167
0.000167
0.000167
0.000167
0.000167
0.000167
0.000167
0.000167
0.000167
0.000167
0.000167
0.000166
0.000166
0.000166
0.000166
0.000166
0.000166
0.000166
0.000166
0.000166
0.000166
0.000166
0.000166
0.000166
0.000166
0.000166
0.000166
0.000166
0.000166
0.000166
0.000166
0.000166
0.000166
0.000165
0.000165
0.000165
0.000165
0.000165
0.000165
0.000165
0.000165
0.000165
0.000165
0.000165
0.000165
0.000165
0.000165
0.000165
0.000165
0.000165
0.000165
0.000165
0.000165
0.000165
0.000165
0.000164
0.000164
0.000164
0.000164
0.000164
0.000164
0.000164
0.000164
0.000164
0.000164
0.000164
0.000164
0.000164
0.000164
0.000164
0.000164
0.000164
0.000164
0.000164
0.000164
0.000164
0.000164
0.000163
0.000163
0.000163
0.000163
0.000163
0.000163
0.000163
0.000163
0.000163
0.000163
0.000163
0.000163
0.000163
0.000163
0.000163
0.000163
0.000163
0.000163
0.000163
0.000163
0.000163
0.000163
0.000163
0.000162
0.000162
0.000162
0.000162
0.000162
0.000162
0.000162
0.000162
0.000162
0.000162
0.000162
0.000162
0.000162
0.000162
0.000162
0.000162
0.000162
0.000162
0.000162
0.000162
0.000162
0.000162
0.000161
0.000161
0.000161
0.000161
0.000161
0.000161
0.000161
0.000161
0.000161
0.000161
0.000161
0.000161
0.000161
0.000161
0.000161
0.000161
0.000161
0.000161
0.000161
0.000161
0.000161
0.000161
0.000161
0.000161
0.000160
0.000160
0.000160
0.000160
0.000160
0.000160
0.000160
0.000160
0.000160
0.000160
0.000160
0.000160
0.000160
0.000160
0.000160
0.000160
0.000160
0.000160
0.000160
0.000160
0.000160
0.000160
0.000160
0.000159
0.000159
0.000159
0.000159
0.000159
0.000159
0.000159
0.000159
0.000159
0.000159
0.000159
0.000159
0.000159
0.000159
0.000159
0.000159
0.000159
0.000159
0.000159
0.000159
0.000159
0.000159
0.000159
0.000158
0.000158
0.000158
0.000158
0.000158
0.000158
0.000158
0.000158
0.000158
0.000158
0.000158
0.000158
0.000158
0.000158
0.000158
0.000158
0.000158
0.000158
0.000158
0.000158
0.000158
0.000158
0.000158
0.000158
0.000157
0.000157
0.000157
0.000157
0.000157
0.000157
0.000157
0.000157
0.000157
0.000157
0.000157
0.000157
0.000157
0.000157
0.000157
0.000157
0.000157
0.000157
0.000157
0.000157
0.000157
0.000157
0.000157
0.000157
0.000157
0.000156
0.000156
0.000156
0.000156
0.000156
0.000156
0.000156
0.000156
0.000156
0.000156
0.000156
0.000156
0.000156
0.000156
0.000156
0.000156
0.000156
0.000156
0.000156
0.000156
0.000156
0.000156
0.000156
0.000156
0.000155
0.000155
0.000155
0.000155
0.000155
0.000155
0.000155
0.000155
0.000155
0.000155
0.000155
0.000155
0.000155
0.000155
0.000155
0.000155
0.000155
0.000155
0.000155
0.000155
0.000155
0.000155
0.000155
0.000155
0.000155
0.000154
0.000154
0.000154
0.000154
0.000154
0.000154
0.000154
0.000154
0.000154
0.000154
0.000154
0.000154
0.000154
0.000154
0.000154
0.000154
0.000154
0.000154
0.000154
0.000154
0.000154
0.000154
0.000154
0.000154
0.000154
0.000153
0.000153
0.000153
0.000153
0.000153
0.000153
0.000153
0.000153
0.000153
0.000153
0.000153
0.000153
0.000153
0.000153
0.000153
0.000153
0.000153
0.000153
0.000153
0.000153
0.000153
0.000153
0.000153
0.000153
0.000153
0.000153
0.000152
0.000152
0.000152
0.000152
0.000152
0.000152
0.000152
0.000152
0.000152
0.000152
0.000152
0.000152
0.000152
0.000152
0.000152
0.000152
0.000152
0.000152
0.000152
0.000152
0.000152
0.000152
0.000152
0.000152
0.000152
0.000152
0.000151
0.000151
0.000151
0.000151
0.000151
0.000151
0.000151
0.000151
0.000151
0.000151
0.000151
0.000151
0.000151
0.000151
0.000151
0.000151
0.000151
0.000151
0.000151
0.000151
0.000151
0.000151
0.000151
0.000151
0.000151
0.000151
0.000150
0.000150
0.000150
0.000150
0.000150
0.000150
0.000150
0.000150
0.000150
0.000150
0.000150
0.000150
0.000150
0.000150
0.000150
0.000150
0.000150
0.000150
0.000150
0.000150
0.000150
0.000150
0.000150
0.000150
0.000150
0.000150
0.000150
0.000149
0.000149
0.000149
0.000149
0.000149
0.000149
0.000149
0.000149
0.000149
0.000149
0.000149
0.000149
0.000149
0.000149
0.000149
0.000149
0.000149
0.000149
0.000149
0.000149
0.000149
0.000149
0.000149
0.000149
0.000149
0.000149
0.000148
0.000148
0.000148
0.000148
0.000148
0.000148
0.000148
0.000148
0.000148
0.000148
0.000148
0.000148
0.000148
0.000148
0.000148
0.000148
0.000148
0.000148
0.000148
0.000148
0.000148
0.000148
0.000148
0.000148
0.000148
0.000148
0.000148
0.000148
0.000147
0.000147
0.000147
0.000147
0.000147
0.000147
0.000147
0.000147
0.000147
0.000147
0.000147
0.000147
0.000147
0.000147
0.000147
0.000147
0.000147
0.000147
0.000147
0.000147
0.000147
0.000147
0.000147
0.000147
0.000147
0.000147
0.000147
0.000146
0.000146
0.000146
0.000146
0.000146
0.000146
0.000146
0.000146
0.000146
0.000146
0.000146
0.000146
0.000146
0.000146
0.000146
0.000146
0.000146
0.000146
0.000146
0.000146
0.000146
0.000146
0.000146
0.000146
0.000146
0.000146
0.000146
0.000146
0.000145
0.000145
0.000145
0.000145
0.000145
0.000145
0.000145
0.000145
0.000145
0.000145
0.000145
0.000145
0.000145
0.000145
0.000145
0.000145
0.000145
0.000145
0.000145
0.000145
0.000145
0.000145
0.000145
0.000145
0.000145
0.000145
0.000145
0.000145
0.000145
0.000144
0.000144
0.000144
0.000144
0.000144
0.000144
0.000144
0.000144
0.000144
0.000144
0.000144
0.000144
0.000144
0.000144
0.000144
0.000144
0.000144
0.000144
0.000144
0.000144
0.000144
0.000144
0.000144
0.000144
0.000144
0.000144
0.000144
0.000144
0.000144
0.000143
0.000143
0.000143
0.000143
0.000143
0.000143
0.000143
0.000143
0.000143
0.000143
0.000143
0.000143
0.000143
0.000143
0.000143
0.000143
0.000143
0.000143
0.000143
0.000143
0.000143
0.000143
0.000143
0.000143
0.000143
0.000143
0.000143
0.000143
0.000143
0.000142
0.000142
0.000142
0.000142
0.000142
0.000142
0.000142
0.000142
0.000142
0.000142
0.000142
0.000142
0.000142
0.000142
0.000142
0.000142
0.000142
0.000142
0.000142
0.000142
0.000142
0.000142
0.000142
0.000142
0.000142
0.000142
0.000142
0.000142
0.000142
0.000142
0.000141
0.000141
0.000141
0.000141
0.000141
0.000141
0.000141
0.000141
0.000141
0.000141
0.000141
0.000141
0.000141
0.000141
0.000141
0.000141
0.000141
0.000141
0.000141
0.000141
0.000141
0.000141
0.000141
0.000141
0.000141
0.000141
0.000141
0.000141
0.000141
0.000141
0.000140
0.000140
0.000140
0.000140
0.000140
0.000140
0.000140
0.000140
0.000140
0.000140
0.000140
0.000140
0.000140
0.000140
0.000140
0.000140
0.000140
0.000140
0.000140
0.000140
0.000140
0.000140
0.000140
0.000140
0.000140
0.000140
0.000140
0.000140
0.000140
0.000140
0.000139
0.000139
0.000139
0.000139
0.000139
0.000139
0.000139
0.000139
0.000139
0.000139
0.000139
0.000139
0.000139
0.000139
0.000139
0.000139
0.000139
0.000139
0.000139
0.000139
0.000139
0.000139
0.000139
0.000139
0.000139
0.000139
0.000139
0.000139
0.000139
0.000139
0.000139
0.000138
0.000138
0.000138
0.000138
0.000138
0.000138
0.000138
0.000138
0.000138
0.000138
0.000138
0.000138
0.000138
0.000138
0.000138
0.000138
0.000138
0.000138
0.000138
0.000138
0.000138
0.000138
0.000138
0.000138
0.000138
0.000138
0.000138
0.000138
0.000138
0.000138
0.000138
0.000137
0.000137
0.000137
0.000137
0.000137
0.000137
0.000137
0.000137
0.000137
0.000137
0.000137
0.000137
0.000137
0.000137
0.000137
0.000137
0.000137
0.000137
0.000137
0.000137
0.000137
0.000137
0.000137
0.000137
0.000137
0.000137
0.000137
0.000137
0.000137
0.000137
0.000137
0.000137
0.000136
0.000136
0.000136
0.000136
0.000136
0.000136
0.000136
0.000136
0.000136
0.000136
0.000136
0.000136
0.000136
0.000136
0.000136
0.000136
0.000136
0.000136
0.000136
0.000136
0.000136
0.000136
0.000136
0.000136
0.000136
0.000136
0.000136
0.000136
0.000136
0.000136
0.000136
0.000136
0.000136
0.000135
0.000135
0.000135
0.000135
0.000135
0.000135
0.000135
0.000135
0.000135
0.000135
0.000135
0.000135
0.000135
0.000135
0.000135
0.000135
0.000135
0.000135
0.000135
0.000135
0.000135
0.000135
0.000135
0.000135
0.000135
0.000135
0.000135
0.000135
0.000135
0.000135
0.000135
0.000135
0.000134
0.000134
0.000134
0.000134
0.000134
0.000134
0.000134
0.000134
0.000134
0.000134
0.000134
0.000134
0.000134
0.000134
0.000134
0.000134
0.000134
0.000134
0.000134
0.000134
0.000134
0.000134
0.000134
0.000134
0.000134
0.000134
0.000134
0.000134
0.000134
0.000134
0.000134
0.000134
0.000134
0.000134
0.000133
0.000133
0.000133
0.000133
0.000133
0.000133
0.000133
0.000133
0.000133
0.000133
0.000133
0.000133
0.000133
0.000133
0.000133
0.000133
0.000133
0.000133
0.000133
0.000133
0.000133
0.000133
0.000133
0.000133
0.000133
0.000133
0.000133
0.000133
0.000133
0.000133
0.000133
0.000133
0.000133
0.000132
0.000132
0.000132
0.000132
0.000132
0.000132
0.000132
0.000132
0.000132
0.000132
0.000132
0.000132
0.000132
0.000132
0.000132
0.000132
0.000132
0.000132
0.000132
0.000132
0.000132
0.000132
0.000132
0.000132
0.000132
0.000132
0.000132
0.000132
0.000132
0.000132
0.000132
0.000132
0.000132
0.000132
0.000132
0.000131
0.000131
0.000131
0.000131
0.000131
0.000131
0.000131
0.000131
0.000131
0.000131
0.000131
0.000131
0.000131
0.000131
0.000131
0.000131
0.000131
0.000131
0.000131
0.000131
0.000131
0.000131
0.000131
0.000131
0.000131
0.000131
0.000131
0.000131
0.000131
0.000131
0.000131
0.000131
0.000131
0.000131
0.000131
0.000130
0.000130
0.000130
0.000130
0.000130
0.000130
0.000130
0.000130
0.000130
0.000130
0.000130
0.000130
0.000130
0.000130
0.000130
0.000130
0.000130
0.000130
0.000130
0.000130
0.000130
0.000130
0.000130
0.000130
0.000130
0.000130
0.000130
0.000130
0.000130
0.000130
0.000130
0.000130
0.000130
0.000130
0.000130
0.000129
0.000129
0.000129
0.000129
0.000129
0.000129
0.000129
0.000129
0.000129
0.000129
0.000129
0.000129
0.000129
0.000129
0.000129
0.000129
0.000129
0.000129
0.000129
0.000129
0.000129
0.000129
0.000129
0.000129
0.000129
0.000129
0.000129
0.000129
0.000129
0.000129
0.000129
0.000129
0.000129
0.000129
0.000129
0.000129
0.000128
0.000128
0.000128
0.000128
0.000128
0.000128
0.000128
0.000128
0.000128
0.000128
0.000128
0.000128
0.000128
0.000128
0.000128
0.000128
0.000128
0.000128
0.000128
0.000128
0.000128
0.000128
0.000128
0.000128
0.000128
0.000128
0.000128
0.000128
0.000128
0.000128
0.000128
0.000128
0.000128
0.000128
0.000128
0.000128
0.000127
0.000127
0.000127
0.000127
0.000127
0.000127
0.000127
0.000127
0.000127
0.000127
0.000127
0.000127
0.000127
0.000127
0.000127
0.000127
0.000127
0.000127
0.000127
0.000127
0.000127
0.000127
0.000127
0.000127
0.000127
0.000127
0.000127
0.000127
0.000127
0.000127
0.000127
0.000127
0.000127
0.000127
0.000127
0.000127
0.000127
0.000126
0.000126
0.000126
0.000126
0.000126
0.000126
0.000126
0.000126
0.000126
0.000126
0.000126
0.000126
0.000126
0.000126
0.000126
0.000126
0.000126
0.000126
0.000126
0.000126
0.000126
0.000126
0.000126
0.000126
0.000126
0.000126
0.000126
0.000126
0.000126
0.000126
0.000126
0.000126
0.000126
0.000126
0.000126
0.000126
0.000126
0.000126
0.000125
0.000125
0.000125
0.000125
0.000125
0.000125
0.000125
0.000125
0.000125
0.000125
0.000125
0.000125
0.000125
0.000125
0.000125
0.000125
0.000125
0.000125
0.000125
0.000125
0.000125
0.000125
0.000125
0.000125
0.000125
0.000125
0.000125
0.000125
0.000125
0.000125
0.000125
0.000125
0.000125
0.000125
0.000125
0.000125
0.000125
0.000125
0.000124
0.000124
0.000124
0.000124
0.000124
0.000124
0.000124
0.000124
0.000124
0.000124
0.000124
0.000124
0.000124
0.000124
0.000124
0.000124
0.000124
0.000124
0.000124
0.000124
0.000124
0.000124
0.000124
0.000124
0.000124
0.000124
0.000124
0.000124
0.000124
0.000124
0.000124
0.000124
0.000124
0.000124
0.000124
0.000124
0.000124
0.000124
0.000124
0.000123
0.000123
0.000123
0.000123
0.000123
0.000123
0.000123
0.000123
0.000123
0.000123
0.000123
0.000123
0.000123
0.000123
0.000123
0.000123
0.000123
0.000123
0.000123
0.000123
0.000123
0.000123
0.000123
0.000123
0.000123
0.000123
0.000123
0.000123
0.000123
0.000123
0.000123
0.000123
0.000123
0.000123
0.000123
0.000123
0.000123
0.000123
0.000123
0.000123
0.000122
0.000122
0.000122
0.000122
0.000122
0.000122
0.000122
0.000122
0.000122
0.000122
0.000122
0.000122
0.000122
0.000122
0.000122
0.000122
0.000122
0.000122
0.000122
0.000122
0.000122
0.000122
0.000122
0.000122
0.000122
0.000122
0.000122
0.000122
0.000122
0.000122
0.000122
0.000122
0.000122
0.000122
0.000122
0.000122
0.000122
0.000122
0.000122
0.000122
0.000121
0.000121
0.000121
0.000121
0.000121
0.000121
0.000121
0.000121
0.000121
0.000121
0.000121
0.000121
0.000121
0.000121
0.000121
0.000121
0.000121
0.000121
0.000121
0.000121
0.000121
0.000121
0.000121
0.000121
0.000121
0.000121
0.000121
0.000121
0.000121
0.000121
0.000121
0.000121
0.000121
0.000121
0.000121
0.000121
0.000121
0.000121
0.000121
0.000121
0.000121
0.000120
0.000120
0.000120
0.000120
0.000120
0.000120
0.000120
0.000120
0.000120
0.000120
0.000120
0.000120
0.000120
0.000120
0.000120
0.000120
0.000120
0.000120
0.000120
0.000120
0.000120
0.000120
0.000120
0.000120
0.000120
0.000120
0.000120
0.000120
0.000120
0.000120
0.000120
0.000120
0.000120
0.000120
0.000120
0.000120
0.000120
0.000120
0.000120
0.000120
0.000120
0.000119
0.000119
0.000119
0.000119
0.000119
0.000119
0.000119
0.000119
0.000119
0.000119
0.000119
0.000119
0.000119
0.000119
0.000119
0.000119
0.000119
0.000119
0.000119
0.000119
0.000119
0.000119
0.000119
0.000119
0.000119
0.000119
0.000119
0.000119
0.000119
0.000119
0.000119
0.000119
0.000119
0.000119
0.000119
0.000119
0.000119
0.000119
0.000119
0.000119
0.000119
0.000119
0.000118
0.000118
0.000118
0.000118
0.000118
0.000118
0.000118
0.000118
0.000118
0.000118
0.000118
0.000118
0.000118
0.000118
0.000118
0.000118
0.000118
0.000118
0.000118
0.000118
0.000118
0.000118
0.000118
0.000118
0.000118
0.000118
0.000118
0.000118
0.000118
0.000118
0.000118
0.000118
0.000118
0.000118
0.000118
0.000118
0.000118
0.000118
0.000118
0.000118
0.000118
0.000118
0.000118
0.000117
0.000117
0.000117
0.000117
0.000117
0.000117
0.000117
0.000117
0.000117
0.000117
0.000117
0.000117
0.000117
0.000117
0.000117
0.000117
0.000117
0.000117
0.000117
0.000117
0.000117
0.000117
0.000117
0.000117
0.000117
0.000117
0.000117
0.000117
0.000117
0.000117
0.000117
0.000117
0.000117
0.000117
0.000117
0.000117
0.000117
0.000117
0.000117
0.000117
0.000117
0.000117
0.000117
0.000117
0.000116
0.000116
0.000116
0.000116
0.000116
0.000116
0.000116
0.000116
0.000116
0.000116
0.000116
0.000116
0.000116
0.000116
0.000116
0.000116
0.000116
0.000116
0.000116
0.000116
0.000116
0.000116
0.000116
0.000116
0.000116
0.000116
0.000116
0.000116
0.000116
0.000116
0.000116
0.000116
0.000116
0.000116
0.000116
0.000116
0.000116
0.000116
0.000116
0.000116
0.000116
0.000116
0.000116
0.000116
0.000115
0.000115
0.000115
0.000115
0.000115
0.000115
0.000115
0.000115
0.000115
0.000115
0.000115
0.000115
0.000115
0.000115
0.000115
0.000115
0.000115
0.000115
0.000115
0.000115
0.000115
0.000115
0.000115
0.000115
0.000115
0.000115
0.000115
0.000115
0.000115
0.000115
0.000115
0.000115
0.000115
0.000115
0.000115
0.000115
0.000115
0.000115
0.000115
0.000115
0.000115
0.000115
0.000115
0.000115
0.000115
0.000114
0.000114
0.000114
0.000114
0.000114
0.000114
0.000114
0.000114
0.000114
0.000114
0.000114
0.000114
0.000114
0.000114
0.000114
0.000114
0.000114
0.000114
0.000114
0.000114
0.000114
0.000114
0.000114
0.000114
0.000114
0.000114
0.000114
0.000114
0.000114
0.000114
0.000114
0.000114
0.000114
0.000114
0.000114
0.000114
0.000114
0.000114
0.000114
0.000114
0.000114
0.000114
0.000114
0.000114
0.000114
0.000114
0.000113
0.000113
0.000113
0.000113
0.000113
0.000113
0.000113
0.000113
0.000113
0.000113
0.000113
0.000113
0.000113
0.000113
0.000113
0.000113
0.000113
0.000113
0.000113
0.000113
0.000113
0.000113
0.000113
0.000113
0.000113
0.000113
0.000113
0.000113
0.000113
0.000113
0.000113
0.000113
0.000113
0.000113
0.000113
0.000113
0.000113
0.000113
0.000113
0.000113
0.000113
0.000113
0.000113
0.000113
0.000113
0.000113
0.000113
0.000112
0.000112
0.000112
0.000112
0.000112
0.000112
0.000112
0.000112
0.000112
0.000112
0.000112
0.000112
0.000112
0.000112
0.000112
0.000112
0.000112
0.000112
0.000112
0.000112
0.000112
0.000112
0.000112
0.000112
0.000112
0.000112
0.000112
0.000112
0.000112
0.000112
0.000112
0.000112
0.000112
0.000112
0.000112
0.000112
0.000112
0.000112
0.000112
0.000112
0.000112
0.000112
0.000112
0.000112
0.000112
0.000112
0.000112
0.000112
0.000111
0.000111
0.000111
0.000111
0.000111
0.000111
0.000111
0.000111
0.000111
0.000111
0.000111
0.000111
0.000111
0.000111
0.000111
0.000111
0.000111
0.000111
0.000111
0.000111
0.000111
0.000111
0.000111
0.000111
0.000111
0.000111
0.000111
0.000111
0.000111
0.000111
0.000111
0.000111
0.000111
0.000111
0.000111
0.000111
0.000111
0.000111
0.000111
0.000111
0.000111
0.000111
0.000111
0.000111
0.000111
0.000111
0.000111
0.000111
0.000110
0.000110
0.000110
0.000110
0.000110
0.000110
0.000110
0.000110
0.000110
0.000110
0.000110
0.000110
0.000110
0.000110
0.000110
0.000110
0.000110
0.000110
0.000110
0.000110
0.000110
0.000110
0.000110
0.000110
0.000110
0.000110
0.000110
0.000110
0.000110
0.000110
0.000110
0.000110
0.000110
0.000110
0.000110
0.000110
0.000110
0.000110
0.000110
0.000110
0.000110
0.000110
0.000110
0.000110
0.000110
0.000110
0.000110
0.000110
0.000110
0.000110
0.000109
0.000109
0.000109
0.000109
0.000109
0.000109
0.000109
0.000109
0.000109
0.000109
0.000109
0.000109
0.000109
0.000109
0.000109
0.000109
0.000109
0.000109
0.000109
0.000109
0.000109
0.000109
0.000109
0.000109
0.000109
0.000109
0.000109
0.000109
0.000109
0.000109
0.000109
0.000109
0.000109
0.000109
0.000109
0.000109
0.000109
0.000109
0.000109
0.000109
0.000109
0.000109
0.000109
0.000109
0.000109
0.000109
0.000109
0.000109
0.000109
0.000109
0.000108
0.000108
0.000108
0.000108
0.000108
0.000108
0.000108
0.000108
0.000108
0.000108
0.000108
0.000108
0.000108
0.000108
0.000108
0.000108
0.000108
0.000108
0.000108
0.000108
0.000108
0.000108
0.000108
0.000108
0.000108
0.000108
0.000108
0.000108
0.000108
0.000108
0.000108
0.000108
0.000108
0.000108
0.000108
0.000108
0.000108
0.000108
0.000108
0.000108
0.000108
0.000108
0.000108
0.000108
0.000108
0.000108
0.000108
0.000108
0.000108
0.000108
0.000108
0.000107
0.000107
0.000107
0.000107
0.000107
0.000107
0.000107
0.000107
0.000107
0.000107
0.000107
0.000107
0.000107
0.000107
0.000107
0.000107
0.000107
0.000107
0.000107
0.000107
0.000107
0.000107
0.000107
0.000107
0.000107
0.000107
0.000107
0.000107
0.000107
0.000107
0.000107
0.000107
0.000107
0.000107
0.000107
0.000107
0.000107
0.000107
0.000107
0.000107
0.000107
0.000107
0.000107
0.000107
0.000107
0.000107
0.000107
0.000107
0.000107
0.000107
0.000107
0.000107
0.000106
0.000106
0.000106
0.000106
0.000106
0.000106
0.000106
0.000106
0.000106
0.000106
0.000106
0.000106
0.000106
0.000106
0.000106
0.000106
0.000106
0.000106
0.000106
0.000106
0.000106
0.000106
0.000106
0.000106
0.000106
0.000106
0.000106
0.000106
0.000106
0.000106
0.000106
0.000106
0.000106
0.000106
0.000106
0.000106
0.000106
0.000106
0.000106
0.000106
0.000106
0.000106
0.000106
0.000106
0.000106
0.000106
0.000106
0.000106
0.000106
0.000106
0.000106
0.000106
0.000106
0.000105
0.000105
0.000105
0.000105
0.000105
0.000105
0.000105
0.000105
0.000105
0.000105
0.000105
0.000105
0.000105
0.000105
0.000105
0.000105
0.000105
0.000105
0.000105
0.000105
0.000105
0.000105
0.000105
0.000105
0.000105
0.000105
0.000105
0.000105
0.000105
0.000105
0.000105
0.000105
0.000105
0.000105
0.000105
0.000105
0.000105
0.000105
0.000105
0.000105
0.000105
0.000105
0.000105
0.000105
0.000105
0.000105
0.000105
0.000105
0.000105
0.000105
0.000105
0.000105
0.000105
0.000105
0.000104
0.000104
0.000104
0.000104
0.000104
0.000104
0.000104
0.000104
0.000104
0.000104
0.000104
0.000104
0.000104
0.000104
0.000104
0.000104
0.000104
0.000104
0.000104
0.000104
0.000104
0.000104
0.000104
0.000104
0.000104
0.000104
0.000104
0.000104
0.000104
0.000104
0.000104
0.000104
0.000104
0.000104
0.000104
0.000104
0.000104
0.000104
0.000104
0.000104
0.000104
0.000104
0.000104
0.000104
0.000104
0.000104
0.000104
0.000104
0.000104
0.000104
0.000104
0.000104
0.000104
0.000104
0.000104
0.000104
0.000103
0.000103
0.000103
0.000103
0.000103
0.000103
0.000103
0.000103
0.000103
0.000103
0.000103
0.000103
0.000103
0.000103
0.000103
0.000103
0.000103
0.000103
0.000103
0.000103
0.000103
0.000103
0.000103
0.000103
0.000103
0.000103
0.000103
0.000103
0.000103
0.000103
0.000103
0.000103
0.000103
0.000103
0.000103
0.000103
0.000103
0.000103
0.000103
0.000103
0.000103
0.000103
0.000103
0.000103
0.000103
0.000103
0.000103
0.000103
0.000103
0.000103
0.000103
0.000103
0.000103
0.000103
0.000103
0.000103
0.000102
0.000102
0.000102
0.000102
0.000102
0.000102
0.000102
0.000102
0.000102
0.000102
0.000102
0.000102
0.000102
0.000102
0.000102
0.000102
0.000102
0.000102
0.000102
0.000102
0.000102
0.000102
0.000102
0.000102
0.000102
0.000102
0.000102
0.000102
0.000102
0.000102
0.000102
0.000102
0.000102
0.000102
0.000102
0.000102
0.000102
0.000102
0.000102
0.000102
0.000102
0.000102
0.000102
0.000102
0.000102
0.000102
0.000102
0.000102
0.000102
0.000102
0.000102
0.000102
0.000102
0.000102
0.000102
0.000102
0.000102
0.000101
0.000101
0.000101
0.000101
0.000101
0.000101
0.000101
0.000101
0.000101
0.000101
0.000101
0.000101
0.000101
0.000101
0.000101
0.000101
0.000101
0.000101
0.000101
0.000101
0.000101
0.000101
0.000101
0.000101
0.000101
0.000101
0.000101
0.000101
0.000101
0.000101
0.000101
0.000101
0.000101
0.000101
0.000101
0.000101
0.000101
0.000101
0.000101
0.000101
0.000101
0.000101
0.000101
0.000101
0.000101
0.000101
0.000101
0.000101
0.000101
0.000101
0.000101
0.000101
0.000101
0.000101
0.000101
0.000101
0.000101
0.000101
0.000101
0.000100
0.000100
0.000100
0.000100
0.000100
0.000100
0.000100
0.000100
0.000100
0.000100
0.000100
0.000100
0.000100
0.000100
0.000100
0.000100
0.000100
0.000100
0.000100
0.000100
0.000100
0.000100
0.000100
0.000100
0.000100
0.000100
0.000100
0.000100
0.000100
0.000100
0.000100
0.000100
0.000100
0.000100
0.000100
0.000100
0.000100
0.000100
0.000100
0.000100
0.000100
0.000100
0.000100
0.000100
0.000100
0.000100
0.000100
0.000100
0.000100
0.000100
0.000100
0.000100
0.000100
0.000100
0.000100
0.000100
0.000100
0.000100
0.000100
0.000099
0.000099
0.000099
0.000099
0.000099
0.000099
0.000099
0.000099
0.000099
0.000099
0.000099
0.000099
0.000099
0.000099
0.000099
0.000099
0.000099
0.000099
0.000099
0.000099
0.000099
0.000099
0.000099
0.000099
0.000099
0.000099
0.000099
0.000099
0.000099
0.000099
0.000099
0.000099
0.000099
0.000099
0.000099
0.000099
0.000099
0.000099
0.000099
0.000099
0.000099
0.000099
0.000099
0.000099
0.000099
0.000099
0.000099
0.000099
0.000099
0.000099
0.000099
0.000099
0.000099
0.000099
0.000099
0.000099
0.000099
0.000099
0.000099
0.000099
0.000099
0.000098
0.000098
0.000098
0.000098
0.000098
0.000098
0.000098
0.000098
0.000098
0.000098
0.000098
0.000098
0.000098
0.000098
0.000098
0.000098
0.000098
0.000098
0.000098
0.000098
0.000098
0.000098
0.000098
0.000098
0.000098
0.000098
0.000098
0.000098
0.000098
0.000098
0.000098
0.000098
0.000098
0.000098
0.000098
0.000098
0.000098
0.000098
0.000098
0.000098
0.000098
0.000098
0.000098
0.000098
0.000098
0.000098
0.000098
0.000098
0.000098
0.000098
0.000098
0.000098
0.000098
0.000098
0.000098
0.000098
0.000098
0.000098
0.000098
0.000098
0.000098
0.000098
0.000098
0.000097
0.000097
0.000097
0.000097
0.000097
0.000097
0.000097
0.000097
0.000097
0.000097
0.000097
0.000097
0.000097
0.000097
0.000097
0.000097
0.000097
0.000097
0.000097
0.000097
0.000097
0.000097
0.000097
0.000097
0.000097
0.000097
0.000097
0.000097
0.000097
0.000097
0.000097
0.000097
0.000097
0.000097
0.000097
0.000097
0.000097
0.000097
0.000097
0.000097
0.000097
0.000097
0.000097
0.000097
0.000097
0.000097
0.000097
0.000097
0.000097
0.000097
0.000097
0.000097
0.000097
0.000097
0.000097
0.000097
0.000097
0.000097
0.000097
0.000097
0.000097
0.000097
0.000097
0.000096
0.000096
0.000096
0.000096
0.000096
0.000096
0.000096
0.000096
0.000096
0.000096
0.000096
0.000096
0.000096
0.000096
0.000096
0.000096
0.000096
0.000096
0.000096
0.000096
0.000096
0.000096
0.000096
0.000096
0.000096
0.000096
0.000096
0.000096
0.000096
0.000096
0.000096
0.000096
0.000096
0.000096
0.000096
0.000096
0.000096
0.000096
0.000096
0.000096
0.000096
0.000096
0.000096
0.000096
0.000096
0.000096
0.000096
0.000096
0.000096
0.000096
0.000096
0.000096
0.000096
0.000096
0.000096
0.000096
0.000096
0.000096
0.000096
0.000096
0.000096
0.000096
0.000096
0.000096
0.000096
0.000095
0.000095
0.000095
0.000095
0.000095
0.000095
0.000095
0.000095
0.000095
0.000095
0.000095
0.000095
0.000095
0.000095
0.000095
0.000095
0.000095
0.000095
0.000095
0.000095
0.000095
0.000095
0.000095
0.000095
0.000095
0.000095
0.000095
0.000095
0.000095
0.000095
0.000095
0.000095
0.000095
0.000095
0.000095
0.000095
0.000095
0.000095
0.000095
0.000095
0.000095
0.000095
0.000095
0.000095
0.000095
0.000095
0.000095
0.000095
0.000095
0.000095
0.000095
0.000095
0.000095
0.000095
0.000095
0.000095
0.000095
0.000095
0.000095
0.000095
0.000095
0.000095
0.000095
0.000095
0.000095
0.000095
0.000094
0.000094
0.000094
0.000094
0.000094
0.000094
0.000094
0.000094
0.000094
0.000094
0.000094
0.000094
0.000094
0.000094
0.000094
0.000094
0.000094
0.000094
0.000094
0.000094
0.000094
0.000094
0.000094
0.000094
0.000094
0.000094
0.000094
0.000094
0.000094
0.000094
0.000094
0.000094
0.000094
0.000094
0.000094
0.000094
0.000094
0.000094
0.000094
0.000094
0.000094
0.000094
0.000094
0.000094
0.000094
0.000094
0.000094
0.000094
0.000094
0.000094
0.000094
0.000094
0.000094
0.000094
0.000094
0.000094
0.000094
0.000094
0.000094
0.000094
0.000094
0.000094
0.000094
0.000094
0.000094
0.000094
0.000094
0.000093
0.000093
0.000093
0.000093
0.000093
0.000093
0.000093
0.000093
0.000093
0.000093
0.000093
0.000093
0.000093
0.000093
0.000093
0.000093
0.000093
0.000093
0.000093
0.000093
0.000093
0.000093
0.000093
0.000093
0.000093
0.000093
0.000093
0.000093
0.000093
0.000093
0.000093
0.000093
0.000093
0.000093
0.000093
0.000093
0.000093
0.000093
0.000093
0.000093
0.000093
0.000093
0.000093
0.000093
0.000093
0.000093
0.000093
0.000093
0.000093
0.000093
0.000093
0.000093
0.000093
0.000093
0.000093
0.000093
0.000093
0.000093
0.000093
0.000093
0.000093
0.000093
0.000093
0.000093
0.000093
0.000093
0.000093
0.000093
0.000093
0.000092
0.000092
0.000092
0.000092
0.000092
0.000092
0.000092
0.000092
0.000092
0.000092
0.000092
0.000092
0.000092
0.000092
0.000092
0.000092
0.000092
0.000092
0.000092
0.000092
0.000092
0.000092
0.000092
0.000092
0.000092
0.000092
0.000092
0.000092
0.000092
0.000092
0.000092
0.000092
0.000092
0.000092
0.000092
0.000092
0.000092
0.000092
0.000092
0.000092
0.000092
0.000092
0.000092
0.000092
0.000092
0.000092
0.000092
0.000092
0.000092
0.000092
0.000092
0.000092
0.000092
0.000092
0.000092
0.000092
0.000092
0.000092
0.000092
0.000092
0.000092
0.000092
0.000092
0.000092
0.000092
0.000092
0.000092
0.000092
0.000092
0.000092
0.000092
0.000091
0.000091
0.000091
0.000091
0.000091
0.000091
0.000091
0.000091
0.000091
0.000091
0.000091
0.000091
0.000091
0.000091
0.000091
0.000091
0.000091
0.000091
0.000091
0.000091
0.000091
0.000091
0.000091
0.000091
0.000091
0.000091
0.000091
0.000091
0.000091
0.000091
0.000091
0.000091
0.000091
0.000091
0.000091
0.000091
0.000091
0.000091
0.000091
0.000091
0.000091
0.000091
0.000091
0.000091
0.000091
0.000091
0.000091
0.000091
0.000091
0.000091
0.000091
0.000091
0.000091
0.000091
0.000091
0.000091
0.000091
0.000091
0.000091
0.000091
0.000091
0.000091
0.000091
0.000091
0.000091
0.000091
0.000091
0.000091
0.000091
0.000091
0.000091
0.000091
0.000090
0.000090
0.000090
0.000090
0.000090
0.000090
0.000090
0.000090
0.000090
0.000090
0.000090
0.000090
0.000090
0.000090
0.000090
0.000090
0.000090
0.000090
0.000090
0.000090
0.000090
0.000090
0.000090
0.000090
0.000090
0.000090
0.000090
0.000090
0.000090
0.000090
0.000090
0.000090
0.000090
0.000090
0.000090
0.000090
0.000090
0.000090
0.000090
0.000090
0.000090
0.000090
0.000090
0.000090
0.000090
0.000090
0.000090
0.000090
0.000090
0.000090
0.000090
0.000090
0.000090
0.000090
0.000090
0.000090
0.000090
0.000090
0.000090
0.000090
0.000090
0.000090
0.000090
0.000090
0.000090
0.000090
0.000090
0.000090
0.000090
0.000090
0.000090
0.000090
0.000090
0.000090
0.000089
0.000089
0.000089
0.000089
0.000089
0.000089
0.000089
0.000089
0.000089
0.000089
0.000089
0.000089
0.000089
0.000089
0.000089
0.000089
0.000089
0.000089
0.000089
0.000089
0.000089
0.000089
0.000089
0.000089
0.000089
0.000089
0.000089
0.000089
0.000089
0.000089
0.000089
0.000089
0.000089
0.000089
0.000089
0.000089
0.000089
0.000089
0.000089
0.000089
0.000089
0.000089
0.000089
0.000089
0.000089
0.000089
0.000089
0.000089
0.000089
0.000089
0.000089
0.000089
0.000089
0.000089
0.000089
0.000089
0.000089
0.000089
0.000089
0.000089
0.000089
0.000089
0.000089
0.000089
0.000089
0.000089
0.000089
0.000089
0.000089
0.000089
0.000089
0.000089
0.000089
0.000089
0.000089
0.000088
0.000088
0.000088
0.000088
0.000088
0.000088
0.000088
0.000088
0.000088
0.000088
0.000088
0.000088
0.000088
0.000088
0.000088
0.000088
0.000088
0.000088
0.000088
0.000088
0.000088
0.000088
0.000088
0.000088
0.000088
0.000088
0.000088
0.000088
0.000088
0.000088
0.000088
0.000088
0.000088
0.000088
0.000088
0.000088
0.000088
0.000088
0.000088
0.000088
0.000088
0.000088
0.000088
0.000088
0.000088
0.000088
0.000088
0.000088
0.000088
0.000088
0.000088
0.000088
0.000088
0.000088
0.000088
0.000088
0.000088
0.000088
0.000088
0.000088
0.000088
0.000088
0.000088
0.000088
0.000088
0.000088
0.000088
0.000088
0.000088
0.000088
0.000088
0.000088
0.000088
0.000088
0.000088
0.000088
0.000088
0.000087
0.000087
0.000087
0.000087
0.000087
0.000087
0.000087
0.000087
0.000087
0.000087
0.000087
0.000087
0.000087
0.000087
0.000087
0.000087
0.000087
0.000087
0.000087
0.000087
0.000087
0.000087
0.000087
0.000087
0.000087
0.000087
0.000087
0.000087
0.000087
0.000087
0.000087
0.000087
0.000087
0.000087
0.000087
0.000087
0.000087
0.000087
0.000087
0.000087
0.000087
0.000087
0.000087
0.000087
0.000087
0.000087
0.000087
0.000087
0.000087
0.000087
0.000087
0.000087
0.000087
0.000087
0.000087
0.000087
0.000087
0.000087
0.000087
0.000087
0.000087
0.000087
0.000087
0.000087
0.000087
0.000087
0.000087
0.000087
0.000087
0.000087
0.000087
0.000087
0.000087
0.000087
0.000087
0.000087
0.000087
0.000087
0.000087
0.000086
0.000086
0.000086
0.000086
0.000086
0.000086
0.000086
0.000086
0.000086
0.000086
0.000086
0.000086
0.000086
0.000086
0.000086
0.000086
0.000086
0.000086
0.000086
0.000086
0.000086
0.000086
0.000086
0.000086
0.000086
0.000086
0.000086
0.000086
0.000086
0.000086
0.000086
0.000086
0.000086
0.000086
0.000086
0.000086
0.000086
0.000086
0.000086
0.000086
0.000086
0.000086
0.000086
0.000086
0.000086
0.000086
0.000086
0.000086
0.000086
0.000086
0.000086
0.000086
0.000086
0.000086
0.000086
0.000086
0.000086
0.000086
0.000086
0.000086
0.000086
0.000086
0.000086
0.000086
0.000086
0.000086
0.000086
0.000086
0.000086
0.000086
0.000086
0.000086
0.000086
0.000086
0.000086
0.000086
0.000086
0.000086
0.000086
0.000086
0.000085
0.000085
0.000085
0.000085
0.000085
0.000085
0.000085
0.000085
0.000085
0.000085
0.000085
0.000085
0.000085
0.000085
0.000085
0.000085
0.000085
0.000085
0.000085
0.000085
0.000085
0.000085
0.000085
0.000085
0.000085
0.000085
0.000085
0.000085
0.000085
0.000085
0.000085
0.000085
0.000085
0.000085
0.000085
0.000085
0.000085
0.000085
0.000085
0.000085
0.000085
0.000085
0.000085
0.000085
0.000085
0.000085
0.000085
0.000085
0.000085
0.000085
0.000085
0.000085
0.000085
0.000085
0.000085
0.000085
0.000085
0.000085
0.000085
0.000085
0.000085
0.000085
0.000085
0.000085
0.000085
0.000085
0.000085
0.000085
0.000085
0.000085
0.000085
0.000085
0.000085
0.000085
0.000085
0.000085
0.000085
0.000085
0.000085
0.000085
0.000085
0.000085
0.000085
0.000084
0.000084
0.000084
0.000084
0.000084
0.000084
0.000084
0.000084
0.000084
0.000084
0.000084
0.000084
0.000084
0.000084
0.000084
0.000084
0.000084
0.000084
0.000084
0.000084
0.000084
0.000084
0.000084
0.000084
0.000084
0.000084
0.000084
0.000084
0.000084
0.000084
0.000084
0.000084
0.000084
0.000084
0.000084
0.000084
0.000084
0.000084
0.000084
0.000084
0.000084
0.000084
0.000084
0.000084
0.000084
0.000084
0.000084
0.000084
0.000084
0.000084
0.000084
0.000084
0.000084
0.000084
0.000084
0.000084
0.000084
0.000084
0.000084
0.000084
0.000084
0.000084
0.000084
0.000084
0.000084
0.000084
0.000084
0.000084
0.000084
0.000084
0.000084
0.000084
0.000084
0.000084
0.000084
0.000084
0.000084
0.000084
0.000084
0.000084
0.000084
0.000084
0.000084
0.000084
0.000083
0.000083
0.000083
0.000083
0.000083
0.000083
0.000083
0.000083
0.000083
0.000083
0.000083
0.000083
0.000083
0.000083
0.000083
0.000083
0.000083
0.000083
0.000083
0.000083
0.000083
0.000083
0.000083
0.000083
0.000083
0.000083
0.000083
0.000083
0.000083
0.000083
0.000083
0.000083
0.000083
0.000083
0.000083
0.000083
0.000083
0.000083
0.000083
0.000083
0.000083
0.000083
0.000083
0.000083
0.000083
0.000083
0.000083
0.000083
0.000083
0.000083
0.000083
0.000083
0.000083
0.000083
0.000083
0.000083
0.000083
0.000083
0.000083
0.000083
0.000083
0.000083
0.000083
0.000083
0.000083
0.000083
0.000083
0.000083
0.000083
0.000083
0.000083
0.000083
0.000083
0.000083
0.000083
0.000083
0.000083
0.000083
0.000083
0.000083
0.000083
0.000083
0.000083
0.000083
0.000083
0.000083
0.000083
0.000082
0.000082
0.000082
0.000082
0.000082
0.000082
0.000082
0.000082
0.000082
0.000082
0.000082
0.000082
0.000082
0.000082
0.000082
0.000082
0.000082
0.000082
0.000082
0.000082
0.000082
0.000082
0.000082
0.000082
0.000082
0.000082
0.000082
0.000082
0.000082
0.000082
0.000082
0.000082
0.000082
0.000082
0.000082
0.000082
0.000082
0.000082
0.000082
0.000082
0.000082
0.000082
0.000082
0.000082
0.000082
0.000082
0.000082
0.000082
0.000082
0.000082
0.000082
0.000082
0.000082
0.000082
0.000082
0.000082
0.000082
0.000082
0.000082
0.000082
0.000082
0.000082
0.000082
0.000082
0.000082
0.000082
0.000082
0.000082
0.000082
0.000082
0.000082
0.000082
0.000082
0.000082
0.000082
0.000082
0.000082
0.000082
0.000082
0.000082
0.000082
0.000082
0.000082
0.000082
0.000082
0.000082
0.000082
0.000082
0.000081
0.000081
0.000081
0.000081
0.000081
0.000081
0.000081
0.000081
0.000081
0.000081
0.000081
0.000081
0.000081
0.000081
0.000081
0.000081
0.000081
0.000081
0.000081
0.000081
0.000081
0.000081
0.000081
0.000081
0.000081
0.000081
0.000081
0.000081
0.000081
0.000081
0.000081
0.000081
0.000081
0.000081
0.000081
0.000081
0.000081
0.000081
0.000081
0.000081
0.000081
0.000081
0.000081
0.000081
0.000081
0.000081
0.000081
0.000081
0.000081
0.000081
0.000081
0.000081
0.000081
0.000081
0.000081
0.000081
0.000081
0.000081
0.000081
0.000081
0.000081
0.000081
0.000081
0.000081
0.000081
0.000081
0.000081
0.000081
0.000081
0.000081
0.000081
0.000081
0.000081
0.000081
0.000081
0.000081
0.000081
0.000081
0.000081
0.000081
0.000081
0.000081
0.000081
0.000081
0.000081
0.000081
0.000081
0.000081
0.000081
0.000081
0.000081
0.000080
0.000080
0.000080
0.000080
0.000080
0.000080
0.000080
0.000080
0.000080
0.000080
0.000080
0.000080
0.000080
0.000080
0.000080
0.000080
0.000080
0.000080
0.000080
0.000080
0.000080
0.000080
0.000080
0.000080
0.000080
0.000080
0.000080
0.000080
0.000080
0.000080
0.000080
0.000080
0.000080
0.000080
0.000080
0.000080
0.000080
0.000080
0.000080
0.000080
0.000080
0.000080
0.000080
0.000080
0.000080
0.000080
0.000080
0.000080
0.000080
0.000080
0.000080
0.000080
0.000080
0.000080
0.000080
0.000080
0.000080
0.000080
0.000080
0.000080
0.000080
0.000080
0.000080
0.000080
0.000080
0.000080
0.000080
0.000080
0.000080
0.000080
0.000080
0.000080
0.000080
0.000080
0.000080
0.000080
0.000080
0.000080
0.000080
0.000080
0.000080
0.000080
0.000080
0.000080
0.000080
0.000080
0.000080
0.000080
0.000080
0.000080
0.000080
0.000080
0.000080
0.000079
0.000079
0.000079
0.000079
0.000079
0.000079
0.000079
0.000079
0.000079
0.000079
0.000079
0.000079
0.000079
0.000079
0.000079
0.000079
0.000079
0.000079
0.000079
0.000079
0.000079
0.000079
0.000079
0.000079
0.000079
0.000079
0.000079
0.000079
0.000079
0.000079
0.000079
0.000079
0.000079
0.000079
0.000079
0.000079
0.000079
0.000079
0.000079
0.000079
0.000079
0.000079
0.000079
0.000079
0.000079
0.000079
0.000079
0.000079
0.000079
0.000079
0.000079
0.000079
0.000079
0.000079
0.000079
0.000079
0.000079
0.000079
0.000079
0.000079
0.000079
0.000079
0.000079
0.000079
0.000079
0.000079
0.000079
0.000079
0.000079
0.000079
0.000079
0.000079
0.000079
0.000079
0.000079
0.000079
0.000079
0.000079
0.000079
0.000079
0.000079
0.000079
0.000079
0.000079
0.000079
0.000079
0.000079
0.000079
0.000079
0.000079
0.000079
0.000079
0.000079
0.000079
0.000079
0.000079
0.000078
0.000078
0.000078
0.000078
0.000078
0.000078
0.000078
0.000078
0.000078
0.000078
0.000078
0.000078
0.000078
0.000078
0.000078
0.000078
0.000078
0.000078
0.000078
0.000078
0.000078
0.000078
0.000078
0.000078
0.000078
0.000078
0.000078
0.000078
0.000078
0.000078
0.000078
0.000078
0.000078
0.000078
0.000078
0.000078
0.000078
0.000078
0.000078
0.000078
0.000078
0.000078
0.000078
0.000078
0.000078
0.000078
0.000078
0.000078
0.000078
0.000078
0.000078
0.000078
0.000078
0.000078
0.000078
0.000078
0.000078
0.000078
0.000078
0.000078
0.000078
0.000078
0.000078
0.000078
0.000078
0.000078
0.000078
0.000078
0.000078
0.000078
0.000078
0.000078
0.000078
0.000078
0.000078
0.000078
0.000078
0.000078
0.000078
0.000078
0.000078
0.000078
0.000078
0.000078
0.000078
0.000078
0.000078
0.000078
0.000078
0.000078
0.000078
0.000078
0.000078
0.000078
0.000078
0.000078
0.000078
0.000078
0.000077
0.000077
0.000077
0.000077
0.000077
0.000077
0.000077
0.000077
0.000077
0.000077
0.000077
0.000077
0.000077
0.000077
0.000077
0.000077
0.000077
0.000077
0.000077
0.000077
0.000077
0.000077
0.000077
0.000077
0.000077
0.000077
0.000077
0.000077
0.000077
0.000077
0.000077
0.000077
0.000077
0.000077
0.000077
0.000077
0.000077
0.000077
0.000077
0.000077
0.000077
0.000077
0.000077
0.000077
0.000077
0.000077
0.000077
0.000077
0.000077
0.000077
0.000077
0.000077
0.000077
0.000077
0.000077
0.000077
0.000077
0.000077
0.000077
0.000077
0.000077
0.000077
0.000077
0.000077
0.000077
0.000077
0.000077
0.000077
0.000077
0.000077
0.000077
0.000077
0.000077
0.000077
0.000077
0.000077
0.000077
0.000077
0.000077
0.000077
0.000077
0.000077
0.000077
0.000077
0.000077
0.000077
0.000077
0.000077
0.000077
0.000077
0.000077
0.000077
0.000077
0.000077
0.000077
0.000077
0.000077
0.000077
0.000077
0.000077
0.000076
0.000076
0.000076
0.000076
0.000076
0.000076
0.000076
0.000076
0.000076
0.000076
0.000076
0.000076
0.000076
0.000076
0.000076
0.000076
0.000076
0.000076
0.000076
0.000076
0.000076
0.000076
0.000076
0.000076
0.000076
0.000076
0.000076
0.000076
0.000076
0.000076
0.000076
0.000076
0.000076
0.000076
0.000076
0.000076
0.000076
0.000076
0.000076
0.000076
0.000076
0.000076
0.000076
0.000076
0.000076
0.000076
0.000076
0.000076
0.000076
0.000076
0.000076
0.000076
0.000076
0.000076
0.000076
0.000076
0.000076
0.000076
0.000076
0.000076
0.000076
0.000076
0.000076
0.000076
0.000076
0.000076
0.000076
0.000076
0.000076
0.000076
0.000076
0.000076
0.000076
0.000076
0.000076
0.000076
0.000076
0.000076
0.000076
0.000076
0.000076
0.000076
0.000076
0.000076
0.000076
0.000076
0.000076
0.000076
0.000076
0.000076
0.000076
0.000076
0.000076
0.000076
0.000076
0.000076
0.000076
0.000076
0.000076
0.000076
0.000076
0.000076
0.000076
0.000076
0.000075
0.000075
0.000075
0.000075
0.000075
0.000075
0.000075
0.000075
0.000075
0.000075
0.000075
0.000075
0.000075
0.000075
0.000075
0.000075
0.000075
0.000075
0.000075
0.000075
0.000075
0.000075
0.000075
0.000075
0.000075
0.000075
0.000075
0.000075
0.000075
0.000075
0.000075
0.000075
0.000075
0.000075
0.000075
0.000075
0.000075
0.000075
0.000075
0.000075
0.000075
0.000075
0.000075
0.000075
0.000075
0.000075
0.000075
0.000075
0.000075
0.000075
0.000075
0.000075
0.000075
0.000075
0.000075
0.000075
0.000075
0.000075
0.000075
0.000075
0.000075
0.000075
0.000075
0.000075
0.000075
0.000075
0.000075
0.000075
0.000075
0.000075
0.000075
0.000075
0.000075
0.000075
0.000075
0.000075
0.000075
0.000075
0.000075
0.000075
0.000075
0.000075
0.000075
0.000075
0.000075
0.000075
0.000075
0.000075
0.000075
0.000075
0.000075
0.000075
0.000075
0.000075
0.000075
0.000075
0.000075
0.000075
0.000075
0.000075
0.000075
0.000075
0.000075
0.000075
0.000075
0.000074
0.000074
0.000074
0.000074
0.000074
0.000074
0.000074
0.000074
0.000074
0.000074
0.000074
0.000074
0.000074
0.000074
0.000074
0.000074
0.000074
0.000074
0.000074
0.000074
0.000074
0.000074
0.000074
0.000074
0.000074
0.000074
0.000074
0.000074
0.000074
0.000074
0.000074
0.000074
0.000074
0.000074
0.000074
0.000074
0.000074
0.000074
0.000074
0.000074
0.000074
0.000074
0.000074
0.000074
0.000074
0.000074
0.000074
0.000074
0.000074
0.000074
0.000074
0.000074
0.000074
0.000074
0.000074
0.000074
0.000074
0.000074
0.000074
0.000074
0.000074
0.000074
0.000074
0.000074
0.000074
0.000074
0.000074
0.000074
0.000074
0.000074
0.000074
0.000074
0.000074
0.000074
0.000074
0.000074
0.000074
0.000074
0.000074
0.000074
0.000074
0.000074
0.000074
0.000074
0.000074
0.000074
0.000074
0.000074
0.000074
0.000074
0.000074
0.000074
0.000074
0.000074
0.000074
0.000074
0.000074
0.000074
0.000074
0.000074
0.000074
0.000074
0.000074
0.000074
0.000074
0.000074
0.000074
0.000074
0.000074
0.000073
0.000073
0.000073
0.000073
0.000073
0.000073
0.000073
0.000073
0.000073
0.000073
0.000073
0.000073
0.000073
0.000073
0.000073
0.000073
0.000073
0.000073
0.000073
0.000073
0.000073
0.000073
0.000073
0.000073
0.000073
0.000073
0.000073
0.000073
0.000073
0.000073
0.000073
0.000073
0.000073
0.000073
0.000073
0.000073
0.000073
0.000073
0.000073
0.000073
0.000073
0.000073
0.000073
0.000073
0.000073
0.000073
0.000073
0.000073
0.000073
0.000073
0.000073
0.000073
0.000073
0.000073
0.000073
0.000073
0.000073
0.000073
0.000073
0.000073
0.000073
0.000073
0.000073
0.000073
0.000073
0.000073
0.000073
0.000073
0.000073
0.000073
0.000073
0.000073
0.000073
0.000073
0.000073
0.000073
0.000073
0.000073
0.000073
0.000073
0.000073
0.000073
0.000073
0.000073
0.000073
0.000073
0.000073
0.000073
0.000073
0.000073
0.000073
0.000073
0.000073
0.000073
0.000073
0.000073
0.000073
0.000073
0.000073
0.000073
0.000073
0.000073
0.000073
0.000073
0.000073
0.000073
0.000073
