14.582255
14.150421
13.897264
13.671266
13.463959
13.270850
13.086722
12.905389
12.720689
12.527069
12.319303
12.091711
11.838595
11.557008
11.249069
10.920697
10.578368
10.227200
9.871370
9.515807
9.167681
8.836392
8.531040
8.256920
8.014369
7.800327
7.610370
7.439678
7.283054
7.134954
6.990161
6.845316
6.701022
6.563023
6.440240
6.339673
6.262945
6.207383
6.168570
6.142278
6.125179
6.114411
6.107342
6.102956
6.102836
6.108839
6.119216
6.128432
6.131130
6.125994
6.115113
6.100325
6.082178
6.061097
6.038373
6.016030
5.996250
5.980959
5.970986
5.964947
5.959664
5.952440
5.942565
5.930697
5.917774
5.904591
5.891832
5.880222
5.870523
5.863058
5.857300
5.852494
5.848116
5.843589
5.838718
5.833933
5.829893
5.827205
5.826342
5.827710
5.831757
5.838731
5.847719
5.856040
5.861168
5.863336
5.864187
5.862948
5.859532
5.854166
5.845672
5.833680
5.818603
5.802058
5.786077
5.772206
5.759920
5.747568
5.734615
5.720950
5.707019
5.693053
5.679508
5.667117
5.657002
5.650582
5.648967
5.651588
5.654629
5.652674
5.644910
5.634373
5.623218
5.611204
5.596508
5.577813
5.556434
5.530178
5.482325
5.436151
5.538836
5.595067
5.492190
5.353366
5.491316
5.255555
5.279158
5.352152
5.137998
5.103524
5.211750
5.407344
5.203624
5.161553
5.133685
5.047764
5.066285
4.977354
4.905397
5.048660
5.031349
4.962249
4.913490
4.949251
4.872536
4.966435
4.784603
5.087490
5.050789
4.856580
4.955906
4.878110
4.846302
4.781054
4.869686
4.805439
4.764277
4.985280
4.704403
4.748314
4.902293
4.741931
4.707433
4.749852
4.729701
4.721683
4.636110
4.584801
4.525214
4.499093
4.476984
4.502240
4.480632
4.505347
4.455068
4.405112
4.401273
4.329884
4.300854
4.225627
4.250463
4.171360
4.317459
4.179689
4.174718
4.169232
4.761769
4.739084
4.820231
4.272139
4.031565
3.826493
3.643292
3.573610
3.452473
4.384334
4.880307
4.239198
5.213374
4.548893
4.515468
4.079201
5.139719
3.297750
3.731792
3.901351
4.346639
3.395734
3.602954
3.316478
3.412808
2.764341
3.557356
3.304618
3.686922
3.442182
2.990198
4.415122
3.546130
3.634977
3.535888
3.952305
3.988436
3.125754
3.127900
3.906792
3.152999
4.880778
3.219305
2.845832
3.841132
5.101826
3.140419
3.867528
3.301444
5.179508
3.615181
5.015881
3.202799
4.385850
4.468392
2.492303
3.252984
3.590811
2.932094
3.230702
3.776007
2.750297
2.516696
3.698766
4.328998
3.202344
2.821298
2.853000
2.801091
2.848615
4.236769
2.621556
5.715075
4.202863
5.087219
3.363474
3.189586
3.575029
3.587059
2.727830
3.251516
2.512617
2.616069
3.966818
3.764336
2.453430
3.689719
3.314620
3.423488
3.358144
3.265194
3.410375
2.795066
2.826639
2.735841
3.664375
3.040823
2.753886
3.091659
2.276536
3.428046
2.799566
3.058520
3.482566
2.507046
2.582589
3.192170
3.184397
2.167789
3.230985
3.313935
2.945479
2.762560
3.355662
2.655364
5.342601
4.166723
2.891431
2.848608
3.731944
3.383579
4.339293
3.176066
2.394717
3.397202
2.152790
2.594041
1.758612
1.892217
3.490874
3.781375
3.548165
2.376155
3.334348
1.905524
2.981871
2.075232
2.298937
2.457545
2.067058
1.485737
2.638280
2.839716
2.603047
2.038736
3.240912
1.871326
3.695107
2.308427
3.362429
7.472447
3.412813
5.428662
3.262904
4.282254
4.761502
2.736018
2.801918
2.252318
3.241511
2.468321
2.278952
2.217737
2.624250
1.879216
2.383927
2.174357
2.819481
3.208799
2.148322
1.960568
2.249957
1.822750
2.151087
2.233127
2.917610
3.674493
2.640367
3.052401
4.085916
2.595160
2.854616
3.159885
2.182202
2.462046
3.724868
2.672528
3.092856
2.749724
2.601476
2.473902
3.739634
2.389218
1.816090
2.307368
2.425057
1.635200
2.516014
1.936050
2.460256
1.504877
1.282373
3.794036
1.333190
3.579491
5.246217
3.222666
3.074600
3.479023
3.382621
2.723425
6.294519
4.365124
2.405502
2.211197
1.784534
1.966878
2.325558
3.135395
2.370172
2.383240
2.212371
1.821037
1.960162
1.835765
2.245170
2.330421
2.063100
3.110195
2.426565
2.129162
2.822722
2.296225
1.752296
1.820514
1.562092
2.992586
2.609173
1.949645
1.920171
2.633617
2.047913
2.059453
2.320586
2.634280
3.988469
2.414238
3.241047
3.526025
2.415787
1.953883
2.137571
3.135551
1.782568
1.304376
1.638129
2.388217
3.813817
3.084251
2.437903
4.544567
3.474491
1.559666
2.323165
1.574319
2.397543
2.332849
3.013375
2.329100
1.696523
1.592714
3.359432
2.147117
2.166234
2.282700
2.434875
1.549132
2.130036
2.324709
1.835324
1.564067
1.709193
1.899921
1.207317
1.516321
2.299875
1.305554
2.295989
1.501523
1.660726
3.607597
3.752050
2.621955
2.100474
2.559232
1.762706
1.919280
1.704904
2.028094
2.454631
3.366545
1.815295
2.154300
1.981272
0.999254
2.177260
1.006477
2.652090
2.538358
3.846841
3.187176
1.582207
1.371946
1.652728
1.879656
1.919967
2.174512
1.941600
3.046554
2.641952
2.333127
1.698672
1.869191
2.283531
2.941975
3.040426
2.879348
1.437032
3.773205
2.127464
2.237365
2.636175
3.246086
3.622871
2.122530
2.013895
2.127605
2.599089
1.881905
0.991695
1.644093
1.299195
2.296417
2.815253
2.151063
1.652384
1.956002
1.873151
2.278361
2.207478
3.082082
2.322943
2.978807
1.685330
1.009285
2.515121
7.676323
2.123745
2.136336
2.252873
2.068163
1.987435
1.841364
1.959548
2.238917
1.448708
1.516846
1.031417
4.099700
1.352225
3.119674
2.023251
2.051994
1.833722
3.544609
3.018438
2.956170
2.656880
2.252836
2.714032
1.482244
1.560533
2.398579
2.178689
1.984022
2.361694
3.356443
1.214436
1.107391
1.178610
2.035144
2.013302
2.191940
3.374592
2.861648
2.330681
2.182372
4.558582
2.786235
1.695848
1.076271
1.445310
2.805567
4.568072
2.800523
2.918479
1.251144
2.160774
2.809849
1.574460
1.500314
1.637321
1.503648
1.803199
1.635859
1.987220
1.728279
2.522196
2.198966
1.795916
2.659655
2.329092
1.828351
5.409381
2.998510
3.883223
3.600658
1.650161
0.963735
2.015071
1.177834
1.486111
2.580597
1.910671
1.623003
0.908150
3.382699
1.592216
0.981487
1.089550
1.364907
1.657204
1.889797
2.911356
2.468415
3.475284
1.580670
1.389519
3.767910
3.981616
2.287793
4.416165
2.235437
3.389615
3.183384
1.098815
1.184783
1.442306
2.671722
3.357576
0.951598
1.235607
1.061290
1.495442
2.619767
4.014410
3.378678
2.282244
2.593510
1.903199
2.230240
2.001507
1.896895
1.713041
1.198395
0.964316
1.073239
1.208640
2.289157
2.753897
3.452030
4.649203
3.177902
2.493685
1.357502
2.267234
1.579416
0.974887
1.816553
1.632966
1.012609
0.917795
0.971430
1.473639
0.895022
1.534657
2.077873
2.787862
5.883128
2.065217
3.001846
1.495196
1.681635
1.316456
2.001154
1.626783
1.523862
1.352481
1.037670
2.032606
1.990516
2.635016
3.157408
5.124360
2.370880
1.837107
5.088239
2.876554
2.236575
2.086220
2.036517
2.197680
2.129571
1.006544
1.679946
1.621829
2.282231
1.235737
1.588503
1.462669
1.889545
1.238982
0.900692
1.639477
1.839632
1.186285
1.465970
1.209990
1.063365
1.310035
1.493778
1.594720
1.638576
1.008308
1.061093
0.871733
1.905252
2.903039
3.104500
2.456541
2.920259
2.179668
2.607171
1.886587
1.128297
2.035862
1.412289
1.949364
2.495199
0.899905
1.489419
1.353394
1.980445
1.195599
3.756871
2.549317
2.564796
1.859973
2.843769
2.294852
1.593431
0.977207
1.800918
1.891434
1.161569
1.877436
2.620088
3.422420
1.794734
1.900091
4.685313
1.701239
1.190847
2.017218
1.694304
1.723668
0.644552
1.973566
1.356817
0.850671
0.918621
0.804292
1.587159
2.825886
1.848629
2.590026
1.999922
3.556508
1.593714
1.436292
2.004827
3.301817
1.932003
2.810990
1.303049
2.151160
1.097039
1.658522
0.677161
1.486121
1.153988
1.937882
5.001863
2.707220
1.443889
1.593019
2.968337
2.440531
1.479923
2.515474
1.391445
1.134470
0.962818
1.654712
1.010695
0.851136
1.191916
0.771317
0.761648
1.232656
1.343191
0.987167
0.579741
1.067292
2.859488
1.169730
1.003189
1.145775
3.145825
4.154344
2.106379
5.743204
5.268065
3.200073
1.973969
1.632518
3.380272
2.217098
0.905350
1.677727
2.176951
1.477759
3.101174
1.776591
1.523381
1.760768
3.372615
2.721215
2.486220
2.027328
4.047958
2.609585
1.584096
1.372911
0.693667
0.655398
0.829692
0.988422
0.951382
1.469489
1.784398
1.188151
0.722644
0.853587
0.549019
0.653800
0.795246
0.655636
0.927787
0.714988
0.888956
0.791033
3.685936
2.072653
1.035638
2.561028
2.521281
0.857021
0.995266
1.221562
0.863170
0.873038
2.113123
2.303765
0.810966
0.785851
1.008002
2.598735
0.644833
1.671011
0.822976
1.953918
0.906568
0.942799
2.920468
2.038032
1.025245
1.403884
1.595596
1.939834
0.961492
1.401304
3.212658
2.198475
2.536271
2.334942
1.705137
1.163410
1.369988
1.011995
0.440055
0.806819
0.496178
0.654164
0.505556
0.963617
0.936799
3.440428
1.684700
1.607657
2.236766
1.337162
3.408878
3.545394
1.974991
0.599636
1.625554
1.386647
0.682870
3.462212
3.445114
3.925861
1.905956
2.288417
0.762263
0.996710
1.002817
1.845116
1.150401
1.100509
1.502347
1.565738
2.041009
3.696226
2.240082
1.338930
3.770710
0.965908
2.959643
0.549429
0.889690
1.356655
0.614880
0.570768
0.777117
0.553951
0.465834
0.654806
0.819315
0.464969
1.422873
3.394076
2.925400
4.628790
5.568667
8.423196
6.710482
4.347850
2.701970
2.169017
2.606539
1.442186
0.676298
1.742119
0.862953
1.157469
1.552640
1.237957
2.058982
0.920579
0.668835
2.940537
2.273666
6.713762
3.965156
2.306516
1.683032
1.011514
1.371514
1.646127
0.850959
0.380489
0.492993
0.765867
0.767038
0.599273
0.756769
0.781224
0.774932
0.618860
1.265460
1.446874
2.590890
2.692559
0.556166
0.654075
0.809497
0.766918
0.710389
0.761273
0.619400
1.346164
1.332013
1.630074
2.218809
3.743157
5.273705
3.187954
4.249258
1.640043
0.830612
0.835859
0.718605
0.476091
0.731189
0.684429
0.511437
0.487215
0.512724
0.669140
1.019910
2.076777
2.351157
1.795212
1.050266
3.042661
0.563708
4.504166
3.575580
1.725084
0.754778
1.359937
1.294724
0.779203
0.544628
0.570507
0.799001
0.704902
0.617346
0.437436
0.490954
0.532182
0.729647
0.539522
0.349339
0.809096
1.912560
1.979566
3.589765
0.892474
2.079565
1.146898
0.608588
0.756258
0.679566
0.692815
0.294907
0.900960
0.780472
0.692714
0.929760
1.805878
3.879190
2.045909
6.751730
1.407357
1.376663
0.694173
0.685089
1.781876
1.685597
4.368195
3.190894
2.264729
0.394320
4.278013
3.744797
3.162768
1.126348
2.489639
1.476174
0.954615
1.119033
0.962546
0.510352
1.229080
4.309300
3.884253
3.152213
1.825006
0.358317
1.482558
1.047048
0.946881
0.615283
0.348350
2.803760
1.410541
3.727032
2.307990
2.266171
0.725625
1.503956
0.714201
0.708788
1.246526
4.620647
1.113717
1.385210
2.434685
2.536010
2.601649
3.042202
1.732412
1.292008
2.077763
1.092912
0.626326
2.014563
0.449468
0.793742
0.525646
0.332647
0.337694
0.335378
0.332358
0.325011
0.321248
0.316661
0.313419
0.310140
0.307399
0.304901
0.302706
0.300750
0.299009
0.297454
0.296061
0.294813
0.293695
0.292706
0.291863
0.291218
0.290883
0.291052
0.291962
0.293768
0.296300
0.298918
0.300656
0.300716
0.299080
0.296625
0.294489
0.293404
0.293570
0.294807
0.296634
0.298330
0.299130
0.298598
0.296953
0.294995
0.293616
0.293359
0.294310
0.296142
0.298180
0.299549
0.299537
0.298060
0.295844
0.293993
0.293341
0.294140
0.296090
0.298430
0.300123
0.300264
0.298660
0.296100
0.293859
0.292879
0.293390
0.295004
0.296917
0.298176
0.298090
0.296649
0.294587
0.292891
0.292209
0.292632
0.293806
0.295131
0.296004
0.296068
0.295391
0.294399
0.293608
0.293339
0.293622
0.294249
0.294903
0.295305
0.295329
0.295038
0.294627
0.294310
0.294210
0.294332
0.294579
0.294822
0.294955
0.294940
0.294811
0.294645
0.294518
0.294473
0.294506
0.294579
0.294646
0.294668
0.294637
0.294567
0.294485
0.294419
0.294382
0.294371
0.294373
0.294370
0.294350
0.294309
0.294255
0.294198
0.294147
0.294105
0.294073
0.294044
0.294012
0.293973
0.293927
0.293876
0.293823
0.293772
0.293726
0.293682
0.293639
0.293594
0.293547
0.293496
0.293443
0.293390
0.293338
0.293287
0.293237
0.293187
0.293136
0.293084
0.293031
0.292977
0.292922
0.292868
0.292815
0.292762
0.292709
0.292656
0.292602
0.292547
0.292492
0.292437
0.292383
0.292328
0.292274
0.292220
0.292166
0.292111
0.292057
0.292002
0.291947
0.291893
0.291839
0.291785
0.291731
0.291677
0.291623
0.291569
0.291515
0.291462
0.291408
0.291355
0.291302
0.291249
0.291196
0.291144
0.291091
0.291039
0.290987
0.290935
0.290883
0.290832
0.290780
0.290729
0.290678
0.290628
0.290577
0.290527
0.290477
0.290427
0.290378
0.290329
0.290280
0.290231
0.290182
0.290134
0.290086
0.290038
0.289990
0.289943
0.289896
0.289849
0.289803
0.289756
0.289710
0.289664
0.289619
0.289574
0.289529
0.289484
0.289440
0.289395
0.289351
0.289308
0.289264
0.289221
0.289178
0.289136
0.289093
0.289051
0.289009
0.288968
0.288927
0.288886
0.288845
0.288804
0.288764
0.288724
0.288684
0.288645
0.288606
0.288567
0.288528
0.288490
0.288451
0.288413
0.288376
0.288338
0.288301
0.288264
0.288227
0.288191
0.288155
0.288119
0.288083
0.288047
0.288012
0.287977
0.287942
0.287908
0.287873
0.287839
0.287805
0.287772
0.287738
0.287705
0.287672
0.287639
0.287606
0.287574
0.287542
0.287510
0.287478
0.287447
0.287415
0.287384
0.287353
0.287322
0.287292
0.287261
0.287231
0.287201
0.287171
0.287141
0.287112
0.287082
0.287053
0.287024
0.286995
0.286967
0.286938
0.286910
0.286881
0.286853
0.286825
0.286798
0.286770
0.286742
0.286715
0.286688
0.286661
0.286634
0.286607
0.286580
0.286553
0.286527
0.286501
0.286474
0.286448
0.286422
0.286396
0.286370
0.286344
0.286319
0.286293
0.286268
0.286242
0.286217
0.286191
0.286166
0.286141
0.286116
0.286091
0.286066
0.286041
0.286016
0.285992
0.285967
0.285942
0.285918
0.285893
0.285868
0.285844
0.285819
0.285795
0.285770
0.285746
0.285722
0.285697
0.285673
0.285648
0.285624
0.285600
0.285575
0.285551
0.285526
0.285502
0.285478
0.285453
0.285429
0.285404
0.285380
0.285355
0.285330
0.285306
0.285281
0.285256
0.285232
0.285207
0.285182
0.285157
0.285132
0.285107
0.285082
0.285057
0.285032
0.285006
0.284981
0.284956
0.284930
0.284904
0.284879
0.284853
0.284827
0.284801
0.284775
0.284749
0.284723
0.284696
0.284670
0.284643
0.284616
0.284590
0.284563
0.284536
0.284508
0.284481
0.284454
0.284426
0.284398
0.284370
0.284343
0.284314
0.284286
0.284258
0.284229
0.284201
0.284172
0.284143
0.284114
0.284084
0.284055
0.284025
0.283995
0.283966
0.283935
0.283905
0.283875
0.283844
0.283814
0.283783
0.283751
0.283720
0.283689
0.283657
0.283625
0.283593
0.283561
0.283529
0.283497
0.283464
0.283431
0.283398
0.283365
0.283331
0.283298
0.283264
0.283230
0.283196
0.283162
0.283127
0.283093
0.283058
0.283023
0.282988
0.282952
0.282916
0.282880
0.282844
0.282809
0.282773
0.282737
0.282700
0.282663
0.282625
0.282587
0.282550
0.282513
0.282476
0.282439
0.282400
0.282361
0.282321
0.282281
0.282243
0.282205
0.282168
0.282130
0.282090
0.282048
0.282004
0.281962
0.281923
0.281887
0.281852
0.281813
0.281770
0.281721
0.281671
0.281627
0.281590
0.281561
0.281531
0.281492
0.281439
0.281376
0.281314
0.281269
0.281246
0.281237
0.281222
0.281177
0.281095
0.280993
0.280908
0.280875
0.280902
0.280955
0.280968
0.280886
0.280707
0.280499
0.280376
0.280426
0.280632
0.280855
0.280896
0.280626
0.280111
0.279624
0.279515
0.279970
0.280797
0.281443
0.281310
0.280189
0.278538
0.277402
0.277863
0.280156
0.283042
0.284385
0.282626
0.277901
0.272493
0.270338
0.275028
0.285526
0.294117
0.294211
0.283384
0.264049
0.244659
0.237699
0.264696
0.319541
0.339574
0.324393
0.279355
0.208920
0.113119
0.014147
0.008151
0.007711
0.007435
0.007205
0.007001
0.006814
0.006641
0.006480
0.006328
0.006185
0.006050
0.005922
0.005800
0.005684
0.005574
0.005468
0.005368
0.005271
0.005179
0.005090
0.005005
0.004924
0.004845
0.004769
0.004696
0.004626
0.004558
0.004493
0.004429
0.004368
0.004309
0.004252
0.004196
0.004142
0.004090
0.004039
0.003990
0.003942
0.003895
0.003850
0.003806
0.003763
0.003721
0.003681
0.003641
0.003603
0.003565
0.003528
0.003492
0.003457
0.003423
0.003390
0.003357
0.003325
0.003294
0.003263
0.003233
0.003204
0.003175
0.003147
0.003120
0.003093
0.003066
0.003040
0.003015
0.002990
0.002966
0.002942
0.002918
0.002895
0.002873
0.002850
0.002828
0.002807
0.002786
0.002765
0.002745
0.002725
0.002705
0.002686
0.002667
0.002648
0.002629
0.002611
0.002593
0.002576
0.002558
0.002541
0.002525
0.002508
0.002492
0.002476
0.002460
0.002444
0.002429
0.002414
0.002399
0.002384
0.002370
0.002355
0.002341
0.002327
0.002314
0.002300
0.002287
0.002273
0.002260
0.002248
0.002235
0.002222
0.002210
0.002198
0.002186
0.002174
0.002162
0.002150
0.002139
0.002128
0.002116
0.002105
0.002094
0.002084
0.002073
0.002062
0.002052
0.002042
0.002031
0.002021
0.002011
0.002001
0.001992
0.001982
0.001972
0.001963
0.001954
0.001944
0.001935
0.001926
0.001917
0.001908
0.001900
0.001891
0.001882
0.001874
0.001865
0.001857
0.001849
0.001841
0.001833
0.001825
0.001817
0.001809
0.001801
0.001793
0.001786
0.001778
0.001771
0.001763
0.001756
0.001749
0.001741
0.001734
0.001727
0.001720
0.001713
0.001706
0.001699
0.001693
0.001686
0.001679
0.001673
0.001666
0.001660
0.001653
0.001647
0.001641
0.001634
0.001628
0.001622
0.001616
0.001610
0.001604
0.001598
0.001592
0.001586
0.001580
0.001575
0.001569
0.001563
0.001558
0.001552
0.001546
0.001541
0.001536
0.001530
0.001525
0.001519
0.001514
0.001509
0.001504
0.001499
0.001493
0.001488
0.001483
0.001478
0.001473
0.001468
0.001464
0.001459
0.001454
0.001449
0.001444
0.001440
0.001435
0.001430
0.001426
0.001421
0.001417
0.001412
0.001408
0.001403
0.001399
0.001394
0.001390
0.001386
0.001381
0.001377
0.001373
0.001368
0.001364
0.001360
0.001356
0.001352
0.001348
0.001344
0.001340
0.001336
0.001332
0.001328
0.001324
0.001320
0.001316
0.001312
0.001308
0.001305
0.001301
0.001297
0.001293
0.001290
0.001286
0.001282
0.001279
0.001275
0.001272
0.001268
0.001264
0.001261
0.001257
0.001254
0.001251
0.001247
0.001244
0.001240
0.001237
0.001234
0.001230
0.001227
0.001224
0.001220
0.001217
0.001214
0.001211
0.001207
0.001204
0.001201
0.001198
0.001195
0.001192
0.001189
0.001185
0.001182
0.001179
0.001176
0.001173
0.001170
0.001167
0.001164
0.001161
0.001159
0.001156
0.001153
0.001150
0.001147
0.001144
0.001141
0.001139
0.001136
0.001133
0.001130
0.001127
0.001125
0.001122
0.001119
0.001117
0.001114
0.001111
0.001109
0.001106
0.001103
0.001101
0.001098
0.001095
0.001093
0.001090
0.001088
0.001085
0.001083
0.001080
0.001078
0.001075
0.001073
0.001070
0.001068
0.001065
0.001063
0.001061
0.001058
0.001056
0.001053
0.001051
0.001049
0.001046
0.001044
0.001042
0.001039
0.001037
0.001035
0.001033
0.001030
0.001028
0.001026
0.001024
0.001021
0.001019
0.001017
0.001015
0.001013
0.001010
0.001008
0.001006
0.001004
0.001002
0.001000
0.000998
0.000995
0.000993
0.000991
0.000989
0.000987
0.000985
0.000983
0.000981
0.000979
0.000977
0.000975
0.000973
0.000971
0.000969
0.000967
0.000965
0.000963
0.000961
0.000959
0.000957
0.000955
0.000953
0.000952
0.000950
0.000948
0.000946
0.000944
0.000942
0.000940
0.000938
0.000937
0.000935
0.000933
0.000931
0.000929
0.000927
0.000926
0.000924
0.000922
0.000920
0.000919
0.000917
0.000915
0.000913
0.000912
0.000910
0.000908
0.000906
0.000905
0.000903
0.000901
0.000900
0.000898
0.000896
0.000895
0.000893
0.000891
0.000890
0.000888
0.000886
0.000885
0.000883
0.000882
0.000880
0.000878
0.000877
0.000875
0.000874
0.000872
0.000870
0.000869
0.000867
0.000866
0.000864
0.000863
0.000861
0.000860
0.000858
0.000857
0.000855
0.000854
0.000852
0.000851
0.000849
0.000848
0.000846
0.000845
0.000843
0.000842
0.000840
0.000839
0.000837
0.000836
0.000834
0.000833
0.000832
0.000830
0.000829
0.000827
0.000826
0.000825
0.000823
0.000822
0.000820
0.000819
0.000818
0.000816
0.000815
0.000814
0.000812
0.000811
0.000810
0.000808
0.000807
0.000806
0.000804
0.000803
0.000802
0.000800
0.000799
0.000798
0.000796
0.000795
0.000794
0.000792
0.000791
0.000790
0.000789
0.000787
0.000786
0.000785
0.000784
0.000782
0.000781
0.000780
0.000779
0.000777
0.000776
0.000775
0.000774
0.000773
0.000771
0.000770
0.000769
0.000768
0.000767
0.000765
0.000764
0.000763
0.000762
0.000761
0.000759
0.000758
0.000757
0.000756
0.000755
0.000754
0.000752
0.000751
0.000750
0.000749
0.000748
0.000747
0.000746
0.000745
0.000743
0.000742
0.000741
0.000740
0.000739
0.000738
0.000737
0.000736
0.000735
0.000734
0.000732
0.000731
0.000730
0.000729
0.000728
0.000727
0.000726
0.000725
0.000724
0.000723
0.000722
0.000721
0.000720
0.000719
0.000718
0.000717
0.000716
0.000715
0.000714
0.000712
0.000711
0.000710
0.000709
0.000708
0.000707
0.000706
0.000705
0.000704
0.000703
0.000702
0.000701
0.000700
0.000699
0.000699
0.000698
0.000697
0.000696
0.000695
0.000694
0.000693
0.000692
0.000691
0.000690
0.000689
0.000688
0.000687
0.000686
0.000685
0.000684
0.000683
0.000682
0.000681
0.000680
0.000680
0.000679
0.000678
0.000677
0.000676
0.000675
0.000674
0.000673
0.000672
0.000671
0.000670
0.000670
0.000669
0.000668
0.000667
0.000666
0.000665
0.000664
0.000663
0.000663
0.000662
0.000661
0.000660
0.000659
0.000658
0.000657
0.000656
0.000656
0.000655
0.000654
0.000653
0.000652
0.000651
0.000651
0.000650
0.000649
0.000648
0.000647
0.000646
0.000646
0.000645
0.000644
0.000643
0.000642
0.000641
0.000641
0.000640
0.000639
0.000638
0.000637
0.000637
0.000636
0.000635
0.000634
0.000633
0.000633
0.000632
0.000631
0.000630
0.000629
0.000629
0.000628
0.000627
0.000626
0.000626
0.000625
0.000624
0.000623
0.000623
0.000622
0.000621
0.000620
0.000619
0.000619
0.000618
0.000617
0.000616
0.000616
0.000615
0.000614
0.000613
0.000613
0.000612
0.000611
0.000611
0.000610
0.000609
0.000608
0.000608
0.000607
0.000606
0.000605
0.000605
0.000604
0.000603
0.000603
0.000602
0.000601
0.000600
0.000600
0.000599
0.000598
0.000598
0.000597
0.000596
0.000596
0.000595
0.000594
0.000593
0.000593
0.000592
0.000591
0.000591
0.000590
0.000589
0.000589
0.000588
0.000587
0.000587
0.000586
0.000585
0.000585
0.000584
0.000583
0.000583
0.000582
0.000581
0.000581
0.000580
0.000579
0.000579
0.000578
0.000577
0.000577
0.000576
0.000575
0.000575
0.000574
0.000574
0.000573
0.000572
0.000572
0.000571
0.000570
0.000570
0.000569
0.000568
0.000568
0.000567
0.000567
0.000566
0.000565
0.000565
0.000564
0.000563
0.000563
0.000562
0.000562
0.000561
0.000560
0.000560
0.000559
0.000559
0.000558
0.000557
0.000557
0.000556
0.000556
0.000555
0.000554
0.000554
0.000553
0.000553
0.000552
0.000551
0.000551
0.000550
0.000550
0.000549
0.000548
0.000548
0.000547
0.000547
0.000546
0.000546
0.000545
0.000544
0.000544
0.000543
0.000543
0.000542
0.000542
0.000541
0.000540
0.000540
0.000539
0.000539
0.000538
0.000538
0.000537
0.000536
0.000536
0.000535
0.000535
0.000534
0.000534
0.000533
0.000533
0.000532
0.000532
0.000531
0.000530
0.000530
0.000529
0.000529
0.000528
0.000528
0.000527
0.000527
0.000526
0.000526
0.000525
0.000525
0.000524
0.000523
0.000523
0.000522
0.000522
0.000521
0.000521
0.000520
0.000520
0.000519
0.000519
0.000518
0.000518
0.000517
0.000517
0.000516
0.000516
0.000515
0.000515
0.000514
0.000514
0.000513
0.000513
0.000512
0.000512
0.000511
0.000511
0.000510
0.000510
0.000509
0.000509
0.000508
0.000508
0.000507
0.000507
0.000506
0.000506
0.000505
0.000505
0.000504
0.000504
0.000503
0.000503
0.000502
0.000502
0.000501
0.000501
0.000500
0.000500
0.000499
0.000499
0.000498
0.000498
0.000497
0.000497
0.000497
0.000496
0.000496
0.000495
0.000495
0.000494
0.000494
0.000493
0.000493
0.000492
0.000492
0.000491
0.000491
0.000490
0.000490
0.000490
0.000489
0.000489
0.000488
0.000488
0.000487
0.000487
0.000486
0.000486
0.000485
0.000485
0.000485
0.000484
0.000484
0.000483
0.000483
0.000482
0.000482
0.000481
0.000481
0.000481
0.000480
0.000480
0.000479
0.000479
0.000478
0.000478
0.000477
0.000477
0.000477
0.000476
0.000476
0.000475
0.000475
0.000474
0.000474
0.000474
0.000473
0.000473
0.000472
0.000472
0.000471
0.000471
0.000471
0.000470
0.000470
0.000469
0.000469
0.000469
0.000468
0.000468
0.000467
0.000467
0.000466
0.000466
0.000466
0.000465
0.000465
0.000464
0.000464
0.000464
0.000463
0.000463
0.000462
0.000462
0.000462
0.000461
0.000461
0.000460
0.000460
0.000460
0.000459
0.000459
0.000458
0.000458
0.000458
0.000457
0.000457
0.000456
0.000456
0.000456
0.000455
0.000455
0.000454
0.000454
0.000454
0.000453
0.000453
0.000452
0.000452
0.000452
0.000451
0.000451
0.000451
0.000450
0.000450
0.000449
0.000449
0.000449
0.000448
0.000448
0.000447
0.000447
0.000447
0.000446
0.000446
0.000446
0.000445
0.000445
0.000444
0.000444
0.000444
0.000443
0.000443
0.000443
0.000442
0.000442
0.000442
0.000441
0.000441
0.000440
0.000440
0.000440
0.000439
0.000439
0.000439
0.000438
0.000438
0.000438
0.000437
0.000437
0.000436
0.000436
0.000436
0.000435
0.000435
0.000435
0.000434
0.000434
0.000434
0.000433
0.000433
0.000433
0.000432
0.000432
0.000431
0.000431
0.000431
0.000430
0.000430
0.000430
0.000429
0.000429
0.000429
0.000428
0.000428
0.000428
0.000427
0.000427
0.000427
0.000426
0.000426
0.000426
0.000425
0.000425
0.000425
0.000424
0.000424
0.000424
0.000423
0.000423
0.000423
0.000422
0.000422
0.000422
0.000421
0.000421
0.000421
0.000420
0.000420
0.000420
0.000419
0.000419
0.000419
0.000418
0.000418
0.000418
0.000417
0.000417
0.000417
0.000416
0.000416
0.000416
0.000415
0.000415
0.000415
0.000414
0.000414
0.000414
0.000413
0.000413
0.000413
0.000412
0.000412
0.000412
0.000411
0.000411
0.000411
0.000411
0.000410
0.000410
0.000410
0.000409
0.000409
0.000409
0.000408
0.000408
0.000408
0.000407
0.000407
0.000407
0.000406
0.000406
0.000406
0.000406
0.000405
0.000405
0.000405
0.000404
0.000404
0.000404
0.000403
0.000403
0.000403
0.000402
0.000402
0.000402
0.000402
0.000401
0.000401
0.000401
0.000400
0.000400
0.000400
0.000399
0.000399
0.000399
0.000399
0.000398
0.000398
0.000398
0.000397
0.000397
0.000397
0.000397
0.000396
0.000396
0.000396
0.000395
0.000395
0.000395
0.000394
0.000394
0.000394
0.000394
0.000393
0.000393
0.000393
0.000392
0.000392
0.000392
0.000392
0.000391
0.000391
0.000391
0.000390
0.000390
0.000390
0.000390
0.000389
0.000389
0.000389
0.000388
0.000388
0.000388
0.000388
0.000387
0.000387
0.000387
0.000387
0.000386
0.000386
0.000386
0.000385
0.000385
0.000385
0.000385
0.000384
0.000384
0.000384
0.000384
0.000383
0.000383
0.000383
0.000382
0.000382
0.000382
0.000382
0.000381
0.000381
0.000381
0.000381
0.000380
0.000380
0.000380
0.000379
0.000379
0.000379
0.000379
0.000378
0.000378
0.000378
0.000378
0.000377
0.000377
0.000377
0.000377
0.000376
0.000376
0.000376
0.000375
0.000375
0.000375
0.000375
0.000374
0.000374
0.000374
0.000374
0.000373
0.000373
0.000373
0.000373
0.000372
0.000372
0.000372
0.000372
0.000371
0.000371
0.000371
0.000371
0.000370
0.000370
0.000370
0.000370
0.000369
0.000369
0.000369
0.000369
0.000368
0.000368
0.000368
0.000368
0.000367
0.000367
0.000367
0.000367
0.000366
0.000366
0.000366
0.000366
0.000365
0.000365
0.000365
0.000365
0.000364
0.000364
0.000364
0.000364
0.000363
0.000363
0.000363
0.000363
0.000362
0.000362
0.000362
0.000362
0.000361
0.000361
0.000361
0.000361
0.000360
0.000360
0.000360
0.000360
0.000360
0.000359
0.000359
0.000359
0.000359
0.000358
0.000358
0.000358
0.000358
0.000357
0.000357
0.000357
0.000357
0.000356
0.000356
0.000356
0.000356
0.000356
0.000355
0.000355
0.000355
0.000355
0.000354
0.000354
0.000354
0.000354
0.000353
0.000353
0.000353
0.000353
0.000353
0.000352
0.000352
0.000352
0.000352
0.000351
0.000351
0.000351
0.000351
0.000350
0.000350
0.000350
0.000350
0.000350
0.000349
0.000349
0.000349
0.000349
0.000348
0.000348
0.000348
0.000348
0.000348
0.000347
0.000347
0.000347
0.000347
0.000346
0.000346
0.000346
0.000346
0.000346
0.000345
0.000345
0.000345
0.000345
0.000344
0.000344
0.000344
0.000344
0.000344
0.000343
0.000343
0.000343
0.000343
0.000343
0.000342
0.000342
0.000342
0.000342
0.000341
0.000341
0.000341
0.000341
0.000341
0.000340
0.000340
0.000340
0.000340
0.000340
0.000339
0.000339
0.000339
0.000339
0.000339
0.000338
0.000338
0.000338
0.000338
0.000337
0.000337
0.000337
0.000337
0.000337
0.000336
0.000336
0.000336
0.000336
0.000336
0.000335
0.000335
0.000335
0.000335
0.000335
0.000334
0.000334
0.000334
0.000334
0.000334
0.000333
0.000333
0.000333
0.000333
0.000333
0.000332
0.000332
0.000332
0.000332
0.000332
0.000331
0.000331
0.000331
0.000331
0.000331
0.000330
0.000330
0.000330
0.000330
0.000330
0.000329
0.000329
0.000329
0.000329
0.000329
0.000328
0.000328
0.000328
0.000328
0.000328
0.000327
0.000327
0.000327
0.000327
0.000327
0.000326
0.000326
0.000326
0.000326
0.000326
0.000325
0.000325
0.000325
0.000325
0.000325
0.000324
0.000324
0.000324
0.000324
0.000324
0.000324
0.000323
0.000323
0.000323
0.000323
0.000323
0.000322
0.000322
0.000322
0.000322
0.000322
0.000321
0.000321
0.000321
0.000321
0.000321
0.000320
0.000320
0.000320
0.000320
0.000320
0.000320
0.000319
0.000319
0.000319
0.000319
0.000319
0.000318
0.000318
0.000318
0.000318
0.000318
0.000318
0.000317
0.000317
0.000317
0.000317
0.000317
0.000316
0.000316
0.000316
0.000316
0.000316
0.000316
0.000315
0.000315
0.000315
0.000315
0.000315
0.000314
0.000314
0.000314
0.000314
0.000314
0.000314
0.000313
0.000313
0.000313
0.000313
0.000313
0.000312
0.000312
0.000312
0.000312
0.000312
0.000312
0.000311
0.000311
0.000311
0.000311
0.000311
0.000311
0.000310
0.000310
0.000310
0.000310
0.000310
0.000309
0.000309
0.000309
0.000309
0.000309
0.000309
0.000308
0.000308
0.000308
0.000308
0.000308
0.000308
0.000307
0.000307
0.000307
0.000307
0.000307
0.000307
0.000306
0.000306
0.000306
0.000306
0.000306
0.000306
0.000305
0.000305
0.000305
0.000305
0.000305
0.000305
0.000304
0.000304
0.000304
0.000304
0.000304
0.000304
0.000303
0.000303
0.000303
0.000303
0.000303
0.000303
0.000302
0.000302
0.000302
0.000302
0.000302
0.000302
0.000301
0.000301
0.000301
0.000301
0.000301
0.000301
0.000300
0.000300
0.000300
0.000300
0.000300
0.000300
0.000299
0.000299
0.000299
0.000299
0.000299
0.000299
0.000298
0.000298
0.000298
0.000298
0.000298
0.000298
0.000297
0.000297
0.000297
0.000297
0.000297
0.000297
0.000297
0.000296
0.000296
0.000296
0.000296
0.000296
0.000296
0.000295
0.000295
0.000295
0.000295
0.000295
0.000295
0.000294
0.000294
0.000294
0.000294
0.000294
0.000294
0.000294
0.000293
0.000293
0.000293
0.000293
0.000293
0.000293
0.000292
0.000292
0.000292
0.000292
0.000292
0.000292
0.000292
0.000291
0.000291
0.000291
0.000291
0.000291
0.000291
0.000290
0.000290
0.000290
0.000290
0.000290
0.000290
0.000290
0.000289
0.000289
0.000289
0.000289
0.000289
0.000289
0.000289
0.000288
0.000288
0.000288
0.000288
0.000288
0.000288
0.000287
0.000287
0.000287
0.000287
0.000287
0.000287
0.000287
0.000286
0.000286
0.000286
0.000286
0.000286
0.000286
0.000286
0.000285
0.000285
0.000285
0.000285
0.000285
0.000285
0.000285
0.000284
0.000284
0.000284
0.000284
0.000284
0.000284
0.000284
0.000283
0.000283
0.000283
0.000283
0.000283
0.000283
0.000283
0.000282
0.000282
0.000282
0.000282
0.000282
0.000282
0.000282
0.000281
0.000281
0.000281
0.000281
0.000281
0.000281
0.000281
0.000280
0.000280
0.000280
0.000280
0.000280
0.000280
0.000280
0.000279
0.000279
0.000279
0.000279
0.000279
0.000279
0.000279
0.000278
0.000278
0.000278
0.000278
0.000278
0.000278
0.000278
0.000277
0.000277
0.000277
0.000277
0.000277
0.000277
0.000277
0.000276
0.000276
0.000276
0.000276
0.000276
0.000276
0.000276
0.000276
0.000275
0.000275
0.000275
0.000275
0.000275
0.000275
0.000275
0.000274
0.000274
0.000274
0.000274
0.000274
0.000274
0.000274
0.000274
0.000273
0.000273
0.000273
0.000273
0.000273
0.000273
0.000273
0.000272
0.000272
0.000272
0.000272
0.000272
0.000272
0.000272
0.000272
0.000271
0.000271
0.000271
0.000271
0.000271
0.000271
0.000271
0.000270
0.000270
0.000270
0.000270
0.000270
0.000270
0.000270
0.000270
0.000269
0.000269
0.000269
0.000269
0.000269
0.000269
0.000269
0.000269
0.000268
0.000268
0.000268
0.000268
0.000268
0.000268
0.000268
0.000267
0.000267
0.000267
0.000267
0.000267
0.000267
0.000267
0.000267
0.000266
0.000266
0.000266
0.000266
0.000266
0.000266
0.000266
0.000266
0.000265
0.000265
0.000265
0.000265
0.000265
0.000265
0.000265
0.000265
0.000264
0.000264
0.000264
0.000264
0.000264
0.000264
0.000264
0.000264
0.000263
0.000263
0.000263
0.000263
0.000263
0.000263
0.000263
0.000263
0.000262
0.000262
0.000262
0.000262
0.000262
0.000262
0.000262
0.000262
0.000261
0.000261
0.000261
0.000261
0.000261
0.000261
0.000261
0.000261
0.000261
0.000260
0.000260
0.000260
0.000260
0.000260
0.000260
0.000260
0.000260
0.000259
0.000259
0.000259
0.000259
0.000259
0.000259
0.000259
0.000259
0.000258
0.000258
0.000258
0.000258
0.000258
0.000258
0.000258
0.000258
0.000258
0.000257
0.000257
0.000257
0.000257
0.000257
0.000257
0.000257
0.000257
0.000256
0.000256
0.000256
0.000256
0.000256
0.000256
0.000256
0.000256
0.000256
0.000255
0.000255
0.000255
0.000255
0.000255
0.000255
0.000255
0.000255
0.000255
0.000254
0.000254
0.000254
0.000254
0.000254
0.000254
0.000254
0.000254
0.000253
0.000253
0.000253
0.000253
0.000253
0.000253
0.000253
0.000253
0.000253
0.000252
0.000252
0.000252
0.000252
0.000252
0.000252
0.000252
0.000252
0.000252
0.000251
0.000251
0.000251
0.000251
0.000251
0.000251
0.000251
0.000251
0.000251
0.000250
0.000250
0.000250
0.000250
0.000250
0.000250
0.000250
0.000250
0.000250
0.000249
0.000249
0.000249
0.000249
0.000249
0.000249
0.000249
0.000249
0.000249
0.000248
0.000248
0.000248
0.000248
0.000248
0.000248
0.000248
0.000248
0.000248
0.000247
0.000247
0.000247
0.000247
0.000247
0.000247
0.000247
0.000247
0.000247
0.000246
0.000246
0.000246
0.000246
0.000246
0.000246
0.000246
0.000246
0.000246
0.000246
0.000245
0.000245
0.000245
0.000245
0.000245
0.000245
0.000245
0.000245
0.000245
0.000244
0.000244
0.000244
0.000244
0.000244
0.000244
0.000244
0.000244
0.000244
0.000244
0.000243
0.000243
0.000243
0.000243
0.000243
0.000243
0.000243
0.000243
0.000243
0.000242
0.000242
0.000242
0.000242
0.000242
0.000242
0.000242
0.000242
0.000242
0.000242
0.000241
0.000241
0.000241
0.000241
0.000241
0.000241
0.000241
0.000241
0.000241
0.000241
0.000240
0.000240
0.000240
0.000240
0.000240
0.000240
0.000240
0.000240
0.000240
0.000239
0.000239
0.000239
0.000239
0.000239
0.000239
0.000239
0.000239
0.000239
0.000239
0.000238
0.000238
0.000238
0.000238
0.000238
0.000238
0.000238
0.000238
0.000238
0.000238
0.000237
0.000237
0.000237
0.000237
0.000237
0.000237
0.000237
0.000237
0.000237
0.000237
0.000237
0.000236
0.000236
0.000236
0.000236
0.000236
0.000236
0.000236
0.000236
0.000236
0.000236
0.000235
0.000235
0.000235
0.000235
0.000235
0.000235
0.000235
0.000235
0.000235
0.000235
0.000234
0.000234
0.000234
0.000234
0.000234
0.000234
0.000234
0.000234
0.000234
0.000234
0.000233
0.000233
0.000233
0.000233
0.000233
0.000233
0.000233
0.000233
0.000233
0.000233
0.000233
0.000232
0.000232
0.000232
0.000232
0.000232
0.000232
0.000232
0.000232
0.000232
0.000232
0.000231
0.000231
0.000231
0.000231
0.000231
0.000231
0.000231
0.000231
0.000231
0.000231
0.000231
0.000230
0.000230
0.000230
0.000230
0.000230
0.000230
0.000230
0.000230
0.000230
0.000230
0.000230
0.000229
0.000229
0.000229
0.000229
0.000229
0.000229
0.000229
0.000229
0.000229
0.000229
0.000229
0.000228
0.000228
0.000228
0.000228
0.000228
0.000228
0.000228
0.000228
0.000228
0.000228
0.000228
0.000227
0.000227
0.000227
0.000227
0.000227
0.000227
0.000227
0.000227
0.000227
0.000227
0.000227
0.000226
0.000226
0.000226
0.000226
0.000226
0.000226
0.000226
0.000226
0.000226
0.000226
0.000226
0.000225
0.000225
0.000225
0.000225
0.000225
0.000225
0.000225
0.000225
0.000225
0.000225
0.000225
0.000224
0.000224
0.000224
0.000224
0.000224
0.000224
0.000224
0.000224
0.000224
0.000224
0.000224
0.000223
0.000223
0.000223
0.000223
0.000223
0.000223
0.000223
0.000223
0.000223
0.000223
0.000223
0.000223
0.000222
0.000222
0.000222
0.000222
0.000222
0.000222
0.000222
0.000222
0.000222
0.000222
0.000222
0.000221
0.000221
0.000221
0.000221
0.000221
0.000221
0.000221
0.000221
0.000221
0.000221
0.000221
0.000221
0.000220
0.000220
0.000220
0.000220
0.000220
0.000220
0.000220
0.000220
0.000220
0.000220
0.000220
0.000220
0.000219
0.000219
0.000219
0.000219
0.000219
0.000219
0.000219
0.000219
0.000219
0.000219
0.000219
0.000219
0.000218
0.000218
0.000218
0.000218
0.000218
0.000218
0.000218
0.000218
0.000218
0.000218
0.000218
0.000218
0.000217
0.000217
0.000217
0.000217
0.000217
0.000217
0.000217
0.000217
0.000217
0.000217
0.000217
0.000217
0.000216
0.000216
0.000216
0.000216
0.000216
0.000216
0.000216
0.000216
0.000216
0.000216
0.000216
0.000216
0.000215
0.000215
0.000215
0.000215
0.000215
0.000215
0.000215
0.000215
0.000215
0.000215
0.000215
0.000215
0.000215
0.000214
0.000214
0.000214
0.000214
0.000214
0.000214
0.000214
0.000214
0.000214
0.000214
0.000214
0.000214
0.000213
0.000213
0.000213
0.000213
0.000213
0.000213
0.000213
0.000213
0.000213
0.000213
0.000213
0.000213
0.000213
0.000212
0.000212
0.000212
0.000212
0.000212
0.000212
0.000212
0.000212
0.000212
0.000212
0.000212
0.000212
0.000212
0.000211
0.000211
0.000211
0.000211
0.000211
0.000211
0.000211
0.000211
0.000211
0.000211
0.000211
0.000211
0.000210
0.000210
0.000210
0.000210
0.000210
0.000210
0.000210
0.000210
0.000210
0.000210
0.000210
0.000210
0.000210
0.000209
0.000209
0.000209
0.000209
0.000209
0.000209
0.000209
0.000209
0.000209
0.000209
0.000209
0.000209
0.000209
0.000209
0.000208
0.000208
0.000208
0.000208
0.000208
0.000208
0.000208
0.000208
0.000208
0.000208
0.000208
0.000208
0.000208
0.000207
0.000207
0.000207
0.000207
0.000207
0.000207
0.000207
0.000207
0.000207
0.000207
0.000207
0.000207
0.000207
0.000206
0.000206
0.000206
0.000206
0.000206
0.000206
0.000206
0.000206
0.000206
0.000206
0.000206
0.000206
0.000206
0.000206
0.000205
0.000205
0.000205
0.000205
0.000205
0.000205
0.000205
0.000205
0.000205
0.000205
0.000205
0.000205
0.000205
0.000204
0.000204
0.000204
0.000204
0.000204
0.000204
0.000204
0.000204
0.000204
0.000204
0.000204
0.000204
0.000204
0.000204
0.000203
0.000203
0.000203
0.000203
0.000203
0.000203
0.000203
0.000203
0.000203
0.000203
0.000203
0.000203
0.000203
0.000203
0.000202
0.000202
0.000202
0.000202
0.000202
0.000202
0.000202
0.000202
0.000202
0.000202
0.000202
0.000202
0.000202
0.000202
0.000201
0.000201
0.000201
0.000201
0.000201
0.000201
0.000201
0.000201
0.000201
0.000201
0.000201
0.000201
0.000201
0.000201
0.000201
0.000200
0.000200
0.000200
0.000200
0.000200
0.000200
0.000200
0.000200
0.000200
0.000200
0.000200
0.000200
0.000200
0.000200
0.000199
0.000199
0.000199
0.000199
0.000199
0.000199
0.000199
0.000199
0.000199
0.000199
0.000199
0.000199
0.000199
0.000199
0.000199
0.000198
0.000198
0.000198
0.000198
0.000198
0.000198
0.000198
0.000198
0.000198
0.000198
0.000198
0.000198
0.000198
0.000198
0.000197
0.000197
0.000197
0.000197
0.000197
0.000197
0.000197
0.000197
0.000197
0.000197
0.000197
0.000197
0.000197
0.000197
0.000197
0.000196
0.000196
0.000196
0.000196
0.000196
0.000196
0.000196
0.000196
0.000196
0.000196
0.000196
0.000196
0.000196
0.000196
0.000196
0.000195
0.000195
0.000195
0.000195
0.000195
0.000195
0.000195
0.000195
0.000195
0.000195
0.000195
0.000195
0.000195
0.000195
0.000195
0.000194
0.000194
0.000194
0.000194
0.000194
0.000194
0.000194
0.000194
0.000194
0.000194
0.000194
0.000194
0.000194
0.000194
0.000194
0.000194
0.000193
0.000193
0.000193
0.000193
0.000193
0.000193
0.000193
0.000193
0.000193
0.000193
0.000193
0.000193
0.000193
0.000193
0.000193
0.000192
0.000192
0.000192
0.000192
0.000192
0.000192
0.000192
0.000192
0.000192
0.000192
0.000192
0.000192
0.000192
0.000192
0.000192
0.000192
0.000191
0.000191
0.000191
0.000191
0.000191
0.000191
0.000191
0.000191
0.000191
0.000191
0.000191
0.000191
0.000191
0.000191
0.000191
0.000191
0.000190
0.000190
0.000190
0.000190
0.000190
0.000190
0.000190
0.000190
0.000190
0.000190
0.000190
0.000190
0.000190
0.000190
0.000190
0.000190
0.000189
0.000189
0.000189
0.000189
0.000189
0.000189
0.000189
0.000189
0.000189
0.000189
0.000189
0.000189
0.000189
0.000189
0.000189
0.000189
0.000188
0.000188
0.000188
0.000188
0.000188
0.000188
0.000188
0.000188
0.000188
0.000188
0.000188
0.000188
0.000188
0.000188
0.000188
0.000188
0.000188
0.000187
0.000187
0.000187
0.000187
0.000187
0.000187
0.000187
0.000187
0.000187
0.000187
0.000187
0.000187
0.000187
0.000187
0.000187
0.000187
0.000186
0.000186
0.000186
0.000186
0.000186
0.000186
0.000186
0.000186
0.000186
0.000186
0.000186
0.000186
0.000186
0.000186
0.000186
0.000186
0.000186
0.000185
0.000185
0.000185
0.000185
0.000185
0.000185
0.000185
0.000185
0.000185
0.000185
0.000185
0.000185
0.000185
0.000185
0.000185
0.000185
0.000185
0.000184
0.000184
0.000184
0.000184
0.000184
0.000184
0.000184
0.000184
0.000184
0.000184
0.000184
0.000184
0.000184
0.000184
0.000184
0.000184
0.000184
0.000183
0.000183
0.000183
0.000183
0.000183
0.000183
0.000183
0.000183
0.000183
0.000183
0.000183
0.000183
0.000183
0.000183
0.000183
0.000183
0.000183
0.000182
0.000182
0.000182
0.000182
0.000182
0.000182
0.000182
0.000182
0.000182
0.000182
0.000182
0.000182
0.000182
0.000182
0.000182
0.000182
0.000182
0.000182
0.000181
0.000181
0.000181
0.000181
0.000181
0.000181
0.000181
0.000181
0.000181
0.000181
0.000181
0.000181
0.000181
0.000181
0.000181
0.000181
0.000181
0.000181
0.000180
0.000180
0.000180
0.000180
0.000180
0.000180
0.000180
0.000180
0.000180
0.000180
0.000180
0.000180
0.000180
0.000180
0.000180
0.000180
0.000180
0.000180
0.000179
0.000179
0.000179
0.000179
0.000179
0.000179
0.000179
0.000179
0.000179
0.000179
0.000179
0.000179
0.000179
0.000179
0.000179
0.000179
0.000179
0.000179
0.000178
0.000178
0.000178
0.000178
0.000178
0.000178
0.000178
0.000178
0.000178
0.000178
0.000178
0.000178
0.000178
0.000178
0.000178
0.000178
0.000178
0.000178
0.000177
0.000177
0.000177
0.000177
0.000177
0.000177
0.000177
0.000177
0.000177
0.000177
0.000177
0.000177
0.000177
0.000177
0.000177
0.000177
0.000177
0.000177
0.000177
0.000176
0.000176
0.000176
0.000176
0.000176
0.000176
0.000176
0.000176
0.000176
0.000176
0.000176
0.000176
0.000176
0.000176
0.000176
0.000176
0.000176
0.000176
0.000176
0.000175
0.000175
0.000175
0.000175
0.000175
0.000175
0.000175
0.000175
0.000175
0.000175
0.000175
0.000175
0.000175
0.000175
0.000175
0.000175
0.000175
0.000175
0.000175
0.000174
0.000174
0.000174
0.000174
0.000174
0.000174
0.000174
0.000174
0.000174
0.000174
0.000174
0.000174
0.000174
0.000174
0.000174
0.000174
0.000174
0.000174
0.000174
0.000173
0.000173
0.000173
0.000173
0.000173
0.000173
0.000173
0.000173
0.000173
0.000173
0.000173
0.000173
0.000173
0.000173
0.000173
0.000173
0.000173
0.000173
0.000173
0.000173
0.000172
0.000172
0.000172
0.000172
0.000172
0.000172
0.000172
0.000172
0.000172
0.000172
0.000172
0.000172
0.000172
0.000172
0.000172
0.000172
0.000172
0.000172
0.000172
0.000171
0.000171
0.000171
0.000171
0.000171
0.000171
0.000171
0.000171
0.000171
0.000171
0.000171
0.000171
0.000171
0.000171
0.000171
0.000171
0.000171
0.000171
0.000171
0.000171
0.000170
0.000170
0.000170
0.000170
0.000170
0.000170
0.000170
0.000170
0.000170
0.000170
0.000170
0.000170
0.000170
0.000170
0.000170
0.000170
0.000170
0.000170
0.000170
0.000170
0.000170
0.000169
0.000169
0.000169
0.000169
0.000169
0.000169
0.000169
0.000169
0.000169
0.000169
0.000169
0.000169
0.000169
0.000169
0.000169
0.000169
0.000169
0.000169
0.000169
0.000169
0.000168
0.000168
0.000168
0.000168
0.000168
0.000168
0.000168
0.000168
0.000168
0.000168
0.000168
0.000168
0.000168
0.000168
0.000168
0.000168
0.000168
0.000168
0.000168
0.000168
0.000168
0.000167
0.000167
0.000167
0.000167
0.000167
0.000167
0.000167
0.000167
0.000167
0.000167
0.000167
0.000167
0.000167
0.000167
0.000167
0.000167
0.000167
0.000167
0.000167
0.000167
0.000167
0.000166
0.000166
0.000166
0.000166
0.000166
0.000166
0.000166
0.000166
0.000166
0.000166
0.000166
0.000166
0.000166
0.000166
0.000166
0.000166
0.000166
0.000166
0.000166
0.000166
0.000166
0.000165
0.000165
0.000165
0.000165
0.000165
0.000165
0.000165
0.000165
0.000165
0.000165
0.000165
0.000165
0.000165
0.000165
0.000165
0.000165
0.000165
0.000165
0.000165
0.000165
0.000165
0.000165
0.000164
0.000164
0.000164
0.000164
0.000164
0.000164
0.000164
0.000164
0.000164
0.000164
0.000164
0.000164
0.000164
0.000164
0.000164
0.000164
0.000164
0.000164
0.000164
0.000164
0.000164
0.000164
0.000163
0.000163
0.000163
0.000163
0.000163
0.000163
0.000163
0.000163
0.000163
0.000163
0.000163
0.000163
0.000163
0.000163
0.000163
0.000163
0.000163
0.000163
0.000163
0.000163
0.000163
0.000163
0.000162
0.000162
0.000162
0.000162
0.000162
0.000162
0.000162
0.000162
0.000162
0.000162
0.000162
0.000162
0.000162
0.000162
0.000162
0.000162
0.000162
0.000162
0.000162
0.000162
0.000162
0.000162
0.000161
0.000161
0.000161
0.000161
0.000161
0.000161
0.000161
0.000161
0.000161
0.000161
0.000161
0.000161
0.000161
0.000161
0.000161
0.000161
0.000161
0.000161
0.000161
0.000161
0.000161
0.000161
0.000161
0.000160
0.000160
0.000160
0.000160
0.000160
0.000160
0.000160
0.000160
0.000160
0.000160
0.000160
0.000160
0.000160
0.000160
0.000160
0.000160
0.000160
0.000160
0.000160
0.000160
0.000160
0.000160
0.000160
0.000159
0.000159
0.000159
0.000159
0.000159
0.000159
0.000159
0.000159
0.000159
0.000159
0.000159
0.000159
0.000159
0.000159
0.000159
0.000159
0.000159
0.000159
0.000159
0.000159
0.000159
0.000159
0.000159
0.000158
0.000158
0.000158
0.000158
0.000158
0.000158
0.000158
0.000158
0.000158
0.000158
0.000158
0.000158
0.000158
0.000158
0.000158
0.000158
0.000158
0.000158
0.000158
0.000158
0.000158
0.000158
0.000158
0.000158
0.000157
0.000157
0.000157
0.000157
0.000157
0.000157
0.000157
0.000157
0.000157
0.000157
0.000157
0.000157
0.000157
0.000157
0.000157
0.000157
0.000157
0.000157
0.000157
0.000157
0.000157
0.000157
0.000157
0.000157
0.000156
0.000156
0.000156
0.000156
0.000156
0.000156
0.000156
0.000156
0.000156
0.000156
0.000156
0.000156
0.000156
0.000156
0.000156
0.000156
0.000156
0.000156
0.000156
0.000156
0.000156
0.000156
0.000156
0.000156
0.000155
0.000155
0.000155
0.000155
0.000155
0.000155
0.000155
0.000155
0.000155
0.000155
0.000155
0.000155
0.000155
0.000155
0.000155
0.000155
0.000155
0.000155
0.000155
0.000155
0.000155
0.000155
0.000155
0.000155
0.000154
0.000154
0.000154
0.000154
0.000154
0.000154
0.000154
0.000154
0.000154
0.000154
0.000154
0.000154
0.000154
0.000154
0.000154
0.000154
0.000154
0.000154
0.000154
0.000154
0.000154
0.000154
0.000154
0.000154
0.000154
0.000153
0.000153
0.000153
0.000153
0.000153
0.000153
0.000153
0.000153
0.000153
0.000153
0.000153
0.000153
0.000153
0.000153
0.000153
0.000153
0.000153
0.000153
0.000153
0.000153
0.000153
0.000153
0.000153
0.000153
0.000153
0.000153
0.000152
0.000152
0.000152
0.000152
0.000152
0.000152
0.000152
0.000152
0.000152
0.000152
0.000152
0.000152
0.000152
0.000152
0.000152
0.000152
0.000152
0.000152
0.000152
0.000152
0.000152
0.000152
0.000152
0.000152
0.000152
0.000151
0.000151
0.000151
0.000151
0.000151
0.000151
0.000151
0.000151
0.000151
0.000151
0.000151
0.000151
0.000151
0.000151
0.000151
0.000151
0.000151
0.000151
0.000151
0.000151
0.000151
0.000151
0.000151
0.000151
0.000151
0.000151
0.000150
0.000150
0.000150
0.000150
0.000150
0.000150
0.000150
0.000150
0.000150
0.000150
0.000150
0.000150
0.000150
0.000150
0.000150
0.000150
0.000150
0.000150
0.000150
0.000150
0.000150
0.000150
0.000150
0.000150
0.000150
0.000150
0.000150
0.000149
0.000149
0.000149
0.000149
0.000149
0.000149
0.000149
0.000149
0.000149
0.000149
0.000149
0.000149
0.000149
0.000149
0.000149
0.000149
0.000149
0.000149
0.000149
0.000149
0.000149
0.000149
0.000149
0.000149
0.000149
0.000149
0.000148
0.000148
0.000148
0.000148
0.000148
0.000148
0.000148
0.000148
0.000148
0.000148
0.000148
0.000148
0.000148
0.000148
0.000148
0.000148
0.000148
0.000148
0.000148
0.000148
0.000148
0.000148
0.000148
0.000148
0.000148
0.000148
0.000148
0.000147
0.000147
0.000147
0.000147
0.000147
0.000147
0.000147
0.000147
0.000147
0.000147
0.000147
0.000147
0.000147
0.000147
0.000147
0.000147
0.000147
0.000147
0.000147
0.000147
0.000147
0.000147
0.000147
0.000147
0.000147
0.000147
0.000147
0.000147
0.000146
0.000146
0.000146
0.000146
0.000146
0.000146
0.000146
0.000146
0.000146
0.000146
0.000146
0.000146
0.000146
0.000146
0.000146
0.000146
0.000146
0.000146
0.000146
0.000146
0.000146
0.000146
0.000146
0.000146
0.000146
0.000146
0.000146
0.000146
0.000145
0.000145
0.000145
0.000145
0.000145
0.000145
0.000145
0.000145
0.000145
0.000145
0.000145
0.000145
0.000145
0.000145
0.000145
0.000145
0.000145
0.000145
0.000145
0.000145
0.000145
0.000145
0.000145
0.000145
0.000145
0.000145
0.000145
0.000145
0.000144
0.000144
0.000144
0.000144
0.000144
0.000144
0.000144
0.000144
0.000144
0.000144
0.000144
0.000144
0.000144
0.000144
0.000144
0.000144
0.000144
0.000144
0.000144
0.000144
0.000144
0.000144
0.000144
0.000144
0.000144
0.000144
0.000144
0.000144
0.000143
0.000143
0.000143
0.000143
0.000143
0.000143
0.000143
0.000143
0.000143
0.000143
0.000143
0.000143
0.000143
0.000143
0.000143
0.000143
0.000143
0.000143
0.000143
0.000143
0.000143
0.000143
0.000143
0.000143
0.000143
0.000143
0.000143
0.000143
0.000143
0.000143
0.000142
0.000142
0.000142
0.000142
0.000142
0.000142
0.000142
0.000142
0.000142
0.000142
0.000142
0.000142
0.000142
0.000142
0.000142
0.000142
0.000142
0.000142
0.000142
0.000142
0.000142
0.000142
0.000142
0.000142
0.000142
0.000142
0.000142
0.000142
0.000142
0.000141
0.000141
0.000141
0.000141
0.000141
0.000141
0.000141
0.000141
0.000141
0.000141
0.000141
0.000141
0.000141
0.000141
0.000141
0.000141
0.000141
0.000141
0.000141
0.000141
0.000141
0.000141
0.000141
0.000141
0.000141
0.000141
0.000141
0.000141
0.000141
0.000141
0.000140
0.000140
0.000140
0.000140
0.000140
0.000140
0.000140
0.000140
0.000140
0.000140
0.000140
0.000140
0.000140
0.000140
0.000140
0.000140
0.000140
0.000140
0.000140
0.000140
0.000140
0.000140
0.000140
0.000140
0.000140
0.000140
0.000140
0.000140
0.000140
0.000140
0.000139
0.000139
0.000139
0.000139
0.000139
0.000139
0.000139
0.000139
0.000139
0.000139
0.000139
0.000139
0.000139
0.000139
0.000139
0.000139
0.000139
0.000139
0.000139
0.000139
0.000139
0.000139
0.000139
0.000139
0.000139
0.000139
0.000139
0.000139
0.000139
0.000139
0.000139
0.000138
0.000138
0.000138
0.000138
0.000138
0.000138
0.000138
0.000138
0.000138
0.000138
0.000138
0.000138
0.000138
0.000138
0.000138
0.000138
0.000138
0.000138
0.000138
0.000138
0.000138
0.000138
0.000138
0.000138
0.000138
0.000138
0.000138
0.000138
0.000138
0.000138
0.000138
0.000138
0.000137
0.000137
0.000137
0.000137
0.000137
0.000137
0.000137
0.000137
0.000137
0.000137
0.000137
0.000137
0.000137
0.000137
0.000137
0.000137
0.000137
0.000137
0.000137
0.000137
0.000137
0.000137
0.000137
0.000137
0.000137
0.000137
0.000137
0.000137
0.000137
0.000137
0.000137
0.000136
0.000136
0.000136
0.000136
0.000136
0.000136
0.000136
0.000136
0.000136
0.000136
0.000136
0.000136
0.000136
0.000136
0.000136
0.000136
0.000136
0.000136
0.000136
0.000136
0.000136
0.000136
0.000136
0.000136
0.000136
0.000136
0.000136
0.000136
0.000136
0.000136
0.000136
0.000136
0.000136
0.000135
0.000135
0.000135
0.000135
0.000135
0.000135
0.000135
0.000135
0.000135
0.000135
0.000135
0.000135
0.000135
0.000135
0.000135
0.000135
0.000135
0.000135
0.000135
0.000135
0.000135
0.000135
0.000135
0.000135
0.000135
0.000135
0.000135
0.000135
0.000135
0.000135
0.000135
0.000135
0.000134
0.000134
0.000134
0.000134
0.000134
0.000134
0.000134
0.000134
0.000134
0.000134
0.000134
0.000134
0.000134
0.000134
0.000134
0.000134
0.000134
0.000134
0.000134
0.000134
0.000134
0.000134
0.000134
0.000134
0.000134
0.000134
0.000134
0.000134
0.000134
0.000134
0.000134
0.000134
0.000134
0.000134
0.000133
0.000133
0.000133
0.000133
0.000133
0.000133
0.000133
0.000133
0.000133
0.000133
0.000133
0.000133
0.000133
0.000133
0.000133
0.000133
0.000133
0.000133
0.000133
0.000133
0.000133
0.000133
0.000133
0.000133
0.000133
0.000133
0.000133
0.000133
0.000133
0.000133
0.000133
0.000133
0.000133
0.000133
0.000132
0.000132
0.000132
0.000132
0.000132
0.000132
0.000132
0.000132
0.000132
0.000132
0.000132
0.000132
0.000132
0.000132
0.000132
0.000132
0.000132
0.000132
0.000132
0.000132
0.000132
0.000132
0.000132
0.000132
0.000132
0.000132
0.000132
0.000132
0.000132
0.000132
0.000132
0.000132
0.000132
0.000132
0.000131
0.000131
0.000131
0.000131
0.000131
0.000131
0.000131
0.000131
0.000131
0.000131
0.000131
0.000131
0.000131
0.000131
0.000131
0.000131
0.000131
0.000131
0.000131
0.000131
0.000131
0.000131
0.000131
0.000131
0.000131
0.000131
0.000131
0.000131
0.000131
0.000131
0.000131
0.000131
0.000131
0.000131
0.000131
0.000130
0.000130
0.000130
0.000130
0.000130
0.000130
0.000130
0.000130
0.000130
0.000130
0.000130
0.000130
0.000130
0.000130
0.000130
0.000130
0.000130
0.000130
0.000130
0.000130
0.000130
0.000130
0.000130
0.000130
0.000130
0.000130
0.000130
0.000130
0.000130
0.000130
0.000130
0.000130
0.000130
0.000130
0.000130
0.000129
0.000129
0.000129
0.000129
0.000129
0.000129
0.000129
0.000129
0.000129
0.000129
0.000129
0.000129
0.000129
0.000129
0.000129
0.000129
0.000129
0.000129
0.000129
0.000129
0.000129
0.000129
0.000129
0.000129
0.000129
0.000129
0.000129
0.000129
0.000129
0.000129
0.000129
0.000129
0.000129
0.000129
0.000129
0.000129
0.000128
0.000128
0.000128
0.000128
0.000128
0.000128
0.000128
0.000128
0.000128
0.000128
0.000128
0.000128
0.000128
0.000128
0.000128
0.000128
0.000128
0.000128
0.000128
0.000128
0.000128
0.000128
0.000128
0.000128
0.000128
0.000128
0.000128
0.000128
0.000128
0.000128
0.000128
0.000128
0.000128
0.000128
0.000128
0.000128
0.000128
0.000127
0.000127
0.000127
0.000127
0.000127
0.000127
0.000127
0.000127
0.000127
0.000127
0.000127
0.000127
0.000127
0.000127
0.000127
0.000127
0.000127
0.000127
0.000127
0.000127
0.000127
0.000127
0.000127
0.000127
0.000127
0.000127
0.000127
0.000127
0.000127
0.000127
0.000127
0.000127
0.000127
0.000127
0.000127
0.000127
0.000127
0.000126
0.000126
0.000126
0.000126
0.000126
0.000126
0.000126
0.000126
0.000126
0.000126
0.000126
0.000126
0.000126
0.000126
0.000126
0.000126
0.000126
0.000126
0.000126
0.000126
0.000126
0.000126
0.000126
0.000126
0.000126
0.000126
0.000126
0.000126
0.000126
0.000126
0.000126
0.000126
0.000126
0.000126
0.000126
0.000126
0.000126
0.000126
0.000125
0.000125
0.000125
0.000125
0.000125
0.000125
0.000125
0.000125
0.000125
0.000125
0.000125
0.000125
0.000125
0.000125
0.000125
0.000125
0.000125
0.000125
0.000125
0.000125
0.000125
0.000125
0.000125
0.000125
0.000125
0.000125
0.000125
0.000125
0.000125
0.000125
0.000125
0.000125
0.000125
0.000125
0.000125
0.000125
0.000125
0.000125
0.000125
0.000124
0.000124
0.000124
0.000124
0.000124
0.000124
0.000124
0.000124
0.000124
0.000124
0.000124
0.000124
0.000124
0.000124
0.000124
0.000124
0.000124
0.000124
0.000124
0.000124
0.000124
0.000124
0.000124
0.000124
0.000124
0.000124
0.000124
0.000124
0.000124
0.000124
0.000124
0.000124
0.000124
0.000124
0.000124
0.000124
0.000124
0.000124
0.000124
0.000123
0.000123
0.000123
0.000123
0.000123
0.000123
0.000123
0.000123
0.000123
0.000123
0.000123
0.000123
0.000123
0.000123
0.000123
0.000123
0.000123
0.000123
0.000123
0.000123
0.000123
0.000123
0.000123
0.000123
0.000123
0.000123
0.000123
0.000123
0.000123
0.000123
0.000123
0.000123
0.000123
0.000123
0.000123
0.000123
0.000123
0.000123
0.000123
0.000123
0.000122
0.000122
0.000122
0.000122
0.000122
0.000122
0.000122
0.000122
0.000122
0.000122
0.000122
0.000122
0.000122
0.000122
0.000122
0.000122
0.000122
0.000122
0.000122
0.000122
0.000122
0.000122
0.000122
0.000122
0.000122
0.000122
0.000122
0.000122
0.000122
0.000122
0.000122
0.000122
0.000122
0.000122
0.000122
0.000122
0.000122
0.000122
0.000122
0.000122
0.000121
0.000121
0.000121
0.000121
0.000121
0.000121
0.000121
0.000121
0.000121
0.000121
0.000121
0.000121
0.000121
0.000121
0.000121
0.000121
0.000121
0.000121
0.000121
0.000121
0.000121
0.000121
0.000121
0.000121
0.000121
0.000121
0.000121
0.000121
0.000121
0.000121
0.000121
0.000121
0.000121
0.000121
0.000121
0.000121
0.000121
0.000121
0.000121
0.000121
0.000121
0.000120
0.000120
0.000120
0.000120
0.000120
0.000120
0.000120
0.000120
0.000120
0.000120
0.000120
0.000120
0.000120
0.000120
0.000120
0.000120
0.000120
0.000120
0.000120
0.000120
0.000120
0.000120
0.000120
0.000120
0.000120
0.000120
0.000120
0.000120
0.000120
0.000120
0.000120
0.000120
0.000120
0.000120
0.000120
0.000120
0.000120
0.000120
0.000120
0.000120
0.000120
0.000120
0.000119
0.000119
0.000119
0.000119
0.000119
0.000119
0.000119
0.000119
0.000119
0.000119
0.000119
0.000119
0.000119
0.000119
0.000119
0.000119
0.000119
0.000119
0.000119
0.000119
0.000119
0.000119
0.000119
0.000119
0.000119
0.000119
0.000119
0.000119
0.000119
0.000119
0.000119
0.000119
0.000119
0.000119
0.000119
0.000119
0.000119
0.000119
0.000119
0.000119
0.000119
0.000119
0.000119
0.000118
0.000118
0.000118
0.000118
0.000118
0.000118
0.000118
0.000118
0.000118
0.000118
0.000118
0.000118
0.000118
0.000118
0.000118
0.000118
0.000118
0.000118
0.000118
0.000118
0.000118
0.000118
0.000118
0.000118
0.000118
0.000118
0.000118
0.000118
0.000118
0.000118
0.000118
0.000118
0.000118
0.000118
0.000118
0.000118
0.000118
0.000118
0.000118
0.000118
0.000118
0.000118
0.000118
0.000117
0.000117
0.000117
0.000117
0.000117
0.000117
0.000117
0.000117
0.000117
0.000117
0.000117
0.000117
0.000117
0.000117
0.000117
0.000117
0.000117
0.000117
0.000117
0.000117
0.000117
0.000117
0.000117
0.000117
0.000117
0.000117
0.000117
0.000117
0.000117
0.000117
0.000117
0.000117
0.000117
0.000117
0.000117
0.000117
0.000117
0.000117
0.000117
0.000117
0.000117
0.000117
0.000117
0.000117
0.000116
0.000116
0.000116
0.000116
0.000116
0.000116
0.000116
0.000116
0.000116
0.000116
0.000116
0.000116
0.000116
0.000116
0.000116
0.000116
0.000116
0.000116
0.000116
0.000116
0.000116
0.000116
0.000116
0.000116
0.000116
0.000116
0.000116
0.000116
0.000116
0.000116
0.000116
0.000116
0.000116
0.000116
0.000116
0.000116
0.000116
0.000116
0.000116
0.000116
0.000116
0.000116
0.000116
0.000116
0.000116
0.000115
0.000115
0.000115
0.000115
0.000115
0.000115
0.000115
0.000115
0.000115
0.000115
0.000115
0.000115
0.000115
0.000115
0.000115
0.000115
0.000115
0.000115
0.000115
0.000115
0.000115
0.000115
0.000115
0.000115
0.000115
0.000115
0.000115
0.000115
0.000115
0.000115
0.000115
0.000115
0.000115
0.000115
0.000115
0.000115
0.000115
0.000115
0.000115
0.000115
0.000115
0.000115
0.000115
0.000115
0.000115
0.000115
0.000114
0.000114
0.000114
0.000114
0.000114
0.000114
0.000114
0.000114
0.000114
0.000114
0.000114
0.000114
0.000114
0.000114
0.000114
0.000114
0.000114
0.000114
0.000114
0.000114
0.000114
0.000114
0.000114
0.000114
0.000114
0.000114
0.000114
0.000114
0.000114
0.000114
0.000114
0.000114
0.000114
0.000114
0.000114
0.000114
0.000114
0.000114
0.000114
0.000114
0.000114
0.000114
0.000114
0.000114
0.000114
0.000114
0.000114
0.000113
0.000113
0.000113
0.000113
0.000113
0.000113
0.000113
0.000113
0.000113
0.000113
0.000113
0.000113
0.000113
0.000113
0.000113
0.000113
0.000113
0.000113
0.000113
0.000113
0.000113
0.000113
0.000113
0.000113
0.000113
0.000113
0.000113
0.000113
0.000113
0.000113
0.000113
0.000113
0.000113
0.000113
0.000113
0.000113
0.000113
0.000113
0.000113
0.000113
0.000113
0.000113
0.000113
0.000113
0.000113
0.000113
0.000113
0.000112
0.000112
0.000112
0.000112
0.000112
0.000112
0.000112
0.000112
0.000112
0.000112
0.000112
0.000112
0.000112
0.000112
0.000112
0.000112
0.000112
0.000112
0.000112
0.000112
0.000112
0.000112
0.000112
0.000112
0.000112
0.000112
0.000112
0.000112
0.000112
0.000112
0.000112
0.000112
0.000112
0.000112
0.000112
0.000112
0.000112
0.000112
0.000112
0.000112
0.000112
0.000112
0.000112
0.000112
0.000112
0.000112
0.000112
0.000112
0.000112
0.000111
0.000111
0.000111
0.000111
0.000111
0.000111
0.000111
0.000111
0.000111
0.000111
0.000111
0.000111
0.000111
0.000111
0.000111
0.000111
0.000111
0.000111
0.000111
0.000111
0.000111
0.000111
0.000111
0.000111
0.000111
0.000111
0.000111
0.000111
0.000111
0.000111
0.000111
0.000111
0.000111
0.000111
0.000111
0.000111
0.000111
0.000111
0.000111
0.000111
0.000111
0.000111
0.000111
0.000111
0.000111
0.000111
0.000111
0.000111
0.000111
0.000110
0.000110
0.000110
0.000110
0.000110
0.000110
0.000110
0.000110
0.000110
0.000110
0.000110
0.000110
0.000110
0.000110
0.000110
0.000110
0.000110
0.000110
0.000110
0.000110
0.000110
0.000110
0.000110
0.000110
0.000110
0.000110
0.000110
0.000110
0.000110
0.000110
0.000110
0.000110
0.000110
0.000110
0.000110
0.000110
0.000110
0.000110
0.000110
0.000110
0.000110
0.000110
0.000110
0.000110
0.000110
0.000110
0.000110
0.000110
0.000110
0.000110
0.000109
0.000109
0.000109
0.000109
0.000109
0.000109
0.000109
0.000109
0.000109
0.000109
0.000109
0.000109
0.000109
0.000109
0.000109
0.000109
0.000109
0.000109
0.000109
0.000109
0.000109
0.000109
0.000109
0.000109
0.000109
0.000109
0.000109
0.000109
0.000109
0.000109
0.000109
0.000109
0.000109
0.000109
0.000109
0.000109
0.000109
0.000109
0.000109
0.000109
0.000109
0.000109
0.000109
0.000109
0.000109
0.000109
0.000109
0.000109
0.000109
0.000109
0.000109
0.000108
0.000108
0.000108
0.000108
0.000108
0.000108
0.000108
0.000108
0.000108
0.000108
0.000108
0.000108
0.000108
0.000108
0.000108
0.000108
0.000108
0.000108
0.000108
0.000108
0.000108
0.000108
0.000108
0.000108
0.000108
0.000108
0.000108
0.000108
0.000108
0.000108
0.000108
0.000108
0.000108
0.000108
0.000108
0.000108
0.000108
0.000108
0.000108
0.000108
0.000108
0.000108
0.000108
0.000108
0.000108
0.000108
0.000108
0.000108
0.000108
0.000108
0.000108
0.000108
0.000108
0.000107
0.000107
0.000107
0.000107
0.000107
0.000107
0.000107
0.000107
0.000107
0.000107
0.000107
0.000107
0.000107
0.000107
0.000107
0.000107
0.000107
0.000107
0.000107
0.000107
0.000107
0.000107
0.000107
0.000107
0.000107
0.000107
0.000107
0.000107
0.000107
0.000107
0.000107
0.000107
0.000107
0.000107
0.000107
0.000107
0.000107
0.000107
0.000107
0.000107
0.000107
0.000107
0.000107
0.000107
0.000107
0.000107
0.000107
0.000107
0.000107
0.000107
0.000107
0.000107
0.000107
0.000106
0.000106
0.000106
0.000106
0.000106
0.000106
0.000106
0.000106
0.000106
0.000106
0.000106
0.000106
0.000106
0.000106
0.000106
0.000106
0.000106
0.000106
0.000106
0.000106
0.000106
0.000106
0.000106
0.000106
0.000106
0.000106
0.000106
0.000106
0.000106
0.000106
0.000106
0.000106
0.000106
0.000106
0.000106
0.000106
0.000106
0.000106
0.000106
0.000106
0.000106
0.000106
0.000106
0.000106
0.000106
0.000106
0.000106
0.000106
0.000106
0.000106
0.000106
0.000106
0.000106
0.000106
0.000105
0.000105
0.000105
0.000105
0.000105
0.000105
0.000105
0.000105
0.000105
0.000105
0.000105
0.000105
0.000105
0.000105
0.000105
0.000105
0.000105
0.000105
0.000105
0.000105
0.000105
0.000105
0.000105
0.000105
0.000105
0.000105
0.000105
0.000105
0.000105
0.000105
0.000105
0.000105
0.000105
0.000105
0.000105
0.000105
0.000105
0.000105
0.000105
0.000105
0.000105
0.000105
0.000105
0.000105
0.000105
0.000105
0.000105
0.000105
0.000105
0.000105
0.000105
0.000105
0.000105
0.000105
0.000105
0.000105
0.000104
0.000104
0.000104
0.000104
0.000104
0.000104
0.000104
0.000104
0.000104
0.000104
0.000104
0.000104
0.000104
0.000104
0.000104
0.000104
0.000104
0.000104
0.000104
0.000104
0.000104
0.000104
0.000104
0.000104
0.000104
0.000104
0.000104
0.000104
0.000104
0.000104
0.000104
0.000104
0.000104
0.000104
0.000104
0.000104
0.000104
0.000104
0.000104
0.000104
0.000104
0.000104
0.000104
0.000104
0.000104
0.000104
0.000104
0.000104
0.000104
0.000104
0.000104
0.000104
0.000104
0.000104
0.000104
0.000104
0.000103
0.000103
0.000103
0.000103
0.000103
0.000103
0.000103
0.000103
0.000103
0.000103
0.000103
0.000103
0.000103
0.000103
0.000103
0.000103
0.000103
0.000103
0.000103
0.000103
0.000103
0.000103
0.000103
0.000103
0.000103
0.000103
0.000103
0.000103
0.000103
0.000103
0.000103
0.000103
0.000103
0.000103
0.000103
0.000103
0.000103
0.000103
0.000103
0.000103
0.000103
0.000103
0.000103
0.000103
0.000103
0.000103
0.000103
0.000103
0.000103
0.000103
0.000103
0.000103
0.000103
0.000103
0.000103
0.000103
0.000103
0.000103
0.000102
0.000102
0.000102
0.000102
0.000102
0.000102
0.000102
0.000102
0.000102
0.000102
0.000102
0.000102
0.000102
0.000102
0.000102
0.000102
0.000102
0.000102
0.000102
0.000102
0.000102
0.000102
0.000102
0.000102
0.000102
0.000102
0.000102
0.000102
0.000102
0.000102
0.000102
0.000102
0.000102
0.000102
0.000102
0.000102
0.000102
0.000102
0.000102
0.000102
0.000102
0.000102
0.000102
0.000102
0.000102
0.000102
0.000102
0.000102
0.000102
0.000102
0.000102
0.000102
0.000102
0.000102
0.000102
0.000102
0.000102
0.000102
0.000101
0.000101
0.000101
0.000101
0.000101
0.000101
0.000101
0.000101
0.000101
0.000101
0.000101
0.000101
0.000101
0.000101
0.000101
0.000101
0.000101
0.000101
0.000101
0.000101
0.000101
0.000101
0.000101
0.000101
0.000101
0.000101
0.000101
0.000101
0.000101
0.000101
0.000101
0.000101
0.000101
0.000101
0.000101
0.000101
0.000101
0.000101
0.000101
0.000101
0.000101
0.000101
0.000101
0.000101
0.000101
0.000101
0.000101
0.000101
0.000101
0.000101
0.000101
0.000101
0.000101
0.000101
0.000101
0.000101
0.000101
0.000101
0.000101
0.000101
0.000100
0.000100
0.000100
0.000100
0.000100
0.000100
0.000100
0.000100
0.000100
0.000100
0.000100
0.000100
0.000100
0.000100
0.000100
0.000100
0.000100
0.000100
0.000100
0.000100
0.000100
0.000100
0.000100
0.000100
0.000100
0.000100
0.000100
0.000100
0.000100
0.000100
0.000100
0.000100
0.000100
0.000100
0.000100
0.000100
0.000100
0.000100
0.000100
0.000100
0.000100
0.000100
0.000100
0.000100
0.000100
0.000100
0.000100
0.000100
0.000100
0.000100
0.000100
0.000100
0.000100
0.000100
0.000100
0.000100
0.000100
0.000100
0.000100
0.000100
0.000100
0.000100
0.000099
0.000099
0.000099
0.000099
0.000099
0.000099
0.000099
0.000099
0.000099
0.000099
0.000099
0.000099
0.000099
0.000099
0.000099
0.000099
0.000099
0.000099
0.000099
0.000099
0.000099
0.000099
0.000099
0.000099
0.000099
0.000099
0.000099
0.000099
0.000099
0.000099
0.000099
0.000099
0.000099
0.000099
0.000099
0.000099
0.000099
0.000099
0.000099
0.000099
0.000099
0.000099
0.000099
0.000099
0.000099
0.000099
0.000099
0.000099
0.000099
0.000099
0.000099
0.000099
0.000099
0.000099
0.000099
0.000099
0.000099
0.000099
0.000099
0.000099
0.000099
0.000099
0.000098
0.000098
0.000098
0.000098
0.000098
0.000098
0.000098
0.000098
0.000098
0.000098
0.000098
0.000098
0.000098
0.000098
0.000098
0.000098
0.000098
0.000098
0.000098
0.000098
0.000098
0.000098
0.000098
0.000098
0.000098
0.000098
0.000098
0.000098
0.000098
0.000098
0.000098
0.000098
0.000098
0.000098
0.000098
0.000098
0.000098
0.000098
0.000098
0.000098
0.000098
0.000098
0.000098
0.000098
0.000098
0.000098
0.000098
0.000098
0.000098
0.000098
0.000098
0.000098
0.000098
0.000098
0.000098
0.000098
0.000098
0.000098
0.000098
0.000098
0.000098
0.000098
0.000098
0.000098
0.000097
0.000097
0.000097
0.000097
0.000097
0.000097
0.000097
0.000097
0.000097
0.000097
0.000097
0.000097
0.000097
0.000097
0.000097
0.000097
0.000097
0.000097
0.000097
0.000097
0.000097
0.000097
0.000097
0.000097
0.000097
0.000097
0.000097
0.000097
0.000097
0.000097
0.000097
0.000097
0.000097
0.000097
0.000097
0.000097
0.000097
0.000097
0.000097
0.000097
0.000097
0.000097
0.000097
0.000097
0.000097
0.000097
0.000097
0.000097
0.000097
0.000097
0.000097
0.000097
0.000097
0.000097
0.000097
0.000097
0.000097
0.000097
0.000097
0.000097
0.000097
0.000097
0.000097
0.000097
0.000097
0.000096
0.000096
0.000096
0.000096
0.000096
0.000096
0.000096
0.000096
0.000096
0.000096
0.000096
0.000096
0.000096
0.000096
0.000096
0.000096
0.000096
0.000096
0.000096
0.000096
0.000096
0.000096
0.000096
0.000096
0.000096
0.000096
0.000096
0.000096
0.000096
0.000096
0.000096
0.000096
0.000096
0.000096
0.000096
0.000096
0.000096
0.000096
0.000096
0.000096
0.000096
0.000096
0.000096
0.000096
0.000096
0.000096
0.000096
0.000096
0.000096
0.000096
0.000096
0.000096
0.000096
0.000096
0.000096
0.000096
0.000096
0.000096
0.000096
0.000096
0.000096
0.000096
0.000096
0.000096
0.000096
0.000096
0.000096
0.000095
0.000095
0.000095
0.000095
0.000095
0.000095
0.000095
0.000095
0.000095
0.000095
0.000095
0.000095
0.000095
0.000095
0.000095
0.000095
0.000095
0.000095
0.000095
0.000095
0.000095
0.000095
0.000095
0.000095
0.000095
0.000095
0.000095
0.000095
0.000095
0.000095
0.000095
0.000095
0.000095
0.000095
0.000095
0.000095
0.000095
0.000095
0.000095
0.000095
0.000095
0.000095
0.000095
0.000095
0.000095
0.000095
0.000095
0.000095
0.000095
0.000095
0.000095
0.000095
0.000095
0.000095
0.000095
0.000095
0.000095
0.000095
0.000095
0.000095
0.000095
0.000095
0.000095
0.000095
0.000095
0.000095
0.000095
0.000095
0.000094
0.000094
0.000094
0.000094
0.000094
0.000094
0.000094
0.000094
0.000094
0.000094
0.000094
0.000094
0.000094
0.000094
0.000094
0.000094
0.000094
0.000094
0.000094
0.000094
0.000094
0.000094
0.000094
0.000094
0.000094
0.000094
0.000094
0.000094
0.000094
0.000094
0.000094
0.000094
0.000094
0.000094
0.000094
0.000094
0.000094
0.000094
0.000094
0.000094
0.000094
0.000094
0.000094
0.000094
0.000094
0.000094
0.000094
0.000094
0.000094
0.000094
0.000094
0.000094
0.000094
0.000094
0.000094
0.000094
0.000094
0.000094
0.000094
0.000094
0.000094
0.000094
0.000094
0.000094
0.000094
0.000094
0.000094
0.000094
0.000094
0.000094
0.000093
0.000093
0.000093
0.000093
0.000093
0.000093
0.000093
0.000093
0.000093
0.000093
0.000093
0.000093
0.000093
0.000093
0.000093
0.000093
0.000093
0.000093
0.000093
0.000093
0.000093
0.000093
0.000093
0.000093
0.000093
0.000093
0.000093
0.000093
0.000093
0.000093
0.000093
0.000093
0.000093
0.000093
0.000093
0.000093
0.000093
0.000093
0.000093
0.000093
0.000093
0.000093
0.000093
0.000093
0.000093
0.000093
0.000093
0.000093
0.000093
0.000093
0.000093
0.000093
0.000093
0.000093
0.000093
0.000093
0.000093
0.000093
0.000093
0.000093
0.000093
0.000093
0.000093
0.000093
0.000093
0.000093
0.000093
0.000093
0.000093
0.000093
0.000093
0.000092
0.000092
0.000092
0.000092
0.000092
0.000092
0.000092
0.000092
0.000092
0.000092
0.000092
0.000092
0.000092
0.000092
0.000092
0.000092
0.000092
0.000092
0.000092
0.000092
0.000092
0.000092
0.000092
0.000092
0.000092
0.000092
0.000092
0.000092
0.000092
0.000092
0.000092
0.000092
0.000092
0.000092
0.000092
0.000092
0.000092
0.000092
0.000092
0.000092
0.000092
0.000092
0.000092
0.000092
0.000092
0.000092
0.000092
0.000092
0.000092
0.000092
0.000092
0.000092
0.000092
0.000092
0.000092
0.000092
0.000092
0.000092
0.000092
0.000092
0.000092
0.000092
0.000092
0.000092
0.000092
0.000092
0.000092
0.000092
0.000092
0.000092
0.000092
0.000092
0.000092
0.000091
0.000091
0.000091
0.000091
0.000091
0.000091
0.000091
0.000091
0.000091
0.000091
0.000091
0.000091
0.000091
0.000091
0.000091
0.000091
0.000091
0.000091
0.000091
0.000091
0.000091
0.000091
0.000091
0.000091
0.000091
0.000091
0.000091
0.000091
0.000091
0.000091
0.000091
0.000091
0.000091
0.000091
0.000091
0.000091
0.000091
0.000091
0.000091
0.000091
0.000091
0.000091
0.000091
0.000091
0.000091
0.000091
0.000091
0.000091
0.000091
0.000091
0.000091
0.000091
0.000091
0.000091
0.000091
0.000091
0.000091
0.000091
0.000091
0.000091
0.000091
0.000091
0.000091
0.000091
0.000091
0.000091
0.000091
0.000091
0.000091
0.000091
0.000091
0.000091
0.000091
0.000091
0.000090
0.000090
0.000090
0.000090
0.000090
0.000090
0.000090
0.000090
0.000090
0.000090
0.000090
0.000090
0.000090
0.000090
0.000090
0.000090
0.000090
0.000090
0.000090
0.000090
0.000090
0.000090
0.000090
0.000090
0.000090
0.000090
0.000090
0.000090
0.000090
0.000090
0.000090
0.000090
0.000090
0.000090
0.000090
0.000090
0.000090
0.000090
0.000090
0.000090
0.000090
0.000090
0.000090
0.000090
0.000090
0.000090
0.000090
0.000090
0.000090
0.000090
0.000090
0.000090
0.000090
0.000090
0.000090
0.000090
0.000090
0.000090
0.000090
0.000090
0.000090
0.000090
0.000090
0.000090
0.000090
0.000090
0.000090
0.000090
0.000090
0.000090
0.000090
0.000090
0.000090
0.000090
0.000090
0.000090
0.000090
0.000089
0.000089
0.000089
0.000089
0.000089
0.000089
0.000089
0.000089
0.000089
0.000089
0.000089
0.000089
0.000089
0.000089
0.000089
0.000089
0.000089
0.000089
0.000089
0.000089
0.000089
0.000089
0.000089
0.000089
0.000089
0.000089
0.000089
0.000089
0.000089
0.000089
0.000089
0.000089
0.000089
0.000089
0.000089
0.000089
0.000089
0.000089
0.000089
0.000089
0.000089
0.000089
0.000089
0.000089
0.000089
0.000089
0.000089
0.000089
0.000089
0.000089
0.000089
0.000089
0.000089
0.000089
0.000089
0.000089
0.000089
0.000089
0.000089
0.000089
0.000089
0.000089
0.000089
0.000089
0.000089
0.000089
0.000089
0.000089
0.000089
0.000089
0.000089
0.000089
0.000089
0.000089
0.000089
0.000089
0.000089
0.000089
0.000088
0.000088
0.000088
0.000088
0.000088
0.000088
0.000088
0.000088
0.000088
0.000088
0.000088
0.000088
0.000088
0.000088
0.000088
0.000088
0.000088
0.000088
0.000088
0.000088
0.000088
0.000088
0.000088
0.000088
0.000088
0.000088
0.000088
0.000088
0.000088
0.000088
0.000088
0.000088
0.000088
0.000088
0.000088
0.000088
0.000088
0.000088
0.000088
0.000088
0.000088
0.000088
0.000088
0.000088
0.000088
0.000088
0.000088
0.000088
0.000088
0.000088
0.000088
0.000088
0.000088
0.000088
0.000088
0.000088
0.000088
0.000088
0.000088
0.000088
0.000088
0.000088
0.000088
0.000088
0.000088
0.000088
0.000088
0.000088
0.000088
0.000088
0.000088
0.000088
0.000088
0.000088
0.000088
0.000088
0.000088
0.000088
0.000088
0.000087
0.000087
0.000087
0.000087
0.000087
0.000087
0.000087
0.000087
0.000087
0.000087
0.000087
0.000087
0.000087
0.000087
0.000087
0.000087
0.000087
0.000087
0.000087
0.000087
0.000087
0.000087
0.000087
0.000087
0.000087
0.000087
0.000087
0.000087
0.000087
0.000087
0.000087
0.000087
0.000087
0.000087
0.000087
0.000087
0.000087
0.000087
0.000087
0.000087
0.000087
0.000087
0.000087
0.000087
0.000087
0.000087
0.000087
0.000087
0.000087
0.000087
0.000087
0.000087
0.000087
0.000087
0.000087
0.000087
0.000087
0.000087
0.000087
0.000087
0.000087
0.000087
0.000087
0.000087
0.000087
0.000087
0.000087
0.000087
0.000087
0.000087
0.000087
0.000087
0.000087
0.000087
0.000087
0.000087
0.000087
0.000087
0.000087
0.000087
0.000087
0.000087
0.000086
0.000086
0.000086
0.000086
0.000086
0.000086
0.000086
0.000086
0.000086
0.000086
0.000086
0.000086
0.000086
0.000086
0.000086
0.000086
0.000086
0.000086
0.000086
0.000086
0.000086
0.000086
0.000086
0.000086
0.000086
0.000086
0.000086
0.000086
0.000086
0.000086
0.000086
0.000086
0.000086
0.000086
0.000086
0.000086
0.000086
0.000086
0.000086
0.000086
0.000086
0.000086
0.000086
0.000086
0.000086
0.000086
0.000086
0.000086
0.000086
0.000086
0.000086
0.000086
0.000086
0.000086
0.000086
0.000086
0.000086
0.000086
0.000086
0.000086
0.000086
0.000086
0.000086
0.000086
0.000086
0.000086
0.000086
0.000086
0.000086
0.000086
0.000086
0.000086
0.000086
0.000086
0.000086
0.000086
0.000086
0.000086
0.000086
0.000086
0.000086
0.000086
0.000086
0.000086
0.000085
0.000085
0.000085
0.000085
0.000085
0.000085
0.000085
0.000085
0.000085
0.000085
0.000085
0.000085
0.000085
0.000085
0.000085
0.000085
0.000085
0.000085
0.000085
0.000085
0.000085
0.000085
0.000085
0.000085
0.000085
0.000085
0.000085
0.000085
0.000085
0.000085
0.000085
0.000085
0.000085
0.000085
0.000085
0.000085
0.000085
0.000085
0.000085
0.000085
0.000085
0.000085
0.000085
0.000085
0.000085
0.000085
0.000085
0.000085
0.000085
0.000085
0.000085
0.000085
0.000085
0.000085
0.000085
0.000085
0.000085
0.000085
0.000085
0.000085
0.000085
0.000085
0.000085
0.000085
0.000085
0.000085
0.000085
0.000085
0.000085
0.000085
0.000085
0.000085
0.000085
0.000085
0.000085
0.000085
0.000085
0.000085
0.000085
0.000085
0.000085
0.000085
0.000085
0.000085
0.000085
0.000085
0.000084
0.000084
0.000084
0.000084
0.000084
0.000084
0.000084
0.000084
0.000084
0.000084
0.000084
0.000084
0.000084
0.000084
0.000084
0.000084
0.000084
0.000084
0.000084
0.000084
0.000084
0.000084
0.000084
0.000084
0.000084
0.000084
0.000084
0.000084
0.000084
0.000084
0.000084
0.000084
0.000084
0.000084
0.000084
0.000084
0.000084
0.000084
0.000084
0.000084
0.000084
0.000084
0.000084
0.000084
0.000084
0.000084
0.000084
0.000084
0.000084
0.000084
0.000084
0.000084
0.000084
0.000084
0.000084
0.000084
0.000084
0.000084
0.000084
0.000084
0.000084
0.000084
0.000084
0.000084
0.000084
0.000084
0.000084
0.000084
0.000084
0.000084
0.000084
0.000084
0.000084
0.000084
0.000084
0.000084
0.000084
0.000084
0.000084
0.000084
0.000084
0.000084
0.000084
0.000084
0.000084
0.000084
0.000084
0.000084
0.000083
0.000083
0.000083
0.000083
0.000083
0.000083
0.000083
0.000083
0.000083
0.000083
0.000083
0.000083
0.000083
0.000083
0.000083
0.000083
0.000083
0.000083
0.000083
0.000083
0.000083
0.000083
0.000083
0.000083
0.000083
0.000083
0.000083
0.000083
0.000083
0.000083
0.000083
0.000083
0.000083
0.000083
0.000083
0.000083
0.000083
0.000083
0.000083
0.000083
0.000083
0.000083
0.000083
0.000083
0.000083
0.000083
0.000083
0.000083
0.000083
0.000083
0.000083
0.000083
0.000083
0.000083
0.000083
0.000083
0.000083
0.000083
0.000083
0.000083
0.000083
0.000083
0.000083
0.000083
0.000083
0.000083
0.000083
0.000083
0.000083
0.000083
0.000083
0.000083
0.000083
0.000083
0.000083
0.000083
0.000083
0.000083
0.000083
0.000083
0.000083
0.000083
0.000083
0.000083
0.000083
0.000083
0.000083
0.000083
0.000083
0.000083
0.000082
0.000082
0.000082
0.000082
0.000082
0.000082
0.000082
0.000082
0.000082
0.000082
0.000082
0.000082
0.000082
0.000082
0.000082
0.000082
0.000082
0.000082
0.000082
0.000082
0.000082
0.000082
0.000082
0.000082
0.000082
0.000082
0.000082
0.000082
0.000082
0.000082
0.000082
0.000082
0.000082
0.000082
0.000082
0.000082
0.000082
0.000082
0.000082
0.000082
0.000082
0.000082
0.000082
0.000082
0.000082
0.000082
0.000082
0.000082
0.000082
0.000082
0.000082
0.000082
0.000082
0.000082
0.000082
0.000082
0.000082
0.000082
0.000082
0.000082
0.000082
0.000082
0.000082
0.000082
0.000082
0.000082
0.000082
0.000082
0.000082
0.000082
0.000082
0.000082
0.000082
0.000082
0.000082
0.000082
0.000082
0.000082
0.000082
0.000082
0.000082
0.000082
0.000082
0.000082
0.000082
0.000082
0.000082
0.000082
0.000082
0.000082
0.000082
0.000082
0.000082
0.000081
0.000081
0.000081
0.000081
0.000081
0.000081
0.000081
0.000081
0.000081
0.000081
0.000081
0.000081
0.000081
0.000081
0.000081
0.000081
0.000081
0.000081
0.000081
0.000081
0.000081
0.000081
0.000081
0.000081
0.000081
0.000081
0.000081
0.000081
0.000081
0.000081
0.000081
0.000081
0.000081
0.000081
0.000081
0.000081
0.000081
0.000081
0.000081
0.000081
0.000081
0.000081
0.000081
0.000081
0.000081
0.000081
0.000081
0.000081
0.000081
0.000081
0.000081
0.000081
0.000081
0.000081
0.000081
0.000081
0.000081
0.000081
0.000081
0.000081
0.000081
0.000081
0.000081
0.000081
0.000081
0.000081
0.000081
0.000081
0.000081
0.000081
0.000081
0.000081
0.000081
0.000081
0.000081
0.000081
0.000081
0.000081
0.000081
0.000081
0.000081
0.000081
0.000081
0.000081
0.000081
0.000081
0.000081
0.000081
0.000081
0.000081
0.000081
0.000081
0.000081
0.000081
0.000080
0.000080
0.000080
0.000080
0.000080
0.000080
0.000080
0.000080
0.000080
0.000080
0.000080
0.000080
0.000080
0.000080
0.000080
0.000080
0.000080
0.000080
0.000080
0.000080
0.000080
0.000080
0.000080
0.000080
0.000080
0.000080
0.000080
0.000080
0.000080
0.000080
0.000080
0.000080
0.000080
0.000080
0.000080
0.000080
0.000080
0.000080
0.000080
0.000080
0.000080
0.000080
0.000080
0.000080
0.000080
0.000080
0.000080
0.000080
0.000080
0.000080
0.000080
0.000080
0.000080
0.000080
0.000080
0.000080
0.000080
0.000080
0.000080
0.000080
0.000080
0.000080
0.000080
0.000080
0.000080
0.000080
0.000080
0.000080
0.000080
0.000080
0.000080
0.000080
0.000080
0.000080
0.000080
0.000080
0.000080
0.000080
0.000080
0.000080
0.000080
0.000080
0.000080
0.000080
0.000080
0.000080
0.000080
0.000080
0.000080
0.000080
0.000080
0.000080
0.000080
0.000080
0.000080
0.000080
0.000080
0.000080
0.000079
0.000079
0.000079
0.000079
0.000079
0.000079
0.000079
0.000079
0.000079
0.000079
0.000079
0.000079
0.000079
0.000079
0.000079
0.000079
0.000079
0.000079
0.000079
0.000079
0.000079
0.000079
0.000079
0.000079
0.000079
0.000079
0.000079
0.000079
0.000079
0.000079
0.000079
0.000079
0.000079
0.000079
0.000079
0.000079
0.000079
0.000079
0.000079
0.000079
0.000079
0.000079
0.000079
0.000079
0.000079
0.000079
0.000079
0.000079
0.000079
0.000079
0.000079
0.000079
0.000079
0.000079
0.000079
0.000079
0.000079
0.000079
0.000079
0.000079
0.000079
0.000079
0.000079
0.000079
0.000079
0.000079
0.000079
0.000079
0.000079
0.000079
0.000079
0.000079
0.000079
0.000079
0.000079
0.000079
0.000079
0.000079
0.000079
0.000079
0.000079
0.000079
0.000079
0.000079
0.000079
0.000079
0.000079
0.000079
0.000079
0.000079
0.000079
0.000079
0.000079
0.000079
0.000079
0.000079
0.000079
0.000079
0.000079
0.000079
0.000078
0.000078
0.000078
0.000078
0.000078
0.000078
0.000078
0.000078
0.000078
0.000078
0.000078
0.000078
0.000078
0.000078
0.000078
0.000078
0.000078
0.000078
0.000078
0.000078
0.000078
0.000078
0.000078
0.000078
0.000078
0.000078
0.000078
0.000078
0.000078
0.000078
0.000078
0.000078
0.000078
0.000078
0.000078
0.000078
0.000078
0.000078
0.000078
0.000078
0.000078
0.000078
0.000078
0.000078
0.000078
0.000078
0.000078
0.000078
0.000078
0.000078
0.000078
0.000078
0.000078
0.000078
0.000078
0.000078
0.000078
0.000078
0.000078
0.000078
0.000078
0.000078
0.000078
0.000078
0.000078
0.000078
0.000078
0.000078
0.000078
0.000078
0.000078
0.000078
0.000078
0.000078
0.000078
0.000078
0.000078
0.000078
0.000078
0.000078
0.000078
0.000078
0.000078
0.000078
0.000078
0.000078
0.000078
0.000078
0.000078
0.000078
0.000078
0.000078
0.000078
0.000078
0.000078
0.000078
0.000078
0.000078
0.000078
0.000078
0.000078
0.000078
0.000077
0.000077
0.000077
0.000077
0.000077
0.000077
0.000077
0.000077
0.000077
0.000077
0.000077
0.000077
0.000077
0.000077
0.000077
0.000077
0.000077
0.000077
0.000077
0.000077
0.000077
0.000077
0.000077
0.000077
0.000077
0.000077
0.000077
0.000077
0.000077
0.000077
0.000077
0.000077
0.000077
0.000077
0.000077
0.000077
0.000077
0.000077
0.000077
0.000077
0.000077
0.000077
0.000077
0.000077
0.000077
0.000077
0.000077
0.000077
0.000077
0.000077
0.000077
0.000077
0.000077
0.000077
0.000077
0.000077
0.000077
0.000077
0.000077
0.000077
0.000077
0.000077
0.000077
0.000077
0.000077
0.000077
0.000077
0.000077
0.000077
0.000077
0.000077
0.000077
0.000077
0.000077
0.000077
0.000077
0.000077
0.000077
0.000077
0.000077
0.000077
0.000077
0.000077
0.000077
0.000077
0.000077
0.000077
0.000077
0.000077
0.000077
0.000077
0.000077
0.000077
0.000077
0.000077
0.000077
0.000077
0.000077
0.000077
0.000077
0.000077
0.000077
0.000077
0.000077
0.000077
0.000077
0.000076
0.000076
0.000076
0.000076
0.000076
0.000076
0.000076
0.000076
0.000076
0.000076
0.000076
0.000076
0.000076
0.000076
0.000076
0.000076
0.000076
0.000076
0.000076
0.000076
0.000076
0.000076
0.000076
0.000076
0.000076
0.000076
0.000076
0.000076
0.000076
0.000076
0.000076
0.000076
0.000076
0.000076
0.000076
0.000076
0.000076
0.000076
0.000076
0.000076
0.000076
0.000076
0.000076
0.000076
0.000076
0.000076
0.000076
0.000076
0.000076
0.000076
0.000076
0.000076
0.000076
0.000076
0.000076
0.000076
0.000076
0.000076
0.000076
0.000076
0.000076
0.000076
0.000076
0.000076
0.000076
0.000076
0.000076
0.000076
0.000076
0.000076
0.000076
0.000076
0.000076
0.000076
0.000076
0.000076
0.000076
0.000076
0.000076
0.000076
0.000076
0.000076
0.000076
0.000076
0.000076
0.000076
0.000076
0.000076
0.000076
0.000076
0.000076
0.000076
0.000076
0.000076
0.000076
0.000076
0.000076
0.000076
0.000076
0.000076
0.000076
0.000076
0.000076
0.000076
0.000076
0.000076
0.000076
0.000076
0.000075
0.000075
0.000075
0.000075
0.000075
0.000075
0.000075
0.000075
0.000075
0.000075
0.000075
0.000075
0.000075
0.000075
0.000075
0.000075
0.000075
0.000075
0.000075
0.000075
0.000075
0.000075
0.000075
0.000075
0.000075
0.000075
0.000075
0.000075
0.000075
0.000075
0.000075
0.000075
0.000075
0.000075
0.000075
0.000075
0.000075
0.000075
0.000075
0.000075
0.000075
0.000075
0.000075
0.000075
0.000075
0.000075
0.000075
0.000075
0.000075
0.000075
0.000075
0.000075
0.000075
0.000075
0.000075
0.000075
0.000075
0.000075
0.000075
0.000075
0.000075
0.000075
0.000075
0.000075
0.000075
0.000075
0.000075
0.000075
0.000075
0.000075
0.000075
0.000075
0.000075
0.000075
0.000075
0.000075
0.000075
0.000075
0.000075
0.000075
0.000075
0.000075
0.000075
0.000075
0.000075
0.000075
0.000075
0.000075
0.000075
0.000075
0.000075
0.000075
0.000075
0.000075
0.000075
0.000075
0.000075
0.000075
0.000075
0.000075
0.000075
0.000075
0.000075
0.000075
0.000075
0.000075
0.000075
0.000075
0.000075
0.000075
0.000075
0.000074
0.000074
0.000074
0.000074
0.000074
0.000074
0.000074
0.000074
0.000074
0.000074
0.000074
0.000074
0.000074
0.000074
0.000074
0.000074
0.000074
0.000074
0.000074
0.000074
0.000074
0.000074
0.000074
0.000074
0.000074
0.000074
0.000074
0.000074
0.000074
0.000074
0.000074
0.000074
0.000074
0.000074
0.000074
0.000074
0.000074
0.000074
0.000074
0.000074
0.000074
0.000074
0.000074
0.000074
0.000074
0.000074
0.000074
0.000074
0.000074
0.000074
0.000074
0.000074
0.000074
0.000074
0.000074
0.000074
0.000074
0.000074
0.000074
0.000074
0.000074
0.000074
0.000074
0.000074
0.000074
0.000074
0.000074
0.000074
0.000074
0.000074
0.000074
0.000074
0.000074
0.000074
0.000074
0.000074
0.000074
0.000074
0.000074
0.000074
0.000074
0.000074
0.000074
0.000074
0.000074
0.000074
0.000074
0.000074
0.000074
0.000074
0.000074
0.000074
0.000074
0.000074
0.000074
0.000074
0.000074
0.000074
0.000074
0.000074
0.000074
0.000074
0.000074
0.000074
0.000074
0.000074
0.000074
0.000074
0.000074
0.000074
0.000074
0.000074
0.000074
0.000074
0.000073
0.000073
0.000073
0.000073
0.000073
0.000073
0.000073
0.000073
0.000073
0.000073
0.000073
0.000073
0.000073
0.000073
0.000073
0.000073
0.000073
0.000073
0.000073
0.000073
0.000073
0.000073
0.000073
0.000073
0.000073
0.000073
0.000073
0.000073
0.000073
0.000073
0.000073
0.000073
0.000073
0.000073
0.000073
0.000073
0.000073
0.000073
0.000073
0.000073
0.000073
0.000073
0.000073
0.000073
0.000073
0.000073
0.000073
0.000073
0.000073
0.000073
0.000073
0.000073
0.000073
0.000073
0.000073
0.000073
0.000073
0.000073
0.000073
0.000073
0.000073
0.000073
0.000073
0.000073
0.000073
0.000073
0.000073
0.000073
0.000073
0.000073
0.000073
0.000073
0.000073
0.000073
0.000073
0.000073
0.000073
0.000073
0.000073
0.000073
0.000073
0.000073
0.000073
0.000073
0.000073
0.000073
0.000073
0.000073
0.000073
0.000073
0.000073
0.000073
0.000073
0.000073
0.000073
0.000073
0.000073
0.000073
0.000073
0.000073
0.000073
0.000073
0.000073
0.000073
0.000073
0.000073
0.000073
0.000073
0.000073
0.000073
0.000073
0.000073
0.000073
0.000073
0.000073
0.000073
0.000073
0.000073
0.000072
0.000072
0.000072
0.000072
0.000072
0.000072
0.000072
0.000072
0.000072
0.000072
0.000072
0.000072
0.000072
0.000072
0.000072
0.000072
0.000072
0.000072
0.000072
0.000072
0.000072
0.000072
0.000072
0.000072
0.000072
0.000072
0.000072
0.000072
0.000072
0.000072
0.000072
0.000072
0.000072
0.000072
0.000072
0.000072
0.000072
0.000072
0.000072
0.000072
0.000072
0.000072
0.000072
0.000072
0.000072
0.000072
0.000072
0.000072
0.000072
0.000072
0.000072
0.000072
0.000072
0.000072
0.000072
0.000072
0.000072
0.000072
0.000072
0.000072
0.000072
0.000072
0.000072
0.000072
0.000072
0.000072
0.000072
0.000072
0.000072
0.000072
0.000072
0.000072
0.000072
0.000072
0.000072
0.000072
0.000072
0.000072
0.000072
0.000072
0.000072
0.000072
0.000072
0.000072
0.000072
0.000072
0.000072
0.000072
0.000072
0.000072
0.000072
0.000072
0.000072
0.000072
0.000072
0.000072
0.000072
0.000072
0.000072
0.000072
0.000072
0.000072
0.000072
0.000072
0.000072
0.000072
0.000072
0.000072
0.000072
0.000072
0.000072
0.000072
0.000072
0.000072
0.000072
0.000072
0.000072
0.000072
0.000072
0.000072
0.000072
0.000071
0.000071
0.000071
0.000071
0.000071
0.000071
0.000071
0.000071
0.000071
0.000071
0.000071
0.000071
0.000071
0.000071
0.000071
0.000071
0.000071
0.000071
0.000071
0.000071
0.000071
0.000071
0.000071
0.000071
0.000071
0.000071
0.000071
0.000071
0.000071
0.000071
0.000071
0.000071
0.000071
0.000071
0.000071
0.000071
0.000071
0.000071
0.000071
0.000071
0.000071
0.000071
0.000071
0.000071
0.000071
0.000071
0.000071
0.000071
0.000071
0.000071
0.000071
0.000071
0.000071
0.000071
0.000071
0.000071
0.000071
0.000071
0.000071
0.000071
0.000071
0.000071
0.000071
0.000071
0.000071
0.000071
0.000071
0.000071
0.000071
0.000071
0.000071
0.000071
0.000071
0.000071
0.000071
0.000071
0.000071
0.000071
0.000071
0.000071
0.000071
0.000071
0.000071
0.000071
0.000071
0.000071
0.000071
0.000071
0.000071
0.000071
0.000071
0.000071
0.000071
0.000071
0.000071
0.000071
0.000071
0.000071
0.000071
0.000071
0.000071
0.000071
0.000071
0.000071
0.000071
0.000071
0.000071
0.000071
0.000071
0.000071
0.000071
0.000071
0.000071
0.000071
0.000071
0.000071
0.000071
0.000071
0.000071
0.000071
0.000071
0.000071
0.000071
0.000071
0.000071
0.000070
0.000070
0.000070
0.000070
0.000070
0.000070
0.000070
0.000070
0.000070
0.000070
0.000070
0.000070
0.000070
0.000070
0.000070
0.000070
0.000070
0.000070
0.000070
0.000070
0.000070
0.000070
0.000070
0.000070
0.000070
0.000070
0.000070
0.000070
0.000070
0.000070
0.000070
0.000070
0.000070
0.000070
0.000070
0.000070
0.000070
0.000070
0.000070
0.000070
0.000070
0.000070
0.000070
0.000070
0.000070
0.000070
0.000070
0.000070
0.000070
0.000070
0.000070
0.000070
0.000070
0.000070
0.000070
0.000070
0.000070
0.000070
0.000070
0.000070
0.000070
0.000070
0.000070
0.000070
0.000070
0.000070
0.000070
0.000070
0.000070
0.000070
0.000070
0.000070
0.000070
0.000070
0.000070
0.000070
0.000070
0.000070
0.000070
0.000070
0.000070
0.000070
0.000070
0.000070
0.000070
0.000070
0.000070
0.000070
0.000070
0.000070
0.000070
0.000070
0.000070
0.000070
0.000070
0.000070
0.000070
0.000070
0.000070
0.000070
0.000070
0.000070
0.000070
0.000070
0.000070
0.000070
0.000070
0.000070
0.000070
0.000070
0.000070
0.000070
0.000070
0.000070
0.000070
0.000070
0.000070
0.000070
0.000070
0.000070
0.000070
0.000070
0.000070
0.000070
0.000070
0.000070
0.000070
0.000070
0.000069
0.000069
0.000069
0.000069
0.000069
0.000069
0.000069
0.000069
0.000069
0.000069
0.000069
0.000069
0.000069
0.000069
0.000069
0.000069
0.000069
0.000069
0.000069
0.000069
0.000069
0.000069
0.000069
0.000069
0.000069
0.000069
0.000069
0.000069
0.000069
0.000069
0.000069
0.000069
0.000069
0.000069
0.000069
0.000069
0.000069
0.000069
0.000069
0.000069
0.000069
0.000069
0.000069
0.000069
0.000069
0.000069
0.000069
0.000069
0.000069
0.000069
0.000069
0.000069
0.000069
0.000069
0.000069
0.000069
0.000069
0.000069
0.000069
0.000069
0.000069
0.000069
0.000069
0.000069
0.000069
0.000069
0.000069
0.000069
0.000069
0.000069
0.000069
0.000069
0.000069
0.000069
0.000069
0.000069
0.000069
0.000069
0.000069
0.000069
0.000069
0.000069
0.000069
0.000069
0.000069
0.000069
0.000069
0.000069
0.000069
0.000069
0.000069
0.000069
0.000069
0.000069
0.000069
0.000069
0.000069
0.000069
0.000069
0.000069
0.000069
0.000069
0.000069
0.000069
0.000069
0.000069
0.000069
0.000069
0.000069
0.000069
0.000069
0.000069
0.000069
0.000069
0.000069
0.000069
0.000069
0.000069
0.000069
0.000069
0.000069
0.000069
0.000069
0.000069
0.000069
0.000069
