14.313542
14.002512
13.914315
13.834964
13.762382
13.695081
13.632052
13.572521
13.515812
13.461292
13.408363
13.356463
13.305080
13.253748
13.202049
13.149605
13.096078
13.041169
12.984623
12.926239
12.865881
12.803488
12.739081
12.672765
12.604708
12.535130
12.464259
12.392306
12.319428
12.245698
12.171097
12.095498
12.018676
11.940307
11.859979
11.777199
11.691393
11.601911
11.508027
11.408949
11.303843
11.191871
11.072276
10.944487
10.808272
10.663886
10.512174
10.354568
10.192934
10.029309
9.865608
9.703410
9.543871
9.387764
9.235564
9.087524
8.943730
8.804122
8.668505
8.536571
8.407926
8.282139
8.158799
8.037577
7.918279
7.800884
7.685564
7.572680
7.462751
7.356397
7.254250
7.156848
7.064543
6.977449
6.895441
6.818198
6.745269
6.676139
6.610276
6.547174
6.486365
6.427431
6.370003
6.313761
6.258426
6.203768
6.149609
6.095844
6.042455
5.989531
5.937285
5.886058
5.836367
5.789069
5.745815
5.709745
5.685655
5.677655
5.683679
5.693050
5.693929
5.683929
5.668341
5.652437
5.637010
5.618667
5.594583
5.563989
5.527392
5.493968
5.477956
5.485654
5.510991
5.537605
5.535522
5.475449
5.380233
5.371690
5.481756
5.415297
5.426466
5.409894
5.401296
5.325708
5.272311
5.316149
5.223366
5.263988
5.250585
5.261677
5.267473
5.282150
5.290674
5.299623
5.315781
5.350429
5.416524
5.415809
5.542199
5.557392
5.503751
5.492209
5.564426
5.570337
5.525786
5.533845
5.549739
5.338102
5.487673
5.344994
5.406345
5.324481
5.367586
5.335993
5.333323
5.324116
5.315847
5.304923
5.293659
5.293321
5.304014
5.314604
5.326232
5.340492
5.356971
5.373818
5.386987
5.392087
5.386917
5.372193
5.350493
5.324763
5.297383
5.269919
5.243248
5.217779
5.193638
5.170799
5.149161
5.128590
5.108947
5.090103
5.071943
5.054369
5.037301
5.020673
5.004433
4.988536
4.972947
4.957633
4.942563
4.927708
4.913040
4.898529
4.884148
4.869868
4.855664
4.841516
4.827404
4.813316
4.799245
4.785187
4.771146
4.757128
4.743144
4.729208
4.715337
4.701545
4.687850
4.674265
4.660802
4.647471
4.634278
4.621225
4.608316
4.595548
4.582922
4.570437
4.558094
4.545896
4.533848
4.521955
4.510225
4.498667
4.487287
4.476094
4.465093
4.454287
4.443679
4.433266
4.423046
4.413013
4.403163
4.393490
4.383995
4.374686
4.365583
4.356730
4.348217
4.340221
4.333134
4.327984
4.328321
4.346223
4.378680
4.359433
4.343875
4.330738
4.318546
4.306963
4.295705
4.284620
4.273584
4.262467
4.251120
4.239379
4.227090
4.214140
4.200474
4.186078
4.170918
4.154896
4.137874
4.119784
4.100752
4.081117
4.061305
4.041618
4.022098
4.002547
3.982672
3.962242
3.941207
3.919780
3.898471
3.877889
3.858276
3.839202
3.819949
3.800236
3.780278
3.760086
3.740143
3.722230
3.705091
3.679876
3.688287
3.703217
3.741933
4.119748
3.593477
3.699638
3.537607
3.796300
3.445007
3.791685
3.470756
3.754349
3.376586
3.594090
3.376285
3.418571
3.528198
3.352191
3.484078
3.238985
3.443728
3.291387
3.365525
3.293451
3.306921
3.221487
3.263525
3.160773
3.120340
3.147382
2.960257
2.781347
3.146632
3.680248
3.624298
2.989678
3.056930
3.334232
2.993638
3.065167
3.310478
3.633705
3.059371
3.872281
3.112797
3.151495
2.785808
3.360182
3.157724
3.069456
2.965274
2.950882
2.918919
2.852002
2.919576
2.781405
2.799640
2.831409
2.791868
2.942009
2.729120
2.568021
2.655393
2.497372
2.232666
2.982239
2.657873
2.726821
2.437124
2.159086
2.503268
2.426853
3.187574
2.384895
2.522031
2.667434
2.547260
2.378746
2.469274
2.159717
2.865763
2.577112
2.380785
2.132032
1.756750
1.699504
2.291134
2.034189
2.386910
2.713364
2.168482
2.850532
2.284907
2.306172
2.061617
1.857843
1.423886
1.964966
1.310304
1.638769
2.611754
1.174566
1.983433
1.255021
2.218384
3.241811
2.368930
1.090639
1.065206
1.273563
2.984424
1.796417
3.476620
1.002438
2.290370
2.145852
2.517383
1.151952
1.972169
2.433775
1.773628
1.720646
2.843985
1.430086
2.115322
2.491427
2.568767
1.540930
1.281083
1.938881
1.744824
3.702301
1.921941
1.708011
1.785510
1.187153
1.346125
1.301630
2.081148
1.152955
1.632298
1.862447
2.289604
2.030386
2.351114
2.097194
1.812694
1.819428
1.776503
0.890040
1.730239
1.540178
1.491061
1.301301
2.007537
1.480882
2.014012
1.464078
3.169568
1.179512
1.933148
2.053551
1.428202
1.825574
2.314986
1.615428
0.902484
0.697952
0.664046
0.845027
1.195111
1.256520
1.046692
0.707084
0.640351
0.628925
0.609535
0.671252
0.620110
0.627955
0.605920
0.669515
0.587552
0.570768
0.562984
0.562373
0.559415
0.552333
0.565329
0.585198
0.569240
0.569039
0.625715
0.738189
0.561071
0.543701
0.552803
1.067676
1.552696
0.543387
0.592268
0.521998
0.501068
0.515040
0.497712
0.506498
0.507547
0.499387
0.504252
0.492770
0.491742
0.493741
0.484657
0.484399
0.497787
0.478441
0.476870
0.494966
0.470463
0.468777
0.482927
0.460907
0.460474
0.461374
0.460411
0.458469
0.456635
0.455363
0.454842
0.455145
0.455996
0.455608
0.454249
0.453135
0.452614
0.452682
0.452738
0.452052
0.451001
0.450101
0.449568
0.449334
0.449019
0.448357
0.447535
0.446820
0.446319
0.445924
0.445424
0.444763
0.444070
0.443465
0.442952
0.442437
0.441848
0.441211
0.440591
0.440015
0.439452
0.438865
0.438251
0.437635
0.437031
0.436433
0.435826
0.435209
0.434587
0.433965
0.433343
0.432716
0.432084
0.431447
0.430808
0.430166
0.429519
0.428869
0.428215
0.427558
0.426897
0.426232
0.425563
0.424891
0.424215
0.423536
0.422853
0.422166
0.421476
0.420782
0.420085
0.419385
0.418681
0.417974
0.417263
0.416549
0.415832
0.415111
0.414387
0.413661
0.412931
0.412198
0.411462
0.410723
0.409981
0.409236
0.408489
0.407738
0.406985
0.406230
0.405472
0.404712
0.403949
0.403184
0.402417
0.401648
0.400877
0.400104
0.399329
0.398553
0.397775
0.396996
0.396216
0.395435
0.394653
0.393870
0.393086
0.392302
0.391518
0.390734
0.389950
0.389166
0.388383
0.387600
0.386818
0.386037
0.385257
0.384479
0.383702
0.382926
0.382153
0.381381
0.380611
0.379844
0.379078
0.378315
0.377555
0.376797
0.376042
0.375289
0.374539
0.373792
0.373047
0.372305
0.371566
0.370829
0.370096
0.369365
0.368637
0.367911
0.367189
0.366470
0.365753
0.365040
0.364330
0.363623
0.362920
0.362220
0.361525
0.360833
0.360146
0.359463
0.358784
0.358111
0.357442
0.356779
0.356122
0.355470
0.354824
0.354184
0.353550
0.352923
0.352302
0.351687
0.351079
0.350478
0.349883
0.349294
0.348712
0.348137
0.347568
0.347006
0.346450
0.345900
0.345356
0.344818
0.344286
0.343760
0.343239
0.342724
0.342214
0.341710
0.341211
0.340717
0.340228
0.339744
0.339265
0.338790
0.338320
0.337855
0.337394
0.336937
0.336484
0.336036
0.335592
0.335152
0.334715
0.334283
0.333854
0.333430
0.333009
0.332591
0.332177
0.331767
0.331360
0.330957
0.330557
0.330160
0.329767
0.329377
0.328990
0.328606
0.328226
0.327849
0.327475
0.327103
0.326735
0.326370
0.326007
0.325645
0.325283
0.324918
0.324540
0.324127
0.323619
0.322840
0.321233
0.316867
0.302040
0.785606
1.052514
2.519405
2.690047
4.072715
4.303549
4.516755
7.554470
3.754394
3.265057
1.891569
4.748003
1.347161
2.788737
1.961794
3.716532
3.657388
1.409196
2.801210
3.403261
3.578608
1.017078
0.920322
0.062135
0.029886
0.026770
0.017822
0.016566
0.015674
0.014987
0.014421
0.013934
0.013503
0.013116
0.012764
0.012440
0.012141
0.011863
0.011604
0.011361
0.011133
0.010918
0.010715
0.010522
0.010340
0.010167
0.010002
0.009845
0.009695
0.009551
0.009414
0.009283
0.009157
0.009035
0.008919
0.008807
0.008699
0.008595
0.008494
0.008397
0.008303
0.008212
0.008124
0.008039
0.007956
0.007876
0.007798
0.007722
0.007649
0.007577
0.007508
0.007440
0.007374
0.007310
0.007247
0.007186
0.007126
0.007068
0.007011
0.006955
0.006900
0.006847
0.006795
0.006744
0.006694
0.006645
0.006597
0.006550
0.006504
0.006459
0.006415
0.006371
0.006329
0.006287
0.006246
0.006205
0.006165
0.006126
0.006088
0.006050
0.006013
0.005977
0.005941
0.005906
0.005871
0.005837
0.005803
0.005770
0.005737
0.005705
0.005673
0.005642
0.005611
0.005581
0.005551
0.005522
0.005493
0.005464
0.005436
0.005408
0.005380
0.005353
0.005326
0.005300
0.005273
0.005248
0.005222
0.005197
0.005172
0.005148
0.005123
0.005099
0.005076
0.005052
0.005029
0.005006
0.004984
0.004961
0.004939
0.004917
0.004896
0.004874
0.004853
0.004832
0.004811
0.004791
0.004771
0.004751
0.004731
0.004711
0.004692
0.004673
0.004654
0.004635
0.004616
0.004598
0.004579
0.004561
0.004543
0.004525
0.004508
0.004490
0.004473
0.004456
0.004439
0.004422
0.004406
0.004389
0.004373
0.004357
0.004341
0.004325
0.004309
0.004293
0.004278
0.004263
0.004247
0.004232
0.004217
0.004203
0.004188
0.004173
0.004159
0.004144
0.004130
0.004116
0.004102
0.004088
0.004075
0.004061
0.004047
0.004034
0.004021
0.004007
0.003994
0.003981
0.003968
0.003955
0.003943
0.003930
0.003918
0.003905
0.003893
0.003881
0.003868
0.003856
0.003844
0.003832
0.003821
0.003809
0.003797
0.003786
0.003774
0.003763
0.003752
0.003740
0.003729
0.003718
0.003707
0.003696
0.003685
0.003675
0.003664
0.003653
0.003643
0.003632
0.003622
0.003611
0.003601
0.003591
0.003581
0.003571
0.003561
0.003551
0.003541
0.003531
0.003521
0.003512
0.003502
0.003492
0.003483
0.003474
0.003464
0.003455
0.003446
0.003436
0.003427
0.003418
0.003409
0.003400
0.003391
0.003382
0.003373
0.003365
0.003356
0.003347
0.003339
0.003330
0.003321
0.003313
0.003305
0.003296
0.003288
0.003280
0.003271
0.003263
0.003255
0.003247
0.003239
0.003231
0.003223
0.003215
0.003207
0.003199
0.003192
0.003184
0.003176
0.003168
0.003161
0.003153
0.003146
0.003138
0.003131
0.003123
0.003116
0.003109
0.003101
0.003094
0.003087
0.003080
0.003073
0.003065
0.003058
0.003051
0.003044
0.003037
0.003031
0.003024
0.003017
0.003010
0.003003
0.002996
0.002990
0.002983
0.002976
0.002970
0.002963
0.002957
0.002950
0.002944
0.002937
0.002931
0.002924
0.002918
0.002912
0.002905
0.002899
0.002893
0.002887
0.002880
0.002874
0.002868
0.002862
0.002856
0.002850
0.002844
0.002838
0.002832
0.002826
0.002820
0.002814
0.002809
0.002803
0.002797
0.002791
0.002785
0.002780
0.002774
0.002768
0.002763
0.002757
0.002752
0.002746
0.002740
0.002735
0.002730
0.002724
0.002719
0.002713
0.002708
0.002702
0.002697
0.002692
0.002686
0.002681
0.002676
0.002671
0.002666
0.002660
0.002655
0.002650
0.002645
0.002640
0.002635
0.002630
0.002625
0.002620
0.002615
0.002610
0.002605
0.002600
0.002595
0.002590
0.002585
0.002580
0.002575
0.002571
0.002566
0.002561
0.002556
0.002552
0.002547
0.002542
0.002538
0.002533
0.002528
0.002524
0.002519
0.002514
0.002510
0.002505
0.002501
0.002496
0.002492
0.002487
0.002483
0.002478
0.002474
0.002470
0.002465
0.002461
0.002456
0.002452
0.002448
0.002443
0.002439
0.002435
0.002431
0.002426
0.002422
0.002418
0.002414
0.002410
0.002405
0.002401
0.002397
0.002393
0.002389
0.002385
0.002381
0.002377
0.002373
0.002369
0.002365
0.002361
0.002357
0.002353
0.002349
0.002345
0.002341
0.002337
0.002333
0.002329
0.002325
0.002321
0.002318
0.002314
0.002310
0.002306
0.002302
0.002299
0.002295
0.002291
0.002287
0.002284
0.002280
0.002276
0.002272
0.002269
0.002265
0.002261
0.002258
0.002254
0.002251
0.002247
0.002243
0.002240
0.002236
0.002233
0.002229
0.002226
0.002222
0.002219
0.002215
0.002212
0.002208
0.002205
0.002201
0.002198
0.002194
0.002191
0.002188
0.002184
0.002181
0.002177
0.002174
0.002171
0.002167
0.002164
0.002161
0.002158
0.002154
0.002151
0.002148
0.002144
0.002141
0.002138
0.002135
0.002131
0.002128
0.002125
0.002122
0.002119
0.002116
0.002112
0.002109
0.002106
0.002103
0.002100
0.002097
0.002094
0.002091
0.002087
0.002084
0.002081
0.002078
0.002075
0.002072
0.002069
0.002066
0.002063
0.002060
0.002057
0.002054
0.002051
0.002048
0.002045
0.002042
0.002039
0.002037
0.002034
0.002031
0.002028
0.002025
0.002022
0.002019
0.002016
0.002013
0.002011
0.002008
0.002005
0.002002
0.001999
0.001996
0.001994
0.001991
0.001988
0.001985
0.001983
0.001980
0.001977
0.001974
0.001972
0.001969
0.001966
0.001963
0.001961
0.001958
0.001955
0.001953
0.001950
0.001947
0.001945
0.001942
0.001939
0.001937
0.001934
0.001932
0.001929
0.001926
0.001924
0.001921
0.001919
0.001916
0.001913
0.001911
0.001908
0.001906
0.001903
0.001901
0.001898
0.001896
0.001893
0.001891
0.001888
0.001886
0.001883
0.001881
0.001878
0.001876
0.001873
0.001871
0.001868
0.001866
0.001864
0.001861
0.001859
0.001856
0.001854
0.001851
0.001849
0.001847
0.001844
0.001842
0.001840
0.001837
0.001835
0.001833
0.001830
0.001828
0.001826
0.001823
0.001821
0.001819
0.001816
0.001814
0.001812
0.001809
0.001807
0.001805
0.001803
0.001800
0.001798
0.001796
0.001794
0.001791
0.001789
0.001787
0.001785
0.001782
0.001780
0.001778
0.001776
0.001774
0.001771
0.001769
0.001767
0.001765
0.001763
0.001761
0.001758
0.001756
0.001754
0.001752
0.001750
0.001748
0.001746
0.001744
0.001741
0.001739
0.001737
0.001735
0.001733
0.001731
0.001729
0.001727
0.001725
0.001723
0.001721
0.001718
0.001716
0.001714
0.001712
0.001710
0.001708
0.001706
0.001704
0.001702
0.001700
0.001698
0.001696
0.001694
0.001692
0.001690
0.001688
0.001686
0.001684
0.001682
0.001680
0.001678
0.001676
0.001675
0.001673
0.001671
0.001669
0.001667
0.001665
0.001663
0.001661
0.001659
0.001657
0.001655
0.001653
0.001651
0.001650
0.001648
0.001646
0.001644
0.001642
0.001640
0.001638
0.001636
0.001635
0.001633
0.001631
0.001629
0.001627
0.001625
0.001624
0.001622
0.001620
0.001618
0.001616
0.001615
0.001613
0.001611
0.001609
0.001607
0.001606
0.001604
0.001602
0.001600
0.001598
0.001597
0.001595
0.001593
0.001591
0.001590
0.001588
0.001586
0.001584
0.001583
0.001581
0.001579
0.001577
0.001576
0.001574
0.001572
0.001571
0.001569
0.001567
0.001565
0.001564
0.001562
0.001560
0.001559
0.001557
0.001555
0.001554
0.001552
0.001550
0.001549
0.001547
0.001545
0.001544
0.001542
0.001540
0.001539
0.001537
0.001536
0.001534
0.001532
0.001531
0.001529
0.001527
0.001526
0.001524
0.001523
0.001521
0.001519
0.001518
0.001516
0.001515
0.001513
0.001511
0.001510
0.001508
0.001507
0.001505
0.001504
0.001502
0.001501
0.001499
0.001497
0.001496
0.001494
0.001493
0.001491
0.001490
0.001488
0.001487
0.001485
0.001484
0.001482
0.001481
0.001479
0.001478
0.001476
0.001475
0.001473
0.001472
0.001470
0.001469
0.001467
0.001466
0.001464
0.001463
0.001461
0.001460
0.001458
0.001457
0.001455
0.001454
0.001452
0.001451
0.001449
0.001448
0.001447
0.001445
0.001444
0.001442
0.001441
0.001439
0.001438
0.001436
0.001435
0.001434
0.001432
0.001431
0.001429
0.001428
0.001427
0.001425
0.001424
0.001422
0.001421
0.001420
0.001418
0.001417
0.001415
0.001414
0.001413
0.001411
0.001410
0.001409
0.001407
0.001406
0.001404
0.001403
0.001402
0.001400
0.001399
0.001398
0.001396
0.001395
0.001394
0.001392
0.001391
0.001390
0.001388
0.001387
0.001386
0.001384
0.001383
0.001382
0.001380
0.001379
0.001378
0.001376
0.001375
0.001374
0.001373
0.001371
0.001370
0.001369
0.001367
0.001366
0.001365
0.001364
0.001362
0.001361
0.001360
0.001358
0.001357
0.001356
0.001355
0.001353
0.001352
0.001351
0.001350
0.001348
0.001347
0.001346
0.001345
0.001343
0.001342
0.001341
0.001340
0.001338
0.001337
0.001336
0.001335
0.001333
0.001332
0.001331
0.001330
0.001329
0.001327
0.001326
0.001325
0.001324
0.001322
0.001321
0.001320
0.001319
0.001318
0.001316
0.001315
0.001314
0.001313
0.001312
0.001311
0.001309
0.001308
0.001307
0.001306
0.001305
0.001303
0.001302
0.001301
0.001300
0.001299
0.001298
0.001296
0.001295
0.001294
0.001293
0.001292
0.001291
0.001290
0.001288
0.001287
0.001286
0.001285
0.001284
0.001283
0.001282
0.001280
0.001279
0.001278
0.001277
0.001276
0.001275
0.001274
0.001273
0.001271
0.001270
0.001269
0.001268
0.001267
0.001266
0.001265
0.001264
0.001263
0.001262
0.001260
0.001259
0.001258
0.001257
0.001256
0.001255
0.001254
0.001253
0.001252
0.001251
0.001250
0.001249
0.001247
0.001246
0.001245
0.001244
0.001243
0.001242
0.001241
0.001240
0.001239
0.001238
0.001237
0.001236
0.001235
0.001234
0.001233
0.001232
0.001231
0.001229
0.001228
0.001227
0.001226
0.001225
0.001224
0.001223
0.001222
0.001221
0.001220
0.001219
0.001218
0.001217
0.001216
0.001215
0.001214
0.001213
0.001212
0.001211
0.001210
0.001209
0.001208
0.001207
0.001206
0.001205
0.001204
0.001203
0.001202
0.001201
0.001200
0.001199
0.001198
0.001197
0.001196
0.001195
0.001194
0.001193
0.001192
0.001191
0.001190
0.001189
0.001188
0.001187
0.001186
0.001185
0.001184
0.001183
0.001182
0.001181
0.001181
0.001180
0.001179
0.001178
0.001177
0.001176
0.001175
0.001174
0.001173
0.001172
0.001171
0.001170
0.001169
0.001168
0.001167
0.001166
0.001165
0.001164
0.001163
0.001163
0.001162
0.001161
0.001160
0.001159
0.001158
0.001157
0.001156
0.001155
0.001154
0.001153
0.001152
0.001151
0.001151
0.001150
0.001149
0.001148
0.001147
0.001146
0.001145
0.001144
0.001143
0.001142
0.001142
0.001141
0.001140
0.001139
0.001138
0.001137
0.001136
0.001135
0.001134
0.001134
0.001133
0.001132
0.001131
0.001130
0.001129
0.001128
0.001127
0.001126
0.001126
0.001125
0.001124
0.001123
0.001122
0.001121
0.001120
0.001120
0.001119
0.001118
0.001117
0.001116
0.001115
0.001114
0.001114
0.001113
0.001112
0.001111
0.001110
0.001109
0.001108
0.001108
0.001107
0.001106
0.001105
0.001104
0.001103
0.001103
0.001102
0.001101
0.001100
0.001099
0.001098
0.001098
0.001097
0.001096
0.001095
0.001094
0.001093
0.001093
0.001092
0.001091
0.001090
0.001089
0.001088
0.001088
0.001087
0.001086
0.001085
0.001084
0.001084
0.001083
0.001082
0.001081
0.001080
0.001080
0.001079
0.001078
0.001077
0.001076
0.001076
0.001075
0.001074
0.001073
0.001072
0.001072
0.001071
0.001070
0.001069
0.001068
0.001068
0.001067
0.001066
0.001065
0.001065
0.001064
0.001063
0.001062
0.001061
0.001061
0.001060
0.001059
0.001058
0.001058
0.001057
0.001056
0.001055
0.001054
0.001054
0.001053
0.001052
0.001051
0.001051
0.001050
0.001049
0.001048
0.001048
0.001047
0.001046
0.001045
0.001045
0.001044
0.001043
0.001042
0.001042
0.001041
0.001040
0.001039
0.001039
0.001038
0.001037
0.001036
0.001036
0.001035
0.001034
0.001033
0.001033
0.001032
0.001031
0.001031
0.001030
0.001029
0.001028
0.001028
0.001027
0.001026
0.001025
0.001025
0.001024
0.001023
0.001023
0.001022
0.001021
0.001020
0.001020
0.001019
0.001018
0.001018
0.001017
0.001016
0.001015
0.001015
0.001014
0.001013
0.001013
0.001012
0.001011
0.001010
0.001010
0.001009
0.001008
0.001008
0.001007
0.001006
0.001006
0.001005
0.001004
0.001003
0.001003
0.001002
0.001001
0.001001
0.001000
0.000999
0.000999
0.000998
0.000997
0.000997
0.000996
0.000995
0.000995
0.000994
0.000993
0.000992
0.000992
0.000991
0.000990
0.000990
0.000989
0.000988
0.000988
0.000987
0.000986
0.000986
0.000985
0.000984
0.000984
0.000983
0.000982
0.000982
0.000981
0.000980
0.000980
0.000979
0.000978
0.000978
0.000977
0.000976
0.000976
0.000975
0.000974
0.000974
0.000973
0.000973
0.000972
0.000971
0.000971
0.000970
0.000969
0.000969
0.000968
0.000967
0.000967
0.000966
0.000965
0.000965
0.000964
0.000963
0.000963
0.000962
0.000962
0.000961
0.000960
0.000960
0.000959
0.000958
0.000958
0.000957
0.000956
0.000956
0.000955
0.000955
0.000954
0.000953
0.000953
0.000952
0.000951
0.000951
0.000950
0.000950
0.000949
0.000948
0.000948
0.000947
0.000947
0.000946
0.000945
0.000945
0.000944
0.000943
0.000943
0.000942
0.000942
0.000941
0.000940
0.000940
0.000939
0.000939
0.000938
0.000937
0.000937
0.000936
0.000936
0.000935
0.000934
0.000934
0.000933
0.000933
0.000932
0.000931
0.000931
0.000930
0.000930
0.000929
0.000928
0.000928
0.000927
0.000927
0.000926
0.000925
0.000925
0.000924
0.000924
0.000923
0.000922
0.000922
0.000921
0.000921
0.000920
0.000919
0.000919
0.000918
0.000918
0.000917
0.000917
0.000916
0.000915
0.000915
0.000914
0.000914
0.000913
0.000913
0.000912
0.000911
0.000911
0.000910
0.000910
0.000909
0.000909
0.000908
0.000907
0.000907
0.000906
0.000906
0.000905
0.000905
0.000904
0.000903
0.000903
0.000902
0.000902
0.000901
0.000901
0.000900
0.000900
0.000899
0.000898
0.000898
0.000897
0.000897
0.000896
0.000896
0.000895
0.000895
0.000894
0.000893
0.000893
0.000892
0.000892
0.000891
0.000891
0.000890
0.000890
0.000889
0.000888
0.000888
0.000887
0.000887
0.000886
0.000886
0.000885
0.000885
0.000884
0.000884
0.000883
0.000883
0.000882
0.000881
0.000881
0.000880
0.000880
0.000879
0.000879
0.000878
0.000878
0.000877
0.000877
0.000876
0.000876
0.000875
0.000875
0.000874
0.000873
0.000873
0.000872
0.000872
0.000871
0.000871
0.000870
0.000870
0.000869
0.000869
0.000868
0.000868
0.000867
0.000867
0.000866
0.000866
0.000865
0.000865
0.000864
0.000864
0.000863
0.000863
0.000862
0.000862
0.000861
0.000861
0.000860
0.000859
0.000859
0.000858
0.000858
0.000857
0.000857
0.000856
0.000856
0.000855
0.000855
0.000854
0.000854
0.000853
0.000853
0.000852
0.000852
0.000851
0.000851
0.000850
0.000850
0.000849
0.000849
0.000848
0.000848
0.000847
0.000847
0.000846
0.000846
0.000845
0.000845
0.000844
0.000844
0.000843
0.000843
0.000842
0.000842
0.000842
0.000841
0.000841
0.000840
0.000840
0.000839
0.000839
0.000838
0.000838
0.000837
0.000837
0.000836
0.000836
0.000835
0.000835
0.000834
0.000834
0.000833
0.000833
0.000832
0.000832
0.000831
0.000831
0.000830
0.000830
0.000829
0.000829
0.000829
0.000828
0.000828
0.000827
0.000827
0.000826
0.000826
0.000825
0.000825
0.000824
0.000824
0.000823
0.000823
0.000822
0.000822
0.000821
0.000821
0.000821
0.000820
0.000820
0.000819
0.000819
0.000818
0.000818
0.000817
0.000817
0.000816
0.000816
0.000815
0.000815
0.000815
0.000814
0.000814
0.000813
0.000813
0.000812
0.000812
0.000811
0.000811
0.000810
0.000810
0.000810
0.000809
0.000809
0.000808
0.000808
0.000807
0.000807
0.000806
0.000806
0.000805
0.000805
0.000805
0.000804
0.000804
0.000803
0.000803
0.000802
0.000802
0.000801
0.000801
0.000801
0.000800
0.000800
0.000799
0.000799
0.000798
0.000798
0.000797
0.000797
0.000797
0.000796
0.000796
0.000795
0.000795
0.000794
0.000794
0.000794
0.000793
0.000793
0.000792
0.000792
0.000791
0.000791
0.000790
0.000790
0.000790
0.000789
0.000789
0.000788
0.000788
0.000787
0.000787
0.000787
0.000786
0.000786
0.000785
0.000785
0.000784
0.000784
0.000784
0.000783
0.000783
0.000782
0.000782
0.000782
0.000781
0.000781
0.000780
0.000780
0.000779
0.000779
0.000779
0.000778
0.000778
0.000777
0.000777
0.000776
0.000776
0.000776
0.000775
0.000775
0.000774
0.000774
0.000774
0.000773
0.000773
0.000772
0.000772
0.000771
0.000771
0.000771
0.000770
0.000770
0.000769
0.000769
0.000769
0.000768
0.000768
0.000767
0.000767
0.000767
0.000766
0.000766
0.000765
0.000765
0.000765
0.000764
0.000764
0.000763
0.000763
0.000763
0.000762
0.000762
0.000761
0.000761
0.000761
0.000760
0.000760
0.000759
0.000759
0.000759
0.000758
0.000758
0.000757
0.000757
0.000757
0.000756
0.000756
0.000755
0.000755
0.000755
0.000754
0.000754
0.000753
0.000753
0.000753
0.000752
0.000752
0.000751
0.000751
0.000751
0.000750
0.000750
0.000749
0.000749
0.000749
0.000748
0.000748
0.000748
0.000747
0.000747
0.000746
0.000746
0.000746
0.000745
0.000745
0.000744
0.000744
0.000744
0.000743
0.000743
0.000743
0.000742
0.000742
0.000741
0.000741
0.000741
0.000740
0.000740
0.000740
0.000739
0.000739
0.000738
0.000738
0.000738
0.000737
0.000737
0.000736
0.000736
0.000736
0.000735
0.000735
0.000735
0.000734
0.000734
0.000733
0.000733
0.000733
0.000732
0.000732
0.000732
0.000731
0.000731
0.000731
0.000730
0.000730
0.000729
0.000729
0.000729
0.000728
0.000728
0.000728
0.000727
0.000727
0.000726
0.000726
0.000726
0.000725
0.000725
0.000725
0.000724
0.000724
0.000724
0.000723
0.000723
0.000722
0.000722
0.000722
0.000721
0.000721
0.000721
0.000720
0.000720
0.000720
0.000719
0.000719
0.000719
0.000718
0.000718
0.000717
0.000717
0.000717
0.000716
0.000716
0.000716
0.000715
0.000715
0.000715
0.000714
0.000714
0.000714
0.000713
0.000713
0.000712
0.000712
0.000712
0.000711
0.000711
0.000711
0.000710
0.000710
0.000710
0.000709
0.000709
0.000709
0.000708
0.000708
0.000708
0.000707
0.000707
0.000707
0.000706
0.000706
0.000706
0.000705
0.000705
0.000704
0.000704
0.000704
0.000703
0.000703
0.000703
0.000702
0.000702
0.000702
0.000701
0.000701
0.000701
0.000700
0.000700
0.000700
0.000699
0.000699
0.000699
0.000698
0.000698
0.000698
0.000697
0.000697
0.000697
0.000696
0.000696
0.000696
0.000695
0.000695
0.000695
0.000694
0.000694
0.000694
0.000693
0.000693
0.000693
0.000692
0.000692
0.000692
0.000691
0.000691
0.000691
0.000690
0.000690
0.000690
0.000689
0.000689
0.000689
0.000688
0.000688
0.000688
0.000687
0.000687
0.000687
0.000686
0.000686
0.000686
0.000685
0.000685
0.000685
0.000684
0.000684
0.000684
0.000683
0.000683
0.000683
0.000682
0.000682
0.000682
0.000682
0.000681
0.000681
0.000681
0.000680
0.000680
0.000680
0.000679
0.000679
0.000679
0.000678
0.000678
0.000678
0.000677
0.000677
0.000677
0.000676
0.000676
0.000676
0.000675
0.000675
0.000675
0.000674
0.000674
0.000674
0.000674
0.000673
0.000673
0.000673
0.000672
0.000672
0.000672
0.000671
0.000671
0.000671
0.000670
0.000670
0.000670
0.000669
0.000669
0.000669
0.000669
0.000668
0.000668
0.000668
0.000667
0.000667
0.000667
0.000666
0.000666
0.000666
0.000665
0.000665
0.000665
0.000665
0.000664
0.000664
0.000664
0.000663
0.000663
0.000663
0.000662
0.000662
0.000662
0.000661
0.000661
0.000661
0.000661
0.000660
0.000660
0.000660
0.000659
0.000659
0.000659
0.000658
0.000658
0.000658
0.000658
0.000657
0.000657
0.000657
0.000656
0.000656
0.000656
0.000655
0.000655
0.000655
0.000655
0.000654
0.000654
0.000654
0.000653
0.000653
0.000653
0.000652
0.000652
0.000652
0.000652
0.000651
0.000651
0.000651
0.000650
0.000650
0.000650
0.000650
0.000649
0.000649
0.000649
0.000648
0.000648
0.000648
0.000647
0.000647
0.000647
0.000647
0.000646
0.000646
0.000646
0.000645
0.000645
0.000645
0.000645
0.000644
0.000644
0.000644
0.000643
0.000643
0.000643
0.000643
0.000642
0.000642
0.000642
0.000641
0.000641
0.000641
0.000641
0.000640
0.000640
0.000640
0.000639
0.000639
0.000639
0.000639
0.000638
0.000638
0.000638
0.000637
0.000637
0.000637
0.000637
0.000636
0.000636
0.000636
0.000635
0.000635
0.000635
0.000635
0.000634
0.000634
0.000634
0.000634
0.000633
0.000633
0.000633
0.000632
0.000632
0.000632
0.000632
0.000631
0.000631
0.000631
0.000630
0.000630
0.000630
0.000630
0.000629
0.000629
0.000629
0.000629
0.000628
0.000628
0.000628
0.000627
0.000627
0.000627
0.000627
0.000626
0.000626
0.000626
0.000626
0.000625
0.000625
0.000625
0.000624
0.000624
0.000624
0.000624
0.000623
0.000623
0.000623
0.000623
0.000622
0.000622
0.000622
0.000621
0.000621
0.000621
0.000621
0.000620
0.000620
0.000620
0.000620
0.000619
0.000619
0.000619
0.000619
0.000618
0.000618
0.000618
0.000617
0.000617
0.000617
0.000617
0.000616
0.000616
0.000616
0.000616
0.000615
0.000615
0.000615
0.000615
0.000614
0.000614
0.000614
0.000614
0.000613
0.000613
0.000613
0.000612
0.000612
0.000612
0.000612
0.000611
0.000611
0.000611
0.000611
0.000610
0.000610
0.000610
0.000610
0.000609
0.000609
0.000609
0.000609
0.000608
0.000608
0.000608
0.000608
0.000607
0.000607
0.000607
0.000607
0.000606
0.000606
0.000606
0.000606
0.000605
0.000605
0.000605
0.000604
0.000604
0.000604
0.000604
0.000603
0.000603
0.000603
0.000603
0.000602
0.000602
0.000602
0.000602
0.000601
0.000601
0.000601
0.000601
0.000600
0.000600
0.000600
0.000600
0.000599
0.000599
0.000599
0.000599
0.000598
0.000598
0.000598
0.000598
0.000597
0.000597
0.000597
0.000597
0.000596
0.000596
0.000596
0.000596
0.000595
0.000595
0.000595
0.000595
0.000594
0.000594
0.000594
0.000594
0.000593
0.000593
0.000593
0.000593
0.000593
0.000592
0.000592
0.000592
0.000592
0.000591
0.000591
0.000591
0.000591
0.000590
0.000590
0.000590
0.000590
0.000589
0.000589
0.000589
0.000589
0.000588
0.000588
0.000588
0.000588
0.000587
0.000587
0.000587
0.000587
0.000586
0.000586
0.000586
0.000586
0.000586
0.000585
0.000585
0.000585
0.000585
0.000584
0.000584
0.000584
0.000584
0.000583
0.000583
0.000583
0.000583
0.000582
0.000582
0.000582
0.000582
0.000581
0.000581
0.000581
0.000581
0.000581
0.000580
0.000580
0.000580
0.000580
0.000579
0.000579
0.000579
0.000579
0.000578
0.000578
0.000578
0.000578
0.000577
0.000577
0.000577
0.000577
0.000577
0.000576
0.000576
0.000576
0.000576
0.000575
0.000575
0.000575
0.000575
0.000574
0.000574
0.000574
0.000574
0.000574
0.000573
0.000573
0.000573
0.000573
0.000572
0.000572
0.000572
0.000572
0.000572
0.000571
0.000571
0.000571
0.000571
0.000570
0.000570
0.000570
0.000570
0.000569
0.000569
0.000569
0.000569
0.000569
0.000568
0.000568
0.000568
0.000568
0.000567
0.000567
0.000567
0.000567
0.000567
0.000566
0.000566
0.000566
0.000566
0.000565
0.000565
0.000565
0.000565
0.000565
0.000564
0.000564
0.000564
0.000564
0.000563
0.000563
0.000563
0.000563
0.000563
0.000562
0.000562
0.000562
0.000562
0.000561
0.000561
0.000561
0.000561
0.000561
0.000560
0.000560
0.000560
0.000560
0.000559
0.000559
0.000559
0.000559
0.000559
0.000558
0.000558
0.000558
0.000558
0.000558
0.000557
0.000557
0.000557
0.000557
0.000556
0.000556
0.000556
0.000556
0.000556
0.000555
0.000555
0.000555
0.000555
0.000554
0.000554
0.000554
0.000554
0.000554
0.000553
0.000553
0.000553
0.000553
0.000553
0.000552
0.000552
0.000552
0.000552
0.000551
0.000551
0.000551
0.000551
0.000551
0.000550
0.000550
0.000550
0.000550
0.000550
0.000549
0.000549
0.000549
0.000549
0.000549
0.000548
0.000548
0.000548
0.000548
0.000547
0.000547
0.000547
0.000547
0.000547
0.000546
0.000546
0.000546
0.000546
0.000546
0.000545
0.000545
0.000545
0.000545
0.000545
0.000544
0.000544
0.000544
0.000544
0.000544
0.000543
0.000543
0.000543
0.000543
0.000543
0.000542
0.000542
0.000542
0.000542
0.000541
0.000541
0.000541
0.000541
0.000541
0.000540
0.000540
0.000540
0.000540
0.000540
0.000539
0.000539
0.000539
0.000539
0.000539
0.000538
0.000538
0.000538
0.000538
0.000538
0.000537
0.000537
0.000537
0.000537
0.000537
0.000536
0.000536
0.000536
0.000536
0.000536
0.000535
0.000535
0.000535
0.000535
0.000535
0.000534
0.000534
0.000534
0.000534
0.000534
0.000533
0.000533
0.000533
0.000533
0.000533
0.000532
0.000532
0.000532
0.000532
0.000532
0.000531
0.000531
0.000531
0.000531
0.000531
0.000530
0.000530
0.000530
0.000530
0.000530
0.000529
0.000529
0.000529
0.000529
0.000529
0.000528
0.000528
0.000528
0.000528
0.000528
0.000528
0.000527
0.000527
0.000527
0.000527
0.000527
0.000526
0.000526
0.000526
0.000526
0.000526
0.000525
0.000525
0.000525
0.000525
0.000525
0.000524
0.000524
0.000524
0.000524
0.000524
0.000523
0.000523
0.000523
0.000523
0.000523
0.000523
0.000522
0.000522
0.000522
0.000522
0.000522
0.000521
0.000521
0.000521
0.000521
0.000521
0.000520
0.000520
0.000520
0.000520
0.000520
0.000519
0.000519
0.000519
0.000519
0.000519
0.000519
0.000518
0.000518
0.000518
0.000518
0.000518
0.000517
0.000517
0.000517
0.000517
0.000517
0.000516
0.000516
0.000516
0.000516
0.000516
0.000516
0.000515
0.000515
0.000515
0.000515
0.000515
0.000514
0.000514
0.000514
0.000514
0.000514
0.000513
0.000513
0.000513
0.000513
0.000513
0.000513
0.000512
0.000512
0.000512
0.000512
0.000512
0.000511
0.000511
0.000511
0.000511
0.000511
0.000511
0.000510
0.000510
0.000510
0.000510
0.000510
0.000509
0.000509
0.000509
0.000509
0.000509
0.000509
0.000508
0.000508
0.000508
0.000508
0.000508
0.000507
0.000507
0.000507
0.000507
0.000507
0.000507
0.000506
0.000506
0.000506
0.000506
0.000506
0.000506
0.000505
0.000505
0.000505
0.000505
0.000505
0.000504
0.000504
0.000504
0.000504
0.000504
0.000504
0.000503
0.000503
0.000503
0.000503
0.000503
0.000502
0.000502
0.000502
0.000502
0.000502
0.000502
0.000501
0.000501
0.000501
0.000501
0.000501
0.000501
0.000500
0.000500
0.000500
0.000500
0.000500
0.000499
0.000499
0.000499
0.000499
0.000499
0.000499
0.000498
0.000498
0.000498
0.000498
0.000498
0.000498
0.000497
0.000497
0.000497
0.000497
0.000497
0.000497
0.000496
0.000496
0.000496
0.000496
0.000496
0.000496
0.000495
0.000495
0.000495
0.000495
0.000495
0.000494
0.000494
0.000494
0.000494
0.000494
0.000494
0.000493
0.000493
0.000493
0.000493
0.000493
0.000493
0.000492
0.000492
0.000492
0.000492
0.000492
0.000492
0.000491
0.000491
0.000491
0.000491
0.000491
0.000491
0.000490
0.000490
0.000490
0.000490
0.000490
0.000490
0.000489
0.000489
0.000489
0.000489
0.000489
0.000489
0.000488
0.000488
0.000488
0.000488
0.000488
0.000488
0.000487
0.000487
0.000487
0.000487
0.000487
0.000487
0.000486
0.000486
0.000486
0.000486
0.000486
0.000486
0.000485
0.000485
0.000485
0.000485
0.000485
0.000485
0.000484
0.000484
0.000484
0.000484
0.000484
0.000484
0.000483
0.000483
0.000483
0.000483
0.000483
0.000483
0.000482
0.000482
0.000482
0.000482
0.000482
0.000482
0.000481
0.000481
0.000481
0.000481
0.000481
0.000481
0.000480
0.000480
0.000480
0.000480
0.000480
0.000480
0.000480
0.000479
0.000479
0.000479
0.000479
0.000479
0.000479
0.000478
0.000478
0.000478
0.000478
0.000478
0.000478
0.000477
0.000477
0.000477
0.000477
0.000477
0.000477
0.000476
0.000476
0.000476
0.000476
0.000476
0.000476
0.000476
0.000475
0.000475
0.000475
0.000475
0.000475
0.000475
0.000474
0.000474
0.000474
0.000474
0.000474
0.000474
0.000473
0.000473
0.000473
0.000473
0.000473
0.000473
0.000473
0.000472
0.000472
0.000472
0.000472
0.000472
0.000472
0.000471
0.000471
0.000471
0.000471
0.000471
0.000471
0.000470
0.000470
0.000470
0.000470
0.000470
0.000470
0.000470
0.000469
0.000469
0.000469
0.000469
0.000469
0.000469
0.000468
0.000468
0.000468
0.000468
0.000468
0.000468
0.000468
0.000467
0.000467
0.000467
0.000467
0.000467
0.000467
0.000466
0.000466
0.000466
0.000466
0.000466
0.000466
0.000466
0.000465
0.000465
0.000465
0.000465
0.000465
0.000465
0.000465
0.000464
0.000464
0.000464
0.000464
0.000464
0.000464
0.000463
0.000463
0.000463
0.000463
0.000463
0.000463
0.000463
0.000462
0.000462
0.000462
0.000462
0.000462
0.000462
0.000462
0.000461
0.000461
0.000461
0.000461
0.000461
0.000461
0.000460
0.000460
0.000460
0.000460
0.000460
0.000460
0.000460
0.000459
0.000459
0.000459
0.000459
0.000459
0.000459
0.000459
0.000458
0.000458
0.000458
0.000458
0.000458
0.000458
0.000458
0.000457
0.000457
0.000457
0.000457
0.000457
0.000457
0.000456
0.000456
0.000456
0.000456
0.000456
0.000456
0.000456
0.000455
0.000455
0.000455
0.000455
0.000455
0.000455
0.000455
0.000454
0.000454
0.000454
0.000454
0.000454
0.000454
0.000454
0.000453
0.000453
0.000453
0.000453
0.000453
0.000453
0.000453
0.000452
0.000452
0.000452
0.000452
0.000452
0.000452
0.000452
0.000451
0.000451
0.000451
0.000451
0.000451
0.000451
0.000451
0.000450
0.000450
0.000450
0.000450
0.000450
0.000450
0.000450
0.000449
0.000449
0.000449
0.000449
0.000449
0.000449
0.000449
0.000448
0.000448
0.000448
0.000448
0.000448
0.000448
0.000448
0.000447
0.000447
0.000447
0.000447
0.000447
0.000447
0.000447
0.000446
0.000446
0.000446
0.000446
0.000446
0.000446
0.000446
0.000445
0.000445
0.000445
0.000445
0.000445
0.000445
0.000445
0.000444
0.000444
0.000444
0.000444
0.000444
0.000444
0.000444
0.000444
0.000443
0.000443
0.000443
0.000443
0.000443
0.000443
0.000443
0.000442
0.000442
0.000442
0.000442
0.000442
0.000442
0.000442
0.000441
0.000441
0.000441
0.000441
0.000441
0.000441
0.000441
0.000441
0.000440
0.000440
0.000440
0.000440
0.000440
0.000440
0.000440
0.000439
0.000439
0.000439
0.000439
0.000439
0.000439
0.000439
0.000438
0.000438
0.000438
0.000438
0.000438
0.000438
0.000438
0.000438
0.000437
0.000437
0.000437
0.000437
0.000437
0.000437
0.000437
0.000436
0.000436
0.000436
0.000436
0.000436
0.000436
0.000436
0.000436
0.000435
0.000435
0.000435
0.000435
0.000435
0.000435
0.000435
0.000434
0.000434
0.000434
0.000434
0.000434
0.000434
0.000434
0.000434
0.000433
0.000433
0.000433
0.000433
0.000433
0.000433
0.000433
0.000432
0.000432
0.000432
0.000432
0.000432
0.000432
0.000432
0.000432
0.000431
0.000431
0.000431
0.000431
0.000431
0.000431
0.000431
0.000430
0.000430
0.000430
0.000430
0.000430
0.000430
0.000430
0.000430
0.000429
0.000429
0.000429
0.000429
0.000429
0.000429
0.000429
0.000429
0.000428
0.000428
0.000428
0.000428
0.000428
0.000428
0.000428
0.000428
0.000427
0.000427
0.000427
0.000427
0.000427
0.000427
0.000427
0.000426
0.000426
0.000426
0.000426
0.000426
0.000426
0.000426
0.000426
0.000425
0.000425
0.000425
0.000425
0.000425
0.000425
0.000425
0.000425
0.000424
0.000424
0.000424
0.000424
0.000424
0.000424
0.000424
0.000424
0.000423
0.000423
0.000423
0.000423
0.000423
0.000423
0.000423
0.000423
0.000422
0.000422
0.000422
0.000422
0.000422
0.000422
0.000422
0.000422
0.000421
0.000421
0.000421
0.000421
0.000421
0.000421
0.000421
0.000421
0.000420
0.000420
0.000420
0.000420
0.000420
0.000420
0.000420
0.000420
0.000419
0.000419
0.000419
0.000419
0.000419
0.000419
0.000419
0.000419
0.000418
0.000418
0.000418
0.000418
0.000418
0.000418
0.000418
0.000418
0.000417
0.000417
0.000417
0.000417
0.000417
0.000417
0.000417
0.000417
0.000416
0.000416
0.000416
0.000416
0.000416
0.000416
0.000416
0.000416
0.000416
0.000415
0.000415
0.000415
0.000415
0.000415
0.000415
0.000415
0.000415
0.000414
0.000414
0.000414
0.000414
0.000414
0.000414
0.000414
0.000414
0.000413
0.000413
0.000413
0.000413
0.000413
0.000413
0.000413
0.000413
0.000412
0.000412
0.000412
0.000412
0.000412
0.000412
0.000412
0.000412
0.000412
0.000411
0.000411
0.000411
0.000411
0.000411
0.000411
0.000411
0.000411
0.000410
0.000410
0.000410
0.000410
0.000410
0.000410
0.000410
0.000410
0.000410
0.000409
0.000409
0.000409
0.000409
0.000409
0.000409
0.000409
0.000409
0.000408
0.000408
0.000408
0.000408
0.000408
0.000408
0.000408
0.000408
0.000408
0.000407
0.000407
0.000407
0.000407
0.000407
0.000407
0.000407
0.000407
0.000406
0.000406
0.000406
0.000406
0.000406
0.000406
0.000406
0.000406
0.000406
0.000405
0.000405
0.000405
0.000405
0.000405
0.000405
0.000405
0.000405
0.000404
0.000404
0.000404
0.000404
0.000404
0.000404
0.000404
0.000404
0.000404
0.000403
0.000403
0.000403
0.000403
0.000403
0.000403
0.000403
0.000403
0.000403
0.000402
0.000402
0.000402
0.000402
0.000402
0.000402
0.000402
0.000402
0.000402
0.000401
0.000401
0.000401
0.000401
0.000401
0.000401
0.000401
0.000401
0.000400
0.000400
0.000400
0.000400
0.000400
0.000400
0.000400
0.000400
0.000400
0.000399
0.000399
0.000399
0.000399
0.000399
0.000399
0.000399
0.000399
0.000399
0.000398
0.000398
0.000398
0.000398
0.000398
0.000398
0.000398
0.000398
0.000398
0.000397
0.000397
0.000397
0.000397
0.000397
0.000397
0.000397
0.000397
0.000397
0.000396
0.000396
0.000396
0.000396
0.000396
0.000396
0.000396
0.000396
0.000396
0.000395
0.000395
0.000395
0.000395
0.000395
0.000395
0.000395
0.000395
0.000395
0.000394
0.000394
0.000394
0.000394
0.000394
0.000394
0.000394
0.000394
0.000394
0.000393
0.000393
0.000393
0.000393
0.000393
0.000393
0.000393
0.000393
0.000393
0.000393
0.000392
0.000392
0.000392
0.000392
0.000392
0.000392
0.000392
0.000392
0.000392
0.000391
0.000391
0.000391
0.000391
0.000391
0.000391
0.000391
0.000391
0.000391
0.000390
0.000390
0.000390
0.000390
0.000390
0.000390
0.000390
0.000390
0.000390
0.000389
0.000389
0.000389
0.000389
0.000389
0.000389
0.000389
0.000389
0.000389
0.000389
0.000388
0.000388
0.000388
0.000388
0.000388
0.000388
0.000388
0.000388
0.000388
0.000387
0.000387
0.000387
0.000387
0.000387
0.000387
0.000387
0.000387
0.000387
0.000386
0.000386
0.000386
0.000386
0.000386
0.000386
0.000386
0.000386
0.000386
0.000386
0.000385
0.000385
0.000385
0.000385
0.000385
0.000385
0.000385
0.000385
0.000385
0.000385
0.000384
0.000384
0.000384
0.000384
0.000384
0.000384
0.000384
0.000384
0.000384
0.000383
0.000383
0.000383
0.000383
0.000383
0.000383
0.000383
0.000383
0.000383
0.000383
0.000382
0.000382
0.000382
0.000382
0.000382
0.000382
0.000382
0.000382
0.000382
0.000381
0.000381
0.000381
0.000381
0.000381
0.000381
0.000381
0.000381
0.000381
0.000381
0.000380
0.000380
0.000380
0.000380
0.000380
0.000380
0.000380
0.000380
0.000380
0.000380
0.000379
0.000379
0.000379
0.000379
0.000379
0.000379
0.000379
0.000379
0.000379
0.000379
0.000378
0.000378
0.000378
0.000378
0.000378
0.000378
0.000378
0.000378
0.000378
0.000378
0.000377
0.000377
0.000377
0.000377
0.000377
0.000377
0.000377
0.000377
0.000377
0.000377
0.000376
0.000376
0.000376
0.000376
0.000376
0.000376
0.000376
0.000376
0.000376
0.000376
0.000375
0.000375
0.000375
0.000375
0.000375
0.000375
0.000375
0.000375
0.000375
0.000375
0.000374
0.000374
0.000374
0.000374
0.000374
0.000374
0.000374
0.000374
0.000374
0.000374
0.000373
0.000373
0.000373
0.000373
0.000373
0.000373
0.000373
0.000373
0.000373
0.000373
0.000372
0.000372
0.000372
0.000372
0.000372
0.000372
0.000372
0.000372
0.000372
0.000372
0.000371
0.000371
0.000371
0.000371
0.000371
0.000371
0.000371
0.000371
0.000371
0.000371
0.000371
0.000370
0.000370
0.000370
0.000370
0.000370
0.000370
0.000370
0.000370
0.000370
0.000370
0.000369
0.000369
0.000369
0.000369
0.000369
0.000369
0.000369
0.000369
0.000369
0.000369
0.000368
0.000368
0.000368
0.000368
0.000368
0.000368
0.000368
0.000368
0.000368
0.000368
0.000368
0.000367
0.000367
0.000367
0.000367
0.000367
0.000367
0.000367
0.000367
0.000367
0.000367
0.000366
0.000366
0.000366
0.000366
0.000366
0.000366
0.000366
0.000366
0.000366
0.000366
0.000366
0.000365
0.000365
0.000365
0.000365
0.000365
0.000365
0.000365
0.000365
0.000365
0.000365
0.000364
0.000364
0.000364
0.000364
0.000364
0.000364
0.000364
0.000364
0.000364
0.000364
0.000364
0.000363
0.000363
0.000363
0.000363
0.000363
0.000363
0.000363
0.000363
0.000363
0.000363
0.000363
0.000362
0.000362
0.000362
0.000362
0.000362
0.000362
0.000362
0.000362
0.000362
0.000362
0.000361
0.000361
0.000361
0.000361
0.000361
0.000361
0.000361
0.000361
0.000361
0.000361
0.000361
0.000360
0.000360
0.000360
0.000360
0.000360
0.000360
0.000360
0.000360
0.000360
0.000360
0.000360
0.000359
0.000359
0.000359
0.000359
0.000359
0.000359
0.000359
0.000359
0.000359
0.000359
0.000359
0.000358
0.000358
0.000358
0.000358
0.000358
0.000358
0.000358
0.000358
0.000358
0.000358
0.000358
0.000357
0.000357
0.000357
0.000357
0.000357
0.000357
0.000357
0.000357
0.000357
0.000357
0.000357
0.000356
0.000356
0.000356
0.000356
0.000356
0.000356
0.000356
0.000356
0.000356
0.000356
0.000356
0.000355
0.000355
0.000355
0.000355
0.000355
0.000355
0.000355
0.000355
0.000355
0.000355
0.000355
0.000355
0.000354
0.000354
0.000354
0.000354
0.000354
0.000354
0.000354
0.000354
0.000354
0.000354
0.000354
0.000353
0.000353
0.000353
0.000353
0.000353
0.000353
0.000353
0.000353
0.000353
0.000353
0.000353
0.000352
0.000352
0.000352
0.000352
0.000352
0.000352
0.000352
0.000352
0.000352
0.000352
0.000352
0.000352
0.000351
0.000351
0.000351
0.000351
0.000351
0.000351
0.000351
0.000351
0.000351
0.000351
0.000351
0.000350
0.000350
0.000350
0.000350
0.000350
0.000350
0.000350
0.000350
0.000350
0.000350
0.000350
0.000349
0.000349
0.000349
0.000349
0.000349
0.000349
0.000349
0.000349
0.000349
0.000349
0.000349
0.000349
0.000348
0.000348
0.000348
0.000348
0.000348
0.000348
0.000348
0.000348
0.000348
0.000348
0.000348
0.000348
0.000347
0.000347
0.000347
0.000347
0.000347
0.000347
0.000347
0.000347
0.000347
0.000347
0.000347
0.000346
0.000346
0.000346
0.000346
0.000346
0.000346
0.000346
0.000346
0.000346
0.000346
0.000346
0.000346
0.000345
0.000345
0.000345
0.000345
0.000345
0.000345
0.000345
0.000345
0.000345
0.000345
0.000345
0.000345
0.000344
0.000344
0.000344
0.000344
0.000344
0.000344
0.000344
0.000344
0.000344
0.000344
0.000344
0.000344
0.000343
0.000343
0.000343
0.000343
0.000343
0.000343
0.000343
0.000343
0.000343
0.000343
0.000343
0.000343
0.000342
0.000342
0.000342
0.000342
0.000342
0.000342
0.000342
0.000342
0.000342
0.000342
0.000342
0.000342
0.000341
0.000341
0.000341
0.000341
0.000341
0.000341
0.000341
0.000341
0.000341
0.000341
0.000341
0.000341
0.000340
0.000340
0.000340
0.000340
0.000340
0.000340
0.000340
0.000340
0.000340
0.000340
0.000340
0.000340
0.000339
0.000339
0.000339
0.000339
0.000339
0.000339
0.000339
0.000339
0.000339
0.000339
0.000339
0.000339
0.000338
0.000338
0.000338
0.000338
0.000338
0.000338
0.000338
0.000338
0.000338
0.000338
0.000338
0.000338
0.000338
0.000337
0.000337
0.000337
0.000337
0.000337
0.000337
0.000337
0.000337
0.000337
0.000337
0.000337
0.000337
0.000336
0.000336
0.000336
0.000336
0.000336
0.000336
0.000336
0.000336
0.000336
0.000336
0.000336
0.000336
0.000336
0.000335
0.000335
0.000335
0.000335
0.000335
0.000335
0.000335
0.000335
0.000335
0.000335
0.000335
0.000335
0.000334
0.000334
0.000334
0.000334
0.000334
0.000334
0.000334
0.000334
0.000334
0.000334
0.000334
0.000334
0.000334
0.000333
0.000333
0.000333
0.000333
0.000333
0.000333
0.000333
0.000333
0.000333
0.000333
0.000333
0.000333
0.000333
0.000332
0.000332
0.000332
0.000332
0.000332
0.000332
0.000332
0.000332
0.000332
0.000332
0.000332
0.000332
0.000331
0.000331
0.000331
0.000331
0.000331
0.000331
0.000331
0.000331
0.000331
0.000331
0.000331
0.000331
0.000331
0.000330
0.000330
0.000330
0.000330
0.000330
0.000330
0.000330
0.000330
0.000330
0.000330
0.000330
0.000330
0.000330
0.000329
0.000329
0.000329
0.000329
0.000329
0.000329
0.000329
0.000329
0.000329
0.000329
0.000329
0.000329
0.000329
0.000328
0.000328
0.000328
0.000328
0.000328
0.000328
0.000328
0.000328
0.000328
0.000328
0.000328
0.000328
0.000328
0.000327
0.000327
0.000327
0.000327
0.000327
0.000327
0.000327
0.000327
0.000327
0.000327
0.000327
0.000327
0.000327
0.000326
0.000326
0.000326
0.000326
0.000326
0.000326
0.000326
0.000326
0.000326
0.000326
0.000326
0.000326
0.000326
0.000326
0.000325
0.000325
0.000325
0.000325
0.000325
0.000325
0.000325
0.000325
0.000325
0.000325
0.000325
0.000325
0.000325
0.000324
0.000324
0.000324
0.000324
0.000324
0.000324
0.000324
0.000324
0.000324
0.000324
0.000324
0.000324
0.000324
0.000323
0.000323
0.000323
0.000323
0.000323
0.000323
0.000323
0.000323
0.000323
0.000323
0.000323
0.000323
0.000323
0.000323
0.000322
0.000322
0.000322
0.000322
0.000322
0.000322
0.000322
0.000322
0.000322
0.000322
0.000322
0.000322
0.000322
0.000321
0.000321
0.000321
0.000321
0.000321
0.000321
0.000321
0.000321
0.000321
0.000321
0.000321
0.000321
0.000321
0.000321
0.000320
0.000320
0.000320
0.000320
0.000320
0.000320
0.000320
0.000320
0.000320
0.000320
0.000320
0.000320
0.000320
0.000320
0.000319
0.000319
0.000319
0.000319
0.000319
0.000319
0.000319
0.000319
0.000319
0.000319
0.000319
0.000319
0.000319
0.000318
0.000318
0.000318
0.000318
0.000318
0.000318
0.000318
0.000318
0.000318
0.000318
0.000318
0.000318
0.000318
0.000318
0.000317
0.000317
0.000317
0.000317
0.000317
0.000317
0.000317
0.000317
0.000317
0.000317
0.000317
0.000317
0.000317
0.000317
0.000316
0.000316
0.000316
0.000316
0.000316
0.000316
0.000316
0.000316
0.000316
0.000316
0.000316
0.000316
0.000316
0.000316
0.000315
0.000315
0.000315
0.000315
0.000315
0.000315
0.000315
0.000315
0.000315
0.000315
0.000315
0.000315
0.000315
0.000315
0.000315
0.000314
0.000314
0.000314
0.000314
0.000314
0.000314
0.000314
0.000314
0.000314
0.000314
0.000314
0.000314
0.000314
0.000314
0.000313
0.000313
0.000313
0.000313
0.000313
0.000313
0.000313
0.000313
0.000313
0.000313
0.000313
0.000313
0.000313
0.000313
0.000312
0.000312
0.000312
0.000312
0.000312
0.000312
0.000312
0.000312
0.000312
0.000312
0.000312
0.000312
0.000312
0.000312
0.000312
0.000311
0.000311
0.000311
0.000311
0.000311
0.000311
0.000311
0.000311
0.000311
0.000311
0.000311
0.000311
0.000311
0.000311
0.000310
0.000310
0.000310
0.000310
0.000310
0.000310
0.000310
0.000310
0.000310
0.000310
0.000310
0.000310
0.000310
0.000310
0.000310
0.000309
0.000309
0.000309
0.000309
0.000309
0.000309
0.000309
0.000309
0.000309
0.000309
0.000309
0.000309
0.000309
0.000309
0.000308
0.000308
0.000308
0.000308
0.000308
0.000308
0.000308
0.000308
0.000308
0.000308
0.000308
0.000308
0.000308
0.000308
0.000308
0.000307
0.000307
0.000307
0.000307
0.000307
0.000307
0.000307
0.000307
0.000307
0.000307
0.000307
0.000307
0.000307
0.000307
0.000307
0.000306
0.000306
0.000306
0.000306
0.000306
0.000306
0.000306
0.000306
0.000306
0.000306
0.000306
0.000306
0.000306
0.000306
0.000306
0.000305
0.000305
0.000305
0.000305
0.000305
0.000305
0.000305
0.000305
0.000305
0.000305
0.000305
0.000305
0.000305
0.000305
0.000305
0.000304
0.000304
0.000304
0.000304
0.000304
0.000304
0.000304
0.000304
0.000304
0.000304
0.000304
0.000304
0.000304
0.000304
0.000304
0.000303
0.000303
0.000303
0.000303
0.000303
0.000303
0.000303
0.000303
0.000303
0.000303
0.000303
0.000303
0.000303
0.000303
0.000303
0.000303
0.000302
0.000302
0.000302
0.000302
0.000302
0.000302
0.000302
0.000302
0.000302
0.000302
0.000302
0.000302
0.000302
0.000302
0.000302
0.000301
0.000301
0.000301
0.000301
0.000301
0.000301
0.000301
0.000301
0.000301
0.000301
0.000301
0.000301
0.000301
0.000301
0.000301
0.000300
0.000300
0.000300
0.000300
0.000300
0.000300
0.000300
0.000300
0.000300
0.000300
0.000300
0.000300
0.000300
0.000300
0.000300
0.000300
0.000299
0.000299
0.000299
0.000299
0.000299
0.000299
0.000299
0.000299
0.000299
0.000299
0.000299
0.000299
0.000299
0.000299
0.000299
0.000299
0.000298
0.000298
0.000298
0.000298
0.000298
0.000298
0.000298
0.000298
0.000298
0.000298
0.000298
0.000298
0.000298
0.000298
0.000298
0.000297
0.000297
0.000297
0.000297
0.000297
0.000297
0.000297
0.000297
0.000297
0.000297
0.000297
0.000297
0.000297
0.000297
0.000297
0.000297
0.000296
0.000296
0.000296
0.000296
0.000296
0.000296
0.000296
0.000296
0.000296
0.000296
0.000296
0.000296
0.000296
0.000296
0.000296
0.000296
0.000295
0.000295
0.000295
0.000295
0.000295
0.000295
0.000295
0.000295
0.000295
0.000295
0.000295
0.000295
0.000295
0.000295
0.000295
0.000295
0.000294
0.000294
0.000294
0.000294
0.000294
0.000294
0.000294
0.000294
0.000294
0.000294
0.000294
0.000294
0.000294
0.000294
0.000294
0.000294
0.000294
0.000293
0.000293
0.000293
0.000293
0.000293
0.000293
0.000293
0.000293
0.000293
0.000293
0.000293
0.000293
0.000293
0.000293
0.000293
0.000293
0.000292
0.000292
0.000292
0.000292
0.000292
0.000292
0.000292
0.000292
0.000292
0.000292
0.000292
0.000292
0.000292
0.000292
0.000292
0.000292
0.000291
0.000291
0.000291
0.000291
0.000291
0.000291
0.000291
0.000291
0.000291
0.000291
0.000291
0.000291
0.000291
0.000291
0.000291
0.000291
0.000291
0.000290
0.000290
0.000290
0.000290
0.000290
0.000290
0.000290
0.000290
0.000290
0.000290
0.000290
0.000290
0.000290
0.000290
0.000290
0.000290
0.000290
0.000289
0.000289
0.000289
0.000289
0.000289
0.000289
0.000289
0.000289
0.000289
0.000289
0.000289
0.000289
0.000289
0.000289
0.000289
0.000289
0.000288
0.000288
0.000288
0.000288
0.000288
0.000288
0.000288
0.000288
0.000288
0.000288
0.000288
0.000288
0.000288
0.000288
0.000288
0.000288
0.000288
0.000287
0.000287
0.000287
0.000287
0.000287
0.000287
0.000287
0.000287
0.000287
0.000287
0.000287
0.000287
0.000287
0.000287
0.000287
0.000287
0.000287
0.000286
0.000286
0.000286
0.000286
0.000286
0.000286
0.000286
0.000286
0.000286
0.000286
0.000286
0.000286
0.000286
0.000286
0.000286
0.000286
0.000286
0.000285
0.000285
0.000285
0.000285
0.000285
0.000285
0.000285
0.000285
0.000285
0.000285
0.000285
0.000285
0.000285
0.000285
0.000285
0.000285
0.000285
0.000285
0.000284
0.000284
0.000284
0.000284
0.000284
0.000284
0.000284
0.000284
0.000284
0.000284
0.000284
0.000284
0.000284
0.000284
0.000284
0.000284
0.000284
0.000283
0.000283
0.000283
0.000283
0.000283
0.000283
0.000283
0.000283
0.000283
0.000283
0.000283
0.000283
0.000283
0.000283
0.000283
0.000283
0.000283
0.000282
0.000282
0.000282
0.000282
0.000282
0.000282
0.000282
0.000282
0.000282
0.000282
0.000282
0.000282
0.000282
0.000282
0.000282
0.000282
0.000282
0.000282
0.000281
0.000281
0.000281
0.000281
0.000281
0.000281
0.000281
0.000281
0.000281
0.000281
0.000281
0.000281
0.000281
0.000281
0.000281
0.000281
0.000281
0.000281
0.000280
0.000280
0.000280
0.000280
0.000280
0.000280
0.000280
0.000280
0.000280
0.000280
0.000280
0.000280
0.000280
0.000280
0.000280
0.000280
0.000280
0.000280
0.000279
0.000279
0.000279
0.000279
0.000279
0.000279
0.000279
0.000279
0.000279
0.000279
0.000279
0.000279
0.000279
0.000279
0.000279
0.000279
0.000279
0.000278
0.000278
0.000278
0.000278
0.000278
0.000278
0.000278
0.000278
0.000278
0.000278
0.000278
0.000278
0.000278
0.000278
0.000278
0.000278
0.000278
0.000278
0.000278
0.000277
0.000277
0.000277
0.000277
0.000277
0.000277
0.000277
0.000277
0.000277
0.000277
0.000277
0.000277
0.000277
0.000277
0.000277
0.000277
0.000277
0.000277
0.000276
0.000276
0.000276
0.000276
0.000276
0.000276
0.000276
0.000276
0.000276
0.000276
0.000276
0.000276
0.000276
0.000276
0.000276
0.000276
0.000276
0.000276
0.000275
0.000275
0.000275
0.000275
0.000275
0.000275
0.000275
0.000275
0.000275
0.000275
0.000275
0.000275
0.000275
0.000275
0.000275
0.000275
0.000275
0.000275
0.000275
0.000274
0.000274
0.000274
0.000274
0.000274
0.000274
0.000274
0.000274
0.000274
0.000274
0.000274
0.000274
0.000274
0.000274
0.000274
0.000274
0.000274
0.000274
0.000273
0.000273
0.000273
0.000273
0.000273
0.000273
0.000273
0.000273
0.000273
0.000273
0.000273
0.000273
0.000273
0.000273
0.000273
0.000273
0.000273
0.000273
0.000273
0.000272
0.000272
0.000272
0.000272
0.000272
0.000272
0.000272
0.000272
0.000272
0.000272
0.000272
0.000272
0.000272
0.000272
0.000272
0.000272
0.000272
0.000272
0.000272
0.000271
0.000271
0.000271
0.000271
0.000271
0.000271
0.000271
0.000271
0.000271
0.000271
0.000271
0.000271
0.000271
0.000271
0.000271
0.000271
0.000271
0.000271
0.000271
0.000270
0.000270
0.000270
0.000270
0.000270
0.000270
0.000270
0.000270
0.000270
0.000270
0.000270
0.000270
0.000270
0.000270
0.000270
0.000270
0.000270
0.000270
0.000270
0.000269
0.000269
0.000269
0.000269
0.000269
0.000269
0.000269
0.000269
0.000269
0.000269
0.000269
0.000269
0.000269
0.000269
0.000269
0.000269
0.000269
0.000269
0.000269
0.000268
0.000268
0.000268
0.000268
0.000268
0.000268
0.000268
0.000268
0.000268
0.000268
0.000268
0.000268
0.000268
0.000268
0.000268
0.000268
0.000268
0.000268
0.000268
0.000268
0.000267
0.000267
0.000267
0.000267
0.000267
0.000267
0.000267
0.000267
0.000267
0.000267
0.000267
0.000267
0.000267
0.000267
0.000267
0.000267
0.000267
0.000267
0.000267
0.000266
0.000266
0.000266
0.000266
0.000266
0.000266
0.000266
0.000266
0.000266
0.000266
0.000266
0.000266
0.000266
0.000266
0.000266
0.000266
0.000266
0.000266
0.000266
0.000266
0.000265
0.000265
0.000265
0.000265
0.000265
0.000265
0.000265
0.000265
0.000265
0.000265
0.000265
0.000265
0.000265
0.000265
0.000265
0.000265
0.000265
0.000265
0.000265
0.000265
0.000264
0.000264
0.000264
0.000264
0.000264
0.000264
0.000264
0.000264
0.000264
0.000264
0.000264
0.000264
0.000264
0.000264
0.000264
0.000264
0.000264
0.000264
0.000264
0.000264
0.000263
0.000263
0.000263
0.000263
0.000263
0.000263
0.000263
0.000263
0.000263
0.000263
0.000263
0.000263
0.000263
0.000263
0.000263
0.000263
0.000263
0.000263
0.000263
0.000263
0.000262
0.000262
0.000262
0.000262
0.000262
0.000262
0.000262
0.000262
0.000262
0.000262
0.000262
0.000262
0.000262
0.000262
0.000262
0.000262
0.000262
0.000262
0.000262
0.000262
0.000261
0.000261
0.000261
0.000261
0.000261
0.000261
0.000261
0.000261
0.000261
0.000261
0.000261
0.000261
0.000261
0.000261
0.000261
0.000261
0.000261
0.000261
0.000261
0.000261
0.000261
0.000260
0.000260
0.000260
0.000260
0.000260
0.000260
0.000260
0.000260
0.000260
0.000260
0.000260
0.000260
0.000260
0.000260
0.000260
0.000260
0.000260
0.000260
0.000260
0.000260
0.000259
0.000259
0.000259
0.000259
0.000259
0.000259
0.000259
0.000259
0.000259
0.000259
0.000259
0.000259
0.000259
0.000259
0.000259
0.000259
0.000259
0.000259
0.000259
0.000259
0.000259
0.000258
0.000258
0.000258
0.000258
0.000258
0.000258
0.000258
0.000258
0.000258
0.000258
0.000258
0.000258
0.000258
0.000258
0.000258
0.000258
0.000258
0.000258
0.000258
0.000258
0.000258
0.000257
0.000257
0.000257
0.000257
0.000257
0.000257
0.000257
0.000257
0.000257
0.000257
0.000257
0.000257
0.000257
0.000257
0.000257
0.000257
0.000257
0.000257
0.000257
0.000257
0.000257
0.000256
0.000256
0.000256
0.000256
0.000256
0.000256
0.000256
0.000256
0.000256
0.000256
0.000256
0.000256
0.000256
0.000256
0.000256
0.000256
0.000256
0.000256
0.000256
0.000256
0.000256
0.000256
0.000255
0.000255
0.000255
0.000255
0.000255
0.000255
0.000255
0.000255
0.000255
0.000255
0.000255
0.000255
0.000255
0.000255
0.000255
0.000255
0.000255
0.000255
0.000255
0.000255
0.000255
0.000254
0.000254
0.000254
0.000254
0.000254
0.000254
0.000254
0.000254
0.000254
0.000254
0.000254
0.000254
0.000254
0.000254
0.000254
0.000254
0.000254
0.000254
0.000254
0.000254
0.000254
0.000254
0.000253
0.000253
0.000253
0.000253
0.000253
0.000253
0.000253
0.000253
0.000253
0.000253
0.000253
0.000253
0.000253
0.000253
0.000253
0.000253
0.000253
0.000253
0.000253
0.000253
0.000253
0.000252
0.000252
0.000252
0.000252
0.000252
0.000252
0.000252
0.000252
0.000252
0.000252
0.000252
0.000252
0.000252
0.000252
0.000252
0.000252
0.000252
0.000252
0.000252
0.000252
0.000252
0.000252
0.000251
0.000251
0.000251
0.000251
0.000251
0.000251
0.000251
0.000251
0.000251
0.000251
0.000251
0.000251
0.000251
0.000251
0.000251
0.000251
0.000251
0.000251
0.000251
0.000251
0.000251
0.000251
0.000250
0.000250
0.000250
0.000250
0.000250
0.000250
0.000250
0.000250
0.000250
0.000250
0.000250
0.000250
0.000250
0.000250
0.000250
0.000250
0.000250
0.000250
0.000250
0.000250
0.000250
0.000250
0.000250
0.000249
0.000249
0.000249
0.000249
0.000249
0.000249
0.000249
0.000249
0.000249
0.000249
0.000249
0.000249
0.000249
0.000249
0.000249
0.000249
0.000249
0.000249
0.000249
0.000249
0.000249
0.000249
0.000248
0.000248
0.000248
0.000248
0.000248
0.000248
0.000248
0.000248
0.000248
0.000248
0.000248
0.000248
0.000248
0.000248
0.000248
0.000248
0.000248
0.000248
0.000248
0.000248
0.000248
0.000248
0.000248
0.000247
0.000247
0.000247
0.000247
0.000247
0.000247
0.000247
0.000247
0.000247
0.000247
0.000247
0.000247
0.000247
0.000247
0.000247
0.000247
0.000247
0.000247
0.000247
0.000247
0.000247
0.000247
0.000246
0.000246
0.000246
0.000246
0.000246
0.000246
0.000246
0.000246
0.000246
0.000246
0.000246
0.000246
0.000246
0.000246
0.000246
0.000246
0.000246
0.000246
0.000246
0.000246
0.000246
0.000246
0.000246
0.000245
0.000245
0.000245
0.000245
0.000245
0.000245
0.000245
0.000245
0.000245
0.000245
0.000245
0.000245
0.000245
0.000245
0.000245
0.000245
0.000245
0.000245
0.000245
0.000245
0.000245
0.000245
0.000245
0.000245
0.000244
0.000244
0.000244
0.000244
0.000244
0.000244
0.000244
0.000244
0.000244
0.000244
0.000244
0.000244
0.000244
0.000244
0.000244
0.000244
0.000244
0.000244
0.000244
0.000244
0.000244
0.000244
0.000244
0.000243
0.000243
0.000243
0.000243
0.000243
0.000243
0.000243
0.000243
0.000243
0.000243
0.000243
0.000243
0.000243
0.000243
0.000243
0.000243
0.000243
0.000243
0.000243
0.000243
0.000243
0.000243
0.000243
0.000243
0.000242
0.000242
0.000242
0.000242
0.000242
0.000242
0.000242
0.000242
0.000242
0.000242
0.000242
0.000242
0.000242
0.000242
0.000242
0.000242
0.000242
0.000242
0.000242
0.000242
0.000242
0.000242
0.000242
0.000241
0.000241
0.000241
0.000241
0.000241
0.000241
0.000241
0.000241
0.000241
0.000241
0.000241
0.000241
0.000241
0.000241
0.000241
0.000241
0.000241
0.000241
0.000241
0.000241
0.000241
0.000241
0.000241
0.000241
0.000240
0.000240
0.000240
0.000240
0.000240
0.000240
0.000240
0.000240
0.000240
0.000240
0.000240
0.000240
0.000240
0.000240
0.000240
0.000240
0.000240
0.000240
0.000240
0.000240
0.000240
0.000240
0.000240
0.000240
0.000239
0.000239
0.000239
0.000239
0.000239
0.000239
0.000239
0.000239
0.000239
0.000239
0.000239
0.000239
0.000239
0.000239
0.000239
0.000239
0.000239
0.000239
0.000239
0.000239
0.000239
0.000239
0.000239
0.000239
0.000239
0.000238
0.000238
0.000238
0.000238
0.000238
0.000238
0.000238
0.000238
0.000238
0.000238
0.000238
0.000238
0.000238
0.000238
0.000238
0.000238
0.000238
0.000238
0.000238
0.000238
0.000238
0.000238
0.000238
0.000238
0.000237
0.000237
0.000237
0.000237
0.000237
0.000237
0.000237
0.000237
0.000237
0.000237
0.000237
0.000237
0.000237
0.000237
0.000237
0.000237
0.000237
0.000237
0.000237
0.000237
0.000237
0.000237
0.000237
0.000237
0.000237
0.000236
0.000236
0.000236
0.000236
0.000236
0.000236
0.000236
0.000236
0.000236
0.000236
0.000236
0.000236
0.000236
0.000236
0.000236
0.000236
0.000236
0.000236
0.000236
0.000236
0.000236
0.000236
0.000236
0.000236
0.000236
0.000235
0.000235
0.000235
0.000235
0.000235
0.000235
0.000235
0.000235
0.000235
0.000235
0.000235
0.000235
0.000235
0.000235
0.000235
0.000235
0.000235
0.000235
0.000235
0.000235
0.000235
0.000235
0.000235
0.000235
0.000235
0.000234
0.000234
0.000234
0.000234
0.000234
0.000234
0.000234
0.000234
0.000234
0.000234
0.000234
0.000234
0.000234
0.000234
0.000234
0.000234
0.000234
0.000234
0.000234
0.000234
0.000234
0.000234
0.000234
0.000234
0.000234
0.000233
0.000233
0.000233
0.000233
0.000233
0.000233
0.000233
0.000233
0.000233
0.000233
0.000233
0.000233
0.000233
0.000233
0.000233
0.000233
0.000233
0.000233
0.000233
0.000233
0.000233
0.000233
0.000233
0.000233
0.000233
0.000233
0.000232
0.000232
0.000232
0.000232
0.000232
0.000232
0.000232
0.000232
0.000232
0.000232
0.000232
0.000232
0.000232
0.000232
0.000232
0.000232
0.000232
0.000232
0.000232
0.000232
0.000232
0.000232
0.000232
0.000232
0.000232
0.000232
0.000231
0.000231
0.000231
0.000231
0.000231
0.000231
0.000231
0.000231
0.000231
0.000231
0.000231
0.000231
0.000231
0.000231
0.000231
0.000231
0.000231
0.000231
0.000231
0.000231
0.000231
0.000231
0.000231
0.000231
0.000231
0.000231
0.000230
0.000230
0.000230
0.000230
0.000230
0.000230
0.000230
0.000230
0.000230
0.000230
0.000230
0.000230
0.000230
0.000230
0.000230
0.000230
0.000230
0.000230
0.000230
0.000230
0.000230
0.000230
0.000230
0.000230
0.000230
0.000230
0.000229
0.000229
0.000229
0.000229
0.000229
0.000229
0.000229
0.000229
0.000229
0.000229
0.000229
0.000229
0.000229
0.000229
0.000229
0.000229
0.000229
0.000229
0.000229
0.000229
0.000229
0.000229
0.000229
0.000229
0.000229
0.000229
0.000228
0.000228
0.000228
0.000228
0.000228
0.000228
0.000228
0.000228
0.000228
0.000228
0.000228
0.000228
0.000228
0.000228
0.000228
0.000228
0.000228
0.000228
0.000228
0.000228
0.000228
0.000228
0.000228
0.000228
0.000228
0.000228
0.000228
0.000227
0.000227
0.000227
0.000227
0.000227
0.000227
0.000227
0.000227
0.000227
0.000227
0.000227
0.000227
0.000227
0.000227
0.000227
0.000227
0.000227
0.000227
0.000227
0.000227
0.000227
0.000227
0.000227
0.000227
0.000227
0.000227
0.000227
0.000226
0.000226
0.000226
0.000226
0.000226
0.000226
0.000226
0.000226
0.000226
0.000226
0.000226
0.000226
0.000226
0.000226
0.000226
0.000226
0.000226
0.000226
0.000226
0.000226
0.000226
0.000226
0.000226
0.000226
0.000226
0.000226
0.000226
0.000225
0.000225
0.000225
0.000225
0.000225
0.000225
0.000225
0.000225
0.000225
0.000225
0.000225
0.000225
0.000225
0.000225
0.000225
0.000225
0.000225
0.000225
0.000225
0.000225
0.000225
0.000225
0.000225
0.000225
0.000225
0.000225
0.000225
0.000224
0.000224
0.000224
0.000224
0.000224
0.000224
0.000224
0.000224
0.000224
0.000224
0.000224
0.000224
0.000224
0.000224
0.000224
0.000224
0.000224
0.000224
0.000224
0.000224
0.000224
0.000224
0.000224
0.000224
0.000224
0.000224
0.000224
0.000224
0.000223
0.000223
0.000223
0.000223
0.000223
0.000223
0.000223
0.000223
0.000223
0.000223
0.000223
0.000223
0.000223
0.000223
0.000223
0.000223
0.000223
0.000223
0.000223
0.000223
0.000223
0.000223
0.000223
0.000223
0.000223
0.000223
0.000223
0.000223
0.000222
0.000222
0.000222
0.000222
0.000222
0.000222
0.000222
0.000222
0.000222
0.000222
0.000222
0.000222
0.000222
0.000222
0.000222
0.000222
0.000222
0.000222
0.000222
0.000222
0.000222
0.000222
0.000222
0.000222
0.000222
0.000222
0.000222
0.000222
0.000221
0.000221
0.000221
0.000221
0.000221
0.000221
0.000221
0.000221
0.000221
0.000221
0.000221
0.000221
0.000221
0.000221
0.000221
0.000221
0.000221
0.000221
0.000221
0.000221
0.000221
0.000221
0.000221
0.000221
0.000221
0.000221
0.000221
0.000221
0.000220
0.000220
0.000220
0.000220
0.000220
0.000220
0.000220
0.000220
0.000220
0.000220
0.000220
0.000220
0.000220
0.000220
0.000220
0.000220
0.000220
0.000220
0.000220
0.000220
0.000220
0.000220
0.000220
0.000220
0.000220
0.000220
0.000220
0.000220
0.000220
0.000219
0.000219
0.000219
0.000219
0.000219
0.000219
0.000219
0.000219
0.000219
0.000219
0.000219
0.000219
0.000219
0.000219
0.000219
0.000219
0.000219
0.000219
0.000219
0.000219
0.000219
0.000219
0.000219
0.000219
0.000219
0.000219
0.000219
0.000219
0.000219
0.000218
0.000218
0.000218
0.000218
0.000218
0.000218
0.000218
0.000218
0.000218
0.000218
0.000218
0.000218
0.000218
0.000218
0.000218
0.000218
0.000218
0.000218
0.000218
0.000218
0.000218
0.000218
0.000218
0.000218
0.000218
0.000218
0.000218
0.000218
0.000218
0.000217
0.000217
0.000217
0.000217
0.000217
0.000217
0.000217
0.000217
0.000217
0.000217
0.000217
0.000217
0.000217
0.000217
0.000217
0.000217
0.000217
0.000217
0.000217
0.000217
0.000217
0.000217
0.000217
0.000217
0.000217
0.000217
0.000217
0.000217
0.000217
0.000216
0.000216
0.000216
0.000216
0.000216
0.000216
0.000216
0.000216
0.000216
0.000216
0.000216
0.000216
0.000216
0.000216
0.000216
0.000216
0.000216
0.000216
0.000216
0.000216
0.000216
0.000216
0.000216
0.000216
0.000216
0.000216
0.000216
0.000216
0.000216
0.000216
0.000215
0.000215
0.000215
0.000215
0.000215
0.000215
0.000215
0.000215
0.000215
0.000215
0.000215
0.000215
0.000215
0.000215
0.000215
0.000215
0.000215
0.000215
0.000215
0.000215
0.000215
0.000215
0.000215
0.000215
0.000215
0.000215
0.000215
0.000215
0.000215
0.000215
0.000214
0.000214
0.000214
0.000214
0.000214
0.000214
0.000214
0.000214
0.000214
0.000214
0.000214
0.000214
0.000214
0.000214
0.000214
0.000214
0.000214
0.000214
0.000214
0.000214
0.000214
0.000214
0.000214
0.000214
0.000214
0.000214
0.000214
0.000214
0.000214
0.000214
0.000213
0.000213
0.000213
0.000213
0.000213
0.000213
0.000213
0.000213
0.000213
0.000213
0.000213
0.000213
0.000213
0.000213
0.000213
0.000213
0.000213
0.000213
0.000213
0.000213
0.000213
0.000213
0.000213
0.000213
0.000213
0.000213
0.000213
0.000213
0.000213
0.000213
0.000213
0.000212
0.000212
0.000212
0.000212
0.000212
0.000212
0.000212
0.000212
0.000212
0.000212
0.000212
0.000212
0.000212
0.000212
0.000212
0.000212
0.000212
0.000212
0.000212
0.000212
0.000212
0.000212
0.000212
0.000212
0.000212
0.000212
0.000212
0.000212
0.000212
0.000212
0.000211
0.000211
0.000211
0.000211
0.000211
0.000211
0.000211
0.000211
0.000211
0.000211
0.000211
0.000211
0.000211
0.000211
0.000211
0.000211
0.000211
0.000211
0.000211
0.000211
0.000211
0.000211
0.000211
0.000211
0.000211
0.000211
0.000211
0.000211
0.000211
0.000211
0.000211
0.000210
0.000210
0.000210
0.000210
0.000210
0.000210
0.000210
0.000210
0.000210
0.000210
0.000210
0.000210
0.000210
0.000210
0.000210
0.000210
0.000210
0.000210
0.000210
0.000210
0.000210
0.000210
0.000210
0.000210
0.000210
0.000210
0.000210
0.000210
0.000210
0.000210
0.000210
0.000210
0.000209
0.000209
0.000209
0.000209
0.000209
0.000209
0.000209
0.000209
0.000209
0.000209
0.000209
0.000209
0.000209
0.000209
0.000209
0.000209
0.000209
0.000209
0.000209
0.000209
0.000209
0.000209
0.000209
0.000209
0.000209
0.000209
0.000209
0.000209
0.000209
0.000209
0.000209
0.000208
0.000208
0.000208
0.000208
0.000208
0.000208
0.000208
0.000208
0.000208
0.000208
0.000208
0.000208
0.000208
0.000208
0.000208
0.000208
0.000208
0.000208
0.000208
0.000208
0.000208
0.000208
0.000208
0.000208
0.000208
0.000208
0.000208
0.000208
0.000208
0.000208
0.000208
0.000208
0.000207
0.000207
0.000207
0.000207
0.000207
0.000207
0.000207
0.000207
0.000207
0.000207
0.000207
0.000207
0.000207
0.000207
0.000207
0.000207
0.000207
0.000207
0.000207
0.000207
0.000207
0.000207
0.000207
0.000207
0.000207
0.000207
0.000207
0.000207
0.000207
0.000207
0.000207
0.000207
0.000207
0.000206
0.000206
0.000206
0.000206
0.000206
0.000206
0.000206
0.000206
0.000206
0.000206
0.000206
0.000206
0.000206
0.000206
0.000206
0.000206
0.000206
0.000206
0.000206
0.000206
0.000206
0.000206
0.000206
0.000206
0.000206
0.000206
0.000206
0.000206
0.000206
0.000206
0.000206
0.000206
0.000205
0.000205
0.000205
0.000205
0.000205
0.000205
0.000205
0.000205
0.000205
0.000205
0.000205
0.000205
0.000205
0.000205
0.000205
0.000205
0.000205
0.000205
0.000205
0.000205
0.000205
0.000205
0.000205
0.000205
0.000205
0.000205
0.000205
0.000205
0.000205
0.000205
0.000205
0.000205
0.000205
0.000204
0.000204
0.000204
0.000204
0.000204
0.000204
0.000204
0.000204
0.000204
0.000204
0.000204
0.000204
0.000204
0.000204
0.000204
0.000204
0.000204
0.000204
0.000204
0.000204
0.000204
0.000204
0.000204
0.000204
0.000204
0.000204
0.000204
0.000204
0.000204
0.000204
0.000204
0.000204
0.000204
0.000203
0.000203
0.000203
0.000203
0.000203
0.000203
0.000203
0.000203
0.000203
0.000203
0.000203
0.000203
0.000203
0.000203
0.000203
0.000203
0.000203
0.000203
0.000203
0.000203
0.000203
0.000203
0.000203
0.000203
0.000203
0.000203
0.000203
0.000203
0.000203
0.000203
0.000203
0.000203
0.000203
0.000203
0.000202
0.000202
0.000202
0.000202
0.000202
0.000202
0.000202
0.000202
0.000202
0.000202
0.000202
0.000202
0.000202
0.000202
0.000202
0.000202
0.000202
0.000202
0.000202
0.000202
0.000202
0.000202
0.000202
0.000202
0.000202
0.000202
0.000202
0.000202
0.000202
0.000202
0.000202
0.000202
0.000202
0.000201
0.000201
0.000201
0.000201
0.000201
0.000201
0.000201
0.000201
0.000201
0.000201
0.000201
0.000201
0.000201
0.000201
0.000201
0.000201
0.000201
0.000201
0.000201
0.000201
0.000201
0.000201
0.000201
0.000201
0.000201
0.000201
0.000201
0.000201
0.000201
0.000201
0.000201
0.000201
0.000201
0.000201
0.000201
0.000200
0.000200
0.000200
0.000200
0.000200
0.000200
0.000200
0.000200
0.000200
0.000200
0.000200
0.000200
0.000200
0.000200
0.000200
0.000200
0.000200
0.000200
0.000200
0.000200
0.000200
0.000200
0.000200
0.000200
0.000200
0.000200
0.000200
0.000200
0.000200
0.000200
0.000200
0.000200
0.000200
0.000200
0.000199
0.000199
0.000199
0.000199
0.000199
0.000199
0.000199
0.000199
0.000199
0.000199
0.000199
0.000199
0.000199
0.000199
0.000199
0.000199
0.000199
0.000199
0.000199
0.000199
0.000199
0.000199
0.000199
0.000199
0.000199
0.000199
0.000199
0.000199
0.000199
0.000199
0.000199
0.000199
0.000199
0.000199
0.000199
0.000198
0.000198
0.000198
0.000198
0.000198
0.000198
0.000198
0.000198
0.000198
0.000198
0.000198
0.000198
0.000198
0.000198
0.000198
0.000198
0.000198
0.000198
0.000198
0.000198
0.000198
0.000198
0.000198
0.000198
0.000198
0.000198
0.000198
0.000198
0.000198
0.000198
0.000198
0.000198
0.000198
0.000198
0.000198
0.000197
0.000197
0.000197
0.000197
0.000197
0.000197
0.000197
0.000197
0.000197
0.000197
0.000197
0.000197
0.000197
0.000197
0.000197
0.000197
0.000197
0.000197
0.000197
0.000197
0.000197
0.000197
0.000197
0.000197
0.000197
0.000197
0.000197
0.000197
0.000197
0.000197
0.000197
0.000197
0.000197
0.000197
0.000197
0.000197
0.000196
0.000196
0.000196
0.000196
0.000196
0.000196
0.000196
0.000196
0.000196
0.000196
0.000196
0.000196
0.000196
0.000196
0.000196
0.000196
0.000196
0.000196
0.000196
0.000196
0.000196
0.000196
0.000196
0.000196
0.000196
0.000196
0.000196
0.000196
0.000196
0.000196
0.000196
0.000196
0.000196
0.000196
0.000196
0.000195
0.000195
0.000195
0.000195
0.000195
0.000195
0.000195
0.000195
0.000195
0.000195
0.000195
0.000195
0.000195
0.000195
0.000195
0.000195
0.000195
0.000195
0.000195
0.000195
0.000195
0.000195
0.000195
0.000195
0.000195
0.000195
0.000195
0.000195
0.000195
0.000195
0.000195
0.000195
0.000195
0.000195
0.000195
0.000195
0.000195
0.000194
0.000194
0.000194
0.000194
0.000194
0.000194
0.000194
0.000194
0.000194
0.000194
0.000194
0.000194
0.000194
0.000194
0.000194
0.000194
0.000194
0.000194
0.000194
0.000194
0.000194
0.000194
0.000194
0.000194
0.000194
0.000194
0.000194
0.000194
0.000194
0.000194
0.000194
0.000194
0.000194
0.000194
0.000194
0.000194
0.000193
0.000193
0.000193
0.000193
0.000193
0.000193
0.000193
0.000193
0.000193
0.000193
0.000193
0.000193
0.000193
0.000193
0.000193
0.000193
0.000193
0.000193
0.000193
0.000193
0.000193
0.000193
0.000193
0.000193
0.000193
0.000193
0.000193
0.000193
0.000193
0.000193
0.000193
0.000193
0.000193
0.000193
0.000193
0.000193
0.000193
0.000192
0.000192
0.000192
0.000192
0.000192
0.000192
0.000192
0.000192
0.000192
0.000192
0.000192
0.000192
0.000192
0.000192
0.000192
0.000192
0.000192
0.000192
0.000192
0.000192
0.000192
0.000192
0.000192
0.000192
0.000192
0.000192
0.000192
0.000192
0.000192
0.000192
0.000192
0.000192
0.000192
0.000192
0.000192
0.000192
0.000192
0.000192
0.000191
0.000191
0.000191
0.000191
0.000191
0.000191
0.000191
0.000191
0.000191
0.000191
0.000191
0.000191
0.000191
0.000191
0.000191
0.000191
0.000191
0.000191
0.000191
0.000191
0.000191
0.000191
0.000191
0.000191
0.000191
0.000191
0.000191
0.000191
0.000191
0.000191
0.000191
0.000191
0.000191
0.000191
0.000191
0.000191
0.000191
0.000190
0.000190
0.000190
0.000190
0.000190
0.000190
0.000190
0.000190
0.000190
0.000190
0.000190
0.000190
0.000190
0.000190
0.000190
0.000190
0.000190
0.000190
0.000190
0.000190
0.000190
0.000190
0.000190
0.000190
0.000190
0.000190
0.000190
0.000190
0.000190
0.000190
0.000190
0.000190
0.000190
0.000190
0.000190
0.000190
0.000190
0.000190
0.000189
0.000189
0.000189
0.000189
0.000189
0.000189
0.000189
0.000189
0.000189
0.000189
0.000189
0.000189
0.000189
0.000189
0.000189
0.000189
0.000189
0.000189
0.000189
0.000189
0.000189
0.000189
0.000189
0.000189
0.000189
0.000189
0.000189
0.000189
0.000189
0.000189
0.000189
0.000189
0.000189
0.000189
0.000189
0.000189
0.000189
0.000189
0.000189
0.000188
0.000188
0.000188
0.000188
0.000188
0.000188
0.000188
0.000188
0.000188
0.000188
0.000188
0.000188
0.000188
0.000188
0.000188
0.000188
0.000188
0.000188
0.000188
0.000188
0.000188
0.000188
0.000188
0.000188
0.000188
0.000188
0.000188
0.000188
0.000188
0.000188
0.000188
0.000188
0.000188
0.000188
0.000188
0.000188
0.000188
0.000188
0.000188
0.000187
0.000187
0.000187
0.000187
0.000187
0.000187
0.000187
0.000187
0.000187
0.000187
0.000187
0.000187
0.000187
0.000187
0.000187
0.000187
0.000187
0.000187
0.000187
0.000187
0.000187
0.000187
0.000187
0.000187
0.000187
0.000187
0.000187
0.000187
0.000187
0.000187
0.000187
0.000187
0.000187
0.000187
0.000187
0.000187
0.000187
0.000187
0.000187
0.000186
0.000186
0.000186
0.000186
0.000186
0.000186
0.000186
0.000186
0.000186
0.000186
0.000186
0.000186
0.000186
0.000186
0.000186
0.000186
0.000186
0.000186
0.000186
0.000186
0.000186
0.000186
0.000186
0.000186
0.000186
0.000186
0.000186
0.000186
0.000186
0.000186
0.000186
0.000186
0.000186
0.000186
0.000186
0.000186
0.000186
0.000186
0.000186
0.000186
0.000185
0.000185
0.000185
0.000185
0.000185
0.000185
0.000185
0.000185
0.000185
0.000185
0.000185
0.000185
0.000185
0.000185
0.000185
0.000185
0.000185
0.000185
0.000185
0.000185
0.000185
0.000185
0.000185
0.000185
0.000185
0.000185
0.000185
0.000185
0.000185
0.000185
0.000185
0.000185
0.000185
0.000185
0.000185
0.000185
0.000185
0.000185
0.000185
0.000185
0.000184
0.000184
0.000184
0.000184
0.000184
0.000184
0.000184
0.000184
0.000184
0.000184
0.000184
0.000184
0.000184
0.000184
0.000184
0.000184
0.000184
0.000184
0.000184
0.000184
0.000184
0.000184
0.000184
0.000184
0.000184
0.000184
0.000184
0.000184
0.000184
0.000184
0.000184
0.000184
0.000184
0.000184
0.000184
0.000184
0.000184
0.000184
0.000184
0.000184
0.000184
0.000183
0.000183
0.000183
0.000183
0.000183
0.000183
0.000183
0.000183
0.000183
0.000183
0.000183
0.000183
0.000183
0.000183
0.000183
0.000183
0.000183
0.000183
0.000183
0.000183
0.000183
0.000183
0.000183
0.000183
0.000183
0.000183
0.000183
0.000183
0.000183
0.000183
0.000183
0.000183
0.000183
0.000183
0.000183
0.000183
0.000183
0.000183
0.000183
0.000183
0.000183
0.000182
0.000182
0.000182
0.000182
0.000182
0.000182
0.000182
0.000182
0.000182
0.000182
0.000182
0.000182
0.000182
0.000182
0.000182
0.000182
0.000182
0.000182
0.000182
0.000182
0.000182
0.000182
0.000182
0.000182
0.000182
0.000182
0.000182
0.000182
0.000182
0.000182
0.000182
0.000182
0.000182
0.000182
0.000182
0.000182
0.000182
0.000182
0.000182
0.000182
0.000182
0.000181
0.000181
0.000181
0.000181
0.000181
0.000181
0.000181
0.000181
0.000181
0.000181
0.000181
0.000181
0.000181
0.000181
0.000181
0.000181
0.000181
0.000181
0.000181
0.000181
0.000181
0.000181
0.000181
0.000181
0.000181
0.000181
0.000181
0.000181
0.000181
0.000181
0.000181
0.000181
0.000181
0.000181
0.000181
0.000181
0.000181
0.000181
0.000181
0.000181
0.000181
0.000181
0.000180
0.000180
0.000180
0.000180
0.000180
0.000180
0.000180
0.000180
0.000180
0.000180
0.000180
0.000180
0.000180
0.000180
0.000180
0.000180
0.000180
0.000180
0.000180
0.000180
0.000180
0.000180
0.000180
0.000180
0.000180
0.000180
0.000180
0.000180
0.000180
0.000180
0.000180
0.000180
0.000180
0.000180
0.000180
0.000180
0.000180
0.000180
0.000180
0.000180
0.000180
0.000180
0.000180
0.000179
0.000179
0.000179
0.000179
0.000179
0.000179
0.000179
0.000179
0.000179
0.000179
0.000179
0.000179
0.000179
0.000179
0.000179
0.000179
0.000179
0.000179
0.000179
0.000179
0.000179
0.000179
0.000179
0.000179
0.000179
0.000179
0.000179
0.000179
0.000179
0.000179
0.000179
0.000179
0.000179
0.000179
0.000179
0.000179
0.000179
0.000179
0.000179
0.000179
0.000179
0.000179
0.000178
0.000178
0.000178
0.000178
0.000178
0.000178
0.000178
0.000178
0.000178
0.000178
0.000178
0.000178
0.000178
0.000178
0.000178
0.000178
0.000178
0.000178
0.000178
0.000178
0.000178
0.000178
0.000178
0.000178
0.000178
0.000178
0.000178
0.000178
0.000178
0.000178
0.000178
0.000178
0.000178
0.000178
0.000178
0.000178
0.000178
0.000178
0.000178
0.000178
0.000178
0.000178
0.000178
0.000178
0.000177
0.000177
0.000177
0.000177
0.000177
0.000177
0.000177
0.000177
0.000177
0.000177
0.000177
0.000177
0.000177
0.000177
0.000177
0.000177
0.000177
0.000177
0.000177
0.000177
0.000177
0.000177
0.000177
0.000177
0.000177
0.000177
0.000177
0.000177
0.000177
0.000177
0.000177
0.000177
0.000177
0.000177
0.000177
0.000177
0.000177
0.000177
0.000177
0.000177
0.000177
0.000177
0.000177
0.000177
0.000176
0.000176
0.000176
0.000176
0.000176
0.000176
0.000176
0.000176
0.000176
0.000176
0.000176
0.000176
0.000176
0.000176
0.000176
0.000176
0.000176
0.000176
0.000176
0.000176
0.000176
0.000176
0.000176
0.000176
0.000176
0.000176
0.000176
0.000176
0.000176
0.000176
0.000176
0.000176
0.000176
0.000176
0.000176
0.000176
0.000176
0.000176
0.000176
0.000176
0.000176
0.000176
0.000176
0.000176
0.000175
0.000175
0.000175
0.000175
0.000175
0.000175
0.000175
0.000175
0.000175
0.000175
0.000175
0.000175
0.000175
0.000175
0.000175
0.000175
0.000175
0.000175
0.000175
0.000175
0.000175
0.000175
0.000175
0.000175
0.000175
0.000175
0.000175
0.000175
0.000175
0.000175
0.000175
0.000175
0.000175
0.000175
0.000175
0.000175
0.000175
0.000175
0.000175
0.000175
0.000175
0.000175
0.000175
0.000175
0.000175
0.000174
0.000174
0.000174
0.000174
0.000174
0.000174
0.000174
0.000174
0.000174
0.000174
0.000174
0.000174
0.000174
0.000174
0.000174
0.000174
0.000174
0.000174
0.000174
0.000174
0.000174
0.000174
0.000174
0.000174
0.000174
0.000174
0.000174
0.000174
0.000174
0.000174
0.000174
0.000174
0.000174
0.000174
0.000174
0.000174
0.000174
0.000174
0.000174
0.000174
0.000174
0.000174
0.000174
0.000174
0.000174
0.000173
0.000173
0.000173
0.000173
0.000173
0.000173
0.000173
0.000173
0.000173
0.000173
0.000173
0.000173
0.000173
0.000173
0.000173
0.000173
0.000173
0.000173
0.000173
0.000173
0.000173
0.000173
0.000173
0.000173
0.000173
0.000173
0.000173
0.000173
0.000173
0.000173
0.000173
0.000173
0.000173
0.000173
0.000173
0.000173
0.000173
0.000173
0.000173
0.000173
0.000173
0.000173
0.000173
0.000173
0.000173
0.000173
0.000172
0.000172
0.000172
0.000172
0.000172
0.000172
0.000172
0.000172
0.000172
0.000172
0.000172
0.000172
0.000172
0.000172
0.000172
0.000172
0.000172
0.000172
0.000172
0.000172
0.000172
0.000172
0.000172
0.000172
0.000172
0.000172
0.000172
0.000172
0.000172
0.000172
0.000172
0.000172
0.000172
0.000172
0.000172
0.000172
0.000172
0.000172
0.000172
0.000172
0.000172
0.000172
0.000172
0.000172
0.000172
0.000172
0.000171
0.000171
0.000171
0.000171
0.000171
0.000171
0.000171
0.000171
0.000171
0.000171
0.000171
0.000171
0.000171
0.000171
0.000171
0.000171
0.000171
0.000171
0.000171
0.000171
0.000171
0.000171
0.000171
0.000171
0.000171
0.000171
0.000171
0.000171
0.000171
0.000171
0.000171
0.000171
0.000171
0.000171
0.000171
0.000171
0.000171
0.000171
0.000171
0.000171
0.000171
0.000171
0.000171
0.000171
0.000171
0.000171
0.000171
0.000170
0.000170
0.000170
0.000170
0.000170
0.000170
0.000170
0.000170
0.000170
0.000170
0.000170
0.000170
0.000170
0.000170
0.000170
0.000170
0.000170
0.000170
0.000170
0.000170
0.000170
0.000170
0.000170
0.000170
0.000170
0.000170
0.000170
0.000170
0.000170
0.000170
0.000170
0.000170
0.000170
0.000170
0.000170
0.000170
0.000170
0.000170
0.000170
0.000170
0.000170
0.000170
0.000170
0.000170
0.000170
0.000170
0.000170
0.000169
0.000169
0.000169
0.000169
0.000169
0.000169
0.000169
0.000169
0.000169
0.000169
0.000169
0.000169
0.000169
0.000169
0.000169
0.000169
0.000169
0.000169
0.000169
0.000169
0.000169
0.000169
0.000169
0.000169
0.000169
0.000169
0.000169
0.000169
0.000169
0.000169
0.000169
0.000169
0.000169
0.000169
0.000169
0.000169
0.000169
0.000169
0.000169
0.000169
0.000169
0.000169
0.000169
0.000169
0.000169
0.000169
0.000169
0.000169
0.000168
0.000168
0.000168
0.000168
0.000168
0.000168
0.000168
0.000168
0.000168
0.000168
0.000168
0.000168
0.000168
0.000168
0.000168
0.000168
0.000168
0.000168
0.000168
0.000168
0.000168
0.000168
0.000168
0.000168
0.000168
0.000168
0.000168
0.000168
0.000168
0.000168
0.000168
0.000168
0.000168
0.000168
0.000168
0.000168
0.000168
0.000168
0.000168
0.000168
0.000168
0.000168
0.000168
0.000168
0.000168
0.000168
0.000168
0.000168
0.000168
0.000167
0.000167
0.000167
0.000167
0.000167
0.000167
0.000167
0.000167
0.000167
0.000167
0.000167
0.000167
0.000167
0.000167
0.000167
0.000167
0.000167
0.000167
0.000167
0.000167
0.000167
0.000167
0.000167
0.000167
0.000167
0.000167
0.000167
0.000167
0.000167
0.000167
0.000167
0.000167
0.000167
0.000167
0.000167
0.000167
0.000167
0.000167
0.000167
0.000167
0.000167
0.000167
0.000167
0.000167
0.000167
0.000167
0.000167
0.000167
0.000167
0.000166
0.000166
0.000166
0.000166
0.000166
0.000166
0.000166
0.000166
0.000166
0.000166
0.000166
0.000166
0.000166
0.000166
0.000166
0.000166
0.000166
0.000166
0.000166
0.000166
0.000166
0.000166
0.000166
0.000166
0.000166
0.000166
0.000166
0.000166
0.000166
0.000166
0.000166
0.000166
0.000166
0.000166
0.000166
0.000166
0.000166
0.000166
0.000166
0.000166
0.000166
0.000166
0.000166
0.000166
0.000166
0.000166
0.000166
0.000166
0.000166
0.000166
0.000165
0.000165
0.000165
0.000165
0.000165
0.000165
0.000165
0.000165
0.000165
0.000165
0.000165
0.000165
0.000165
0.000165
0.000165
0.000165
0.000165
0.000165
0.000165
0.000165
0.000165
0.000165
0.000165
0.000165
0.000165
0.000165
0.000165
0.000165
0.000165
0.000165
0.000165
0.000165
0.000165
0.000165
0.000165
0.000165
0.000165
0.000165
0.000165
0.000165
0.000165
0.000165
0.000165
0.000165
0.000165
0.000165
0.000165
0.000165
0.000165
0.000165
0.000164
0.000164
0.000164
0.000164
0.000164
0.000164
0.000164
0.000164
0.000164
0.000164
0.000164
0.000164
0.000164
0.000164
0.000164
0.000164
0.000164
0.000164
0.000164
0.000164
0.000164
0.000164
0.000164
0.000164
0.000164
0.000164
0.000164
0.000164
0.000164
0.000164
0.000164
0.000164
0.000164
0.000164
0.000164
0.000164
0.000164
0.000164
0.000164
0.000164
0.000164
0.000164
0.000164
0.000164
0.000164
0.000164
0.000164
0.000164
0.000164
0.000164
0.000164
0.000163
0.000163
0.000163
0.000163
0.000163
0.000163
0.000163
0.000163
0.000163
0.000163
0.000163
0.000163
0.000163
0.000163
0.000163
0.000163
0.000163
0.000163
0.000163
0.000163
0.000163
0.000163
0.000163
0.000163
0.000163
0.000163
0.000163
0.000163
0.000163
0.000163
0.000163
0.000163
0.000163
0.000163
0.000163
0.000163
0.000163
0.000163
0.000163
0.000163
0.000163
0.000163
0.000163
0.000163
0.000163
0.000163
0.000163
0.000163
0.000163
0.000163
0.000163
0.000162
0.000162
0.000162
0.000162
0.000162
0.000162
0.000162
0.000162
0.000162
0.000162
0.000162
0.000162
0.000162
0.000162
0.000162
0.000162
0.000162
0.000162
0.000162
0.000162
0.000162
0.000162
0.000162
0.000162
0.000162
0.000162
0.000162
0.000162
0.000162
0.000162
0.000162
0.000162
0.000162
0.000162
0.000162
0.000162
0.000162
0.000162
0.000162
0.000162
0.000162
0.000162
0.000162
0.000162
0.000162
0.000162
0.000162
0.000162
0.000162
0.000162
0.000162
0.000162
0.000161
0.000161
0.000161
0.000161
0.000161
0.000161
0.000161
0.000161
0.000161
0.000161
0.000161
0.000161
0.000161
0.000161
0.000161
0.000161
0.000161
0.000161
0.000161
0.000161
0.000161
0.000161
0.000161
0.000161
0.000161
0.000161
0.000161
0.000161
0.000161
0.000161
0.000161
0.000161
0.000161
0.000161
0.000161
0.000161
0.000161
0.000161
0.000161
0.000161
0.000161
0.000161
0.000161
0.000161
0.000161
0.000161
0.000161
0.000161
0.000161
0.000161
0.000161
0.000161
0.000161
0.000160
0.000160
0.000160
0.000160
0.000160
0.000160
0.000160
0.000160
0.000160
0.000160
0.000160
0.000160
0.000160
0.000160
0.000160
0.000160
0.000160
0.000160
0.000160
0.000160
0.000160
0.000160
0.000160
0.000160
0.000160
0.000160
0.000160
0.000160
0.000160
0.000160
0.000160
0.000160
0.000160
0.000160
0.000160
0.000160
0.000160
0.000160
0.000160
0.000160
0.000160
0.000160
0.000160
0.000160
0.000160
0.000160
0.000160
0.000160
0.000160
0.000160
0.000160
0.000160
0.000160
0.000159
0.000159
0.000159
0.000159
0.000159
0.000159
0.000159
0.000159
0.000159
0.000159
0.000159
0.000159
0.000159
0.000159
0.000159
0.000159
0.000159
0.000159
0.000159
0.000159
0.000159
0.000159
0.000159
0.000159
0.000159
0.000159
0.000159
0.000159
0.000159
0.000159
0.000159
0.000159
0.000159
0.000159
0.000159
0.000159
0.000159
0.000159
0.000159
0.000159
0.000159
0.000159
0.000159
0.000159
0.000159
0.000159
0.000159
0.000159
0.000159
0.000159
0.000159
0.000159
0.000159
0.000159
0.000158
0.000158
0.000158
0.000158
0.000158
0.000158
0.000158
0.000158
0.000158
0.000158
0.000158
0.000158
0.000158
0.000158
0.000158
0.000158
0.000158
0.000158
0.000158
0.000158
0.000158
0.000158
0.000158
0.000158
0.000158
0.000158
0.000158
0.000158
0.000158
0.000158
0.000158
0.000158
0.000158
0.000158
0.000158
0.000158
0.000158
0.000158
0.000158
0.000158
0.000158
0.000158
0.000158
0.000158
0.000158
0.000158
0.000158
0.000158
0.000158
0.000158
0.000158
0.000158
0.000158
0.000158
0.000158
0.000157
0.000157
0.000157
0.000157
0.000157
0.000157
0.000157
0.000157
0.000157
0.000157
0.000157
0.000157
0.000157
0.000157
0.000157
0.000157
0.000157
0.000157
0.000157
0.000157
0.000157
0.000157
0.000157
0.000157
0.000157
0.000157
0.000157
0.000157
0.000157
0.000157
0.000157
0.000157
0.000157
0.000157
0.000157
0.000157
0.000157
0.000157
0.000157
0.000157
0.000157
0.000157
0.000157
0.000157
0.000157
0.000157
0.000157
0.000157
0.000157
0.000157
0.000157
0.000157
0.000157
0.000157
0.000157
0.000157
0.000156
0.000156
0.000156
0.000156
0.000156
0.000156
0.000156
0.000156
0.000156
0.000156
0.000156
0.000156
0.000156
0.000156
0.000156
0.000156
0.000156
0.000156
0.000156
0.000156
0.000156
0.000156
0.000156
0.000156
0.000156
0.000156
0.000156
0.000156
0.000156
0.000156
0.000156
0.000156
0.000156
0.000156
0.000156
0.000156
0.000156
0.000156
0.000156
0.000156
0.000156
0.000156
0.000156
0.000156
0.000156
0.000156
0.000156
0.000156
0.000156
0.000156
0.000156
0.000156
0.000156
0.000156
0.000156
0.000156
0.000155
0.000155
0.000155
0.000155
0.000155
0.000155
0.000155
0.000155
0.000155
0.000155
0.000155
0.000155
0.000155
0.000155
0.000155
0.000155
0.000155
0.000155
0.000155
0.000155
0.000155
0.000155
0.000155
0.000155
0.000155
0.000155
0.000155
0.000155
0.000155
0.000155
0.000155
0.000155
0.000155
0.000155
0.000155
0.000155
0.000155
0.000155
0.000155
0.000155
0.000155
0.000155
0.000155
0.000155
0.000155
0.000155
0.000155
0.000155
0.000155
0.000155
0.000155
0.000155
0.000155
0.000155
0.000155
0.000155
0.000154
0.000154
0.000154
0.000154
0.000154
0.000154
0.000154
0.000154
0.000154
0.000154
0.000154
0.000154
0.000154
0.000154
0.000154
0.000154
0.000154
0.000154
0.000154
0.000154
0.000154
0.000154
0.000154
0.000154
0.000154
0.000154
0.000154
0.000154
0.000154
0.000154
0.000154
0.000154
0.000154
0.000154
0.000154
0.000154
0.000154
0.000154
0.000154
0.000154
0.000154
0.000154
0.000154
0.000154
0.000154
0.000154
0.000154
0.000154
0.000154
0.000154
0.000154
0.000154
0.000154
0.000154
0.000154
0.000154
0.000154
0.000154
0.000153
0.000153
0.000153
0.000153
0.000153
0.000153
0.000153
0.000153
0.000153
0.000153
0.000153
0.000153
0.000153
0.000153
0.000153
0.000153
0.000153
0.000153
0.000153
0.000153
0.000153
0.000153
0.000153
0.000153
0.000153
0.000153
0.000153
0.000153
0.000153
0.000153
0.000153
0.000153
0.000153
0.000153
0.000153
0.000153
0.000153
0.000153
0.000153
0.000153
0.000153
0.000153
0.000153
0.000153
0.000153
0.000153
0.000153
0.000153
0.000153
0.000153
0.000153
0.000153
0.000153
0.000153
0.000153
0.000153
0.000153
0.000153
0.000152
0.000152
0.000152
0.000152
0.000152
0.000152
0.000152
0.000152
0.000152
0.000152
0.000152
0.000152
0.000152
0.000152
0.000152
0.000152
0.000152
0.000152
0.000152
0.000152
0.000152
0.000152
0.000152
0.000152
0.000152
0.000152
0.000152
0.000152
0.000152
0.000152
0.000152
0.000152
0.000152
0.000152
0.000152
0.000152
0.000152
0.000152
0.000152
0.000152
0.000152
0.000152
0.000152
0.000152
0.000152
0.000152
0.000152
0.000152
0.000152
0.000152
0.000152
0.000152
0.000152
0.000152
0.000152
0.000152
0.000152
0.000152
0.000152
0.000151
0.000151
0.000151
0.000151
0.000151
0.000151
0.000151
0.000151
0.000151
0.000151
0.000151
0.000151
0.000151
0.000151
0.000151
0.000151
0.000151
0.000151
0.000151
0.000151
0.000151
0.000151
0.000151
0.000151
0.000151
0.000151
0.000151
0.000151
0.000151
0.000151
0.000151
0.000151
0.000151
0.000151
0.000151
0.000151
0.000151
0.000151
0.000151
0.000151
0.000151
0.000151
0.000151
0.000151
0.000151
0.000151
0.000151
0.000151
0.000151
0.000151
0.000151
0.000151
0.000151
0.000151
0.000151
0.000151
0.000151
0.000151
0.000151
0.000151
0.000150
0.000150
0.000150
0.000150
0.000150
0.000150
0.000150
0.000150
0.000150
0.000150
0.000150
0.000150
0.000150
0.000150
0.000150
0.000150
0.000150
0.000150
0.000150
0.000150
0.000150
0.000150
0.000150
0.000150
0.000150
0.000150
0.000150
0.000150
0.000150
0.000150
0.000150
0.000150
0.000150
0.000150
0.000150
0.000150
0.000150
0.000150
0.000150
0.000150
0.000150
0.000150
0.000150
0.000150
0.000150
0.000150
0.000150
0.000150
0.000150
0.000150
0.000150
0.000150
0.000150
0.000150
0.000150
0.000150
0.000150
0.000150
0.000150
0.000150
0.000150
0.000149
0.000149
0.000149
0.000149
0.000149
0.000149
0.000149
0.000149
0.000149
0.000149
0.000149
0.000149
0.000149
0.000149
0.000149
0.000149
0.000149
0.000149
0.000149
0.000149
0.000149
0.000149
0.000149
0.000149
0.000149
0.000149
0.000149
0.000149
0.000149
0.000149
0.000149
0.000149
0.000149
0.000149
0.000149
0.000149
0.000149
0.000149
0.000149
0.000149
0.000149
0.000149
0.000149
0.000149
0.000149
0.000149
0.000149
0.000149
0.000149
0.000149
0.000149
0.000149
0.000149
0.000149
