15.472442
15.408527
15.309946
15.220460
15.150011
15.094229
15.045723
15.004110
14.974065
14.954020
14.939559
14.927612
14.916284
14.904094
14.889443
14.869983
14.841566
14.801040
14.761410
14.737403
14.722597
14.709313
14.692618
14.666189
14.621127
14.563278
14.521886
14.498797
14.482584
14.466873
14.447248
14.418078
14.372964
14.318524
14.280287
14.262696
14.254000
14.248710
14.245062
14.242350
14.240232
14.238516
14.237090
14.235880
14.234836
14.233924
14.233118
14.232399
14.231753
14.231167
14.230635
14.230147
14.229698
14.229283
14.228899
14.228541
14.228207
14.227894
14.227600
14.227324
14.227063
14.226816
14.226582
14.226360
14.226149
14.225948
14.225756
14.225573
14.225397
14.225229
14.225067
14.224912
14.224762
14.224618
14.224479
14.224345
14.224215
14.224090
14.223968
14.223850
14.223736
14.223624
14.223516
14.223410
14.223307
14.223207
14.223109
14.223013
14.222919
14.222827
14.222737
14.222649
14.222562
14.222477
14.222393
14.222310
14.222229
14.222148
14.222069
14.221990
14.221913
14.221835
14.221759
14.221683
14.221608
14.221533
14.221458
14.221384
14.221309
14.221235
14.221161
14.221086
14.221012
14.220937
14.220861
14.220785
14.220709
14.220632
14.220554
14.220475
14.220395
14.220314
14.220231
14.220147
14.220061
14.219974
14.219884
14.219792
14.219698
14.219601
14.219501
14.219397
14.219290
14.219180
14.219064
14.218944
14.218819
14.218688
14.218551
14.218407
14.218254
14.218093
14.217922
14.217741
14.217547
14.217339
14.217115
14.216874
14.216613
14.216328
14.216017
14.215674
14.215295
14.214873
14.214400
14.213866
14.213257
14.212556
14.211741
14.210782
14.209636
14.208244
14.206519
14.204331
14.201473
14.197603
14.192120
14.183883
14.170552
14.146966
14.102159
14.022058
13.921251
13.848393
13.810804
13.791459
13.780339
13.773245
13.768339
13.764737
13.761968
13.759765
13.757962
13.756456
13.755175
13.754071
13.753107
13.752257
13.751501
13.750824
13.750214
13.749661
13.749158
13.748697
13.748274
13.747883
13.747522
13.747187
13.746874
13.746583
13.746310
13.746054
13.745813
13.745586
13.745372
13.745169
13.744977
13.744795
13.744621
13.744456
13.744298
13.744147
13.744003
13.743865
13.743732
13.743605
13.743482
13.743364
13.743250
13.743141
13.743035
13.742932
13.742833
13.742738
13.742645
13.742555
13.742467
13.742382
13.742300
13.742220
13.742142
13.742066
13.741991
13.741919
13.741849
13.741780
13.741713
13.741648
13.741584
13.741522
13.741460
13.741401
13.741342
13.741285
13.741229
13.741174
13.741120
13.741067
13.741016
13.740965
13.740915
13.740866
13.740818
13.740771
13.740725
13.740680
13.740635
13.740591
13.740548
13.740506
13.740464
13.740423
13.740383
13.740343
13.740304
13.740265
13.740227
13.740190
13.740153
13.740117
13.740081
13.740046
13.740012
13.739977
13.739944
13.739911
13.739878
13.739845
13.739814
13.739782
13.739751
13.739721
13.739690
13.739661
13.739631
13.739602
13.739573
13.739545
13.739517
13.739489
13.739462
13.739435
13.739409
13.739382
13.739356
13.739331
13.739305
13.739280
13.739255
13.739231
13.739206
13.739182
13.739159
13.739135
13.739112
13.739089
13.739066
13.739044
13.739021
13.738999
13.738978
13.738956
13.738935
13.738914
13.738893
13.738872
13.738852
13.738831
13.738811
13.738791
13.738772
13.738752
13.738733
13.738714
13.738695
13.738676
13.738657
13.738639
13.738621
13.738603
13.738585
13.738567
13.738549
13.738532
13.738515
13.738498
13.738481
13.738464
13.738447
13.738431
13.738414
13.738398
13.738382
13.738366
13.738350
13.738334
13.738319
13.738303
13.738288
13.738273
13.738258
13.738243
13.738228
13.738213
13.738199
13.738184
13.738170
13.738156
13.738141
13.738127
13.738114
13.738100
13.738086
13.738072
13.738059
13.738045
13.738032
13.738019
13.738006
13.737993
13.737980
13.737967
13.737954
13.737942
13.737929
13.737917
13.737904
13.737892
13.737880
13.737868
13.737856
13.737844
13.737832
13.737820
13.737809
13.737797
13.737785
13.737774
13.737763
13.737751
13.737740
13.737729
13.737718
13.737707
13.737696
13.737685
13.737674
13.737664
13.737653
13.737642
13.737632
13.737621
13.737611
13.737601
13.737590
13.737580
13.737570
13.737560
13.737550
13.737540
13.737530
13.737520
13.737511
13.737501
13.737491
13.737482
13.737472
13.737463
13.737453
13.737444
13.737434
13.737425
13.737416
13.737407
13.737398
13.737389
13.737380
13.737371
13.737362
13.737353
13.737344
13.737335
13.737327
13.737318
13.737309
13.737301
13.737292
13.737284
13.737275
13.737267
13.737259
13.737250
13.737242
13.737234
13.737226
13.737218
13.737210
13.737202
13.737194
13.737186
13.737178
13.737170
13.737162
13.737154
13.737146
13.737139
13.737131
13.737123
13.737116
13.737108
13.737101
13.737093
13.737086
13.737078
13.737071
13.737064
13.737056
13.737049
13.737042
13.737035
13.737027
13.737020
13.737013
13.737006
13.736999
13.736992
13.736985
13.736978
13.736971
13.736964
13.736957
13.736951
13.736944
13.736937
13.736930
13.736924
13.736917
13.736910
13.736904
13.736897
13.736891
13.736884
13.736878
13.736871
13.736865
13.736858
13.736852
13.736845
13.736839
13.736833
13.736826
13.736820
13.736814
13.736808
13.736802
13.736795
13.736789
13.736783
13.736777
13.736771
13.736765
13.736759
13.736753
13.736747
13.736741
13.736735
13.736729
13.736723
13.736717
13.736712
13.736706
13.736700
13.736694
13.736688
13.736683
13.736677
13.736671
13.736666
13.736660
13.736654
13.736649
13.736643
13.736637
13.736632
13.736626
13.736621
13.736615
13.736610
13.736604
13.736599
13.736594
13.736588
13.736583
13.736577
13.736572
13.736567
13.736561
13.736556
13.736551
13.736546
13.736540
13.736535
13.736530
13.736525
13.736519
13.736514
13.736509
13.736504
13.736499
13.736494
13.736489
13.736484
13.736478
13.736473
13.736468
13.736463
13.736458
13.736453
13.736448
13.736443
13.736438
13.736433
13.736429
13.736424
13.736419
13.736414
13.736409
13.736404
13.736399
13.736394
13.736390
13.736385
13.736380
13.736375
13.736370
13.736366
13.736361
13.736356
13.736351
13.736347
13.736342
13.736337
13.736332
13.736328
13.736323
13.736318
13.736314
13.736309
13.736305
13.736300
13.736295
13.736291
13.736286
13.736282
13.736277
13.736272
13.736268
13.736263
13.736259
13.736254
13.736250
13.736245
13.736241
13.736236
13.736232
13.736227
13.736223
13.736218
13.736214
13.736209
13.736205
13.736200
13.736196
13.736191
13.736187
13.736183
13.736178
13.736174
13.736169
13.736165
13.736161
13.736156
13.736152
13.736147
13.736143
13.736139
13.736134
13.736130
13.736126
13.736121
13.736117
13.736113
13.736108
13.736104
13.736100
13.736095
13.736091
13.736087
13.736082
13.736078
13.736074
13.736069
13.736065
13.736061
13.736056
13.736052
13.736048
13.736044
13.736039
13.736035
13.736031
13.736026
13.736022
13.736018
13.736014
13.736009
13.736005
13.736001
13.735996
13.735992
13.735988
13.735984
13.735979
13.735975
13.735971
13.735966
13.735962
13.735958
13.735953
13.735949
13.735945
13.735941
13.735936
13.735932
13.735928
13.735923
13.735919
13.735915
13.735910
13.735906
13.735902
13.735897
13.735893
13.735889
13.735884
13.735880
13.735876
13.735871
13.735867
13.735863
13.735858
13.735854
13.735849
13.735845
13.735841
13.735836
13.735832
13.735827
13.735823
13.735819
13.735814
13.735810
13.735805
13.735801
13.735796
13.735792
13.735787
13.735783
13.735778
13.735774
13.735769
13.735765
13.735760
13.735756
13.735751
13.735746
13.735742
13.735737
13.735733
13.735728
13.735723
13.735719
13.735714
13.735709
13.735705
13.735700
13.735695
13.735690
13.735686
13.735681
13.735676
13.735671
13.735666
13.735661
13.735657
13.735652
13.735647
13.735642
13.735637
13.735632
13.735627
13.735622
13.735617
13.735612
13.735607
13.735602
13.735597
13.735592
13.735586
13.735581
13.735576
13.735571
13.735566
13.735560
13.735555
13.735550
13.735544
13.735539
13.735534
13.735528
13.735523
13.735517
13.735512
13.735506
13.735501
13.735495
13.735489
13.735484
13.735478
13.735472
13.735466
13.735461
13.735455
13.735449
13.735443
13.735437
13.735431
13.735425
13.735419
13.735413
13.735407
13.735401
13.735394
13.735388
13.735382
13.735375
13.735369
13.735363
13.735356
13.735349
13.735343
13.735336
13.735330
13.735323
13.735316
13.735309
13.735302
13.735295
13.735288
13.735281
13.735274
13.735267
13.735260
13.735252
13.735245
13.735238
13.735230
13.735223
13.735215
13.735207
13.735199
13.735192
13.735184
13.735176
13.735168
13.735160
13.735151
13.735143
13.735135
13.735126
13.735118
13.735109
13.735100
13.735092
13.735083
13.735074
13.735065
13.735056
13.735046
13.735037
13.735028
13.735018
13.735008
13.734999
13.734989
13.734979
13.734969
13.734959
13.734948
13.734938
13.734927
13.734917
13.734906
13.734895
13.734884
13.734873
13.734861
13.734850
13.734838
13.734827
13.734815
13.734803
13.734791
13.734778
13.734766
13.734753
13.734740
13.734727
13.734714
13.734701
13.734687
13.734674
13.734660
13.734646
13.734631
13.734617
13.734602
13.734587
13.734572
13.734557
13.734541
13.734525
13.734509
13.734493
13.734477
13.734460
13.734443
13.734426
13.734408
13.734390
13.734372
13.734354
13.734335
13.734316
13.734297
13.734277
13.734258
13.734237
13.734217
13.734196
13.734175
13.734153
13.734131
13.734108
13.734086
13.734062
13.734039
13.734015
13.733990
13.733965
13.733940
13.733914
13.733888
13.733861
13.733834
13.733806
13.733777
13.733748
13.733719
13.733689
13.733658
13.733626
13.733594
13.733562
13.733528
13.733494
13.733459
13.733424
13.733387
13.733350
13.733312
13.733274
13.733234
13.733193
13.733152
13.733109
13.733066
13.733021
13.732976
13.732929
13.732881
13.732832
13.732782
13.732731
13.732678
13.732624
13.732568
13.732511
13.732453
13.732393
13.732331
13.732267
13.732202
13.732135
13.732066
13.731995
13.731922
13.731847
13.731770
13.731690
13.731608
13.731523
13.731436
13.731346
13.731253
13.731157
13.731057
13.730955
13.730849
13.730739
13.730626
13.730508
13.730386
13.730260
13.730130
13.729994
13.729853
13.729707
13.729555
13.729397
13.729233
13.729062
13.728884
13.728699
13.728505
13.728304
13.728093
13.727873
13.727643
13.727403
13.727152
13.726888
13.726613
13.726323
13.726020
13.725701
13.725367
13.725015
13.724646
13.724257
13.723847
13.723416
13.722961
13.722482
13.721977
13.721445
13.720884
13.720292
13.719667
13.719009
13.718317
13.717587
13.716820
13.716015
13.715171
13.714289
13.713369
13.712413
13.711423
13.710404
13.709362
13.708303
13.707237
13.706174
13.705126
13.704107
13.703127
13.702199
13.701327
13.700511
13.699744
13.699007
13.698272
13.697505
13.696664
13.695711
13.694607
13.693321
13.691831
13.690117
13.688166
13.685962
13.683487
13.680713
13.677603
13.674104
13.670150
13.665653
13.660505
13.654575
13.647704
13.639703
13.630356
13.619408
13.606510
13.591046
13.571819
13.546605
13.511817
13.463040
13.436078
13.351019
13.545952
13.046944
13.399053
13.013899
13.322094
13.182315
13.022457
12.970847
13.043161
13.092902
13.091346
12.674304
13.169007
12.662455
13.188252
12.872497
12.728941
13.467002
13.906815
14.133313
13.632902
13.498299
13.249765
12.860795
12.423570
11.919369
13.299186
14.004878
13.895502
13.794562
12.377421
12.779389
12.940231
12.007029
11.957689
13.164016
13.206958
12.608970
12.741892
13.894677
13.823181
13.803775
13.793643
13.786882
13.781832
13.777817
13.774496
13.771671
13.769214
13.767038
13.765079
13.763288
13.761625
13.760055
13.758545
13.757060
13.755560
13.753993
13.752280
13.750294
13.747785
13.744183
13.737657
13.711772
12.636353
12.769201
13.182922
11.951709
12.843828
12.683940
13.085423
12.524124
13.110172
13.014568
12.794492
13.065959
12.034615
13.032330
13.348611
12.709946
13.116201
13.117733
13.169552
12.756501
12.779160
11.860993
12.057314
13.276427
12.402618
13.064147
11.881629
13.217950
12.902209
12.404085
12.684713
13.632035
12.973823
11.444484
12.443811
12.925642
12.825810
11.682584
12.630915
11.691776
11.911929
14.276790
12.840172
12.037368
13.487996
12.905906
11.961371
12.434979
13.024105
11.903768
12.884318
11.997474
12.022780
12.564255
12.564832
12.565461
12.468789
11.858622
13.051880
13.097293
13.902389
12.989537
12.806399
13.448755
12.675814
14.717397
12.472142
11.708077
11.380830
11.444821
11.126473
11.298565
11.687121
11.412197
11.065163
11.153474
12.660349
12.114874
12.892467
11.853587
11.409377
11.555128
11.032301
13.209648
12.945892
12.004729
12.009152
12.014219
12.016932
12.017946
12.018110
12.017907
12.017561
12.017167
12.016766
12.016370
12.015986
12.015614
12.015254
12.014905
12.014567
12.014237
12.013917
12.013604
12.013298
12.012999
12.012706
12.012420
12.012138
12.011862
12.011591
12.011325
12.011063
12.010805
12.010551
12.010300
12.010054
12.009810
12.009570
12.009334
12.009100
12.008869
12.008641
12.008415
12.008192
12.007972
12.007754
12.007538
12.007325
12.007113
12.006904
12.006697
12.006492
12.006288
12.006087
12.005887
12.005689
12.005492
12.005298
12.005105
12.004913
12.004723
12.004534
12.004347
12.004161
12.003976
12.003793
12.003611
12.003430
12.003251
12.003072
12.002895
12.002719
12.002544
12.002369
12.002196
12.002024
12.001852
12.001681
12.001511
12.001342
12.001173
12.001005
12.000838
12.000670
12.000504
12.000337
12.000170
12.000004
11.999837
11.999670
11.999502
11.999334
11.999164
11.998994
11.998821
11.998647
11.998471
11.998291
11.998108
11.997920
11.997726
11.997524
11.997314
11.997091
11.996851
11.996587
11.996288
11.995947
11.995937
12.757852
13.050992
13.246455
13.135535
12.390194
12.362671
12.125064
12.119100
12.118408
12.118398
12.118090
12.117139
12.114403
12.058086
11.941657
11.803430
13.265226
12.555888
12.699758
13.450494
13.384301
13.261690
13.125329
12.702120
12.601970
14.327930
13.692928
13.639729
13.299860
13.152843
13.457495
12.995161
13.081092
13.734745
13.540625
13.440455
12.845550
12.684738
12.235248
11.536429
11.579371
12.342675
11.647870
11.521470
11.160074
11.279648
11.280182
11.279785
11.278963
11.277989
11.277347
11.280421
11.297894
11.277402
11.276184
11.274712
11.272647
11.560553
11.234290
12.401714
12.193331
12.243073
13.483554
12.288301
13.309869
12.423144
12.087594
12.025854
12.004203
11.830496
11.825826
11.823715
11.822416
11.821436
11.820615
11.819878
11.819171
11.818422
11.817493
11.815942
11.811591
11.520824
11.512546
11.507721
11.504478
11.502013
11.499810
11.497162
11.794300
11.171709
12.494946
12.853895
11.442720
12.042968
12.041170
12.255455
12.878790
12.247425
12.208519
12.187061
12.394618
12.095769
12.060944
11.891372
12.769830
12.440671
12.752651
12.652625
12.608965
12.208155
12.348553
12.033777
11.680712
11.515598
11.507449
11.503788
11.501293
11.498969
11.496502
11.493530
11.487634
11.371345
12.532790
13.073821
12.992202
13.310581
13.277593
13.264786
13.257234
13.252319
13.248885
13.246351
13.244401
13.242849
13.241582
13.240525
13.239628
13.238855
13.238180
13.237585
13.237056
13.236580
13.236149
13.235757
13.235397
13.235065
13.234758
13.234473
13.234207
13.233957
13.233723
13.233503
13.233295
13.233098
13.232912
13.232735
13.232566
13.232406
13.232253
13.232106
13.231966
13.231831
13.231702
13.231578
13.231458
13.231342
13.231231
13.231123
13.231018
13.230916
13.230818
13.230722
13.230629
13.230539
13.230451
13.230365
13.230281
13.230200
13.230120
13.230043
13.229967
13.229893
13.229821
13.229750
13.229680
13.229612
13.229546
13.229480
13.229416
13.229353
13.229291
13.229230
13.229170
13.229110
13.229052
13.228994
13.228936
13.228879
13.228823
13.228767
13.228710
13.228654
13.228598
13.228542
13.228485
13.228428
13.228370
13.228311
13.228251
13.228190
13.228126
13.228061
13.227993
13.227922
13.227848
13.227769
13.227684
13.227592
13.227492
13.227382
13.227258
13.227117
13.226953
13.226758
13.226518
13.226213
13.225805
13.225219
13.224286
13.222519
13.217875
13.395255
12.929566
12.702397
12.653453
12.644058
12.345047
12.335322
12.328375
12.323445
12.319941
12.317409
12.315515
12.314029
12.312801
12.311740
12.310792
12.309927
12.309127
12.308383
12.307688
12.307038
12.306430
12.305860
12.305326
12.304825
12.304354
12.303911
12.303493
12.303099
12.302726
12.302373
12.302037
12.301718
12.301413
12.301122
12.300843
12.300576
12.300319
12.300071
12.299832
12.299601
12.299377
12.299160
12.298949
12.298743
12.298542
12.298346
12.298153
12.297964
12.297777
12.297593
12.297410
12.297229
12.297048
12.296867
12.296684
12.296500
12.296312
12.296120
12.295920
12.295710
12.295487
12.295244
12.294973
12.294659
12.294275
12.293765
12.292985
12.291417
12.284458
12.059149
12.065981
12.788591
12.777107
12.769777
12.762078
12.753842
12.744949
12.735315
12.724902
12.713732
12.701917
12.689684
12.677402
12.665576
12.654767
12.645433
12.637693
12.631457
12.766498
12.202735
12.155802
12.937757
12.357931
12.185184
12.938240
12.633528
12.630150
12.627825
12.626187
12.624966
12.623987
12.623142
12.622355
12.621565
12.620694
12.619591
12.617840
12.613421
12.650707
12.378587
12.364282
12.352815
12.346490
12.341274
12.518443
12.337932
12.333647
11.986479
12.170547
12.169461
12.136420
12.991753
12.909284
12.831039
12.815189
12.799270
12.513943
12.489488
12.480530
12.182977
12.172633
12.170012
12.169358
12.169776
12.170637
12.171561
12.172362
12.172973
12.173389
12.173631
12.173715
12.173646
12.173389
12.172802
12.171198
12.159474
12.621749
12.407970
12.330600
12.322692
12.317375
12.313562
12.310688
12.308437
12.306618
12.305108
12.303823
12.302705
12.301706
12.300788
12.299905
12.298988
12.297858
12.295563
12.246796
13.095325
12.467509
12.458636
12.457338
12.456363
12.455601
12.454989
12.454483
12.454056
12.453687
12.453363
12.453076
12.452816
12.452580
12.452362
12.452160
12.451971
12.451793
12.451625
12.451466
12.451314
12.451168
12.451029
12.450894
12.450765
12.450640
12.450518
12.450401
12.450287
12.450177
12.450069
12.449965
12.449863
12.449763
12.449666
12.449572
12.449479
12.449389
12.449300
12.449214
12.449129
12.449047
12.448965
12.448886
12.448808
12.448731
12.448656
12.448583
12.448510
12.448439
12.448369
12.448301
12.448233
12.448167
12.448102
12.448038
12.447974
12.447912
12.447851
12.447791
12.447731
12.447673
12.447615
12.447558
12.447502
12.447446
12.447391
12.447337
12.447284
12.447231
12.447179
12.447128
12.447077
12.447027
12.446977
12.446928
12.446879
12.446831
12.446783
12.446736
12.446689
12.446643
12.446597
12.446551
12.446505
12.446460
12.446415
12.446371
12.446326
12.446282
12.446238
12.446194
12.446150
12.446106
12.446062
12.446018
12.445973
12.445928
12.445883
12.445837
12.445790
12.445743
12.445693
12.445643
12.445589
12.445533
12.445473
12.445408
12.445335
12.445250
12.445148
12.445014
12.444818
12.444461
12.443389
12.254475
12.121044
11.963105
11.961659
11.961432
11.961825
11.962457
11.963110
11.963679
11.964129
11.964459
11.964686
11.964829
11.964906
11.964934
11.964924
11.964886
11.964826
11.964748
11.964654
11.964545
11.964419
11.964272
11.964097
11.963879
11.963586
11.963137
11.962255
11.958723
11.793992
12.146716
12.881367
12.372329
13.130855
13.123403
13.111124
12.952416
12.946228
12.619240
12.924944
12.179638
12.178526
12.177458
12.176926
12.175218
12.164693
12.228660
11.797384
11.797777
11.798028
11.797964
11.797197
11.792539
11.628492
11.623111
12.407372
12.667794
11.997423
13.916959
14.779622
11.518044
11.117795
11.545186
11.233335
11.198884
11.651492
11.710832
11.098946
11.589558
11.518783
11.184317
11.180824
11.179148
11.155831
10.990292
10.984773
10.985854
10.987211
10.987542
10.987369
10.986974
10.986492
10.985986
10.985482
10.984988
10.984503
10.984022
10.983532
10.983014
10.982432
10.981728
10.980879
10.983619
10.978415
11.582827
11.140663
11.277599
12.065740
11.442754
11.593237
11.679310
11.095231
11.979833
10.713204
11.462176
11.740388
11.779852
11.668045
11.464135
11.647532
12.226830
12.177057
12.634734
11.293115
12.885070
12.690320
12.670934
12.660872
12.655085
12.651511
12.649184
12.647605
12.646498
12.645701
12.645113
12.644672
12.644335
12.644073
12.643868
12.643705
12.643575
12.643469
12.643383
12.643311
12.643252
12.643202
12.643160
12.643124
12.643093
12.643066
12.643041
12.643020
12.643000
12.642982
12.642966
12.642950
12.642936
12.642922
12.642908
12.642896
12.642883
12.642871
12.642859
12.642847
12.642836
12.642824
12.642813
12.642802
12.642791
12.642779
12.642768
12.642757
12.642746
12.642735
12.642724
12.642713
12.642702
12.642691
12.642680
12.642669
12.642658
12.642646
12.642635
12.642624
12.642613
12.642602
12.642590
12.642579
12.642568
12.642557
12.642545
12.642534
12.642522
12.642511
12.642499
12.642487
12.642476
12.642464
12.642452
12.642440
12.642429
12.642417
12.642405
12.642392
12.642380
12.642368
12.642356
12.642343
12.642330
12.642318
12.642305
12.642292
12.642279
12.642266
12.642252
12.642239
12.642225
12.642211
12.642197
12.642183
12.642168
12.642154
12.642139
12.642123
12.642107
12.642091
12.642075
12.642058
12.642041
12.642023
12.642004
12.641985
12.641965
12.641943
12.641921
12.641898
12.641872
12.641845
12.641815
12.641782
12.641744
12.641700
12.641646
12.641578
12.641484
12.641333
12.641026
12.639853
12.772567
12.168959
12.163293
12.229086
12.699222
12.168565
12.165042
12.164927
12.165162
12.165548
12.165966
12.166350
12.166674
12.166931
12.167125
12.167264
12.167359
12.167419
12.167453
12.167467
12.167466
12.167455
12.167436
12.167412
12.167386
12.167357
12.167326
12.167296
12.167265
12.167235
12.167205
12.167175
12.167146
12.167118
12.167090
12.167064
12.167038
12.167012
12.166987
12.166963
12.166939
12.166916
12.166893
12.166870
12.166848
12.166827
12.166806
12.166785
12.166764
12.166744
12.166724
12.166705
12.166685
12.166666
12.166647
12.166629
12.166610
12.166592
12.166574
12.166556
12.166538
12.166521
12.166503
12.166486
12.166469
12.166452
12.166435
12.166418
12.166402
12.166385
12.166369
12.166353
12.166337
12.166321
12.166305
12.166289
12.166274
12.166258
12.166243
12.166227
12.166212
12.166197
12.166182
12.166167
12.166152
12.166137
12.166123
12.166108
12.166093
12.166079
12.166064
12.166050
12.166036
12.166022
12.166008
12.165994
12.165980
12.165966
12.165952
12.165938
12.165924
12.165911
12.165897
12.165883
12.165870
12.165857
12.165843
12.165830
12.165817
12.165803
12.165790
12.165777
12.165764
12.165751
12.165738
12.165725
12.165713
12.165700
12.165687
12.165674
12.165662
12.165649
12.165637
12.165624
12.165612
12.165599
12.165587
12.165575
12.165562
12.165550
12.165538
12.165526
12.165514
12.165502
12.165490
12.165478
12.165466
12.165454
12.165442
12.165430
12.165418
12.165406
12.165395
12.165383
12.165371
12.165360
12.165348
12.165336
12.165325
12.165313
12.165302
12.165291
12.165279
12.165268
12.165256
12.165245
12.165234
12.165222
12.165211
12.165200
12.165189
12.165178
12.165166
12.165155
12.165144
12.165133
12.165122
12.165111
12.165100
12.165089
12.165078
12.165067
12.165056
12.165045
12.165034
12.165023
12.165013
12.165002
12.164991
12.164980
12.164969
12.164959
12.164948
12.164937
12.164926
12.164915
12.164905
12.164894
12.164883
12.164872
12.164862
12.164851
12.164840
12.164830
12.164819
12.164808
12.164797
12.164787
12.164776
12.164765
12.164754
12.164743
12.164733
12.164722
12.164711
12.164700
12.164689
12.164678
12.164667
12.164656
12.164645
12.164634
12.164623
12.164612
12.164600
12.164589
12.164578
12.164566
12.164555
12.164543
12.164531
12.164519
12.164507
12.164495
12.164483
12.164470
12.164457
12.164444
12.164431
12.164418
12.164404
12.164390
12.164375
12.164361
12.164345
12.164330
12.164313
12.164297
12.164280
12.164262
12.164244
12.164225
12.164206
12.164187
12.164168
12.164148
12.164130
12.164111
12.164092
12.164073
12.164054
12.164035
12.164015
12.163995
12.163974
12.163953
12.163931
12.163909
12.163886
12.163862
12.163838
12.163814
12.163789
12.163763
12.163736
12.163709
12.163681
12.163652
12.163623
12.163592
12.163560
12.163527
12.163493
12.163457
12.163420
12.163381
12.163340
12.163297
12.163252
12.163204
12.163154
12.163100
12.163042
12.162979
12.162912
12.162839
12.162759
12.162671
12.162574
12.162466
12.162348
12.162217
12.162075
12.161925
12.161769
12.161614
12.161460
12.161305
12.161144
12.160975
12.160796
12.160608
12.160409
12.160199
12.159989
12.160102
12.518933
12.508360
12.495314
12.492921
12.491296
12.490153
12.489327
12.488714
12.488249
12.487890
12.487609
12.487385
12.487203
12.487055
12.486933
12.486830
12.486744
12.486669
12.486605
12.486549
12.486499
12.486455
12.486415
12.486378
12.486345
12.486314
12.486285
12.486258
12.486233
12.486208
12.486185
12.486163
12.486142
12.486121
12.486101
12.486082
12.486063
12.486045
12.486027
12.486009
12.485992
12.485975
12.485958
12.485942
12.485926
12.485910
12.485895
12.485880
12.485865
12.485850
12.485835
12.485820
12.485806
12.485792
12.485778
12.485764
12.485750
12.485737
12.485723
12.485710
12.485696
12.485683
12.485670
12.485657
12.485644
12.485631
12.485619
12.485606
12.485593
12.485581
12.485568
12.485556
12.485543
12.485531
12.485518
12.485506
12.485494
12.485482
12.485469
12.485457
12.485445
12.485432
12.485420
12.485408
12.485395
12.485383
12.485371
12.485358
12.485346
12.485333
12.485320
12.485308
12.485295
12.485282
12.485269
12.485255
12.485242
12.485229
12.485215
12.485201
12.485187
12.485173
12.485158
12.485143
12.485128
12.485113
12.485097
12.485081
12.485064
12.485047
12.485029
12.485011
12.484992
12.484972
12.484952
12.484930
12.484908
12.484884
12.484859
12.484832
12.484804
12.484773
12.484740
12.484704
12.484665
12.484622
12.484573
12.484519
12.484458
12.484388
12.484306
12.484210
12.484095
12.483958
12.483796
12.483609
12.483414
12.483254
12.483169
12.483128
12.483089
12.483047
12.483005
12.482961
12.482917
12.482871
12.482824
12.482776
12.482727
12.482677
12.482626
12.482574
12.482521
12.482467
12.482411
12.482355
12.482297
12.482238
12.482178
12.482116
12.482053
12.481988
12.481922
12.481855
12.481786
12.481716
12.481644
12.481570
12.481494
12.481417
12.481337
12.481256
12.481173
12.481088
12.481001
12.480911
12.480820
12.480726
12.480629
12.480531
12.480429
12.480326
12.480219
12.480110
12.479997
12.479882
12.479764
12.479642
12.479518
12.479389
12.479258
12.479123
12.478984
12.478841
12.478694
12.478542
12.478389
12.478223
12.478082
12.477862
12.478256
12.480189
12.479974
12.485270
12.484262
12.482449
12.478361
12.483557
12.487134
12.486873
12.486638
12.486419
12.486206
12.485991
12.485763
12.485508
12.485208
12.484829
12.484312
12.483528
12.482150
12.479264
12.476336
12.476249
12.479970
12.484745
12.483850
12.482389
12.479458
12.475007
12.475978
12.477688
12.475841
12.478162
12.474333
12.473991
12.479647
12.485122
12.483942
12.482072
12.478338
12.472123
12.475227
12.478931
12.471806
12.477160
12.482183
12.478156
12.470420
12.475262
12.478852
12.471039
12.471408
12.470865
12.468985
12.466420
12.471804
12.471735
12.462590
12.465105
12.460371
12.467619
12.462645
12.459807
12.453726
12.459579
12.449787
12.457424
12.444732
12.450540
12.437419
12.442138
12.430039
12.431477
12.422013
12.419546
12.412434
12.407371
12.401139
12.395141
12.388918
12.382591
12.376072
12.369292
12.362223
12.354933
12.346755
12.335854
12.323116
12.307505
12.288160
12.267544
12.248104
12.231311
12.217284
12.205529
12.195545
12.186984
12.179593
12.173175
12.167571
12.162647
12.158297
12.154432
12.150979
12.147879
12.145084
12.142552
12.140250
12.138149
12.136225
12.134457
12.132828
12.131324
12.129930
12.128635
12.127431
12.126307
12.125257
12.124274
12.123352
12.122485
12.121670
12.120901
12.120174
12.119488
12.118838
12.118222
12.117637
12.117081
12.116552
12.116049
12.115568
12.115110
12.114672
12.114253
12.113851
12.113467
12.113098
12.112744
12.112404
12.112077
12.111762
12.111459
12.111167
12.110885
12.110613
12.110351
12.110097
12.109851
12.109613
12.109382
12.109159
12.108942
12.108732
12.108528
12.108329
12.108136
12.107948
12.107764
12.107586
12.107411
12.107241
12.107075
12.106912
12.106753
12.106597
12.106443
12.106293
12.106145
12.105999
12.105855
12.105713
12.105573
12.105433
12.105295
12.105156
12.105018
12.104878
12.104738
12.104595
12.104448
12.104296
12.104138
12.103970
12.103787
12.103585
12.103353
12.103076
12.102727
12.102259
12.101621
12.101490
12.231039
12.645687
12.641724
12.637530
12.629712
12.507382
12.272158
12.260870
12.257517
12.255109
12.253212
12.251629
12.250325
12.251108
12.248955
12.248142
12.254620
12.249958
12.248949
12.248352
12.247886
12.247480
12.247103
12.246738
12.246369
12.245982
12.245559
12.245078
12.244553
12.244777
12.245273
12.243663
12.245951
12.243639
12.242701
12.241498
12.242531
12.232684
12.179704
12.226878
12.196088
12.051471
12.299152
12.608011
13.832420
15.266300
13.781476
13.753209
13.750308
13.748228
13.746608
13.745293
13.744199
13.743273
13.742478
13.741789
13.741186
13.740654
13.740184
13.739764
13.739388
13.739049
13.738744
13.738467
13.738215
13.737985
13.737774
13.737581
13.737404
13.737240
13.737089
13.736949
13.736819
13.736698
13.736586
13.736481
13.736384
13.736292
13.736207
13.736127
13.736052
13.735981
13.735914
13.735852
13.735793
13.735737
13.735684
13.735635
13.735587
13.735543
13.735500
13.735460
13.735422
13.735386
13.735351
13.735318
13.735287
13.735257
13.735229
13.735202
13.735176
13.735151
13.735127
13.735105
13.735083
13.735062
13.735042
13.735023
13.735005
13.734987
13.734970
13.734954
13.734938
13.734923
13.734909
13.734895
13.734882
13.734869
13.734857
13.734845
13.734833
13.734822
13.734811
13.734801
13.734791
13.734781
13.734772
13.734763
13.734754
13.734745
13.734737
13.734729
13.734722
13.734714
13.734707
13.734700
13.734693
13.734686
13.734680
13.734674
13.734668
13.734662
13.734656
13.734651
13.734645
13.734640
13.734635
13.734630
13.734625
13.734621
13.734616
13.734612
13.734607
13.734603
13.734599
13.734595
13.734591
13.734587
13.734584
13.734580
13.734576
13.734573
13.734570
13.734566
13.734563
13.734560
13.734557
13.734554
13.734551
13.734548
13.734545
13.734543
13.734540
13.734537
13.734535
13.734532
13.734530
13.734528
13.734525
13.734523
13.734521
13.734518
13.734516
13.734514
13.734512
13.734510
13.734508
13.734506
13.734504
13.734502
13.734500
13.734499
13.734497
13.734495
13.734493
13.734492
13.734490
13.734488
13.734487
13.734485
13.734484
13.734482
13.734481
13.734479
13.734478
13.734476
13.734475
13.734474
13.734472
13.734471
13.734470
13.734468
13.734467
13.734466
13.734465
13.734463
13.734462
13.734461
13.734460
13.734459
13.734458
13.734456
13.734455
13.734454
13.734453
13.734452
13.734451
13.734450
13.734449
13.734448
13.734447
13.734446
13.734445
13.734444
13.734443
13.734442
13.734442
13.734441
13.734440
13.734439
13.734438
13.734437
13.734436
13.734436
13.734435
13.734434
13.734433
13.734432
13.734432
13.734431
13.734430
13.734429
13.734428
13.734428
13.734427
13.734426
13.734426
13.734425
13.734424
13.734423
13.734423
13.734422
13.734421
13.734421
13.734420
13.734419
13.734419
13.734418
13.734417
13.734417
13.734416
13.734416
13.734415
13.734414
13.734414
13.734413
13.734412
13.734412
13.734411
13.734411
13.734410
13.734410
13.734409
13.734408
13.734408
13.734407
13.734407
13.734406
13.734406
13.734405
13.734405
13.734404
13.734404
13.734403
13.734402
13.734402
13.734401
13.734401
13.734400
13.734400
13.734399
13.734399
13.734398
13.734398
13.734397
13.734397
13.734396
13.734396
13.734396
13.734395
13.734395
13.734394
13.734394
13.734393
13.734393
13.734392
13.734392
13.734391
13.734391
13.734390
13.734390
13.734390
13.734389
13.734389
13.734388
13.734388
13.734387
13.734387
13.734386
13.734386
13.734386
13.734385
13.734385
13.734384
13.734384
13.734384
13.734383
13.734383
13.734382
13.734382
13.734381
13.734381
13.734381
13.734380
13.734380
13.734379
13.734379
13.734379
13.734378
13.734378
13.734377
13.734377
13.734377
13.734376
13.734376
13.734376
13.734375
13.734375
13.734374
13.734374
13.734374
13.734373
13.734373
13.734372
13.734372
13.734372
13.734371
13.734371
13.734371
13.734370
13.734370
13.734369
13.734369
13.734369
13.734368
13.734368
13.734368
13.734367
13.734367
13.734367
13.734366
13.734366
13.734365
13.734365
13.734365
13.734364
13.734364
13.734364
13.734363
13.734363
13.734363
13.734362
13.734362
13.734362
13.734361
13.734361
13.734361
13.734360
13.734360
13.734360
13.734359
13.734359
13.734358
13.734358
13.734358
13.734357
13.734357
13.734357
13.734356
13.734356
13.734356
13.734355
13.734355
13.734355
13.734354
13.734354
13.734354
13.734353
13.734353
13.734353
13.734352
13.734352
13.734352
13.734351
13.734351
13.734351
13.734350
13.734350
13.734350
13.734349
13.734349
13.734349
13.734348
13.734348
13.734348
13.734348
13.734347
13.734347
13.734347
13.734346
13.734346
13.734346
13.734345
13.734345
13.734345
13.734344
13.734344
13.734344
13.734343
13.734343
13.734343
13.734342
13.734342
13.734342
13.734341
13.734341
13.734341
13.734340
13.734340
13.734340
13.734340
13.734339
13.734339
13.734339
13.734338
13.734338
13.734338
13.734337
13.734337
13.734337
13.734336
13.734336
13.734336
13.734335
13.734335
13.734335
13.734334
13.734334
13.734334
13.734334
13.734333
13.734333
13.734333
13.734332
13.734332
13.734332
13.734331
13.734331
13.734331
13.734330
13.734330
13.734330
13.734330
13.734329
13.734329
13.734329
13.734328
13.734328
13.734328
13.734327
13.734327
13.734327
13.734326
13.734326
13.734326
13.734326
13.734325
13.734325
13.734325
13.734324
13.734324
13.734324
13.734323
13.734323
13.734323
13.734323
13.734322
13.734322
13.734322
13.734321
13.734321
13.734321
13.734320
13.734320
13.734320
13.734319
13.734319
13.734319
13.734319
13.734318
13.734318
13.734318
13.734317
13.734317
13.734317
13.734316
13.734316
13.734316
13.734316
13.734315
13.734315
13.734315
13.734314
13.734314
13.734314
13.734313
13.734313
13.734313
13.734313
13.734312
13.734312
13.734312
13.734311
13.734311
13.734311
13.734310
13.734310
13.734310
13.734310
13.734309
13.734309
13.734309
13.734308
13.734308
13.734308
13.734307
13.734307
13.734307
13.734307
13.734306
13.734306
13.734306
13.734305
13.734305
13.734305
13.734304
13.734304
13.734304
13.734304
13.734303
13.734303
13.734303
13.734302
13.734302
13.734302
13.734301
13.734301
13.734301
13.734301
13.734300
13.734300
13.734300
13.734299
13.734299
13.734299
13.734298
13.734298
13.734298
13.734298
13.734297
13.734297
13.734297
13.734296
13.734296
13.734296
13.734295
13.734295
13.734295
13.734294
13.734294
13.734294
13.734294
13.734293
13.734293
13.734293
13.734292
13.734292
13.734292
13.734291
13.734291
13.734291
13.734291
13.734290
13.734290
13.734290
13.734289
13.734289
13.734289
13.734288
13.734288
13.734288
13.734288
13.734287
13.734287
13.734287
13.734286
13.734286
13.734286
13.734285
13.734285
13.734285
13.734284
13.734284
13.734284
13.734284
13.734283
13.734283
13.734283
13.734282
13.734282
13.734282
13.734281
13.734281
13.734281
13.734280
13.734280
13.734280
13.734280
13.734279
13.734279
13.734279
13.734278
13.734278
13.734278
13.734277
13.734277
13.734277
13.734276
13.734276
13.734276
13.734276
13.734275
13.734275
13.734275
13.734274
13.734274
13.734274
13.734273
13.734273
13.734273
13.734272
13.734272
13.734272
13.734271
13.734271
13.734271
13.734271
13.734270
13.734270
13.734270
13.734269
13.734269
13.734269
13.734268
13.734268
13.734268
13.734267
13.734267
13.734267
13.734266
13.734266
13.734266
13.734265
13.734265
13.734265
13.734265
13.734264
13.734264
13.734264
13.734263
13.734263
13.734263
13.734262
13.734262
13.734262
13.734261
13.734261
13.734261
13.734260
13.734260
13.734260
13.734259
13.734259
13.734259
13.734258
13.734258
13.734258
13.734257
13.734257
13.734257
13.734256
13.734256
13.734256
13.734255
13.734255
13.734255
13.734254
13.734254
13.734254
13.734253
13.734253
13.734253
13.734252
13.734252
13.734252
13.734251
13.734251
13.734251
13.734250
13.734250
13.734250
13.734249
13.734249
13.734249
13.734248
13.734248
13.734248
13.734247
13.734247
13.734247
13.734246
13.734246
13.734246
13.734245
13.734245
13.734245
13.734244
13.734244
13.734244
13.734243
13.734243
13.734243
13.734242
13.734242
13.734242
13.734241
13.734241
13.734241
13.734240
13.734240
13.734240
13.734239
13.734239
13.734239
13.734238
13.734238
13.734237
13.734237
13.734237
13.734236
13.734236
13.734236
13.734235
13.734235
13.734235
13.734234
13.734234
13.734234
13.734233
13.734233
13.734233
13.734232
13.734232
13.734231
13.734231
13.734231
13.734230
13.734230
13.734230
13.734229
13.734229
13.734229
13.734228
13.734228
13.734227
13.734227
13.734227
13.734226
13.734226
13.734226
13.734225
13.734225
13.734225
13.734224
13.734224
13.734223
13.734223
13.734223
13.734222
13.734222
13.734222
13.734221
13.734221
13.734220
13.734220
13.734220
13.734219
13.734219
13.734218
13.734218
13.734218
13.734217
13.734217
13.734217
13.734216
13.734216
13.734215
13.734215
13.734215
13.734214
13.734214
13.734213
13.734213
13.734213
13.734212
13.734212
13.734211
13.734211
13.734211
13.734210
13.734210
13.734210
13.734209
13.734209
13.734208
13.734208
13.734208
13.734207
13.734207
13.734206
13.734206
13.734205
13.734205
13.734205
13.734204
13.734204
13.734203
13.734203
13.734203
13.734202
13.734202
13.734201
13.734201
13.734201
13.734200
13.734200
13.734199
13.734199
13.734198
13.734198
13.734198
13.734197
13.734197
13.734196
13.734196
13.734195
13.734195
13.734195
13.734194
13.734194
13.734193
13.734193
13.734192
13.734192
13.734192
13.734191
13.734191
13.734190
13.734190
13.734189
13.734189
13.734188
13.734188
13.734188
13.734187
13.734187
13.734186
13.734186
13.734185
13.734185
13.734184
13.734184
13.734184
13.734183
13.734183
13.734182
13.734182
13.734181
13.734181
13.734180
13.734180
13.734179
13.734179
13.734178
13.734178
13.734177
13.734177
13.734177
13.734176
13.734176
13.734175
13.734175
13.734174
13.734174
13.734173
13.734173
13.734172
13.734172
13.734171
13.734171
13.734170
13.734170
13.734169
13.734169
13.734168
13.734168
13.734167
13.734167
13.734166
13.734166
13.734165
13.734165
13.734164
13.734164
13.734163
13.734163
13.734162
13.734162
13.734161
13.734161
13.734160
13.734160
13.734159
13.734159
13.734158
13.734158
13.734157
13.734156
13.734156
13.734155
13.734155
13.734154
13.734154
13.734153
13.734153
13.734152
13.734152
13.734151
13.734151
13.734150
13.734149
13.734149
13.734148
13.734148
13.734147
13.734147
13.734146
13.734146
13.734145
13.734144
13.734144
13.734143
13.734143
13.734142
13.734142
13.734141
13.734140
13.734140
13.734139
13.734139
13.734138
13.734137
13.734137
13.734136
13.734136
13.734135
13.734134
13.734134
13.734133
13.734133
13.734132
13.734131
13.734131
13.734130
13.734130
13.734129
13.734128
13.734128
13.734127
13.734127
13.734126
13.734125
13.734125
13.734124
13.734123
13.734123
13.734122
13.734121
13.734121
13.734120
13.734119
13.734119
13.734118
13.734118
13.734117
13.734116
13.734116
13.734115
13.734114
13.734114
13.734113
13.734112
13.734111
13.734111
13.734110
13.734109
13.734109
13.734108
13.734107
13.734107
13.734106
13.734105
13.734105
13.734104
13.734103
13.734102
13.734102
13.734101
13.734100
13.734100
13.734099
13.734098
13.734097
13.734097
13.734096
13.734095
13.734094
13.734094
13.734093
13.734092
13.734091
13.734091
13.734090
13.734089
13.734088
13.734087
13.734087
13.734086
13.734085
13.734084
13.734084
13.734083
13.734082
13.734081
13.734080
13.734080
13.734079
13.734078
13.734077
13.734076
13.734075
13.734075
13.734074
13.734073
13.734072
13.734071
13.734070
13.734070
13.734069
13.734068
13.734067
13.734066
13.734065
13.734064
13.734064
13.734063
13.734062
13.734061
13.734060
13.734059
13.734058
13.734057
13.734056
13.734055
13.734055
13.734054
13.734053
13.734052
13.734051
13.734050
13.734049
13.734048
13.734047
13.734046
13.734045
13.734044
13.734043
13.734042
13.734041
13.734040
13.734039
13.734038
13.734037
13.734036
13.734035
13.734034
13.734033
13.734032
13.734031
13.734030
13.734029
13.734028
13.734027
13.734026
13.734025
13.734024
13.734023
13.734022
13.734021
13.734019
13.734018
13.734017
13.734016
13.734015
13.734014
13.734013
13.734012
13.734011
13.734009
13.734008
13.734007
13.734006
13.734005
13.734004
13.734002
13.734001
13.734000
13.733999
13.733998
13.733996
13.733995
13.733994
13.733993
13.733992
13.733990
13.733989
13.733988
13.733987
13.733985
13.733984
13.733983
13.733981
13.733980
13.733979
13.733978
13.733976
13.733975
13.733974
13.733972
13.733971
13.733969
13.733968
13.733967
13.733965
13.733964
13.733963
13.733961
13.733960
13.733958
13.733957
13.733955
13.733954
13.733952
13.733951
13.733950
13.733948
13.733947
13.733945
13.733944
13.733942
13.733940
13.733939
13.733937
13.733936
13.733934
13.733933
13.733931
13.733929
13.733928
13.733926
13.733925
13.733923
13.733921
13.733920
13.733918
13.733916
13.733915
13.733913
13.733911
13.733909
13.733908
13.733906
13.733904
13.733902
13.733901
13.733899
13.733897
13.733895
13.733893
13.733891
13.733890
13.733888
13.733886
13.733884
13.733882
13.733880
13.733878
13.733876
13.733874
13.733872
13.733870
13.733868
13.733866
13.733864
13.733862
13.733860
13.733858
13.733856
13.733854
13.733852
13.733850
13.733847
13.733845
13.733843
13.733841
13.733839
13.733836
13.733834
13.733832
13.733830
13.733827
13.733825
13.733823
13.733820
13.733818
13.733815
13.733813
13.733811
13.733808
13.733806
13.733803
13.733801
13.733798
13.733796
13.733793
13.733790
13.733788
13.733785
13.733783
13.733780
13.733777
13.733775
13.733772
13.733769
13.733766
13.733763
13.733761
13.733758
13.733755
13.733752
13.733749
13.733746
13.733743
13.733740
13.733737
13.733734
13.733731
13.733728
13.733725
13.733722
13.733719
13.733715
13.733712
13.733709
13.733706
13.733702
13.733699
13.733696
13.733692
13.733689
13.733685
13.733682
13.733678
13.733675
13.733671
13.733667
13.733664
13.733660
13.733656
13.733653
13.733649
13.733645
13.733641
13.733637
13.733633
13.733629
13.733625
13.733621
13.733617
13.733613
13.733609
13.733605
13.733601
13.733596
13.733592
13.733588
13.733583
13.733579
13.733574
13.733570
13.733565
13.733561
13.733556
13.733551
13.733546
13.733542
13.733537
13.733532
13.733527
13.733522
13.733517
13.733512
13.733507
13.733501
13.733496
13.733491
13.733485
13.733480
13.733474
13.733469
13.733463
13.733458
13.733452
13.733446
13.733440
13.733434
13.733428
13.733422
13.733416
13.733410
13.733404
13.733397
13.733391
13.733385
13.733378
13.733371
13.733365
13.733358
13.733351
13.733344
13.733337
13.733330
13.733323
13.733316
13.733309
13.733301
13.733294
13.733286
13.733279
13.733271
13.733263
13.733255
13.733247
13.733239
13.733231
13.733222
13.733214
13.733205
13.733197
13.733188
13.733179
13.733170
13.733161
13.733152
13.733143
13.733134
13.733124
13.733114
13.733105
13.733095
13.733085
13.733075
13.733065
13.733054
13.733044
13.733033
13.733022
13.733011
13.733000
13.732989
13.732978
13.732966
13.732955
13.732943
13.732931
13.732919
13.732907
13.732894
13.732882
13.732869
13.732856
13.732843
13.732829
13.732816
13.732802
13.732789
13.732774
13.732760
13.732746
13.732731
13.732716
13.732701
13.732686
13.732671
13.732655
13.732639
13.732623
13.732607
13.732590
13.732573
13.732556
13.732539
13.732521
13.732503
13.732485
13.732467
13.732448
13.732429
13.732410
13.732391
13.732371
13.732351
13.732331
13.732310
13.732289
13.732268
13.732246
13.732224
13.732202
13.732179
13.732156
13.732133
13.732109
13.732085
13.732061
13.732036
13.732011
13.731985
13.731959
13.731933
13.731906
13.731879
13.731851
13.731823
13.731794
13.731765
13.731736
13.731706
13.731675
13.731644
13.731613
13.731581
13.731548
13.731515
13.731481
13.731447
13.731412
13.731377
13.731341
13.731304
13.731267
13.731229
13.731191
13.731151
13.731112
13.731071
13.731030
13.730988
13.730945
13.730902
13.730857
13.730812
13.730767
13.730720
13.730673
13.730624
13.730575
13.730525
13.730474
13.730422
13.730369
13.730316
13.730261
13.730205
13.730148
13.730091
13.730032
13.729972
13.729910
13.729848
13.729785
13.729720
13.729654
13.729587
13.729519
13.729449
13.729378
13.729306
13.729232
13.729157
13.729080
13.729002
13.728923
13.728842
13.728759
13.728675
13.728589
13.728501
13.728412
13.728321
13.728228
13.728133
13.728037
13.727938
13.727838
13.727735
13.727631
13.727524
13.727416
13.727305
13.727192
13.727077
13.726960
13.726840
13.726718
13.726593
13.726466
13.726337
13.726205
13.726070
13.725933
13.725793
13.725651
13.725506
13.725357
13.725206
13.725053
13.724896
13.724736
13.724573
13.724408
13.724239
13.724067
13.723892
13.723713
13.723532
13.723347
13.723159
13.722968
13.722773
13.722575
13.722374
13.722169
13.721961
13.721749
13.721534
13.721316
13.721094
13.720869
13.720640
13.720408
13.720172
13.719933
13.719691
13.719445
13.719196
13.718943
13.718687
13.718427
13.718164
13.717898
13.717628
13.717355
13.717079
13.716799
13.716516
13.716229
13.715939
13.715646
13.715349
13.715049
13.714746
13.714440
13.714130
13.713817
13.713500
13.713181
13.712858
13.712532
13.712203
13.711870
13.711535
13.711196
13.710854
13.710510
13.710162
13.709812
13.709459
13.709103
13.708744
13.708383
13.708020
13.707654
13.707285
13.706915
13.706542
13.706168
13.705792
13.705414
13.705034
13.704653
13.704271
13.703888
13.703503
13.703118
13.702732
13.702345
13.701958
13.701571
13.701183
13.700796
13.700409
13.700022
13.699635
13.699249
13.698864
13.698479
13.698096
13.697713
13.697332
13.696952
13.696574
13.696197
13.695822
13.695449
13.695078
13.694709
13.694342
13.693977
13.693614
13.693254
13.692896
13.692541
13.692188
13.691838
13.691491
13.691146
13.690805
13.690466
13.690130
13.689797
13.689467
13.689140
13.688817
13.688496
13.688178
13.687864
13.687553
13.687245
13.686940
13.686638
13.686340
13.686044
13.685752
13.685464
13.685178
13.684896
13.684616
13.684340
13.684067
13.683798
13.683531
13.683268
13.683008
13.682750
13.682496
13.682245
13.681997
13.681752
13.681510
13.681271
13.681035
13.680802
13.680571
13.680344
13.680119
13.679897
13.679678
13.679462
13.679248
13.679037
13.678828
13.678622
13.678419
13.678218
13.678020
13.677824
13.677630
13.677439
13.677250
13.677064
13.676879
13.676697
13.676517
13.676340
13.676164
13.675990
13.675819
13.675649
13.675481
13.675316
13.675152
13.674990
13.674830
13.674671
13.674514
13.674359
13.674206
13.674054
13.673904
13.673755
13.673608
13.673462
13.673318
13.673175
13.673034
13.672894
13.672755
13.672617
13.672481
13.672345
13.672211
13.672078
13.671946
13.671815
13.671685
13.671556
13.671428
13.671300
13.671174
13.671048
13.670923
13.670798
13.670674
13.670551
13.670428
13.670305
13.670183
13.670062
13.669940
13.669819
13.669698
13.669577
13.669455
13.669334
13.669212
13.669090
13.668968
13.668845
13.668721
13.668597
13.668471
13.668344
13.668215
13.668085
13.667953
13.667819
13.667682
13.667542
13.667399
13.667251
13.667099
13.666942
13.666779
13.666608
13.666429
13.666240
13.666040
13.665825
13.665594
13.665343
13.665067
13.664761
13.664417
13.664026
13.663573
13.663040
13.662404
13.661629
13.660670
13.659470
13.657969
13.656132
13.654007
13.651762
13.649616
13.647700
13.646026
13.644549
13.643227
13.642027
13.640928
13.639915
13.638975
13.638101
13.637285
13.636522
13.635806
13.635134
13.634501
13.633905
13.633342
13.632809
13.632305
13.631827
13.631373
13.630941
13.630529
13.630136
13.629761
13.629401
13.629057
13.628726
13.628408
13.628101
13.627805
13.627520
13.627244
13.626977
13.626718
13.626466
13.626222
13.625984
13.625752
13.625526
13.625305
13.625090
13.624879
13.624672
13.624470
13.624272
13.624077
13.623885
13.623697
13.623511
13.623328
13.623148
13.622971
13.622795
13.622622
13.622450
13.622280
13.622112
13.621946
13.621780
13.621616
13.621453
13.621291
13.621130
13.620969
13.620810
13.620650
13.620491
13.620332
13.620173
13.620014
13.619855
13.619696
13.619536
13.619376
13.619214
13.619052
13.618889
13.618724
13.618558
13.618390
13.618220
13.618048
13.617874
13.617697
13.617518
13.617335
13.617149
13.616958
13.616764
13.616566
13.616362
13.616153
13.615939
13.615718
13.615490
13.615255
13.615013
13.614762
13.614502
13.614232
13.613952
13.613661
13.613358
13.613042
13.612713
13.612368
13.612007
13.611628
13.611228
13.610804
13.610352
13.609864
13.609331
13.608740
13.608072
13.607301
13.606393
13.605303
13.603986
13.602417
13.600659
13.598952
13.597659
13.596908
13.596443
13.595985
13.595426
13.594759
13.594009
13.593203
13.592360
13.591486
13.590579
13.589631
13.588623
13.587532
13.586324
13.584958
13.583379
13.581518
13.579287
13.576579
13.573263
13.569189
13.564199
13.558156
13.550981
13.542698
13.533467
13.523577
13.513396
13.503234
13.493123
13.482439
13.468696
13.446354
13.413435
13.373832
13.334329
13.312218
13.320531
13.326608
13.315318
13.286662
13.260136
13.266725
13.288991
13.335860
13.354265
13.234062
12.772516
12.536672
12.495560
12.459728
12.332203
12.246456
12.209776
13.343204
12.236473
12.375544
12.362332
12.642406
12.264719
12.897918
12.682145
12.985788
12.872213
12.427116
12.910113
12.781729
13.038502
12.341041
12.671256
13.103226
12.965935
13.039653
13.013381
12.991820
12.969511
12.973460
12.983905
12.967908
12.986679
12.981986
12.984868
12.977880
12.980014
12.979711
12.980783
12.978767
12.975139
12.983287
12.976371
12.986099
12.988545
12.976577
12.968244
12.979812
12.971110
12.967938
12.974634
12.968210
12.979191
12.975938
12.971208
12.975553
12.980281
12.905402
13.000891
12.885733
12.975961
12.982097
12.988734
12.959602
12.988640
12.897159
12.969012
12.978797
12.984837
12.970395
12.937267
12.953977
12.985772
12.932320
12.966802
12.957054
12.981149
12.940571
12.976799
12.946554
12.965816
12.958646
12.866855
12.978629
12.975622
12.899234
12.961017
12.905069
12.968819
12.966346
12.910644
12.963533
12.953514
12.946679
12.956345
12.907814
12.957919
12.887058
12.968374
12.962106
12.890852
12.965999
12.960119
12.839311
12.960634
12.860117
12.969943
12.960547
12.840824
12.960392
12.831929
12.969012
12.946473
12.772717
12.965950
12.764753
12.972073
12.937130
12.822889
12.962971
12.842997
12.962063
12.846057
12.959981
12.958981
12.460407
13.036374
12.982395
12.879252
13.205402
12.812654
12.846916
12.825734
13.096393
12.685299
13.285347
12.714523
12.990742
11.991475
12.212330
11.772103
11.686627
13.223050
13.020933
13.013618
12.473611
12.326172
11.885182
13.297985
13.194218
13.204955
12.995531
12.957516
12.320727
11.865572
11.811053
11.767286
11.693012
11.509625
11.216394
10.884485
10.612568
10.203037
10.537342
10.023406
10.272940
10.451765
9.798954
11.357497
11.554889
10.192734
12.380848
11.672132
11.674841
10.815042
11.302056
9.828371
12.321389
11.413359
10.380580
10.443370
10.624911
9.572651
10.918382
10.360341
12.475764
10.857209
10.651778
11.291234
9.904358
10.684825
9.977801
11.120076
10.768827
9.736624
9.763488
9.686698
9.367336
9.393943
11.638053
10.136339
10.088228
9.629287
12.244787
11.450420
8.792389
9.763037
11.763641
10.890836
10.744288
11.038655
11.754901
11.281868
11.240494
11.193677
11.181183
11.173525
11.166646
11.158478
11.146331
11.124053
11.083337
10.555861
11.404288
11.638450
11.035879
10.768809
10.658663
10.355930
10.071992
10.376298
10.023216
10.566349
10.562018
10.742199
10.751446
10.425051
10.056315
10.035798
9.544850
10.532358
10.195791
9.146719
10.712262
10.076780
9.411189
8.977521
8.962960
12.972979
10.702482
10.349063
10.347482
12.310279
9.728496
10.036669
11.270169
9.055795
10.658107
8.822126
10.602705
9.720371
13.792782
12.234255
11.281044
9.907145
12.657677
10.496233
9.551355
9.958214
11.259489
10.000477
10.769876
9.813494
10.313555
10.579041
10.038002
10.812496
10.484611
10.466324
9.937216
9.288343
11.121620
9.395662
9.350559
10.818047
10.306199
11.986751
10.639913
10.269274
10.940908
10.392969
9.836332
11.361938
12.204275
11.429909
10.027974
10.088123
11.478005
12.462302
12.539858
11.993763
12.384523
12.030563
10.826534
11.419421
15.049178
11.200204
10.845504
11.826190
10.666922
11.874097
10.749722
10.848619
10.849664
11.294040
10.904059
12.562341
11.693537
11.064248
10.520536
10.785798
10.911674
10.414704
10.268736
10.911969
11.673988
11.165657
12.389099
12.532553
12.500272
12.487501
12.452454
12.412806
12.295179
12.224129
12.687207
12.429430
12.137942
11.561505
11.360054
10.013198
12.034305
10.478376
9.269290
9.554103
8.533572
11.273212
9.825961
9.532177
9.301321
8.794866
9.306886
12.312491
11.171624
10.894122
11.129032
10.885940
11.371611
10.663521
10.622116
10.346320
10.374407
10.565827
9.354667
9.522543
10.346966
9.701926
10.109468
9.120097
9.671755
9.180547
8.927586
13.623577
12.036285
11.199035
13.727583
11.446167
9.149031
8.724667
10.069284
9.362899
9.633537
8.902676
9.822494
8.854350
9.444868
15.179191
13.141417
12.756975
12.316329
12.795406
12.201755
12.665781
12.829296
12.072090
12.045408
11.625169
11.653599
11.720758
11.324683
12.500592
12.301330
11.412530
12.107444
11.986927
11.258939
11.154450
11.902261
11.497220
11.193867
11.069641
11.112152
10.759208
10.793566
10.423059
10.297921
10.466943
10.215281
10.702987
10.737269
10.131487
9.772086
10.377450
9.563356
8.559023
9.277494
8.636856
12.685584
9.851862
9.872050
9.651359
11.645886
11.223012
10.643509
11.108242
11.488299
10.603020
9.686168
9.700246
9.397141
10.688716
10.228199
8.596922
9.602178
13.484809
11.783473
13.875896
13.185199
12.016814
12.013155
11.498718
12.799835
12.863943
12.304400
11.977029
11.947903
12.573300
12.552313
13.104663
12.451297
12.274962
12.587705
11.618348
12.566379
12.756187
11.945198
11.926481
12.772401
12.612366
11.941280
11.673822
12.721960
12.672769
12.652245
12.025944
11.815625
11.132462
11.545406
11.415636
12.077844
12.523859
12.604698
13.428459
12.551838
11.609149
10.960920
10.946228
12.009543
11.298801
10.921268
12.421158
12.967111
11.875903
11.273370
10.832434
12.898493
10.657228
10.961445
11.628367
12.267103
10.066726
11.668607
11.497636
10.777417
10.283719
9.727345
14.238356
13.088433
11.020241
10.465069
11.219389
10.866839
11.003708
12.888389
11.376303
11.404304
10.400236
10.117782
11.084367
11.702444
12.776563
15.315648
14.130318
12.913767
12.658285
12.713689
12.404120
12.369790
12.207794
12.918378
12.840966
13.791507
13.769815
13.760780
13.755737
13.752480
13.750182
13.748461
13.747119
13.746039
13.745148
13.744398
13.743757
13.743199
13.742704
13.742253
13.741825
13.741388
13.740874
13.740066
13.738224
13.740324
13.737551
13.740110
13.737006
13.739787
13.736439
13.739488
13.738467
13.737378
13.736638
13.734961
13.736419
13.566049
13.017892
12.513116
12.108599
12.039605
12.139090
11.927031
11.878361
12.328254
11.761659
12.313450
11.792824
11.803466
11.928636
14.865843
12.907216
12.534469
11.538640
11.504750
11.488827
11.490448
11.944180
12.063932
12.953816
13.786500
13.286499
12.870400
12.052577
12.182158
12.117898
12.118058
12.115071
12.113054
12.111205
12.110856
12.114049
12.111923
12.106652
12.102278
12.094687
12.094889
12.092052
12.096329
12.089007
12.086956
12.085665
12.112455
12.110981
12.086329
12.082431
12.084254
12.082050
12.078919
12.439257
12.371789
12.538030
13.080855
12.620794
12.947579
13.789679
13.773270
13.765414
13.760705
13.757522
13.755200
13.753414
13.751986
13.750810
13.749818
13.748964
13.748216
13.747553
13.746957
13.746415
13.745917
13.745456
13.745023
13.744613
13.744221
13.743841
13.743467
13.743091
13.742701
13.742279
13.741787
13.741140
13.740115
13.738173
13.736255
13.735885
13.735496
13.735105
13.734708
13.734305
13.733897
13.733483
13.733063
13.732637
13.732206
13.731771
13.731331
13.730887
13.730442
13.729996
13.729551
13.729109
13.728667
13.728163
13.727009
13.724396
13.724081
13.722992
13.722494
13.721499
13.720742
13.719731
13.718624
13.717169
13.714543
13.707605
13.700275
13.041065
13.059034
13.319008
12.606944
12.562834
12.745434
13.690061
12.934348
12.650251
12.485226
12.225436
12.007965
11.956392
11.883730
11.756792
11.611354
11.574666
11.562960
11.552776
11.542969
11.533205
11.523075
11.512139
11.500141
11.486759
11.470726
11.450489
11.425094
11.394336
11.360645
11.325496
11.288513
11.248849
11.196667
11.109201
11.043595
11.028640
11.027845
11.048019
11.091387
11.165208
11.245448
11.286385
11.269992
11.235853
11.208241
11.189720
11.177104
11.167157
11.157444
11.145912
11.132388
11.119340
11.116677
11.121143
11.119446
11.117502
11.117766
11.124835
11.058329
11.336571
12.872541
12.603007
12.568425
12.434637
12.218223
12.074844
13.305560
13.459302
12.670424
13.331119
13.177460
13.172152
13.168608
12.833587
13.058665
13.159092
12.988257
12.977811
12.974412
12.972661
12.971503
12.970439
12.969198
12.967610
12.965544
12.962884
12.959504
12.955253
12.949951
12.943448
12.935791
12.927557
12.919844
12.909419
12.894399
12.833936
12.768168
12.761525
12.811889
12.550799
12.446523
12.382270
12.208960
12.423047
12.168614
12.156670
12.601740
12.269677
11.900110
11.173911
10.972140
11.901898
12.243977
11.093815
11.221288
10.656107
10.615780
10.599674
10.583441
10.487765
11.439629
11.119204
10.689704
10.619882
10.481624
11.543974
10.771938
10.758007
10.724183
10.866285
11.323652
11.197622
11.385009
10.876843
10.552108
10.842101
11.444799
11.562177
10.413295
10.630816
11.894247
12.191185
12.195599
11.219301
11.391042
10.667883
11.427825
10.553375
10.682012
10.494765
11.112388
10.783521
10.334527
9.898005
10.458769
10.807199
10.492167
10.810416
11.525709
11.902955
11.045589
10.583048
10.518697
10.427450
10.417180
12.628793
10.373233
11.022766
9.847950
10.023815
10.502598
10.226710
10.719303
10.663972
10.990339
12.619596
12.578493
12.518654
12.319547
13.962689
13.813692
13.786775
13.776398
13.770012
13.765506
13.762140
13.759536
13.757469
13.755793
13.754408
13.753246
13.752257
13.751405
13.750663
13.750011
13.749434
13.748918
13.748454
13.748034
13.747653
13.747304
13.746983
13.746687
13.746413
13.746158
13.745921
13.745698
13.745490
13.745293
13.745108
13.744933
13.744767
13.744610
13.744460
13.744317
13.744180
13.744050
13.743924
13.743804
13.743689
13.743578
13.743471
13.743368
13.743269
13.743173
13.743080
13.742990
13.742902
13.742818
13.742735
13.742655
13.742577
13.742502
13.742428
13.742356
13.742286
13.742217
13.742150
13.742085
13.742021
13.741958
13.741897
13.741837
13.741778
13.741720
13.741664
13.741608
13.741554
13.741500
13.741448
13.741396
13.741345
13.741295
13.741246
13.741198
13.741150
13.741103
13.741057
13.741012
13.740967
13.740923
13.740879
13.740836
13.740794
13.740752
13.740711
13.740670
13.740630
13.740590
13.740551
13.740513
13.740474
13.740437
13.740399
13.740363
13.740326
13.740290
13.740255
13.740220
13.740185
13.740150
13.740117
13.740083
13.740050
13.740017
13.739984
13.739952
13.739920
13.739889
13.739858
13.739827
13.739796
13.739766
13.739736
13.739707
13.739678
13.739649
13.739620
13.739592
13.739564
13.739536
13.739509
13.739481
13.739454
13.739428
13.739402
13.739375
13.739350
13.739324
13.739299
13.739274
13.739249
13.739225
13.739200
13.739176
13.739152
13.739129
13.739106
13.739083
13.739060
13.739037
13.739015
13.738993
13.738971
13.738949
13.738928
13.738907
13.738886
13.738865
13.738845
13.738825
13.738804
13.738785
13.738765
13.738746
13.738726
13.738707
13.738689
13.738670
13.738652
13.738633
13.738615
13.738598
13.738580
13.738563
13.738545
13.738528
13.738511
13.738495
13.738478
13.738462
13.738446
13.738430
13.738414
13.738399
13.738383
13.738368
13.738353
13.738338
13.738323
13.738309
13.738294
13.738280
13.738266
13.738252
13.738238
13.738224
13.738211
13.738197
13.738184
13.738171
13.738158
13.738146
13.738133
13.738120
13.738108
13.738096
13.738084
13.738072
13.738060
13.738048
13.738037
13.738025
13.738014
13.738002
13.737991
13.737980
13.737969
13.737959
13.737948
13.737937
13.737927
13.737917
13.737906
13.737896
13.737886
13.737876
13.737866
13.737857
13.737847
13.737838
13.737828
13.737819
13.737809
13.737800
13.737791
13.737782
13.737773
13.737764
13.737756
13.737747
13.737738
13.737730
13.737721
13.737713
13.737705
13.737696
13.737688
13.737680
13.737672
13.737664
13.737656
13.737648
13.737641
13.737633
13.737625
13.737618
13.737610
13.737603
13.737595
13.737588
13.737581
13.737573
13.737566
13.737559
13.737552
13.737545
13.737538
13.737531
13.737525
13.737518
13.737511
13.737504
13.737498
13.737491
13.737485
13.737478
13.737472
13.737465
13.737459
13.737452
13.737446
13.737440
13.737434
13.737428
13.737422
13.737415
13.737409
13.737403
13.737397
13.737392
13.737386
13.737380
13.737374
13.737368
13.737363
13.737357
13.737351
13.737346
13.737340
13.737334
13.737329
13.737323
13.737318
13.737313
13.737307
13.737302
13.737297
13.737291
13.737286
13.737281
13.737276
13.737270
13.737265
13.737260
13.737255
13.737250
13.737245
13.737240
13.737235
13.737230
13.737225
13.737220
13.737215
13.737210
13.737206
13.737201
13.737196
13.737191
13.737187
13.737182
13.737177
13.737173
13.737168
13.737163
13.737159
13.737154
13.737150
13.737145
13.737141
13.737136
13.737132
13.737128
13.737123
13.737119
13.737114
13.737110
13.737106
13.737102
13.737097
13.737093
13.737089
13.737085
13.737080
13.737076
13.737072
13.737068
13.737064
13.737060
13.737056
13.737052
13.737048
13.737044
13.737040
13.737036
13.737032
13.737028
13.737024
13.737020
13.737016
13.737012
13.737009
13.737005
13.737001
13.736997
13.736993
13.736990
13.736986
13.736982
13.736978
13.736975
13.736971
13.736967
13.736964
13.736960
13.736956
13.736953
13.736949
13.736946
13.736942
13.736939
13.736935
13.736932
13.736928
13.736925
13.736921
13.736918
13.736914
13.736911
13.736907
13.736904
13.736901
13.736897
13.736894
13.736891
13.736887
13.736884
13.736881
13.736877
13.736874
13.736871
13.736868
13.736864
13.736861
13.736858
13.736855
13.736852
13.736848
13.736845
13.736842
13.736839
13.736836
13.736833
13.736830
13.736826
13.736823
13.736820
13.736817
13.736814
13.736811
13.736808
13.736805
13.736802
13.736799
13.736796
13.736793
13.736790
13.736787
13.736784
13.736781
13.736779
13.736776
13.736773
13.736770
13.736767
13.736764
13.736761
13.736758
13.736756
13.736753
13.736750
13.736747
13.736744
13.736741
13.736739
13.736736
13.736733
13.736730
13.736728
13.736725
13.736722
13.736719
13.736717
13.736714
13.736711
13.736709
13.736706
13.736703
13.736701
13.736698
13.736695
13.736693
13.736690
13.736687
13.736685
13.736682
13.736680
13.736677
13.736674
13.736672
13.736669
13.736667
13.736664
13.736662
13.736659
13.736657
13.736654
13.736652
13.736649
13.736647
13.736644
13.736642
13.736639
13.736637
13.736634
13.736632
13.736629
13.736627
13.736624
13.736622
13.736619
13.736617
13.736615
13.736612
13.736610
13.736607
13.736605
13.736603
13.736600
13.736598
13.736596
13.736593
13.736591
13.736588
13.736586
13.736584
13.736581
13.736579
13.736577
13.736574
13.736572
13.736570
13.736568
13.736565
13.736563
13.736561
13.736558
13.736556
13.736554
13.736552
13.736549
13.736547
13.736545
13.736543
13.736540
13.736538
13.736536
13.736534
13.736531
13.736529
13.736527
13.736525
13.736523
13.736520
13.736518
13.736516
13.736514
13.736512
13.736510
13.736507
13.736505
13.736503
13.736501
13.736499
13.736497
13.736494
13.736492
13.736490
13.736488
13.736486
13.736484
13.736482
13.736480
13.736478
13.736475
13.736473
13.736471
13.736469
13.736467
13.736465
13.736463
13.736461
13.736459
13.736457
13.736455
13.736453
13.736450
13.736448
13.736446
13.736444
13.736442
13.736440
13.736438
13.736436
13.736434
13.736432
13.736430
13.736428
13.736426
13.736424
13.736422
13.736420
13.736418
13.736416
13.736414
13.736412
13.736410
13.736408
13.736406
13.736404
13.736402
13.736400
13.736398
13.736396
13.736394
13.736392
13.736390
13.736388
13.736386
13.736384
13.736382
13.736380
13.736379
13.736377
13.736375
13.736373
13.736371
13.736369
13.736367
13.736365
13.736363
13.736361
13.736359
13.736357
13.736355
13.736354
13.736352
13.736350
13.736348
13.736346
13.736344
13.736342
13.736340
13.736338
13.736336
13.736335
13.736333
13.736331
13.736329
13.736327
13.736325
13.736323
13.736321
13.736320
13.736318
13.736316
13.736314
13.736312
13.736310
13.736308
13.736307
13.736305
13.736303
13.736301
13.736299
13.736297
13.736295
13.736294
13.736292
13.736290
13.736288
13.736286
13.736284
13.736283
13.736281
13.736279
13.736277
13.736275
13.736274
13.736272
13.736270
13.736268
13.736266
13.736265
13.736263
13.736261
13.736259
13.736257
13.736256
13.736254
13.736252
13.736250
13.736248
13.736247
13.736245
13.736243
13.736241
13.736239
13.736238
13.736236
13.736234
13.736232
13.736231
13.736229
13.736227
13.736225
13.736224
13.736222
13.736220
13.736218
13.736217
13.736215
13.736213
13.736211
13.736210
13.736208
13.736206
13.736204
13.736203
13.736201
13.736199
13.736197
13.736196
13.736194
13.736192
13.736190
13.736189
13.736187
13.736185
13.736183
13.736182
13.736180
13.736178
13.736177
13.736175
13.736173
13.736171
13.736170
13.736168
13.736166
13.736165
13.736163
13.736161
13.736159
13.736158
13.736156
13.736154
13.736153
13.736151
13.736149
13.736148
13.736146
13.736144
13.736142
13.736141
13.736139
13.736137
13.736136
13.736134
13.736132
13.736131
13.736129
13.736127
13.736126
13.736124
13.736122
13.736121
13.736119
13.736117
13.736116
13.736114
13.736112
13.736111
13.736109
13.736107
13.736106
13.736104
13.736102
13.736101
13.736099
13.736097
13.736096
13.736094
13.736092
13.736091
13.736089
13.736087
13.736086
13.736084
13.736082
13.736081
13.736079
13.736077
13.736076
13.736074
13.736073
13.736071
13.736069
13.736068
13.736066
13.736064
13.736063
13.736061
13.736059
13.736058
13.736056
13.736055
13.736053
13.736051
13.736050
13.736048
13.736046
13.736045
13.736043
13.736042
13.736040
13.736038
13.736037
13.736035
13.736034
13.736032
13.736030
13.736029
13.736027
13.736025
13.736024
13.736022
13.736021
13.736019
13.736017
13.736016
13.736014
13.736013
13.736011
13.736009
13.736008
13.736006
13.736005
13.736003
13.736002
13.736000
13.735998
13.735997
13.735995
13.735994
13.735992
13.735990
13.735989
13.735987
13.735986
13.735984
13.735982
13.735981
13.735979
13.735978
13.735976
13.735975
13.735973
13.735971
13.735970
13.735968
13.735967
13.735965
13.735964
13.735962
13.735961
13.735959
13.735957
13.735956
13.735954
13.735953
13.735951
13.735950
13.735948
13.735946
13.735945
13.735943
13.735942
13.735940
13.735939
13.735937
13.735936
13.735934
13.735933
13.735931
13.735929
13.735928
13.735926
13.735925
13.735923
13.735922
13.735920
13.735919
13.735917
13.735916
13.735914
13.735913
13.735911
13.735909
13.735908
13.735906
13.735905
13.735903
13.735902
13.735900
13.735899
13.735897
13.735896
13.735894
13.735893
13.735891
13.735890
13.735888
13.735887
13.735885
13.735884
13.735882
13.735881
13.735879
13.735878
13.735876
13.735875
13.735873
13.735872
13.735870
13.735869
13.735867
13.735866
13.735864
13.735863
13.735861
13.735860
13.735858
13.735857
13.735855
13.735854
13.735852
13.735851
13.735849
13.735848
13.735846
13.735845
13.735843
13.735842
13.735840
13.735839
13.735837
13.735836
13.735834
13.735833
13.735831
13.735830
13.735828
13.735827
13.735825
13.735824
13.735822
13.735821
13.735820
13.735818
13.735817
13.735815
13.735814
13.735812
13.735811
13.735809
13.735808
13.735806
13.735805
13.735803
13.735802
13.735801
13.735799
13.735798
13.735796
13.735795
13.735793
13.735792
13.735790
13.735789
13.735787
13.735786
13.735785
13.735783
13.735782
13.735780
13.735779
13.735777
13.735776
13.735774
13.735773
13.735772
13.735770
13.735769
13.735767
13.735766
13.735764
13.735763
13.735762
13.735760
13.735759
13.735757
13.735756
13.735754
13.735753
13.735752
13.735750
13.735749
13.735747
13.735746
13.735744
13.735743
13.735742
13.735740
13.735739
13.735737
13.735736
13.735735
13.735733
13.735732
13.735730
13.735729
13.735728
13.735726
13.735725
13.735723
13.735722
13.735721
13.735719
13.735718
13.735716
13.735715
13.735714
13.735712
13.735711
13.735709
13.735708
13.735707
13.735705
13.735704
13.735702
13.735701
13.735700
13.735698
13.735697
13.735696
13.735694
13.735693
13.735691
13.735690
13.735689
13.735687
13.735686
13.735685
13.735683
13.735682
13.735680
13.735679
13.735678
13.735676
13.735675
13.735674
13.735672
13.735671
13.735670
13.735668
13.735667
13.735666
13.735664
13.735663
13.735661
13.735660
13.735659
13.735657
13.735656
13.735655
13.735653
13.735652
13.735651
13.735649
13.735648
13.735647
13.735645
13.735644
13.735643
13.735641
13.735640
13.735639
13.735637
13.735636
13.735635
13.735633
13.735632
13.735631
13.735629
13.735628
13.735627
13.735625
13.735624
13.735623
13.735621
13.735620
13.735619
13.735617
13.735616
13.735615
13.735614
13.735612
13.735611
13.735610
13.735608
13.735607
13.735606
13.735604
13.735603
13.735602
13.735600
13.735599
13.735598
13.735597
13.735595
13.735594
13.735593
13.735591
13.735590
13.735589
13.735588
13.735586
13.735585
13.735584
13.735582
13.735581
13.735580
13.735579
13.735577
13.735576
13.735575
13.735573
13.735572
13.735571
13.735570
13.735568
13.735567
13.735566
13.735565
13.735563
13.735562
13.735561
13.735559
13.735558
13.735557
13.735556
13.735554
13.735553
13.735552
13.735551
13.735549
13.735548
13.735547
13.735546
13.735544
13.735543
13.735542
13.735541
13.735539
13.735538
13.735537
13.735536
13.735534
13.735533
13.735532
13.735531
13.735530
13.735528
13.735527
13.735526
13.735525
13.735523
13.735522
13.735521
13.735520
13.735518
13.735517
13.735516
13.735515
13.735514
13.735512
13.735511
13.735510
13.735509
13.735508
13.735506
13.735505
13.735504
13.735503
13.735501
13.735500
13.735499
13.735498
13.735497
13.735495
13.735494
13.735493
13.735492
13.735491
13.735489
13.735488
13.735487
13.735486
13.735485
13.735484
13.735482
13.735481
13.735480
13.735479
13.735478
13.735476
13.735475
13.735474
13.735473
13.735472
13.735471
13.735469
13.735468
13.735467
13.735466
13.735465
13.735463
13.735462
13.735461
13.735460
13.735459
13.735458
13.735456
13.735455
13.735454
13.735453
13.735452
13.735451
13.735450
13.735448
13.735447
13.735446
13.735445
13.735444
13.735443
13.735441
13.735440
13.735439
13.735438
13.735437
13.735436
13.735435
13.735433
13.735432
13.735431
13.735430
13.735429
13.735428
13.735427
13.735426
13.735424
13.735423
13.735422
13.735421
13.735420
13.735419
13.735418
13.735417
13.735415
13.735414
13.735413
13.735412
13.735411
13.735410
13.735409
13.735408
13.735407
13.735405
13.735404
13.735403
13.735402
13.735401
13.735400
13.735399
13.735398
13.735397
13.735395
13.735394
13.735393
13.735392
13.735391
13.735390
13.735389
13.735388
13.735387
13.735386
13.735385
13.735383
13.735382
13.735381
13.735380
13.735379
13.735378
13.735377
13.735376
13.735375
13.735374
13.735373
13.735372
13.735370
13.735369
13.735368
13.735367
13.735366
13.735365
13.735364
13.735363
13.735362
13.735361
13.735360
13.735359
13.735358
13.735357
13.735356
13.735355
13.735353
13.735352
13.735351
13.735350
13.735349
13.735348
13.735347
13.735346
13.735345
13.735344
13.735343
13.735342
13.735341
13.735340
13.735339
13.735338
13.735337
13.735336
13.735335
13.735334
13.735333
13.735332
13.735330
13.735329
13.735328
13.735327
13.735326
13.735325
13.735324
13.735323
13.735322
13.735321
13.735320
13.735319
13.735318
13.735317
13.735316
13.735315
13.735314
13.735313
13.735312
13.735311
13.735310
13.735309
13.735308
13.735307
13.735306
13.735305
13.735304
13.735303
13.735302
13.735301
13.735300
13.735299
13.735298
13.735297
13.735296
13.735295
13.735294
13.735293
13.735292
13.735291
13.735290
13.735289
13.735288
13.735287
13.735286
13.735285
13.735284
13.735283
13.735282
13.735281
13.735280
13.735279
13.735278
13.735277
13.735276
13.735275
13.735274
13.735273
13.735272
13.735271
13.735270
13.735269
13.735268
13.735267
13.735266
13.735266
13.735265
13.735264
13.735263
13.735262
13.735261
13.735260
13.735259
13.735258
13.735257
13.735256
13.735255
13.735254
13.735253
13.735252
13.735251
13.735250
13.735249
13.735248
13.735247
13.735246
13.735245
13.735244
13.735244
13.735243
13.735242
13.735241
13.735240
13.735239
13.735238
13.735237
13.735236
13.735235
13.735234
13.735233
13.735232
13.735231
13.735230
13.735229
13.735228
13.735228
13.735227
13.735226
13.735225
13.735224
13.735223
13.735222
13.735221
13.735220
13.735219
13.735218
13.735217
13.735216
13.735215
13.735215
13.735214
13.735213
13.735212
13.735211
13.735210
13.735209
13.735208
13.735207
13.735206
13.735205
13.735205
13.735204
13.735203
13.735202
13.735201
13.735200
13.735199
13.735198
13.735197
13.735196
13.735195
13.735195
13.735194
13.735193
13.735192
13.735191
13.735190
13.735189
13.735188
13.735187
13.735186
13.735186
13.735185
13.735184
13.735183
13.735182
13.735181
13.735180
13.735179
13.735178
13.735178
13.735177
13.735176
13.735175
13.735174
13.735173
13.735172
13.735171
13.735170
13.735170
13.735169
13.735168
13.735167
13.735166
13.735165
13.735164
13.735163
13.735163
13.735162
13.735161
13.735160
13.735159
13.735158
13.735157
13.735156
13.735156
13.735155
13.735154
13.735153
13.735152
13.735151
13.735150
13.735150
13.735149
13.735148
13.735147
13.735146
13.735145
13.735144
13.735143
13.735143
13.735142
13.735141
13.735140
13.735139
13.735138
13.735137
13.735137
13.735136
13.735135
13.735134
13.735133
13.735132
13.735132
13.735131
13.735130
13.735129
13.735128
13.735127
13.735126
13.735126
13.735125
13.735124
13.735123
13.735122
13.735121
13.735121
13.735120
13.735119
13.735118
13.735117
13.735116
13.735115
13.735115
13.735114
13.735113
13.735112
13.735111
13.735110
13.735110
13.735109
13.735108
13.735107
13.735106
13.735105
13.735105
13.735104
13.735103
13.735102
13.735101
13.735101
13.735100
13.735099
13.735098
13.735097
13.735096
13.735096
13.735095
13.735094
13.735093
13.735092
13.735091
13.735091
13.735090
13.735089
13.735088
13.735087
13.735087
13.735086
13.735085
13.735084
13.735083
13.735082
13.735082
13.735081
13.735080
13.735079
13.735078
13.735078
13.735077
13.735076
13.735075
13.735074
13.735074
13.735073
13.735072
13.735071
13.735070
13.735070
13.735069
13.735068
13.735067
13.735066
13.735066
13.735065
13.735064
13.735063
13.735062
13.735062
13.735061
13.735060
13.735059
13.735058
13.735058
13.735057
13.735056
13.735055
13.735054
13.735054
13.735053
13.735052
13.735051
13.735050
13.735050
13.735049
13.735048
13.735047
13.735046
13.735046
13.735045
13.735044
13.735043
13.735043
13.735042
13.735041
13.735040
13.735039
13.735039
13.735038
13.735037
13.735036
13.735035
13.735035
13.735034
13.735033
13.735032
13.735032
13.735031
13.735030
13.735029
13.735028
13.735028
13.735027
13.735026
13.735025
13.735025
13.735024
13.735023
13.735022
13.735022
13.735021
13.735020
13.735019
13.735018
13.735018
13.735017
13.735016
13.735015
13.735015
13.735014
13.735013
13.735012
13.735012
13.735011
13.735010
13.735009
13.735008
13.735008
13.735007
13.735006
13.735005
13.735005
13.735004
13.735003
13.735002
13.735002
13.735001
13.735000
13.734999
13.734999
13.734998
13.734997
13.734996
13.734996
13.734995
13.734994
13.734993
13.734993
13.734992
13.734991
13.734990
13.734990
13.734989
13.734988
13.734987
13.734987
13.734986
13.734985
13.734984
13.734984
13.734983
13.734982
13.734981
13.734981
13.734980
13.734979
13.734978
13.734978
13.734977
13.734976
13.734975
13.734975
13.734974
13.734973
13.734972
13.734972
13.734971
13.734970
13.734969
13.734969
13.734968
13.734967
13.734967
13.734966
13.734965
13.734964
13.734964
13.734963
13.734962
13.734961
13.734961
13.734960
13.734959
13.734958
13.734958
13.734957
13.734956
13.734956
13.734955
13.734954
13.734953
13.734953
13.734952
13.734951
13.734950
13.734950
13.734949
13.734948
13.734948
13.734947
13.734946
13.734945
13.734945
13.734944
13.734943
13.734942
13.734942
13.734941
13.734940
13.734940
13.734939
13.734938
13.734937
13.734937
13.734936
13.734935
13.734935
13.734934
13.734933
13.734932
13.734932
13.734931
13.734930
13.734930
13.734929
13.734928
13.734927
13.734927
13.734926
13.734925
13.734925
13.734924
13.734923
13.734922
13.734922
13.734921
13.734920
13.734920
13.734919
13.734918
13.734917
13.734917
13.734916
13.734915
13.734915
13.734914
13.734913
13.734913
13.734912
13.734911
13.734910
13.734910
13.734909
13.734908
13.734908
13.734907
13.734906
13.734906
13.734905
13.734904
13.734903
13.734903
13.734902
13.734901
13.734901
13.734900
13.734899
13.734899
13.734898
13.734897
13.734896
13.734896
13.734895
13.734894
13.734894
13.734893
13.734892
13.734892
13.734891
13.734890
13.734890
13.734889
13.734888
13.734888
13.734887
13.734886
13.734885
13.734885
13.734884
13.734883
13.734883
13.734882
13.734881
13.734881
13.734880
13.734879
13.734879
13.734878
13.734877
13.734877
13.734876
13.734875
13.734875
13.734874
13.734873
13.734872
13.734872
13.734871
13.734870
13.734870
13.734869
13.734868
13.734868
13.734867
13.734866
13.734866
13.734865
13.734864
13.734864
13.734863
13.734862
13.734862
13.734861
13.734860
13.734860
13.734859
13.734858
13.734858
13.734857
13.734856
13.734856
13.734855
13.734854
13.734854
13.734853
13.734852
13.734852
13.734851
13.734850
13.734850
13.734849
13.734848
13.734848
13.734847
13.734846
13.734846
13.734845
13.734844
13.734844
13.734843
13.734842
13.734842
13.734841
13.734840
13.734840
13.734839
13.734838
13.734838
13.734837
13.734836
13.734836
13.734835
13.734835
13.734834
13.734833
13.734833
13.734832
13.734831
13.734831
13.734830
13.734829
13.734829
13.734828
13.734827
13.734827
13.734826
13.734825
13.734825
13.734824
13.734823
13.734823
13.734822
13.734822
13.734821
13.734820
13.734820
13.734819
13.734818
13.734818
13.734817
13.734816
13.734816
13.734815
13.734814
13.734814
13.734813
13.734813
13.734812
13.734811
13.734811
13.734810
13.734809
13.734809
13.734808
13.734807
13.734807
13.734806
13.734805
13.734805
13.734804
13.734804
13.734803
13.734802
13.734802
13.734801
13.734800
13.734800
13.734799
13.734799
13.734798
13.734797
13.734797
13.734796
13.734795
13.734795
13.734794
13.734793
13.734793
13.734792
13.734792
13.734791
13.734790
13.734790
13.734789
13.734788
13.734788
13.734787
13.734787
13.734786
13.734785
13.734785
13.734784
13.734783
13.734783
13.734782
13.734782
13.734781
13.734780
13.734780
13.734779
13.734779
13.734778
13.734777
13.734777
13.734776
13.734775
13.734775
13.734774
13.734774
13.734773
13.734772
13.734772
13.734771
13.734771
13.734770
13.734769
13.734769
13.734768
13.734767
13.734767
13.734766
13.734766
13.734765
13.734764
13.734764
13.734763
13.734763
13.734762
13.734761
13.734761
13.734760
13.734760
13.734759
13.734758
13.734758
13.734757
13.734757
13.734756
13.734755
13.734755
13.734754
13.734754
13.734753
13.734752
13.734752
13.734751
13.734750
13.734750
13.734749
13.734749
13.734748
13.734748
13.734747
13.734746
13.734746
13.734745
13.734745
13.734744
13.734743
13.734743
13.734742
13.734742
13.734741
13.734740
13.734740
13.734739
13.734739
13.734738
13.734737
13.734737
13.734736
13.734736
13.734735
13.734734
13.734734
13.734733
13.734733
13.734732
13.734732
13.734731
13.734730
13.734730
13.734729
13.734729
13.734728
13.734727
13.734727
13.734726
13.734726
13.734725
13.734725
13.734724
13.734723
13.734723
13.734722
13.734722
13.734721
13.734720
13.734720
13.734719
13.734719
13.734718
13.734718
13.734717
13.734716
13.734716
13.734715
13.734715
13.734714
13.734714
13.734713
13.734712
13.734712
13.734711
13.734711
13.734710
13.734710
13.734709
13.734708
13.734708
13.734707
13.734707
13.734706
13.734706
13.734705
13.734704
13.734704
13.734703
13.734703
13.734702
13.734702
13.734701
13.734700
13.734700
13.734699
13.734699
13.734698
13.734698
13.734697
13.734696
13.734696
13.734695
13.734695
13.734694
13.734694
13.734693
13.734693
13.734692
13.734691
13.734691
13.734690
13.734690
13.734689
13.734689
13.734688
13.734688
13.734687
13.734686
13.734686
13.734685
13.734685
13.734684
13.734684
13.734683
13.734683
13.734682
13.734681
13.734681
13.734680
13.734680
13.734679
13.734679
13.734678
13.734678
13.734677
13.734676
13.734676
13.734675
13.734675
13.734674
13.734674
13.734673
13.734673
13.734672
13.734672
13.734671
13.734670
13.734670
13.734669
13.734669
13.734668
13.734668
13.734667
13.734667
13.734666
13.734666
13.734665
13.734665
13.734664
13.734663
13.734663
13.734662
13.734662
13.734661
13.734661
13.734660
13.734660
13.734659
13.734659
13.734658
13.734658
13.734657
13.734656
13.734656
13.734655
13.734655
13.734654
13.734654
13.734653
13.734653
13.734652
13.734652
13.734651
13.734651
13.734650
13.734650
13.734649
13.734649
13.734648
13.734647
13.734647
13.734646
13.734646
13.734645
13.734645
13.734644
13.734644
13.734643
13.734643
13.734642
13.734642
13.734641
13.734641
13.734640
13.734640
13.734639
13.734639
13.734638
13.734638
13.734637
13.734637
13.734636
13.734635
13.734635
13.734634
13.734634
13.734633
13.734633
13.734632
13.734632
13.734631
13.734631
13.734630
13.734630
13.734629
13.734629
13.734628
13.734628
13.734627
13.734627
13.734626
13.734626
13.734625
13.734625
13.734624
13.734624
13.734623
13.734623
13.734622
13.734622
13.734621
13.734621
13.734620
13.734620
13.734619
13.734619
13.734618
13.734618
13.734617
13.734617
13.734616
13.734616
13.734615
13.734615
13.734614
13.734614
13.734613
13.734613
13.734612
13.734612
13.734611
13.734611
13.734610
13.734610
13.734609
13.734609
13.734608
13.734608
13.734607
13.734607
13.734606
13.734606
13.734605
13.734605
13.734604
13.734604
13.734603
13.734603
13.734602
13.734602
13.734601
13.734601
13.734600
13.734600
13.734599
13.734599
13.734598
13.734598
13.734597
13.734597
13.734596
13.734596
13.734595
13.734595
13.734594
13.734594
13.734593
13.734593
13.734592
13.734592
13.734591
13.734591
13.734590
13.734590
13.734589
13.734589
13.734588
13.734588
13.734587
13.734587
13.734587
13.734586
13.734586
13.734585
13.734585
13.734584
13.734584
13.734583
13.734583
13.734582
13.734582
13.734581
13.734581
13.734580
13.734580
13.734579
13.734579
13.734578
13.734578
13.734577
13.734577
13.734577
13.734576
13.734576
13.734575
13.734575
13.734574
13.734574
13.734573
13.734573
13.734572
13.734572
13.734571
13.734571
13.734570
13.734570
13.734569
13.734569
13.734569
13.734568
13.734568
13.734567
13.734567
13.734566
13.734566
13.734565
13.734565
13.734564
13.734564
13.734563
13.734563
13.734562
13.734562
13.734562
13.734561
13.734561
13.734560
13.734560
13.734559
13.734559
13.734558
13.734558
13.734557
13.734557
13.734556
13.734556
13.734556
13.734555
13.734555
13.734554
13.734554
13.734553
13.734553
13.734552
13.734552
13.734551
13.734551
13.734551
13.734550
13.734550
13.734549
13.734549
13.734548
13.734548
13.734547
13.734547
13.734546
13.734546
13.734546
13.734545
13.734545
13.734544
13.734544
13.734543
13.734543
13.734542
13.734542
13.734542
13.734541
13.734541
13.734540
13.734540
13.734539
13.734539
13.734538
13.734538
13.734538
13.734537
13.734537
13.734536
13.734536
13.734535
13.734535
13.734534
13.734534
13.734534
13.734533
13.734533
13.734532
13.734532
13.734531
13.734531
13.734530
13.734530
13.734530
13.734529
13.734529
13.734528
13.734528
13.734527
13.734527
13.734527
13.734526
13.734526
13.734525
13.734525
13.734524
13.734524
13.734524
13.734523
13.734523
13.734522
13.734522
13.734521
13.734521
13.734521
13.734520
13.734520
13.734519
13.734519
13.734518
13.734518
13.734517
13.734517
13.734517
13.734516
13.734516
13.734515
13.734515
13.734515
13.734514
13.734514
13.734513
13.734513
13.734512
13.734512
13.734512
13.734511
13.734511
13.734510
13.734510
13.734509
13.734509
13.734509
13.734508
13.734508
13.734507
13.734507
13.734506
13.734506
13.734506
13.734505
13.734505
13.734504
13.734504
13.734504
13.734503
13.734503
13.734502
13.734502
13.734501
13.734501
13.734501
13.734500
13.734500
13.734499
13.734499
13.734499
13.734498
13.734498
13.734497
13.734497
13.734496
13.734496
13.734496
13.734495
13.734495
13.734494
13.734494
13.734494
13.734493
13.734493
13.734492
13.734492
13.734492
13.734491
13.734491
13.734490
13.734490
13.734490
13.734489
13.734489
13.734488
13.734488
13.734488
13.734487
13.734487
13.734486
13.734486
13.734485
13.734485
13.734485
13.734484
13.734484
13.734483
13.734483
13.734483
13.734482
13.734482
13.734481
13.734481
13.734481
13.734480
13.734480
13.734479
13.734479
13.734479
13.734478
13.734478
13.734477
13.734477
13.734477
13.734476
13.734476
13.734475
13.734475
13.734475
13.734474
13.734474
13.734474
13.734473
13.734473
13.734472
13.734472
13.734472
13.734471
13.734471
13.734470
13.734470
13.734470
13.734469
13.734469
13.734468
13.734468
13.734468
13.734467
13.734467
13.734466
13.734466
13.734466
13.734465
13.734465
13.734465
13.734464
13.734464
13.734463
13.734463
13.734463
13.734462
13.734462
13.734461
13.734461
13.734461
13.734460
13.734460
13.734460
13.734459
13.734459
13.734458
13.734458
13.734458
13.734457
13.734457
13.734456
13.734456
13.734456
13.734455
13.734455
13.734455
13.734454
13.734454
13.734453
13.734453
13.734453
13.734452
13.734452
13.734452
13.734451
13.734451
13.734450
13.734450
13.734450
13.734449
13.734449
13.734448
13.734448
13.734448
13.734447
13.734447
13.734447
13.734446
13.734446
13.734445
13.734445
13.734445
13.734444
13.734444
13.734444
13.734443
13.734443
13.734443
13.734442
13.734442
13.734441
13.734441
13.734441
13.734440
13.734440
13.734440
13.734439
13.734439
13.734438
13.734438
13.734438
13.734437
13.734437
13.734437
13.734436
13.734436
13.734436
13.734435
13.734435
13.734434
13.734434
13.734434
13.734433
13.734433
13.734433
13.734432
13.734432
13.734431
13.734431
13.734431
13.734430
13.734430
13.734430
13.734429
13.734429
13.734429
13.734428
13.734428
13.734428
13.734427
13.734427
13.734426
13.734426
13.734426
13.734425
13.734425
13.734425
13.734424
13.734424
13.734424
13.734423
13.734423
13.734423
13.734422
13.734422
13.734421
13.734421
13.734421
13.734420
13.734420
13.734420
13.734419
13.734419
13.734419
13.734418
13.734418
13.734418
13.734417
13.734417
13.734416
13.734416
13.734416
13.734415
13.734415
13.734415
13.734414
13.734414
13.734414
13.734413
13.734413
13.734413
13.734412
13.734412
13.734412
13.734411
13.734411
13.734411
13.734410
13.734410
13.734409
13.734409
13.734409
13.734408
13.734408
13.734408
13.734407
13.734407
13.734407
13.734406
13.734406
13.734406
13.734405
13.734405
13.734405
13.734404
13.734404
13.734404
13.734403
13.734403
13.734403
13.734402
13.734402
13.734402
13.734401
13.734401
13.734401
13.734400
13.734400
13.734400
13.734399
13.734399
13.734399
13.734398
13.734398
13.734397
13.734397
13.734397
13.734396
13.734396
13.734396
13.734395
13.734395
13.734395
13.734394
13.734394
13.734394
13.734393
13.734393
13.734393
13.734392
13.734392
13.734392
13.734391
13.734391
13.734391
13.734390
13.734390
13.734390
13.734389
13.734389
13.734389
13.734388
13.734388
13.734388
13.734387
13.734387
13.734387
13.734386
13.734386
13.734386
13.734385
13.734385
13.734385
13.734384
13.734384
13.734384
13.734383
13.734383
13.734383
13.734383
13.734382
13.734382
13.734382
13.734381
13.734381
13.734381
13.734380
13.734380
13.734380
13.734379
13.734379
13.734379
13.734378
13.734378
13.734378
13.734377
13.734377
13.734377
13.734376
13.734376
13.734376
13.734375
13.734375
13.734375
13.734374
13.734374
13.734374
13.734373
13.734373
13.734373
13.734372
13.734372
13.734372
13.734371
13.734371
13.734371
13.734371
13.734370
13.734370
13.734370
13.734369
13.734369
13.734369
13.734368
13.734368
13.734368
13.734367
13.734367
13.734367
13.734366
13.734366
13.734366
13.734365
13.734365
13.734365
13.734364
13.734364
13.734364
13.734364
13.734363
13.734363
13.734363
13.734362
13.734362
13.734362
13.734361
13.734361
13.734361
13.734360
13.734360
13.734360
13.734359
13.734359
13.734359
13.734359
13.734358
13.734358
13.734358
13.734357
13.734357
13.734357
13.734356
13.734356
13.734356
13.734355
13.734355
13.734355
13.734354
13.734354
13.734354
13.734354
13.734353
13.734353
13.734353
13.734352
13.734352
13.734352
13.734351
13.734351
13.734351
13.734350
13.734350
13.734350
13.734350
13.734349
13.734349
13.734349
13.734348
13.734348
13.734348
13.734347
13.734347
13.734347
13.734347
13.734346
13.734346
13.734346
13.734345
13.734345
13.734345
13.734344
13.734344
13.734344
13.734344
13.734343
13.734343
13.734343
13.734342
13.734342
13.734342
13.734341
13.734341
13.734341
13.734340
13.734340
13.734340
13.734340
13.734339
13.734339
13.734339
13.734338
13.734338
13.734338
13.734338
13.734337
13.734337
13.734337
13.734336
13.734336
13.734336
13.734335
13.734335
13.734335
13.734335
13.734334
13.734334
13.734334
13.734333
13.734333
13.734333
13.734332
13.734332
13.734332
13.734332
13.734331
13.734331
13.734331
13.734330
13.734330
13.734330
13.734330
13.734329
13.734329
13.734329
13.734328
13.734328
13.734328
13.734327
13.734327
13.734327
13.734327
13.734326
13.734326
13.734326
13.734325
13.734325
13.734325
13.734325
13.734324
13.734324
13.734324
13.734323
13.734323
13.734323
13.734323
13.734322
13.734322
13.734322
13.734321
13.734321
13.734321
13.734321
13.734320
13.734320
13.734320
13.734319
13.734319
13.734319
13.734319
13.734318
13.734318
13.734318
13.734317
13.734317
13.734317
13.734317
13.734316
13.734316
13.734316
13.734315
13.734315
13.734315
13.734315
13.734314
13.734314
13.734314
13.734313
13.734313
13.734313
13.734313
13.734312
13.734312
13.734312
13.734311
13.734311
13.734311
13.734311
13.734310
13.734310
13.734310
13.734309
13.734309
13.734309
13.734309
13.734308
13.734308
13.734308
13.734308
13.734307
13.734307
13.734307
13.734306
13.734306
13.734306
13.734306
13.734305
13.734305
13.734305
13.734304
13.734304
13.734304
13.734304
13.734303
13.734303
13.734303
13.734303
13.734302
13.734302
13.734302
13.734301
13.734301
13.734301
13.734301
13.734300
13.734300
13.734300
13.734299
13.734299
13.734299
13.734299
13.734298
13.734298
13.734298
13.734298
13.734297
13.734297
13.734297
13.734296
13.734296
13.734296
13.734296
13.734295
13.734295
13.734295
13.734295
13.734294
13.734294
13.734294
13.734293
13.734293
13.734293
13.734293
13.734292
13.734292
13.734292
13.734292
13.734291
13.734291
13.734291
13.734290
13.734290
13.734290
13.734290
13.734289
13.734289
13.734289
13.734289
13.734288
13.734288
13.734288
13.734288
13.734287
13.734287
13.734287
13.734286
13.734286
13.734286
13.734286
13.734285
13.734285
13.734285
13.734285
13.734284
13.734284
13.734284
13.734284
13.734283
13.734283
13.734283
13.734282
13.734282
13.734282
13.734282
13.734281
13.734281
13.734281
13.734281
13.734280
13.734280
13.734280
13.734280
13.734279
13.734279
13.734279
13.734279
13.734278
13.734278
13.734278
13.734277
13.734277
13.734277
13.734277
13.734276
13.734276
13.734276
13.734276
13.734275
13.734275
13.734275
13.734275
13.734274
13.734274
13.734274
13.734274
13.734273
13.734273
13.734273
13.734272
13.734272
13.734272
13.734272
13.734271
13.734271
13.734271
13.734271
13.734270
13.734270
13.734270
13.734270
13.734269
13.734269
13.734269
13.734269
13.734268
13.734268
13.734268
13.734268
13.734267
13.734267
13.734267
13.734267
13.734266
13.734266
13.734266
13.734266
13.734265
13.734265
13.734265
13.734265
13.734264
13.734264
13.734264
13.734263
13.734263
13.734263
13.734263
13.734262
13.734262
13.734262
13.734262
13.734261
13.734261
13.734261
13.734261
13.734260
13.734260
13.734260
13.734260
13.734259
13.734259
13.734259
13.734259
13.734258
13.734258
13.734258
13.734258
13.734257
13.734257
13.734257
13.734257
13.734256
13.734256
13.734256
13.734256
13.734255
13.734255
13.734255
13.734255
13.734254
13.734254
13.734254
13.734254
13.734253
13.734253
13.734253
13.734253
13.734252
13.734252
13.734252
13.734252
13.734251
13.734251
13.734251
13.734251
13.734250
13.734250
13.734250
13.734250
13.734249
13.734249
13.734249
13.734249
13.734248
13.734248
13.734248
13.734248
13.734247
13.734247
13.734247
13.734247
13.734246
13.734246
13.734246
13.734246
13.734245
13.734245
13.734245
13.734245
13.734244
13.734244
13.734244
13.734244
13.734243
13.734243
13.734243
13.734243
13.734242
13.734242
13.734242
13.734242
13.734242
13.734241
13.734241
13.734241
13.734241
13.734240
13.734240
13.734240
13.734240
13.734239
13.734239
13.734239
13.734239
13.734238
13.734238
13.734238
13.734238
13.734237
13.734237
13.734237
13.734237
13.734236
13.734236
13.734236
13.734236
13.734235
13.734235
13.734235
13.734235
13.734234
13.734234
13.734234
13.734234
13.734234
13.734233
13.734233
13.734233
13.734233
13.734232
13.734232
13.734232
13.734232
13.734231
13.734231
13.734231
13.734231
13.734230
13.734230
13.734230
13.734230
13.734229
13.734229
13.734229
13.734229
13.734228
13.734228
13.734228
13.734228
13.734228
13.734227
13.734227
13.734227
13.734227
13.734226
13.734226
13.734226
13.734226
13.734225
13.734225
13.734225
13.734225
13.734224
13.734224
13.734224
13.734224
13.734224
13.734223
13.734223
13.734223
13.734223
13.734222
13.734222
13.734222
13.734222
13.734221
13.734221
13.734221
13.734221
13.734220
13.734220
13.734220
13.734220
13.734220
13.734219
13.734219
13.734219
13.734219
13.734218
13.734218
13.734218
13.734218
13.734217
13.734217
13.734217
13.734217
13.734216
13.734216
13.734216
13.734216
13.734216
13.734215
13.734215
13.734215
13.734215
13.734214
13.734214
13.734214
13.734214
13.734213
13.734213
13.734213
13.734213
13.734213
13.734212
13.734212
13.734212
13.734212
13.734211
13.734211
13.734211
13.734211
13.734210
13.734210
13.734210
13.734210
13.734210
13.734209
13.734209
13.734209
13.734209
13.734208
13.734208
13.734208
13.734208
13.734207
13.734207
13.734207
13.734207
13.734207
13.734206
13.734206
13.734206
13.734206
13.734205
13.734205
13.734205
13.734205
13.734204
13.734204
13.734204
13.734204
13.734204
13.734203
13.734203
13.734203
13.734203
13.734202
13.734202
13.734202
13.734202
13.734202
13.734201
13.734201
13.734201
13.734201
13.734200
13.734200
13.734200
13.734200
13.734199
13.734199
13.734199
13.734199
13.734199
13.734198
13.734198
13.734198
13.734198
13.734197
13.734197
13.734197
13.734197
13.734197
13.734196
13.734196
13.734196
13.734196
13.734195
13.734195
13.734195
13.734195
13.734195
13.734194
13.734194
13.734194
13.734194
13.734193
13.734193
13.734193
13.734193
13.734193
13.734192
13.734192
13.734192
13.734192
13.734191
13.734191
13.734191
13.734191
13.734190
13.734190
13.734190
13.734190
13.734190
13.734189
13.734189
13.734189
13.734189
13.734188
13.734188
13.734188
13.734188
13.734188
13.734187
13.734187
13.734187
13.734187
13.734186
13.734186
13.734186
13.734186
13.734186
13.734185
13.734185
13.734185
13.734185
13.734185
13.734184
13.734184
13.734184
13.734184
13.734183
13.734183
13.734183
13.734183
13.734183
13.734182
13.734182
13.734182
13.734182
13.734181
13.734181
13.734181
13.734181
13.734181
13.734180
13.734180
13.734180
13.734180
13.734179
13.734179
13.734179
13.734179
13.734179
13.734178
13.734178
13.734178
13.734178
13.734177
13.734177
13.734177
13.734177
13.734177
13.734176
13.734176
13.734176
13.734176
13.734176
13.734175
13.734175
13.734175
13.734175
13.734174
13.734174
13.734174
13.734174
13.734174
13.734173
13.734173
13.734173
13.734173
13.734172
13.734172
13.734172
13.734172
13.734172
13.734171
13.734171
13.734171
13.734171
13.734171
13.734170
13.734170
13.734170
13.734170
13.734169
13.734169
13.734169
13.734169
13.734169
13.734168
13.734168
13.734168
13.734168
13.734168
13.734167
13.734167
13.734167
13.734167
13.734166
13.734166
13.734166
13.734166
13.734166
13.734165
13.734165
13.734165
13.734165
13.734165
13.734164
13.734164
13.734164
13.734164
13.734163
13.734163
13.734163
13.734163
13.734163
13.734162
13.734162
13.734162
13.734162
13.734162
13.734161
13.734161
13.734161
13.734161
13.734160
13.734160
13.734160
13.734160
13.734160
13.734159
13.734159
13.734159
13.734159
13.734159
13.734158
13.734158
13.734158
13.734158
13.734157
13.734157
13.734157
13.734157
13.734157
13.734156
13.734156
13.734156
13.734156
13.734156
13.734155
13.734155
13.734155
13.734155
13.734155
13.734154
13.734154
13.734154
13.734154
13.734153
13.734153
13.734153
13.734153
13.734153
13.734152
13.734152
13.734152
13.734152
13.734152
13.734151
13.734151
13.734151
13.734151
13.734151
13.734150
13.734150
13.734150
13.734150
13.734149
13.734149
13.734149
13.734149
13.734149
13.734148
13.734148
13.734148
13.734148
13.734148
13.734147
13.734147
13.734147
13.734147
13.734147
13.734146
13.734146
13.734146
13.734146
13.734146
13.734145
13.734145
13.734145
13.734145
13.734144
13.734144
13.734144
13.734144
13.734144
13.734143
13.734143
13.734143
13.734143
13.734143
13.734142
13.734142
13.734142
13.734142
13.734142
13.734141
13.734141
13.734141
13.734141
13.734141
13.734140
13.734140
13.734140
13.734140
13.734139
13.734139
13.734139
13.734139
13.734139
13.734138
13.734138
13.734138
13.734138
13.734138
13.734137
13.734137
13.734137
13.734137
13.734137
13.734136
13.734136
13.734136
13.734136
13.734136
13.734135
13.734135
13.734135
13.734135
13.734135
13.734134
13.734134
13.734134
13.734134
13.734133
13.734133
13.734133
13.734133
13.734133
13.734132
13.734132
13.734132
13.734132
13.734132
13.734131
13.734131
13.734131
13.734131
13.734131
13.734130
13.734130
13.734130
13.734130
13.734130
13.734129
13.734129
13.734129
13.734129
13.734129
13.734128
13.734128
13.734128
13.734128
13.734128
13.734127
13.734127
13.734127
13.734127
13.734127
13.734126
13.734126
13.734126
13.734126
13.734126
13.734125
13.734125
13.734125
13.734125
13.734125
13.734124
13.734124
13.734124
13.734124
13.734123
13.734123
13.734123
13.734123
13.734123
13.734122
13.734122
13.734122
13.734122
13.734122
13.734121
13.734121
13.734121
13.734121
13.734121
13.734120
13.734120
13.734120
13.734120
13.734120
13.734119
13.734119
13.734119
13.734119
13.734119
13.734118
13.734118
13.734118
13.734118
13.734118
13.734117
13.734117
13.734117
13.734117
13.734117
13.734116
13.734116
13.734116
13.734116
13.734116
13.734115
13.734115
13.734115
13.734115
13.734115
13.734114
13.734114
13.734114
13.734114
13.734114
13.734113
13.734113
13.734113
13.734113
13.734113
13.734112
13.734112
13.734112
13.734112
13.734112
13.734111
13.734111
13.734111
13.734111
13.734111
13.734110
13.734110
13.734110
13.734110
13.734110
13.734109
13.734109
13.734109
13.734109
13.734109
13.734108
13.734108
13.734108
13.734108
13.734108
13.734107
13.734107
13.734107
13.734107
13.734107
13.734106
13.734106
13.734106
13.734106
13.734106
13.734105
13.734105
13.734105
13.734105
13.734105
13.734104
13.734104
13.734104
13.734104
13.734104
13.734103
13.734103
13.734103
13.734103
13.734103
13.734102
13.734102
13.734102
13.734102
13.734102
13.734101
13.734101
13.734101
13.734101
13.734101
13.734100
13.734100
13.734100
13.734100
13.734100
13.734099
13.734099
13.734099
13.734099
13.734099
13.734098
13.734098
13.734098
13.734098
13.734098
13.734097
13.734097
13.734097
13.734097
13.734097
13.734096
13.734096
13.734096
13.734096
13.734096
13.734095
13.734095
13.734095
13.734095
13.734095
13.734094
13.734094
13.734094
13.734094
13.734094
13.734093
13.734093
13.734093
13.734093
13.734093
13.734092
13.734092
13.734092
13.734092
13.734092
13.734091
13.734091
13.734091
13.734091
13.734091
13.734090
13.734090
13.734090
13.734090
13.734090
13.734089
13.734089
13.734089
13.734089
13.734089
13.734089
13.734088
13.734088
13.734088
13.734088
13.734088
13.734087
13.734087
13.734087
13.734087
13.734087
13.734086
13.734086
13.734086
13.734086
13.734086
13.734085
13.734085
13.734085
13.734085
13.734085
13.734084
13.734084
13.734084
13.734084
13.734084
13.734083
13.734083
13.734083
13.734083
13.734083
13.734082
13.734082
13.734082
13.734082
13.734082
13.734081
13.734081
13.734081
13.734081
13.734081
13.734080
13.734080
13.734080
13.734080
13.734080
13.734079
13.734079
13.734079
13.734079
13.734079
13.734078
13.734078
13.734078
13.734078
13.734078
13.734077
13.734077
13.734077
13.734077
13.734077
13.734077
13.734076
13.734076
13.734076
13.734076
13.734076
13.734075
13.734075
13.734075
13.734075
13.734075
13.734074
13.734074
13.734074
13.734074
13.734074
13.734073
13.734073
13.734073
13.734073
13.734073
13.734072
13.734072
13.734072
13.734072
13.734072
13.734071
13.734071
13.734071
13.734071
13.734071
13.734070
13.734070
13.734070
13.734070
13.734070
13.734069
13.734069
13.734069
13.734069
13.734069
13.734068
13.734068
13.734068
13.734068
13.734068
13.734068
13.734067
13.734067
13.734067
13.734067
13.734067
13.734066
13.734066
13.734066
13.734066
13.734066
13.734065
13.734065
13.734065
13.734065
13.734065
13.734064
13.734064
13.734064
13.734064
13.734064
13.734063
13.734063
13.734063
13.734063
13.734063
13.734062
13.734062
13.734062
13.734062
13.734062
13.734061
13.734061
13.734061
13.734061
13.734061
13.734060
13.734060
13.734060
13.734060
13.734060
13.734059
13.734059
13.734059
13.734059
13.734059
13.734059
13.734058
13.734058
13.734058
13.734058
13.734058
13.734057
13.734057
13.734057
13.734057
13.734057
13.734056
13.734056
13.734056
13.734056
13.734056
13.734055
13.734055
13.734055
13.734055
13.734055
13.734054
13.734054
13.734054
13.734054
13.734054
13.734053
13.734053
13.734053
13.734053
13.734053
13.734052
13.734052
13.734052
13.734052
13.734052
13.734051
13.734051
13.734051
13.734051
13.734051
13.734051
13.734050
13.734050
13.734050
13.734050
13.734050
13.734049
13.734049
13.734049
13.734049
13.734049
13.734048
13.734048
13.734048
13.734048
13.734048
13.734047
13.734047
13.734047
13.734047
13.734047
13.734046
13.734046
13.734046
13.734046
13.734046
13.734045
13.734045
13.734045
13.734045
13.734045
13.734044
13.734044
13.734044
13.734044
13.734044
13.734043
13.734043
13.734043
13.734043
13.734043
13.734043
13.734042
13.734042
13.734042
13.734042
13.734042
13.734041
13.734041
