15.352729
14.957131
14.717769
14.518003
14.323603
14.149326
14.001594
13.870635
13.744864
13.616372
13.480482
13.334730
13.178520
13.013180
12.841497
12.665901
12.486498
12.301889
12.111746
11.917452
11.721984
11.530079
11.346065
11.170692
11.000368
10.834910
10.678148
10.530753
10.388574
10.248764
10.113032
9.982111
9.852011
9.718953
9.585851
9.458876
9.339655
9.226949
9.119607
9.016194
8.914306
8.810344
8.698975
8.572335
8.421667
8.247169
8.082711
8.012550
7.924437
7.836754
7.735318
7.672628
7.586531
7.440196
7.408860
6.921586
6.692124
6.638237
6.593475
6.487686
6.373533
6.266679
5.969817
5.894824
5.735976
5.575445
5.650370
5.429581
5.383796
5.354526
5.303418
5.284274
5.261538
5.627991
5.675046
5.184258
5.323627
5.191577
5.623986
5.366570
5.359030
6.372282
5.620625
5.662745
4.882082
4.674164
6.965689
6.738684
5.949548
6.591756
4.872123
5.420563
5.513963
6.003267
7.618429
5.215884
5.630891
5.935604
5.098685
5.775530
5.643969
6.473816
5.136965
6.820918
5.975766
5.608459
5.232954
6.456134
5.304875
6.287003
5.228924
6.617140
5.496745
5.478052
5.185423
5.741099
5.179347
6.104023
5.809080
5.250486
5.448959
5.363902
5.572277
5.067089
6.958476
5.366057
6.436185
5.747916
5.531467
5.535021
5.414911
6.429540
4.538643
5.121423
7.655129
7.142590
5.604301
5.993837
5.292219
5.570661
4.860465
5.172174
5.455412
4.370513
6.016438
5.264449
5.164127
5.207182
6.105939
4.636797
4.445352
6.268858
4.211146
4.527530
8.954519
6.119720
4.904015
3.955683
5.932680
4.671692
4.738256
4.098349
5.764169
4.774956
4.364258
5.324108
5.019250
4.025542
4.827216
3.700211
7.916461
4.333749
3.535198
3.855960
3.307832
4.236458
3.739884
3.293724
8.141145
4.924202
5.410465
5.150139
4.417147
4.351662
3.486266
3.703278
4.039079
4.856070
8.106431
4.415383
4.949990
4.848045
4.326338
3.530696
5.419106
4.590104
3.433617
3.065752
3.538501
5.696050
6.523983
4.261861
3.401747
6.104649
3.723993
4.464608
4.668872
4.413573
6.226665
3.507447
3.359770
6.451301
5.336817
4.917290
4.364207
5.137322
3.614353
2.575516
3.184078
6.530013
4.871903
4.039354
6.699181
4.032293
3.588300
3.685629
2.639355
8.011526
5.173769
5.317306
5.155514
4.023303
4.960241
3.098172
3.534908
6.541829
4.721204
4.507809
4.337185
6.118042
4.171597
4.010354
3.144983
4.154754
3.361177
3.496469
4.821626
3.917290
4.210927
4.187016
6.363072
3.305198
5.878392
4.000813
4.058462
3.264769
2.615319
2.565983
1.961477
4.970524
2.006995
6.847728
5.617448
3.492078
4.056229
4.212839
5.625484
5.713374
2.796618
4.125119
3.918837
2.513858
2.387267
2.352438
3.898244
6.674799
3.487441
4.268640
5.083525
3.558967
5.702657
2.376377
7.051487
4.126547
2.731682
3.927309
5.351368
3.314910
1.822300
4.057943
3.149818
3.517532
5.955614
3.178414
2.724810
1.717085
3.081620
8.807681
8.557503
5.584082
2.896129
3.269080
2.287406
3.001598
2.700769
2.757742
3.059825
3.042323
2.158819
3.300186
2.402907
2.581861
2.490982
7.165219
2.344730
5.502998
6.116839
3.471822
3.201906
4.452286
3.427134
5.936663
6.468569
3.582207
2.489004
5.917470
5.942095
2.991639
3.158088
2.428109
2.419640
1.954047
2.144328
2.049738
3.955287
4.124556
3.088714
2.432215
2.279464
2.313333
2.112385
3.423432
4.194469
7.600350
10.095074
3.587064
3.458976
2.866976
2.756814
3.295438
4.982466
2.337981
3.733152
2.150375
2.529429
3.952067
8.613753
3.822069
1.751485
1.764812
2.395841
2.267412
2.029946
1.707888
6.461296
3.957379
2.364609
2.567213
2.761766
2.605385
3.397097
7.566997
5.149327
2.668829
2.516323
2.514460
7.973917
2.591383
1.912312
1.659678
1.645822
1.341737
1.344987
1.360679
1.410120
1.440837
1.538486
1.453670
1.609626
1.620352
1.800245
1.801795
4.031990
5.887882
4.526638
2.574135
3.763169
1.879694
5.359363
5.793023
3.179806
3.929692
3.049447
2.924639
3.627475
3.367734
3.452731
4.670779
6.495579
3.124950
2.712236
3.652771
5.117606
7.378920
2.745108
4.915499
2.811037
2.844876
2.874283
3.770790
4.098055
4.715670
3.904888
2.545063
2.567314
2.619493
3.305877
3.245923
2.795017
7.655369
4.745732
2.450960
2.143628
1.562455
1.335286
1.375839
1.346317
1.202305
1.194650
1.203793
1.230224
1.244555
1.246516
2.770061
3.630028
6.234817
3.656401
2.863077
3.738972
5.732680
2.571811
3.249536
4.447312
3.512962
5.755273
2.992036
1.704599
4.923477
7.035127
3.508059
3.773691
7.218190
3.906016
2.535582
1.772962
4.976659
2.474017
1.461182
3.098593
3.095037
5.120714
7.281975
3.346429
2.022536
1.471285
1.349011
1.226294
1.193128
1.172183
1.161598
1.193873
1.268791
1.375702
1.452147
1.566957
1.720994
1.797550
1.421802
1.496317
1.374435
1.415995
1.426339
1.426004
1.436096
1.446158
1.457764
1.469299
1.480635
1.490242
1.497875
1.503261
1.506186
1.506154
1.502845
1.496024
1.485563
1.471547
1.454412
1.434954
1.414335
1.393756
1.373880
1.355129
1.340348
1.346667
1.378176
1.345686
1.396748
1.293966
1.433547
1.293821
4.311161
12.428461
7.049494
5.804080
3.424738
2.054987
1.765597
1.655619
1.427864
1.443015
1.195919
1.202591
1.212365
1.203000
1.191695
1.182061
1.188499
1.201889
1.216876
1.223426
1.226396
1.231285
1.248245
1.186887
3.899175
14.590173
6.981028
7.175590
3.804845
2.369595
2.473031
6.583365
2.440008
3.738032
2.523284
3.433981
2.058429
2.680712
3.215364
3.205150
3.381746
4.097382
2.804684
1.672548
6.904063
7.692804
5.033581
2.729810
2.679043
3.599235
3.197487
2.567308
3.876798
2.416156
7.793652
4.075269
4.682457
2.846630
6.086179
4.107904
4.120078
5.650868
4.275894
4.423993
3.028899
2.578165
3.822080
3.310136
2.531679
3.577466
6.889632
2.871319
2.407386
1.831086
1.749458
5.293789
2.606768
4.126098
6.379711
3.258641
1.951475
4.075453
4.850978
2.025226
3.422203
8.581311
7.536411
5.885757
3.941473
2.633114
2.470397
2.076839
3.023994
2.860133
1.679383
1.618197
1.370977
1.413339
1.255889
1.236646
1.238105
1.231485
1.214108
1.233303
1.219382
1.142898
1.174133
1.175269
1.291357
1.590229
1.458228
3.643459
9.368391
4.183390
2.753973
3.901992
3.454615
2.183147
2.018718
1.753761
1.355940
1.085499
1.063260
1.059200
1.016128
0.995350
0.943815
1.052212
1.094920
1.131384
1.444376
1.889672
1.595019
1.556973
1.549330
1.621863
1.647993
1.606606
1.399247
1.314150
1.237840
1.203404
1.114023
3.313782
3.764242
3.589937
5.522625
7.930270
4.054021
3.166739
5.403947
3.122810
2.753765
4.656767
2.980065
3.453427
4.652897
5.005384
1.535735
3.528965
4.939043
3.333830
5.430149
7.308975
3.406342
2.331990
3.010382
3.284516
2.606928
3.917534
3.447004
3.457469
2.162980
6.915204
4.022425
2.453489
5.858312
3.407689
6.607517
2.554848
2.537361
3.714959
2.038166
5.719583
1.850918
5.783184
2.846074
3.789585
4.025580
2.881958
8.344776
2.863499
1.929227
2.423600
2.949907
2.637695
2.253687
1.849350
1.871004
1.997864
1.070687
4.320990
2.359872
2.277271
1.913928
1.931530
1.889435
1.114094
1.068482
1.361476
1.675669
2.036373
1.553115
1.774420
1.579818
1.475033
1.373860
1.282883
1.236292
1.239128
1.252409
1.253448
1.254210
1.253989
1.251115
1.244787
1.236743
1.234094
1.244682
1.269824
1.438015
1.468002
1.440772
1.309542
1.265577
1.285577
1.291042
1.290795
1.290728
1.288361
1.283630
1.277673
1.271174
1.264699
1.258712
1.253628
1.249871
1.247836
1.247722
1.249369
1.252263
1.255739
1.259236
1.262397
1.265015
1.266924
1.267949
1.267886
1.266503
1.263578
1.259002
1.252956
1.246106
1.239601
1.234522
1.231165
1.229067
1.227546
1.226262
1.225499
1.226132
1.230880
1.249818
1.271299
2.457490
2.671778
4.950021
6.817438
14.733194
11.108437
9.580080
5.111442
2.681986
2.344934
3.798431
3.551691
2.599468
2.031919
1.514556
1.149775
1.056170
1.053542
1.045753
0.989294
1.024267
4.662806
6.838630
4.612322
4.228297
4.081879
2.981881
6.381502
2.999882
6.291112
3.231249
2.118316
4.900536
5.057895
2.258606
2.147467
2.633578
1.910802
1.980926
1.415283
1.657993
1.497173
1.387501
2.201408
1.069056
1.056368
1.093511
1.106734
1.116240
1.119692
1.127940
1.130137
1.105194
1.054974
1.053507
2.133316
1.067638
1.203471
1.063013
3.996265
7.265862
12.100537
6.196032
4.239298
4.951995
2.792072
4.971525
5.353973
5.696259
6.232612
5.002884
2.605671
7.009904
3.814812
1.572084
1.327288
1.102820
1.072494
1.038330
0.986072
0.966017
0.989480
1.015084
1.038548
1.024789
3.372030
7.402111
7.135997
5.494458
7.166630
3.276259
1.623433
1.644629
1.147063
1.030585
1.035234
1.041375
1.082426
1.142143
1.120542
1.139597
1.099028
1.134688
1.146964
1.006235
2.972941
3.880677
8.266303
7.687007
6.069169
6.794388
3.967632
5.090655
2.431330
2.289572
2.485264
2.029375
1.965457
3.036101
2.820062
4.565143
5.619116
3.425532
2.733956
5.986287
1.566970
1.953455
1.180807
0.995501
0.975788
1.002649
1.021765
1.033735
1.043018
1.109822
1.150266
1.938964
1.770079
1.155096
4.195647
5.724085
6.785507
5.850467
2.378937
2.361512
2.362532
1.824917
1.150998
1.178772
1.181111
1.008627
1.069193
1.130100
1.092842
0.994403
1.081085
1.169207
2.471013
1.186614
1.024069
2.203684
2.793145
2.594159
6.260929
5.451564
6.311795
4.409964
3.161155
2.819902
2.831629
4.179124
3.946777
7.239926
3.720098
3.526318
2.391130
2.306460
3.438749
2.067995
2.402743
1.223833
1.116233
1.008215
1.028093
1.025171
1.011133
1.000981
1.027346
1.027813
1.039542
1.074931
0.929242
5.236785
7.040036
12.749087
10.745502
6.303887
2.097085
2.200294
2.650566
1.757058
1.089555
0.996874
0.964909
0.886508
0.988379
0.973883
4.615722
6.999304
5.841648
2.332500
7.537331
5.526899
6.421137
3.892057
9.033966
6.090994
8.684760
7.459138
4.360944
2.937934
5.309592
2.139070
1.343113
1.436643
1.462377
1.134466
1.053635
1.007213
1.009210
1.010743
1.009182
0.999983
0.992286
1.042892
1.050033
1.100629
1.076227
1.160287
0.982165
0.983317
1.010206
1.078001
5.982887
6.848737
4.818743
4.145152
7.825007
7.946090
5.894930
2.698037
3.102586
3.451100
6.402543
4.756699
4.122270
2.049901
2.413966
4.878387
4.975149
5.065068
2.500816
2.365831
2.333124
1.965749
2.408450
1.993846
2.156639
7.101070
2.612695
2.416282
2.178688
2.444391
5.270446
3.677570
2.369960
5.142607
6.602821
5.916962
2.591008
8.711322
6.986686
5.657030
3.650871
5.889425
2.795776
3.650686
2.718113
2.705965
3.372912
2.545949
7.171700
2.376007
1.811373
3.890249
7.280821
10.096953
5.997073
3.255280
2.283514
1.901113
9.280293
5.687889
2.510298
2.235479
1.672426
2.914085
1.215283
1.157480
1.153040
1.201403
2.487999
5.760784
5.369698
7.206798
5.066584
3.417707
2.338023
2.072754
3.834387
6.074365
4.196852
2.978901
3.596050
4.594614
2.000631
5.530028
4.194774
3.050326
3.243410
2.608052
2.933933
1.667903
4.237157
3.903909
2.255969
7.233650
4.205717
4.233344
4.869757
3.980811
1.749912
3.922727
5.495864
3.249643
1.480226
2.171350
2.500762
2.655728
4.081693
1.955135
1.741537
0.880106
0.813706
5.290466
4.267246
9.253573
5.940983
4.012564
2.440677
2.033224
1.502262
1.167464
1.028478
1.035441
1.068386
1.113959
1.103590
1.161373
1.081930
1.057501
3.432747
3.246546
4.537756
2.560213
5.893750
6.553854
9.552697
4.265365
3.869571
3.792987
3.879396
6.598800
3.809733
3.499094
2.387822
3.549162
2.040029
1.509368
2.798565
1.527089
0.961119
1.082598
1.027326
1.057301
0.918960
0.978563
1.015126
1.354663
1.207839
1.025218
3.176632
2.457776
14.752390
9.943160
8.298907
7.547037
3.385530
2.030486
2.568592
3.392607
1.190245
1.128260
1.140848
2.684516
2.826521
3.038520
5.396458
1.743824
9.677873
3.673307
2.132366
1.376431
1.067581
1.018681
1.041204
1.075737
1.163306
1.141277
1.203979
1.160302
1.209677
1.148576
1.177465
1.099701
1.070881
0.966942
0.961829
0.953553
1.113436
1.121467
1.158637
1.181633
4.916508
10.467650
8.608405
8.842136
1.734909
3.911437
2.680773
2.425474
2.362592
1.056564
0.975191
0.931756
0.906491
0.894498
0.862967
0.858987
0.941606
1.918450
7.174451
3.202687
6.279446
4.106729
2.937848
2.521633
3.337069
1.390272
1.237875
0.971715
0.961779
0.963506
0.991014
1.031045
0.997650
0.951996
1.002467
0.960969
5.494726
5.104429
7.066781
6.763637
4.857199
3.083292
1.419477
2.167208
1.724413
2.732595
2.441618
1.518905
1.036915
1.013958
1.067492
1.063074
1.054898
1.036391
1.061075
1.043892
1.028647
1.012642
0.991604
0.854249
0.938354
1.033832
1.064760
2.558060
6.841332
5.991129
6.890648
7.357234
8.300390
4.423565
2.550370
1.831748
1.953632
1.634619
1.060483
2.385726
2.412819
1.581148
1.555251
1.884563
6.840517
3.842536
4.749797
2.144284
4.210587
9.462070
6.231883
3.082816
2.581926
1.580314
1.860483
1.337017
2.664800
1.512692
5.341545
4.103131
4.874710
1.672255
1.953947
2.152881
0.954312
1.025725
0.973298
0.877628
0.993556
2.282719
0.891535
0.874881
0.961118
1.064393
3.785222
3.702009
4.315549
9.054896
2.653624
1.782051
1.752947
1.250463
2.158227
3.848767
2.062869
1.419364
1.304943
0.966089
0.846744
0.856330
0.929537
0.826813
0.861530
0.873139
0.911026
1.188981
1.130183
5.052852
4.081477
4.216767
3.311078
2.646503
2.098945
4.038465
5.013401
3.250901
2.402927
2.813208
3.481757
3.869285
3.479660
2.746598
1.668731
1.195053
0.998150
0.965777
0.964008
0.967513
0.990527
1.249782
1.136049
0.913680
1.132106
1.040767
5.641681
6.560810
6.871620
3.565908
5.109246
2.785307
2.741101
4.246274
12.088271
3.061168
1.526893
2.514464
2.355912
2.886053
3.075423
3.940778
1.472729
3.857526
2.812454
3.743993
3.525452
1.829080
4.226122
2.684007
1.475141
3.173389
2.984899
2.492746
2.473234
1.701803
8.496414
2.596623
2.716002
2.813655
2.462887
3.473994
4.169170
2.609216
4.146830
2.373831
2.220506
3.105913
1.690986
0.999080
1.142787
0.833281
0.870780
0.903968
3.420323
3.235568
2.325258
4.905219
5.824432
5.181659
1.559717
5.700469
3.865592
7.905502
3.156221
3.428526
2.342215
2.033457
4.310243
1.877470
1.134801
0.947914
0.993736
0.822346
0.883658
0.888775
0.878416
0.942382
4.466121
6.615252
2.348351
1.147843
3.026116
1.174860
0.875169
2.711484
4.825081
3.493176
4.704180
4.404521
4.188761
1.906045
2.922366
2.453080
2.614604
5.000042
3.477088
1.440253
7.196347
5.738485
4.322204
2.038455
2.663651
1.687467
1.725693
2.218434
2.526850
2.130994
3.225956
6.202554
5.463494
1.297312
1.839826
1.659838
1.792353
1.057378
1.783563
8.196325
7.146309
4.356848
3.182625
2.011169
1.643966
1.526862
1.213447
1.057740
0.895396
0.949225
1.015024
0.917117
0.809096
1.206080
0.965694
0.699452
1.513150
1.963914
1.160121
1.335795
1.538823
1.258488
1.283220
1.128851
1.056815
1.147453
0.820333
0.993905
0.930244
0.976686
2.934534
3.212606
3.356991
8.598510
4.154371
2.784733
2.063787
4.225598
2.430420
1.769763
1.656711
3.253011
2.381105
4.384371
6.216041
3.559518
3.541852
4.088111
2.320932
2.443194
1.264703
0.948923
0.910705
0.931928
0.945945
0.929200
0.936652
0.973408
1.045205
1.458720
1.213187
5.591995
3.412329
4.117746
6.694756
7.345039
3.283407
2.368384
1.577616
2.211084
9.656745
5.501103
3.759629
3.040295
2.339563
1.217247
0.946110
0.966724
0.876253
0.872767
0.860501
0.855809
0.852659
0.805752
0.827370
0.990900
3.016392
4.102962
5.413822
4.667233
4.475970
3.405408
3.121324
2.162708
2.153841
3.035393
4.468769
1.099498
1.022986
0.871728
0.927823
1.823641
0.850494
0.882534
0.872100
0.995739
1.227868
0.838465
0.900242
0.890087
0.864204
3.005314
0.805922
0.933193
2.927133
3.449131
3.296020
5.010792
5.062397
5.317770
5.432881
3.945839
2.292330
1.121120
0.976366
0.978562
0.977358
1.191581
1.180560
9.658038
4.145132
4.145643
1.923375
3.778822
1.991553
1.214762
0.906472
0.803260
0.807791
0.792150
1.213460
0.696466
0.711075
1.424577
0.750933
0.955926
4.297817
4.506566
4.907074
2.112015
1.196575
1.169446
1.034253
0.834798
1.221484
0.926467
0.827867
0.819827
0.780774
0.832540
1.010577
1.833764
1.093464
0.668478
0.773215
0.821987
2.957380
0.715973
2.792803
3.895631
4.862032
5.302763
1.778871
1.166389
1.030529
0.945566
1.947725
1.110796
0.958176
4.534152
2.759399
1.017227
0.887904
2.408026
3.873194
5.458740
6.669288
6.905910
3.024843
3.402688
3.076782
3.658669
1.562088
1.360240
1.931302
1.167886
0.776703
0.739291
0.698362
0.676904
0.658939
0.672198
0.719932
0.921981
1.884191
2.631116
9.606337
2.865913
5.373013
3.217591
2.131493
1.117632
1.077524
0.792600
5.279428
3.349483
2.582547
4.020004
2.098738
1.830425
2.521707
6.597083
4.789824
3.626601
2.169268
2.718329
2.729978
1.890972
2.187113
3.718883
1.611660
8.032941
2.690518
3.312707
1.297785
0.962560
0.881163
0.834882
0.784926
0.988410
0.776297
0.797045
1.250827
0.900524
0.982575
1.281606
1.730486
2.276562
3.505535
1.242369
1.016120
0.761673
0.738436
0.677348
0.795879
0.843612
0.848428
0.700471
1.017949
0.816594
1.121124
1.509478
2.712750
2.495608
3.850289
4.649291
4.499905
4.484473
2.033148
1.582465
0.937378
0.898451
0.778601
0.847297
0.900225
0.758860
0.815961
1.159698
5.188763
4.680772
9.401006
7.753253
4.157665
3.667995
1.831275
1.977756
1.504165
0.927855
0.811717
2.228856
5.118343
6.273723
2.632254
1.086936
1.036536
0.939477
1.035401
0.926490
0.971807
1.734383
2.618992
2.401736
1.090613
1.851654
1.909326
6.536823
4.072687
4.183953
4.598706
2.410351
2.565523
2.597278
3.777071
3.076187
1.903464
2.957965
4.374257
3.426591
1.715266
1.046494
0.882590
0.874623
0.915269
2.677057
2.319809
0.904213
0.890495
1.202087
1.270655
0.722090
0.721063
0.854806
2.510422
4.039363
6.243064
3.808047
2.358441
4.114167
4.710306
3.613980
1.671149
1.000663
0.813607
0.943598
1.002067
0.878798
0.894359
0.892380
1.362775
1.338048
1.096530
1.411664
1.257947
1.104275
0.738831
2.480661
3.229125
1.552528
1.681058
0.962303
0.668320
0.759894
0.737718
0.690297
0.647867
0.599980
0.526699
0.500205
0.533575
2.114875
5.028093
12.579692
10.180791
6.578981
4.771268
2.428730
3.576319
4.127633
3.242414
3.911151
5.143513
2.115600
2.414710
2.912086
3.727827
3.483233
2.923886
3.215335
2.885995
1.902703
1.044978
1.050721
0.847718
1.141035
0.974612
1.441810
0.893373
0.760777
0.707113
0.835314
0.847393
1.136869
2.601508
2.987483
1.451007
6.624699
2.253001
1.462697
0.794411
0.731447
0.711335
0.701240
0.710892
0.680702
0.689631
0.996510
0.745877
3.514603
7.117296
3.050408
4.400906
4.317410
2.260020
2.718523
3.671585
3.661602
1.773894
3.510006
2.797767
6.291079
4.012403
3.349112
5.139274
2.009927
1.648151
1.334985
1.486753
1.347493
4.052839
2.251027
1.872091
1.571874
4.249036
2.242008
5.779502
4.290239
3.378047
1.352771
2.024424
0.965056
0.830144
0.971846
1.049395
1.229180
1.259378
2.748264
4.104262
2.771072
3.102698
2.152118
1.116527
4.029216
9.545794
5.011737
3.675871
1.201330
1.651437
1.935600
2.659523
2.512562
3.073444
0.822569
0.729061
0.688618
0.666053
0.648743
0.629546
0.601752
0.808748
2.990046
3.307064
3.887755
7.086695
8.667597
4.664067
2.285055
2.307406
2.249641
1.550873
1.375580
2.511466
1.857194
2.179550
2.979775
2.227075
0.818844
0.966590
1.033246
1.073401
2.382564
4.499189
3.091748
2.635096
2.347543
0.791437
0.760016
3.343930
3.207024
5.130184
3.558011
1.863156
3.323230
2.087431
0.949967
1.105867
1.169595
1.148737
1.299372
1.148246
0.748025
0.721205
0.715179
0.791230
1.098736
3.549692
8.742323
3.429119
3.599935
3.752783
0.953580
4.105693
3.280403
3.829663
3.394349
4.059493
1.431163
1.820941
2.070384
1.916800
1.119730
0.864321
0.911694
1.910048
0.804220
0.669807
0.744025
0.969112
1.035119
3.264259
4.112898
9.845639
8.212565
4.007019
2.435498
2.969333
1.636680
0.999747
0.891813
0.995185
0.847067
0.842957
0.942176
2.392204
1.138758
0.794556
0.735231
0.706748
0.833889
1.178906
5.880307
5.524045
6.401455
7.951128
3.240437
3.661741
1.151899
2.899866
2.996497
3.653044
1.457091
0.891824
0.787500
0.756752
0.734998
0.714233
0.733321
1.025568
0.686925
1.025317
0.890205
1.305694
2.740875
8.636627
6.394876
5.295871
3.420555
2.124489
0.965998
0.759223
0.728332
0.695380
0.640286
0.652911
0.569782
0.812796
0.584175
0.517287
0.566967
1.089932
11.398511
10.400010
5.514784
4.090564
4.802196
3.323681
2.928071
4.830625
1.874624
1.087691
1.101218
0.972297
1.194808
3.215602
1.809622
1.424593
1.503813
4.113377
6.012419
2.523015
8.283952
7.137407
4.068571
1.731504
1.060834
1.082812
1.000796
1.949068
3.201149
3.019536
1.575378
3.302445
2.461469
2.820938
7.432718
3.937129
2.053773
7.987638
5.219700
3.702940
1.527759
1.770251
2.560168
3.208422
1.271607
7.299864
5.481423
1.645011
5.777161
2.512277
4.096348
2.608975
1.823137
4.279478
1.265101
2.421833
0.831274
4.057424
6.919860
6.743118
5.619698
4.518794
3.468293
3.545781
3.105563
1.782043
1.053605
1.141098
0.844656
0.756174
0.761499
0.749294
0.757087
0.995160
0.866769
0.786932
1.474804
1.250407
0.958380
4.065142
3.749593
3.757159
1.862602
4.573184
2.942184
3.641449
2.885596
3.416912
1.353258
1.572344
1.204240
5.512493
3.657245
5.124325
1.815502
1.525960
1.861416
1.348882
0.768851
0.709457
0.728643
0.700184
0.725145
1.100119
3.029358
5.501559
5.254080
6.774228
3.661503
1.858229
2.166227
3.453167
1.038031
3.168830
3.438163
5.208354
3.856541
1.750868
2.636581
1.214570
2.891665
3.789823
3.587833
2.019426
2.205099
1.324528
0.881399
0.974380
1.012015
0.947376
1.051657
1.067772
1.241225
0.823296
1.270974
0.745067
2.561230
5.147054
2.119906
2.039393
6.109897
5.335482
3.939571
2.323326
3.189791
1.104805
1.586758
0.886310
0.860114
0.738993
0.707908
0.682683
0.705603
0.726671
0.990467
0.571081
0.640967
3.189638
1.048344
0.571378
0.828924
2.713766
8.678556
8.015697
7.093912
3.623656
3.069134
1.380141
1.758989
0.925816
0.841942
0.858642
0.704433
2.603537
1.647498
4.324236
9.581360
3.068221
1.638658
1.821327
1.043470
0.868430
1.016882
0.922558
0.670365
0.828677
0.944145
3.022822
5.000035
2.424832
1.431375
3.149296
5.445067
4.293903
6.171477
1.546278
4.897848
2.707808
4.569147
2.701032
2.345452
1.176570
1.958548
2.931079
2.666802
4.569658
5.409602
5.850962
1.584243
0.829554
0.801814
0.973519
0.968514
1.213068
0.871420
0.921972
0.981123
1.754203
0.850552
0.851922
0.917307
3.137580
4.054669
5.045248
5.374295
3.452271
1.674050
2.030961
3.081026
1.389170
2.180988
0.792982
0.729704
0.710260
0.655474
0.658554
0.720398
0.631033
0.645399
0.578423
0.672705
0.625085
0.735472
0.724125
0.919473
0.781707
0.953028
2.761933
2.091436
6.379989
9.801816
7.837705
2.965236
2.917674
1.849805
1.781614
5.391156
4.489412
3.151344
4.713038
6.274685
2.676546
3.820614
2.063810
0.951524
2.295771
2.380949
4.897652
2.278431
2.181818
1.037819
0.988660
0.995251
0.760098
0.635466
0.825857
0.687096
0.701349
0.751640
0.590419
0.484760
0.758470
0.540135
0.441285
0.792388
0.525322
1.176451
5.421558
7.754391
7.735257
7.165060
4.829822
3.387639
9.123383
1.544559
1.582724
1.533157
1.406947
4.209124
4.465234
3.593726
3.063277
1.766799
0.870210
0.765122
1.176669
2.093012
1.298999
0.969650
1.072909
1.569770
2.560615
1.147064
1.151328
2.034962
1.215581
0.936168
7.210023
3.018444
2.713545
1.251040
0.825932
0.924368
0.806814
0.916506
0.986839
2.954336
3.595165
1.710773
0.793755
0.807780
0.852246
1.149543
1.802313
1.164682
0.637697
1.552212
0.616674
0.668306
0.586713
0.737031
0.647144
0.524532
0.605343
5.285231
9.420918
10.356051
6.975452
2.667056
1.041285
1.951838
1.113453
1.109026
1.163902
1.634214
3.024666
2.128329
4.085536
3.033017
2.671431
3.539278
1.537020
2.070602
3.103634
1.173708
0.892647
0.978694
0.966430
1.361187
2.544687
3.441273
5.580890
2.115202
2.499813
1.767774
4.575899
4.219928
1.869135
1.637659
1.052434
0.824363
0.732659
0.710952
0.608629
0.695290
0.712114
0.721134
0.734106
0.710083
1.216894
0.875339
1.182901
0.638507
0.880022
1.207090
3.270472
1.841773
1.767933
5.355958
2.765985
4.714115
2.837402
2.632163
2.781439
6.699950
4.206264
3.839543
5.955561
2.116914
2.025675
1.361821
2.314326
6.182915
3.703842
1.969739
2.783592
2.798259
2.816156
4.484739
1.350810
1.321037
0.821040
0.744794
0.684061
0.642895
0.716737
0.540310
0.505428
0.814811
0.450949
0.637347
0.702376
5.885029
9.395226
4.180926
7.497700
1.935620
4.048412
6.870979
7.445026
2.803355
1.516391
1.432580
0.915611
1.508305
3.061125
0.940140
1.063946
0.894116
1.355039
3.450295
5.555757
3.506422
3.125578
4.221541
1.906026
1.022267
0.913915
0.872895
1.553070
1.322699
1.070384
1.053262
3.132908
1.618512
1.223053
0.789953
1.146441
0.718116
0.860846
0.967345
0.867851
0.871894
1.435840
1.144968
2.686350
3.471812
2.485354
2.212681
5.483048
0.952360
1.915679
2.060703
1.527433
0.778121
0.599437
0.574423
0.554059
0.545810
0.540314
0.537599
0.538939
0.543755
0.510247
0.483746
0.424743
3.788565
4.805584
4.859243
2.620507
2.722586
1.298801
0.684970
0.728067
0.646839
0.603168
0.604382
0.617227
0.614230
0.608466
0.584212
0.571292
0.564549
0.600539
0.649976
0.687973
0.571543
0.439132
9.446960
4.916143
6.032931
5.933344
6.599175
2.615119
3.410714
2.869358
1.382236
1.592290
1.635445
1.138114
1.422217
4.085675
6.211363
1.702867
1.563957
0.944111
1.978793
0.964553
1.620928
2.982187
1.326279
0.857360
0.980932
2.768527
0.842016
0.911362
0.797900
0.889840
0.692082
0.738678
0.715590
0.474046
0.675257
0.961681
3.648884
5.404778
3.732708
3.138076
1.182055
0.741022
1.239615
2.114560
1.445328
0.623992
0.624085
0.623358
0.779459
0.874292
2.041693
1.864427
2.295551
5.285909
3.034476
5.575321
5.796134
3.955142
2.019332
0.990232
0.858491
2.396946
0.942590
0.666089
0.728851
0.831871
0.902926
1.824140
0.954628
1.835605
1.013565
4.190488
1.412242
0.680306
0.636936
0.785902
0.878618
1.870488
1.467761
0.762803
1.421134
1.926089
1.070344
5.765852
6.605201
4.558512
5.692004
3.973335
4.474248
5.456673
3.030442
1.562655
1.159665
1.408180
3.283712
1.231499
5.113743
2.268180
1.773372
3.333713
2.840879
2.636183
7.410653
5.220070
1.706949
1.897073
0.792762
3.231228
3.039998
2.451033
6.263097
2.045314
1.726863
1.078200
0.699856
0.686875
0.658849
0.667727
0.765567
1.030821
0.762069
0.948315
2.232595
0.887926
1.069968
2.397137
0.684096
1.395381
1.186222
2.645645
1.515203
1.388889
1.612379
7.221431
4.077856
1.271161
4.512211
1.683654
3.286915
3.259845
3.403824
3.181117
1.295241
2.291594
5.163407
4.015829
0.957999
0.788407
0.920617
0.722129
0.816579
3.623069
5.794346
4.606542
3.162614
2.263635
3.293417
3.012909
2.331012
3.307041
3.820739
2.398213
0.999819
0.727461
0.679729
0.616307
0.504891
0.653361
0.679065
0.750112
0.875126
0.906900
0.795066
0.835437
0.909180
0.744613
0.799754
0.540736
0.476891
0.746672
0.672784
0.866826
2.739046
4.336295
5.631110
5.497427
4.262676
2.424272
4.040651
5.061223
1.101332
0.753450
0.743832
0.808528
0.604182
0.537099
0.547435
0.439394
0.641575
1.371263
5.812329
3.041858
2.268587
1.321854
0.962713
5.515824
4.800092
2.908223
0.992094
1.371168
3.262977
1.232682
1.071597
3.788360
2.580817
2.114339
2.194748
2.242498
3.676776
3.487270
2.415184
1.118269
0.846873
1.019534
0.668939
0.520461
0.676706
0.568339
0.626682
0.675376
0.513251
1.744123
1.663647
2.385783
2.442155
0.946439
2.866106
1.931112
2.872375
1.596093
1.269511
1.109338
1.256048
0.753638
0.704196
0.566038
0.598708
0.576471
0.560861
0.499045
0.648060
0.578108
0.499835
0.928249
5.646399
2.659839
2.404027
10.824542
5.164904
4.051662
7.810982
1.833677
1.605231
6.558733
9.515986
6.215970
3.548666
2.791708
2.436220
2.885616
1.674986
1.320485
1.108521
2.149834
3.347847
2.891044
3.279018
4.797166
2.151933
1.148716
1.394594
1.277496
1.158011
2.507853
2.056889
1.891582
3.120558
2.891871
5.922563
3.174653
1.063454
0.974343
1.435276
0.701105
0.664197
0.768421
1.230048
2.252035
1.802101
1.497411
0.997400
0.719219
0.872520
0.955582
0.926283
2.509947
1.909656
1.059945
0.716319
0.524921
0.913068
0.513626
0.752269
1.354163
1.011101
0.711463
2.174766
1.722565
4.723809
5.932263
4.967804
5.398843
3.972612
4.617854
5.155655
3.983505
3.825806
3.225433
2.042685
3.560106
2.682798
1.750143
1.843649
0.885856
2.716531
1.767035
1.177695
0.791615
0.890209
2.397497
2.521883
1.608179
0.775271
0.757565
0.601935
0.594172
0.576505
0.571032
0.565111
0.846346
3.429669
1.990568
3.630350
5.525777
12.973870
5.943109
6.874335
3.986636
3.551100
3.643282
1.254377
0.778845
0.665886
0.598145
0.562374
0.537163
0.525187
0.531352
0.494224
0.591911
0.662748
0.788645
0.710217
0.593406
0.635035
0.925453
3.659542
1.641816
6.438537
5.266505
5.518408
3.081144
1.755867
1.228419
3.727412
3.754229
2.571531
0.714205
0.600683
0.545066
0.686916
0.937085
1.703800
0.502279
0.918628
0.610108
0.624710
0.471702
0.439142
4.920526
6.910022
2.739525
6.789049
6.683145
4.453004
1.702934
1.512113
1.971749
2.682170
3.431133
2.073301
2.921080
1.943028
1.138115
1.339472
1.181994
0.704561
0.902413
3.770483
1.612189
1.945749
2.411729
2.297335
2.718700
3.453886
2.004689
2.529729
2.122542
1.487258
0.882055
0.965956
1.572879
0.704754
1.268103
0.743772
3.497412
1.427794
0.989834
0.831763
1.253350
2.346455
3.038061
1.694235
2.973636
2.965288
3.633872
3.296317
0.775267
0.706337
0.847494
0.813082
0.765163
2.332948
1.421598
0.867485
0.947238
0.937079
0.762956
1.273921
5.056360
6.147844
2.768901
2.243844
1.372835
2.611905
2.074245
2.262979
2.023626
1.259693
0.662652
0.844028
1.241919
5.182025
3.800620
1.791379
1.977083
3.363833
0.937911
0.900222
0.815398
0.741960
0.640345
0.610123
0.712412
0.508793
0.489644
0.507129
0.458403
2.062762
4.424956
17.755670
13.299638
10.181086
6.168926
6.853551
1.741978
2.429389
1.980884
1.830080
1.520017
1.750546
1.120865
1.793525
2.651840
0.664150
0.630283
1.635529
3.795525
4.964353
2.208966
1.038914
3.803287
2.766625
2.498037
3.609202
0.821553
0.969352
0.870328
0.891587
0.669460
0.724040
0.921084
1.003977
2.528119
1.251837
4.595215
3.059196
1.671815
2.900482
4.914405
7.592220
4.667208
1.464317
1.905214
1.823565
1.158112
2.492317
1.944483
1.188333
1.116628
0.859021
1.169626
1.083909
2.504786
1.018364
1.074211
1.186354
0.666959
0.980838
0.710029
2.320369
4.181042
3.443488
1.215368
0.919528
1.294943
0.649974
0.648766
1.162194
1.501079
5.991840
3.484997
1.648904
0.896216
3.361574
4.609176
10.305270
3.624583
2.197577
0.893646
2.020472
0.933853
0.895267
0.784072
1.215185
0.740202
0.877146
0.650838
1.334811
1.556128
0.743034
0.960592
1.317610
2.443279
4.476038
2.241517
11.290501
17.801673
8.164087
2.983761
2.348810
2.793889
1.959060
2.031395
2.034594
1.041046
1.324934
1.076303
3.499127
1.614994
1.559335
1.796866
5.430798
4.549679
3.344651
1.812421
0.907940
1.017315
1.626246
0.973775
0.856261
0.751634
2.019657
7.757024
2.657079
2.828260
3.350842
3.368477
2.228704
1.339313
3.004805
1.459472
0.664848
0.615630
0.577420
0.627544
0.588082
0.700125
0.834363
1.931701
1.848360
1.928804
0.617305
0.675994
0.881553
0.624566
0.488350
0.693114
1.443508
6.962401
2.910322
3.904754
1.370044
0.566039
0.558048
0.480244
0.745622
0.479587
0.780245
0.520558
0.678084
0.579150
0.465466
1.029784
0.579401
0.605913
1.108535
7.118171
3.152027
4.634073
3.543447
2.455660
3.699323
1.639559
3.476314
1.501955
2.471380
3.106974
2.875600
0.933758
0.645268
0.776447
0.855787
3.286060
5.437845
4.491411
1.165941
0.647030
2.201042
6.454147
3.616322
1.979037
5.167127
5.685438
3.010354
1.927226
1.323581
0.817308
2.336871
1.183937
1.701397
3.107169
0.901655
1.026824
0.600117
0.707801
0.723232
1.625084
0.982304
1.379942
1.690097
4.027901
0.666839
0.691769
2.401714
3.628620
2.811976
3.968686
2.212242
2.927090
2.955621
0.934819
0.824802
2.198794
0.982170
2.389027
1.845521
0.990835
0.910510
1.035173
0.689449
0.876141
1.394607
0.750653
0.743140
0.801316
0.569508
0.730603
0.645793
0.627019
0.479446
0.670938
1.317764
2.065450
1.077492
0.461050
0.659883
5.357356
6.618916
2.828182
4.960370
5.539989
6.278809
4.825271
4.149257
6.096722
4.653809
1.954103
2.030874
1.686011
1.807704
1.746385
1.344348
0.826280
2.728594
2.116865
1.188327
1.715769
0.536635
0.904337
0.656099
1.173404
5.401760
4.191634
2.229835
0.973975
1.625599
2.756714
0.978433
0.610044
0.547614
0.478080
0.860210
0.502252
0.592906
2.534693
11.660858
4.046780
3.896426
5.747585
4.084546
3.839713
4.413693
3.065069
2.021789
1.445700
1.505992
1.714647
2.088834
3.413850
2.656621
3.459843
1.480312
2.718432
1.684916
1.262349
1.421246
0.915749
0.620769
0.615958
0.874217
2.263209
0.726732
0.689672
1.210110
0.689353
3.304443
3.627231
2.576318
3.226770
1.866320
1.220736
1.212812
2.456062
3.072463
1.904119
2.033767
2.563358
0.758124
0.648056
0.603732
0.577993
0.557821
0.500805
0.593284
0.942351
2.220498
1.144781
0.917535
3.532410
1.092278
9.089554
7.867963
3.541788
4.117091
1.425859
2.667872
0.896348
0.922956
0.950082
0.710533
0.689681
0.918440
2.768855
6.267733
3.723186
1.585366
2.350827
2.101515
4.304213
3.979645
1.295281
1.275345
0.597344
0.540206
0.620765
0.860048
1.888144
0.747541
0.731283
1.199296
1.768064
0.882074
0.557252
0.499821
0.634556
1.352830
0.858496
7.874456
6.134243
1.626353
4.685192
6.657543
1.698086
1.767553
2.517676
2.345650
1.129970
3.310887
6.231767
4.454051
3.155187
2.220866
2.093014
0.766157
0.866368
1.242326
3.331332
3.665922
2.954783
2.089323
1.083467
2.083330
7.475538
2.537750
3.086100
1.394501
1.122693
0.832512
1.175625
0.695160
0.678259
0.610746
0.839699
1.076057
0.920015
0.682464
0.773493
0.725028
0.796429
0.661361
0.658892
0.609952
0.731041
1.048296
1.532244
4.466032
5.129741
11.035488
9.395692
8.387961
4.628538
4.114930
3.717436
3.925529
1.673810
1.056593
1.633384
2.150229
1.414527
0.627431
0.579969
0.547561
0.538563
0.527291
0.496523
0.532108
4.211529
11.464643
9.987203
4.373682
2.680089
3.307241
1.229213
0.698266
0.593910
0.594421
0.586344
0.505144
0.677968
0.704151
0.990823
4.849906
4.603832
2.875164
3.184379
1.669069
2.755524
0.779674
0.618531
0.565750
0.530183
0.517744
0.519876
0.489138
1.300629
1.821438
1.176166
2.983138
1.875474
3.028199
4.810240
10.379615
7.091748
3.668951
3.484658
1.767609
1.372886
1.694580
1.570619
0.625527
0.570011
1.529582
1.802219
1.285271
4.399107
3.568878
3.518185
0.971603
1.099915
1.686688
2.511597
1.478818
3.761824
3.168351
3.515678
0.962418
0.775018
0.576433
0.537834
0.521818
0.563630
0.481869
1.364152
1.078471
0.676057
0.633878
0.870253
0.528727
0.496831
0.562218
1.343644
5.319688
5.443237
5.391963
3.062604
2.479292
1.302107
0.702134
0.531457
0.490228
0.466924
0.463420
0.487228
2.240449
3.546092
2.763486
0.595533
0.907337
0.789739
0.464671
0.490166
1.922364
1.224373
2.140153
2.030615
1.854591
2.262782
1.702433
3.839412
6.077780
7.841949
4.641414
8.696654
4.628084
1.368928
0.809100
1.359189
0.743861
2.371494
8.250584
2.788716
1.579162
0.783354
0.677750
0.621999
1.421916
4.207528
3.271586
1.371543
0.687752
2.538919
1.057524
3.082589
3.323501
3.804486
0.824753
0.930230
1.803130
1.281580
0.870993
2.232690
2.088887
1.266212
3.629967
1.638053
0.772414
3.100471
1.967473
3.062647
1.652833
1.986800
1.867055
1.380590
0.818812
0.617233
1.487437
7.965176
3.866580
4.288547
5.531222
1.198932
1.000866
1.127198
1.176963
0.648302
0.594867
0.469666
0.619044
0.644936
0.668822
0.902360
1.525083
3.253586
1.005025
0.661246
0.535618
0.541945
0.530589
0.828774
2.305059
0.597397
1.074803
4.209089
3.002248
4.528140
0.863769
1.579355
1.168577
1.501098
6.820454
8.696156
5.140847
3.603847
1.127924
1.017051
0.864676
0.782241
0.870729
3.381113
2.234291
4.146036
1.701866
1.544174
1.457466
0.963886
0.712660
0.565704
0.531656
0.534840
0.567638
0.540410
0.781804
2.077886
4.219811
3.827305
4.209080
6.461254
3.635046
5.175934
2.541809
0.768019
0.711862
0.628567
0.595803
0.504325
0.765406
0.519886
0.445040
2.993540
2.193764
1.369234
1.410364
1.133455
1.321394
4.040656
3.949236
3.443618
3.672325
6.540381
9.906427
9.055543
8.856757
4.899121
5.255043
4.056010
3.392877
2.280150
2.577951
1.938535
1.287678
1.258853
0.980858
1.227619
2.918166
2.775899
2.900072
0.817814
0.534396
0.565477
0.629206
0.796999
0.745624
0.800040
1.137083
0.805075
0.607533
0.696121
0.608293
0.732438
0.599961
0.587825
0.578628
0.423589
3.270659
2.358926
4.364366
7.335558
8.936242
1.834561
2.312121
3.590389
2.159384
2.377896
0.922313
0.744747
0.661441
0.645485
0.608640
0.601298
0.489872
1.038549
4.751434
7.736270
9.068646
6.393245
4.383403
2.451808
0.886188
1.116031
0.557068
0.449291
0.421727
0.648396
7.439718
9.683523
3.680662
1.097284
1.913338
1.087541
0.726728
1.110294
1.830101
5.541474
4.962626
4.225484
1.955797
0.672559
2.065738
1.562999
1.163049
2.153159
5.446217
5.334952
3.817396
4.659448
3.129202
4.851233
6.303950
1.166337
0.861115
0.636777
0.580898
0.545056
0.535923
0.577604
0.495217
0.452691
0.440241
0.442193
9.466858
7.119025
4.197326
3.200256
3.743199
3.389397
2.428706
0.949189
4.616060
3.650426
4.744311
1.967729
0.605425
1.057880
0.413202
0.379313
0.359954
0.320667
0.307046
0.306071
0.298133
0.292910
0.289275
0.289015
0.290819
0.292460
0.293541
0.295257
0.298443
0.301862
0.303050
0.303099
0.304793
0.306348
0.305670
0.305922
0.306144
0.305602
0.305054
0.305231
0.302446
0.307047
0.302183
0.299849
0.297804
0.315996
0.320166
0.335536
0.317492
0.264961
0.312519
0.268179
2.584026
14.204761
13.377112
15.117772
8.998437
10.281172
12.410877
8.402458
8.005739
5.482681
6.508863
2.191194
1.606721
0.570597
0.432069
0.384500
0.359939
0.737386
0.636616
1.499118
5.729431
5.880076
6.967921
3.107820
1.225394
2.582733
1.086281
0.872677
0.773031
0.685371
0.897492
0.571702
0.464075
0.953725
0.355933
0.340631
0.334224
0.318506
0.293744
0.287987
0.281783
0.277996
0.277320
0.279138
0.287358
0.294348
0.302889
0.297687
0.305571
0.302281
0.295807
0.358199
0.372322
3.417752
0.783779
0.307213
0.308696
0.278461
0.250818
0.307661
0.265730
0.328656
0.314447
0.311210
0.286270
0.246664
0.365416
3.520178
9.719957
6.348354
12.213702
11.452836
3.046104
5.117183
4.491236
2.610668
2.220963
1.245712
1.063212
1.592348
0.779224
1.301456
1.836590
4.096349
2.493716
2.751309
2.932648
2.764107
2.961656
3.733916
4.577999
3.792669
1.090185
2.165049
1.578337
3.507465
4.605447
3.750775
3.158632
3.757962
2.115876
1.978817
1.504460
1.993206
1.701407
4.750628
3.076266
1.391126
0.487822
4.510504
4.595374
1.270746
0.558051
0.497593
0.441470
0.406176
0.379428
0.358248
0.341213
0.327343
0.316036
0.307099
0.300721
0.297210
0.295991
0.294606
0.292202
0.292432
0.295909
0.296896
0.293203
0.293647
0.300540
0.300558
0.293626
0.297449
0.304195
0.285662
0.305030
0.297321
0.237855
8.144490
6.264933
6.956003
12.592853
10.763661
9.266813
5.462536
3.311121
3.867419
1.588991
2.872452
2.060614
3.269528
1.689987
0.761863
1.212111
3.518924
1.531483
1.314549
2.577847
3.825733
8.949548
2.694382
2.165744
1.948439
2.645877
0.746892
3.267215
3.533882
1.236917
1.216998
2.738028
2.546163
1.079541
1.975835
4.478411
2.833387
2.907920
2.870121
1.838402
2.579358
1.244595
0.566473
0.452407
0.410509
0.370406
0.347197
0.325565
0.314024
0.315459
0.317441
0.312090
0.309419
0.309936
0.307548
0.306413
0.302043
0.277952
2.255432
10.068167
11.057657
9.807906
9.870841
2.801214
3.541661
2.584586
2.410527
3.157286
2.884314
0.647974
0.831511
0.542526
0.622837
0.643972
0.852582
4.803101
6.448774
1.697679
1.494163
2.371247
3.977273
6.578902
1.371137
0.974028
0.627551
2.699416
1.290496
0.747987
0.993332
2.352427
5.230538
7.364270
3.356705
2.473332
4.079454
3.224820
1.837155
1.044526
2.228703
1.586129
0.483998
0.403184
1.060077
0.368610
0.331710
0.293130
0.291791
0.292122
0.291997
0.291209
0.291245
0.292365
0.293406
0.294370
0.295309
0.295096
0.297821
0.289749
0.258161
0.562380
2.986867
3.694404
7.883826
7.767785
3.479466
5.011459
4.135382
2.370550
2.429277
1.572752
3.219758
1.643786
1.959942
2.579321
6.315354
7.922480
7.555400
2.568711
2.421130
1.432083
1.449310
2.086853
1.714910
0.612841
0.449637
0.363625
0.327127
0.306871
0.300780
0.296059
0.291755
0.288461
0.287687
0.289209
0.291593
0.293000
0.293820
0.294551
0.294989
0.294836
0.295757
0.291772
0.288963
0.292310
0.287151
1.242697
2.974188
3.829186
11.599187
1.519081
9.027516
9.917945
4.522349
8.028320
4.767190
2.437436
6.618939
3.702106
0.954281
0.948723
0.725127
0.705248
0.719306
4.612049
0.694376
2.721779
0.502026
0.371539
0.357526
0.691295
0.656985
3.186775
5.022322
3.896572
3.432617
2.530684
2.746034
3.589401
2.059945
1.602495
6.411814
3.572237
2.229075
1.271538
1.394415
2.574394
7.007708
5.428009
2.578137
3.677317
1.289215
0.883313
0.868485
0.752267
1.388881
0.422669
1.828261
2.477693
5.790818
4.012895
2.770656
3.735200
2.863772
2.205689
1.694090
1.084171
1.260327
2.110586
1.884981
3.868114
2.843028
1.866532
1.076493
2.010313
1.028847
2.589173
6.803053
2.523000
2.707667
0.718169
1.317919
2.078545
1.911713
1.761230
2.145145
1.876393
1.832579
1.520441
0.522407
0.450554
0.407728
0.372882
0.346945
0.328095
0.312793
0.315086
0.321167
0.313631
0.316855
0.307903
0.324399
0.306562
0.347216
0.349105
0.793737
2.471615
15.138162
10.912820
11.450708
10.166563
5.849415
8.287167
6.276445
6.120008
5.623265
7.002080
5.828134
5.570366
5.033503
5.093310
3.860426
3.581211
2.203724
1.525366
1.115427
2.222317
3.832936
5.026120
3.119242
3.327641
2.650405
4.443581
5.380388
1.847431
1.397866
0.820179
1.124417
2.163748
0.887965
0.856272
0.879449
0.808306
0.741684
0.716882
0.715553
0.709317
0.700626
0.698776
0.700234
0.700364
0.697166
0.694371
0.702237
0.686094
0.668394
0.668191
0.661314
0.659078
0.650535
0.650018
0.647282
0.638735
0.634850
0.621341
0.622841
0.622574
0.670035
2.872409
0.982569
3.091327
3.230381
4.511498
5.822725
4.492431
4.503231
5.728690
4.663023
3.566190
5.233862
4.837552
2.728882
2.576965
2.952449
1.683487
2.373872
2.732175
4.010388
2.621913
2.078809
0.974223
1.280769
1.222588
0.834547
1.412517
0.809143
0.729097
0.654789
0.592454
0.574115
0.562188
0.554396
0.556672
0.579212
0.601230
0.588068
0.571779
0.559406
0.554338
0.594733
0.581547
0.565612
0.552053
0.581779
0.571248
0.558721
0.552616
0.579201
0.566772
0.563499
0.569183
0.576035
0.548604
0.567158
0.569874
0.567066
0.554291
0.564487
0.587860
0.571542
0.556544
0.575704
0.547540
0.537500
0.585310
0.609452
0.619436
0.600517
0.535570
0.550767
0.589431
0.548878
0.539760
0.521580
0.650331
0.599989
0.525993
0.560297
0.540064
0.610184
0.552641
0.573909
0.529923
0.711175
4.116156
6.314898
7.391928
6.762534
10.826894
11.734894
5.055249
6.400252
5.960895
2.105224
2.919533
2.886886
1.499029
1.399058
0.660879
0.702802
0.611178
0.593535
0.567204
0.559808
0.556577
0.554524
0.551100
0.545923
0.544026
0.545125
0.546439
0.553049
0.560909
0.555860
0.543664
0.550191
0.537443
0.551377
0.533725
0.544612
0.533901
0.549157
0.541219
0.563560
0.538713
0.539483
0.571537
0.669163
4.838180
3.534091
6.103188
7.917569
6.563417
6.995405
4.865850
4.351757
4.241447
8.362560
2.773732
2.180973
2.444827
1.285234
1.118261
0.960836
0.651123
0.609860
0.585304
0.570704
0.560124
0.551581
0.544349
0.538454
0.534051
0.532695
0.536655
0.537993
0.529968
0.538735
0.537966
0.533769
0.544970
0.544657
0.536067
0.543639
0.540714
0.567546
0.535997
0.518038
0.550243
0.594359
0.529737
0.563398
0.505125
0.560648
0.522372
0.523060
2.353461
1.848313
2.569141
6.867367
4.400877
8.020449
2.115373
3.557078
3.141399
4.769905
4.650228
3.341648
2.628655
1.572411
0.587360
0.537632
0.522390
0.513397
0.510974
0.511106
0.519941
0.553112
0.546684
0.525638
0.539523
0.548021
0.545151
0.549315
0.530955
0.549880
0.531394
0.542927
0.530169
0.539512
0.527049
0.648311
1.029290
0.601783
2.340389
2.954039
1.254631
0.526937
0.504063
0.497580
0.496804
0.487052
3.825739
5.581831
2.380160
0.988450
1.689503
0.859386
0.550323
0.517608
0.513658
0.517466
0.508848
0.518772
0.520035
0.532472
0.524723
0.538759
0.544893
0.526280
0.515753
0.566724
7.612500
8.118217
3.249282
2.218724
3.052124
0.885630
2.164083
2.507389
3.362109
1.743065
1.937038
2.145582
2.779225
3.451830
1.295746
5.695002
5.723611
3.532724
1.195256
0.877070
2.077991
1.054874
1.760775
2.445515
2.173270
3.341083
1.378167
0.740554
0.585662
0.547775
0.534869
0.526309
0.525374
0.534534
0.589813
0.567092
0.525444
0.526261
0.627235
0.599633
2.305840
2.203044
2.029454
8.111954
5.970085
3.506877
2.121060
1.742060
1.371546
1.605461
3.239597
2.339716
3.586941
1.818833
2.949942
1.622061
1.774489
0.710565
0.630917
3.021593
10.565180
10.326170
6.877628
6.537751
4.356359
2.182126
3.775607
1.842754
1.264935
1.032645
1.329259
1.816291
0.868378
0.747732
2.308370
3.070790
2.430515
1.824554
2.474631
8.183858
4.781744
4.583178
3.367878
2.675109
1.298655
0.983121
0.771448
0.666978
0.638276
0.621402
0.609502
0.599744
0.590484
0.579837
0.567806
0.556049
0.545208
0.535852
0.568968
0.554890
0.579491
0.606441
0.587389
0.555950
0.526093
0.589029
0.480973
1.949891
1.354530
5.761869
7.500434
6.064267
3.849932
1.573025
2.449193
10.156459
4.609991
3.783617
1.603290
1.725527
3.976327
2.464241
1.767226
1.331269
0.751074
0.655308
0.533289
0.510642
0.500251
0.490068
0.491812
0.527131
0.539797
0.529312
0.582178
0.928470
2.708821
5.250745
4.705610
2.530035
2.412298
2.482462
1.228882
2.139214
2.732866
1.745726
0.885519
1.594869
1.114394
0.554185
0.517022
0.508247
0.499450
0.494128
0.499118
0.772306
4.083297
2.753808
0.967246
1.989726
13.105656
8.616172
4.919337
5.086164
4.151986
1.947440
1.891541
3.268344
1.062472
1.111718
2.518538
3.300582
3.543955
3.397027
1.926095
0.974003
0.694926
0.594372
0.566557
0.563540
0.642643
0.540343
1.763195
1.196244
2.706630
4.229509
8.208556
4.564136
4.613313
2.268719
3.284516
1.908239
3.865428
2.687504
2.302798
1.912905
1.748684
0.619139
0.519843
0.512430
0.557600
0.547594
0.525850
0.520498
0.516501
0.501463
0.524174
0.545713
0.548951
0.525651
0.553320
0.506820
0.569609
0.517270
0.644796
0.590921
0.514840
0.515557
0.527289
0.552244
0.465370
0.504964
3.560712
4.994799
4.188963
7.927188
2.202130
3.565844
3.841350
11.575713
7.292923
1.195729
2.773698
2.767399
3.288102
3.155132
2.478933
1.643413
2.430759
4.154782
2.550259
2.851447
4.057214
0.848739
0.653475
0.558472
0.560746
0.537647
0.510514
0.506716
0.547009
0.538793
0.555257
0.667742
0.562991
2.976856
6.900754
3.212480
3.815979
1.801778
2.488813
1.798973
2.812510
3.181230
0.675395
0.909439
0.665151
1.005137
1.466753
0.645353
0.483080
0.490858
0.522643
0.515132
0.529232
0.648757
0.776804
1.983914
2.333503
1.832046
7.565205
5.663394
3.487544
5.102825
8.207138
7.788876
2.105310
7.108461
3.893099
3.615538
2.466623
2.728233
1.112194
0.851953
2.339335
1.248838
1.805511
2.002673
1.288145
0.803693
0.735797
0.552892
0.528657
0.520881
0.641472
0.644978
0.564378
0.492844
0.599115
0.555476
0.465068
3.484683
7.927454
2.396493
1.422314
3.418903
2.813786
2.376602
3.329419
1.970987
0.700630
0.655234
0.572753
0.535637
0.521934
0.511156
0.503540
0.619184
1.251375
1.680043
2.349505
1.543959
0.681222
0.641929
0.502285
0.492395
0.796657
4.984638
6.011355
4.786600
3.752750
4.187649
4.010132
5.950107
3.040738
4.925176
1.635251
2.897444
0.763114
0.682856
2.312165
1.011551
1.522799
3.642305
3.887017
4.057367
5.589234
1.905254
0.510863
0.495682
0.496974
0.492761
0.510820
0.531125
0.534429
0.539464
0.559438
0.537884
0.549756
3.264780
8.360017
3.035703
4.526798
3.661192
1.974815
1.717350
1.074089
1.661573
0.901112
0.833489
0.839393
0.883412
0.751170
1.192830
0.969973
2.509256
3.056251
4.927967
2.149290
0.981680
1.387829
1.939352
6.458288
3.733222
1.114221
4.002319
1.315386
0.578012
0.564136
0.489768
0.501428
2.434240
0.787886
3.697956
0.928140
1.969968
3.631889
6.492353
3.766923
4.884970
3.238569
2.835537
2.734657
1.714313
2.261684
2.057043
1.474955
1.821999
2.539324
1.422092
2.220471
2.710034
2.356466
1.487279
1.722698
2.364827
2.646498
0.639599
0.525585
0.586349
0.602477
0.583021
0.532086
0.579922
0.560136
0.577683
0.608803
1.207875
1.567392
2.725136
5.878817
3.651802
3.377014
1.344125
3.045503
4.462214
6.138183
4.408074
2.027550
2.026274
4.682297
5.389700
1.878909
1.774904
1.161900
1.385222
0.580103
0.548290
0.528801
0.538823
0.576737
0.563141
0.543443
0.519100
0.525911
0.555602
1.118650
1.926624
0.691427
4.414381
5.262483
3.518350
6.621743
3.150561
2.352498
2.372307
1.403406
3.325805
4.661877
3.088562
1.804726
0.961570
1.407624
2.446435
1.451066
2.413977
3.352961
2.090251
3.436542
1.125839
0.918383
4.032343
4.902312
2.168876
1.768054
0.873934
1.768509
1.605277
1.714955
0.624179
0.647416
0.534154
0.519563
0.507672
0.498985
0.497777
0.488311
0.540262
1.177341
1.937794
3.816128
6.163380
2.192916
2.764049
4.689297
3.468378
2.681154
0.948449
1.026546
1.197114
2.100508
2.870154
2.709573
5.896800
2.636323
1.561156
2.430500
4.293349
1.308397
1.436246
1.279819
0.636934
0.562658
0.484776
0.732709
7.026028
2.057180
3.121552
2.772033
2.032551
2.249427
1.876443
0.594060
0.564284
0.532893
0.515595
1.753002
0.900736
0.568576
0.503610
0.566793
0.564533
0.436222
0.750001
2.900148
6.449269
8.234104
3.055129
1.671475
2.571589
5.184561
2.607400
1.486634
1.614206
0.757781
2.137806
0.780173
0.625313
0.560141
0.517123
0.445223
0.576237
0.428035
0.623078
0.509290
0.584677
0.558972
0.538047
6.104376
6.368699
6.436349
7.043355
8.378806
4.573106
2.132003
1.717312
2.094998
1.952924
1.576072
1.749393
3.553066
1.166804
2.275767
1.197354
2.597937
2.861925
3.756849
2.130272
3.160161
3.654138
1.475504
1.839199
1.676835
1.183196
0.973041
0.935387
0.574279
0.607560
0.571924
0.540702
0.503978
0.515540
0.694467
0.475547
0.422140
5.992124
2.795372
0.741454
1.953293
0.566213
0.520476
0.505223
0.509078
0.506007
0.508749
1.229207
5.476316
5.315679
5.437649
3.392228
3.493519
4.661409
2.859296
2.746435
3.773880
1.214924
3.336862
4.774749
4.712227
2.203213
4.743058
1.572774
0.835274
0.698645
0.575604
0.522139
0.508614
0.487419
0.465480
0.538449
0.531562
0.460315
0.625622
0.706060
0.526707
0.417749
0.547363
0.266216
0.659809
0.200320
0.726136
0.637062
1.533353
0.261853
2.831415
4.375304
12.022486
5.676543
4.136541
4.063463
4.853733
4.138181
2.373312
1.350490
1.097749
1.167881
2.666706
0.828781
1.782624
3.442848
3.885357
3.840419
1.754194
0.771260
0.600082
0.516603
0.555461
0.581481
0.482702
0.572365
0.551128
0.491334
0.481556
0.492555
0.515600
2.699617
11.768607
7.782651
5.302430
5.226089
3.856496
2.948413
1.894355
1.720995
2.267332
4.238536
2.585006
2.489269
2.085064
2.564548
2.096828
2.854678
1.754409
0.922644
0.837970
0.774009
0.686295
0.647824
0.633800
0.628134
0.625076
0.621919
0.619744
0.620136
0.625658
0.635493
0.643889
0.663227
0.742990
0.660615
0.627672
0.640348
0.723729
0.771303
6.597921
5.252119
3.656875
2.363545
1.749065
1.016221
0.921248
0.897041
0.693285
0.651646
0.634896
0.615922
0.601365
0.619049
0.669755
0.680676
2.069833
2.905158
2.694047
1.889960
1.737989
0.873830
2.281967
3.546043
3.135445
3.711340
0.849203
0.672687
0.565222
0.558380
0.548416
0.522207
0.558238
0.656096
0.524265
0.597823
0.670513
0.593627
7.490040
8.658137
5.894252
5.409067
4.623970
3.115010
3.243126
3.632196
3.402396
2.012853
2.062047
0.714769
0.602099
0.517449
0.518432
0.563220
0.683857
0.902398
2.932835
3.645763
1.350351
4.843494
2.021549
0.634502
0.663000
0.550200
0.523564
0.520626
0.440098
0.503129
0.474655
0.449530
0.539466
0.725452
0.651522
0.524103
0.537591
0.481815
0.441861
3.236010
7.274692
6.441553
6.636675
4.339001
5.988397
2.267649
8.055838
4.095124
2.728951
2.425617
1.631626
1.768040
2.448561
0.944180
0.804500
2.497769
2.168268
2.277218
2.063759
2.433977
3.722499
2.558755
3.129874
3.678381
3.608799
1.501836
1.913812
2.539440
2.106844
0.903478
0.744478
0.612244
0.568392
0.550678
0.586184
0.627196
0.665160
0.475680
0.585483
2.847193
3.253866
2.485624
2.983942
4.067477
2.395981
0.941028
2.058910
1.115937
2.361874
2.726751
8.967512
4.842845
2.354083
2.187030
3.322129
2.208855
0.661184
0.568419
0.509217
0.418114
0.409457
0.442270
0.437562
0.522425
0.507125
0.377980
0.407685
1.051224
1.034994
1.305848
5.625720
6.021223
3.884814
3.787979
2.520114
5.002005
3.124001
2.853145
4.813173
5.338250
2.455823
0.986629
1.041481
0.649369
0.587697
0.540127
0.520723
0.513431
0.548240
0.580582
0.571201
1.313981
1.320746
5.698170
5.558974
3.698209
7.103912
2.560339
2.376106
1.240079
0.869813
0.649909
0.578643
0.520978
0.507523
0.417562
0.485449
1.250074
2.002141
1.613158
6.225805
6.914968
6.094463
3.750405
2.321242
1.413307
1.369257
0.984546
2.137661
0.798466
2.242956
1.491065
1.859821
5.549533
1.931620
5.542861
2.501493
1.047528
2.320047
2.418986
3.382489
2.152140
1.200329
1.215954
1.729650
0.839610
0.632023
0.617877
0.642607
0.563298
0.544826
0.506072
0.511810
2.137900
3.269951
2.727437
2.329045
8.057227
4.138174
3.310319
1.824110
1.725815
1.123393
1.872392
1.179622
3.211534
1.130955
2.756842
3.773987
5.195182
2.505124
1.189049
2.978652
3.515187
2.401576
1.364017
0.639005
0.972791
2.134699
2.392183
1.795647
5.095074
4.053953
1.800951
1.787423
7.075425
2.843108
1.796676
1.830043
0.749396
0.592143
0.531178
0.510406
0.510850
0.510410
0.503767
0.625225
1.458553
2.968586
2.162659
1.034151
0.918362
1.334316
1.712719
1.349715
1.282836
0.747545
2.302071
2.382702
1.985775
1.504420
4.185100
5.449556
4.379891
2.093544
1.809707
1.429153
1.213842
0.599428
0.520240
0.507054
0.483999
0.487068
1.271721
1.113959
1.724753
1.474182
0.586207
2.365246
1.732909
1.850272
1.888092
5.674419
6.698580
4.673632
2.315902
1.977605
3.866647
2.796232
1.864490
1.625413
1.397385
0.580134
1.050787
5.477842
5.539313
7.436398
4.354840
1.976573
4.512271
1.703951
2.306289
3.640661
2.583873
2.168217
0.792154
0.711245
0.669845
0.554191
0.568308
0.631726
0.583595
2.536331
2.986727
1.745427
1.810554
2.165616
1.865011
1.765424
0.664189
0.700829
0.562160
0.459141
0.619666
0.540531
0.447480
0.448174
0.498736
0.620635
0.880388
0.575601
0.739718
0.419427
0.471656
0.636904
0.435963
0.521561
3.903950
5.580718
6.999645
7.923541
11.651972
13.483661
9.310036
4.757278
9.653862
8.040867
3.107433
4.833413
1.658397
1.054109
0.636244
1.077680
1.893399
1.311730
1.947519
0.964945
1.857640
0.668054
0.623000
0.580669
0.480975
0.445390
0.485173
0.566252
0.596267
0.529183
1.581949
1.345643
2.642172
3.086164
3.125090
0.856848
1.049047
0.885698
0.931403
1.686275
0.833889
0.655851
0.583408
0.550951
0.410480
0.406387
0.724653
7.359019
1.994637
10.201196
4.065301
2.584934
2.403988
1.410939
2.952203
1.565961
0.590180
2.137101
1.213234
1.571106
4.135739
3.105887
3.573903
0.951768
0.579841
0.541412
0.506426
1.002023
1.355781
0.837641
0.556364
0.517496
4.808705
4.472938
3.410527
1.362336
1.340725
2.239736
1.063118
2.741199
0.582084
0.616510
1.518577
1.864487
2.626111
1.660936
2.455455
2.356037
4.375897
3.764512
3.753990
3.127773
1.281973
2.657287
1.556743
1.012341
2.284247
2.691063
0.878946
0.821509
0.600751
0.454035
0.533078
0.664650
0.539241
0.612660
6.978238
4.659710
1.670065
3.419375
2.144860
0.895956
0.711490
0.813138
0.655889
0.581117
0.902953
4.040101
5.147795
5.274712
2.222824
2.808025
3.235358
2.460531
1.165811
2.119324
2.646997
3.263151
5.374671
3.558983
3.042084
1.674977
2.910863
3.022396
1.713772
2.200194
1.953357
1.573160
2.574743
2.154011
4.279868
3.036295
1.972765
2.683284
2.041223
3.067875
3.262724
2.250704
0.989025
3.353659
2.429734
2.101632
1.316396
2.351050
1.274965
2.386366
0.924149
1.356995
0.572134
1.785270
0.946812
0.948532
0.705890
1.046986
6.321390
2.370806
1.933300
4.242005
1.162433
1.434364
1.655239
4.008898
1.457498
2.475663
2.209984
0.754849
1.152139
1.393431
3.679888
2.460646
2.967612
2.313232
1.401000
0.992062
1.243331
1.942405
1.688724
0.593765
0.427135
0.608690
0.517017
0.558050
0.568999
3.785221
4.147865
4.485499
3.558459
5.922709
5.458622
7.747977
4.699177
1.463210
1.041614
2.063034
1.652441
2.352490
2.671315
3.181792
2.166858
1.939506
6.634606
4.809406
3.690433
2.472135
3.651338
1.536201
3.111833
3.113730
1.484204
3.152458
2.683271
1.929159
2.801765
1.798979
2.834317
2.335401
2.845166
1.794017
2.398222
2.594130
3.141694
2.475330
4.078146
6.504981
5.826859
3.092491
2.959942
3.154191
2.406645
0.962871
1.373270
0.761133
0.466500
0.432362
3.576396
2.363468
0.722690
0.701160
2.115010
2.274357
1.065434
1.294794
2.922485
10.603413
6.511219
3.116195
1.389844
0.727352
0.543692
0.548103
0.499397
2.059285
1.482021
1.855041
0.928533
0.624792
2.868186
0.693232
0.411807
0.678805
0.395387
0.342876
4.887334
7.621657
7.504622
4.215899
2.933213
2.050300
3.015460
2.115680
1.271422
3.553084
1.607179
0.496415
0.513445
0.833993
0.557047
3.573402
2.311788
3.992396
3.113647
6.191391
4.606202
5.247107
3.065651
2.625809
1.996747
1.129436
0.748834
0.571205
0.598469
0.634704
0.608659
1.290196
2.128654
1.540631
2.632599
0.648927
0.526912
0.644201
0.496731
0.376531
0.446509
0.442688
1.086089
0.346200
0.319958
0.836897
0.423925
2.951622
4.575127
4.529287
7.398535
3.071569
2.848257
1.097658
1.528912
0.725930
0.485072
1.099917
2.821544
1.932652
2.525630
4.962632
3.299198
2.277510
2.652896
0.590559
5.644134
2.449766
1.131285
1.506923
3.148293
5.980438
3.346377
2.023807
0.655133
1.429362
1.097563
0.832074
2.897855
1.544087
5.115450
0.916977
0.484084
0.698379
0.749609
1.063844
1.598168
1.096292
0.476243
0.470746
0.976400
0.388539
0.424641
0.812822
0.543177
0.396958
0.346068
0.278933
2.387208
1.408846
0.601525
0.383355
0.278154
0.310994
2.601828
7.068994
4.081700
2.537021
4.731837
5.036618
3.718239
2.679122
1.825761
0.860757
0.586988
0.646908
1.776293
3.594417
1.014356
0.614131
0.487870
1.769630
4.040858
9.968938
3.171659
3.374526
3.566856
5.591745
2.836509
3.243462
3.199957
1.655646
2.022823
1.671697
3.425258
3.593542
4.534156
3.417419
2.712846
1.426848
1.999675
1.143555
1.713221
1.164087
1.384227
2.374167
1.597821
3.594784
3.411377
1.004862
1.954945
0.384501
1.017763
0.561354
0.886996
0.361073
0.336587
0.294140
0.533854
3.520732
3.810940
3.368335
2.830436
0.427988
0.849304
2.097505
2.892388
2.476658
2.746496
4.119605
3.619717
0.508658
2.978495
11.481485
7.025991
4.290485
3.970735
2.835005
2.000133
2.833376
0.958551
1.912540
2.474882
4.140516
5.152219
3.860906
5.513734
3.222959
2.651888
2.741571
1.022366
1.607649
0.485366
0.405768
0.407268
0.395319
0.362351
0.362328
0.365998
0.310992
0.373742
0.901075
0.423669
1.932699
3.428825
2.877222
3.409086
1.422823
4.416408
5.381875
5.004763
2.779310
2.841921
0.651867
0.367260
0.316891
0.306999
0.325477
0.324145
0.322201
0.316532
0.209691
0.914346
0.756837
2.607389
6.736039
2.254581
1.972408
1.352685
1.172461
0.399684
0.369579
0.575892
2.956324
4.573384
5.599300
4.012174
0.961902
1.114048
0.447714
0.460535
0.381307
1.281622
2.876807
0.900137
2.276487
0.428858
0.324858
0.391350
0.578211
3.631645
10.448800
9.640313
7.691338
4.159061
4.832140
2.458773
1.456253
2.297942
1.147025
1.619255
2.560102
2.174990
1.514334
2.915452
2.781126
1.941431
1.348425
1.135996
1.110644
3.602622
2.290798
0.920677
0.545770
1.246087
0.781022
1.667147
1.122519
2.228489
0.434731
0.389476
0.319444
0.375036
0.314370
0.835163
0.268780
0.238577
4.775436
7.296396
3.314375
1.300866
3.844079
8.638864
2.972726
3.691432
1.745779
2.125578
4.192902
3.645036
2.094328
1.594088
1.939254
2.599961
1.353634
0.471946
0.329754
0.332169
0.312865
0.287814
0.744056
0.453418
0.640432
5.763487
5.094887
3.605580
1.987828
0.424641
0.392243
0.329214
0.335058
0.309628
0.222228
0.357373
0.341102
0.253525
2.923568
11.251798
8.159971
5.119062
2.167206
1.865837
2.642336
2.981543
0.659303
0.357618
0.301538
0.304045
0.314166
0.323366
0.316553
0.319563
0.293888
0.201062
0.312357
0.190324
0.810061
4.900581
4.533679
2.968916
5.309527
1.625745
2.881116
2.671513
4.114747
4.210316
0.550339
0.715791
0.369048
0.305793
0.328212
0.310303
0.277669
0.329410
0.310579
0.395971
4.197523
1.925799
1.655465
5.228654
3.805177
2.172488
1.533417
4.504214
1.745835
0.516729
1.296945
3.956797
2.009897
3.976354
0.894569
1.220172
0.422119
1.537702
4.000320
3.333807
1.972272
0.899276
0.901307
0.538129
0.408547
0.322360
0.333596
0.364963
0.314691
0.234059
0.604247
0.691842
3.755096
3.453946
0.438281
0.311432
0.279060
0.171943
0.181804
0.291113
0.699321
4.104681
4.125156
5.568439
6.903453
5.124563
1.140495
3.269182
2.038699
5.272649
1.903263
2.185757
1.866402
0.627565
0.441678
1.930116
4.406230
11.579808
5.865033
4.886280
2.855381
1.952116
3.333912
3.013445
2.504705
6.157243
1.428396
1.671237
0.994985
1.872564
1.869429
1.160776
0.631370
0.826137
1.079532
1.598668
4.278493
4.159603
4.715021
5.821330
2.433573
1.880239
1.895214
0.725985
1.229801
1.050887
0.390504
0.365551
0.379414
0.355109
2.152115
4.000616
5.685390
0.946823
0.797261
4.070784
1.506208
1.236626
5.149990
6.207263
4.410857
3.285457
1.671621
2.066069
1.378444
0.814019
0.890812
0.653195
2.399535
4.669744
2.273097
2.528905
1.748357
0.873681
0.660368
2.660818
1.381154
0.797679
1.011082
0.763390
3.045157
5.223145
1.931176
2.023030
1.076122
0.418082
0.392920
0.393472
0.991935
0.326106
0.398256
1.083103
0.340155
0.300113
0.632129
3.006954
0.993892
3.313342
6.089309
7.058672
2.610470
2.653315
2.449772
2.924777
3.595890
0.440046
0.378833
0.344933
0.341911
0.347094
0.346433
0.342568
0.356037
0.317070
0.413609
1.404366
2.494690
0.787466
0.494266
0.660260
2.301929
6.871943
6.653520
1.854463
1.900063
1.107896
0.899970
2.523502
3.309488
1.291662
0.493503
0.362893
0.332564
0.341263
0.342113
0.328775
0.267394
0.358043
0.310802
0.360839
0.326338
0.782472
0.303514
0.293611
0.212035
0.282575
6.885735
4.989693
6.094770
1.829710
0.695793
0.474577
0.407537
0.359814
0.334553
0.324804
0.311320
0.307493
0.303901
0.287720
1.689466
5.272990
6.962212
4.066626
3.779629
0.578162
0.304400
0.307036
0.310968
0.324727
0.352583
0.297933
0.335190
0.666583
3.683162
6.638270
2.566114
3.506304
1.133571
1.745066
1.924059
3.468200
1.850636
2.926160
2.316047
4.640021
3.989711
1.579636
0.420736
0.359422
0.315376
0.296958
0.297064
0.305182
0.307511
0.329299
0.319840
0.283755
0.313461
0.804818
2.543540
3.780861
8.056214
7.606651
7.759867
3.399582
5.300061
3.100593
2.125180
0.750064
1.744653
1.074982
0.420724
0.335272
0.331357
0.342666
0.333278
0.327188
0.364095
0.790510
0.292761
0.178353
0.225961
0.746417
0.346197
0.347941
0.806603
0.284135
0.152079
0.179027
0.306164
0.129822
0.290521
3.442796
9.284568
5.760352
5.526562
7.289701
5.920466
4.188665
3.632326
2.350233
3.009230
1.419636
2.911419
1.707989
1.485291
3.573135
1.423890
1.381043
0.940420
4.443754
1.084060
2.635994
2.857507
0.544312
2.866231
5.940898
3.268444
3.374367
0.947229
2.364404
1.101650
0.973777
0.740695
0.434794
1.530929
1.121712
4.261046
3.702855
4.895358
4.713662
2.998311
2.778004
1.634121
0.667180
0.580885
1.067458
0.345193
0.308770
0.368475
0.339841
0.341973
0.351041
0.373835
0.455251
2.926698
8.437811
5.529934
2.814743
3.402274
2.799535
1.637933
1.247338
0.496567
0.406398
0.389415
0.390973
0.363054
0.335157
0.323958
0.284580
0.359688
0.258800
0.603308
0.323828
0.137938
0.529541
0.275304
0.126874
0.138865
0.536567
3.678896
4.660031
3.548230
2.055981
3.816952
3.738953
7.685211
4.749283
4.195485
1.918957
2.675018
1.078270
0.581859
0.450616
0.351690
0.278985
0.291816
1.552218
1.677013
4.683168
6.789588
6.844105
2.251599
0.742848
0.349960
0.271876
0.339953
0.355704
0.284930
0.151773
0.986102
3.146626
4.384838
4.242434
6.112288
3.575409
3.229009
3.006989
3.891273
2.108428
1.999782
2.325256
3.352475
3.512463
1.976601
1.148648
1.864720
2.550668
0.861427
0.393202
1.354889
8.627138
7.472397
5.326588
0.718536
0.455012
0.348203
0.294625
0.263649
0.261081
1.046977
0.987893
0.305062
0.241605
1.649016
0.393178
1.468992
5.088853
3.370784
2.268322
1.982972
3.315286
2.318287
2.659974
6.656429
9.026224
4.565993
5.292873
3.600319
2.777668
3.127110
2.231737
1.354577
1.181351
1.287478
1.828025
3.898771
1.171949
0.411606
0.357310
0.334540
0.324133
0.323399
0.319853
0.332642
0.363412
0.269445
0.187934
0.367538
0.466023
0.474452
0.359345
0.372584
0.264456
0.469408
0.300096
0.328992
0.253946
0.158365
0.082694
0.375648
0.416603
0.271497
0.066909
0.090086
0.249310
0.212534
6.903860
3.959447
5.467303
8.693096
4.326879
3.910606
7.517689
6.237052
9.383366
4.279791
2.941038
3.011239
1.297029
0.953755
1.851146
1.108053
5.411278
4.248069
2.469503
2.292023
3.807828
2.584164
1.505281
1.123887
2.989314
1.308192
0.413308
0.345644
0.309859
0.282271
0.266903
0.260962
0.279083
0.430042
0.707122
0.317409
0.320576
0.207267
0.157453
0.260788
0.104963
0.282385
0.406990
3.223169
5.004843
4.585254
3.831434
3.109940
5.038638
3.847040
0.563273
0.418345
3.945937
1.861570
2.341553
0.865565
0.434144
1.637834
2.549719
5.469155
4.653880
2.691939
1.347478
0.860970
1.633253
2.377313
1.139547
0.548204
0.180471
0.175724
0.188532
0.211812
0.319743
0.112459
0.259715
0.774062
0.375077
0.825899
0.107086
0.064167
0.066024
2.318360
4.038618
5.194475
2.294590
0.725887
0.602039
1.893738
2.006404
1.812492
1.066605
0.133274
0.112081
0.077476
0.073504
0.737384
1.892948
5.212486
3.360408
4.370463
8.595594
1.574441
1.067760
0.509859
2.354942
0.553906
0.594405
3.156671
0.986729
3.077105
7.080373
1.784432
5.297467
1.508557
0.359593
2.505689
2.372913
0.382195
0.286548
0.229104
0.229468
0.318073
0.293423
0.137048
0.283292
0.343661
0.406966
18.201883
22.469086
21.177064
19.165929
17.507659
14.439166
12.698873
9.617644
8.806117
8.301407
7.658910
7.266078
6.493294
5.756168
4.681952
4.630598
5.106522
4.328753
4.658228
9.500470
4.032686
4.252631
6.932274
3.229348
5.248271
5.908828
7.709550
6.356037
4.772613
2.530366
2.610587
2.134653
1.972676
2.150211
1.683739
2.812211
3.123662
7.945780
3.186315
4.637832
3.395648
2.339010
2.243503
2.118744
1.976047
1.856343
1.963042
2.278543
6.452089
2.496211
4.089137
6.902836
7.293258
4.521765
2.061168
1.978008
2.813357
4.429482
1.968902
1.052234
1.814237
3.056245
3.364490
4.438890
4.908513
8.006510
2.949035
3.142919
1.749229
1.144582
2.020479
5.776769
2.551167
1.675551
0.904914
0.976931
2.600959
3.071183
3.228903
2.208046
1.645915
0.790836
0.627341
1.346365
0.365073
0.291772
0.290848
0.291413
0.275343
0.250558
0.261873
0.291927
0.264879
0.267715
0.342098
1.222286
1.669727
1.562005
3.503474
4.972809
1.730785
4.798443
7.990423
5.347955
4.292306
1.837645
1.195856
1.127398
0.995429
1.955277
0.850007
0.737386
0.314714
0.217014
0.227493
0.232015
0.190841
0.385780
0.759873
0.266312
0.128701
0.141840
0.130981
4.011371
8.692312
8.474058
4.939606
6.265332
6.057300
3.229907
2.643471
3.289211
3.600937
1.604349
1.366159
0.824904
0.391522
0.317490
0.278194
0.535094
8.084673
3.865100
1.780031
1.664356
0.636390
0.353357
0.178630
0.164216
0.143327
0.114384
0.092483
0.077970
0.070315
0.057195
0.048153
0.040527
0.034160
0.029883
0.026739
0.024378
0.022523
0.021021
0.019773
0.018713
0.017796
0.016991
0.016276
0.015634
0.015052
0.014522
0.014035
0.013586
0.013170
0.012783
0.012421
0.012083
0.011764
0.011464
0.011181
0.010913
0.010659
0.010417
0.010188
0.009969
0.009759
0.009560
0.009368
0.009185
0.009009
0.008840
0.008678
0.008522
0.008371
0.008226
0.008086
0.007951
0.007821
0.007694
0.007572
0.007454
0.007340
0.007229
0.007121
0.007017
0.006916
0.006817
0.006722
0.006629
0.006538
0.006450
0.006365
0.006281
0.006200
0.006121
0.006044
0.005969
0.005895
0.005824
0.005754
0.005685
0.005619
0.005553
0.005490
0.005427
0.005366
0.005307
0.005249
0.005191
0.005136
0.005081
0.005027
0.004975
0.004923
0.004873
0.004824
0.004775
0.004728
0.004681
0.004635
0.004591
0.004547
0.004503
0.004461
0.004419
0.004378
0.004338
0.004299
0.004260
0.004222
0.004184
0.004148
0.004111
0.004076
0.004041
0.004006
0.003973
0.003939
0.003906
0.003874
0.003842
0.003811
0.003780
0.003750
0.003720
0.003691
0.003662
0.003633
0.003605
0.003578
0.003550
0.003524
0.003497
0.003471
0.003445
0.003420
0.003395
0.003370
0.003346
0.003322
0.003298
0.003275
0.003252
0.003229
0.003207
0.003185
0.003163
0.003141
0.003120
0.003099
0.003078
0.003058
0.003037
0.003018
0.002998
0.002978
0.002959
0.002940
0.002921
0.002903
0.002885
0.002866
0.002849
0.002831
0.002813
0.002796
0.002779
0.002762
0.002746
0.002729
0.002713
0.002697
0.002681
0.002665
0.002650
0.002634
0.002619
0.002604
0.002589
0.002574
0.002560
0.002545
0.002531
0.002517
0.002503
0.002489
0.002476
0.002462
0.002449
0.002435
0.002422
0.002409
0.002396
0.002384
0.002371
0.002359
0.002346
0.002334
0.002322
0.002310
0.002298
0.002286
0.002275
0.002263
0.002252
0.002241
0.002229
0.002218
0.002207
0.002196
0.002186
0.002175
0.002164
0.002154
0.002144
0.002133
0.002123
0.002113
0.002103
0.002093
0.002083
0.002074
0.002064
0.002054
0.002045
0.002035
0.002026
0.002017
0.002008
0.001999
0.001990
0.001981
0.001972
0.001963
0.001954
0.001946
0.001937
0.001929
0.001920
0.001912
0.001904
0.001895
0.001887
0.001879
0.001871
0.001863
0.001855
0.001848
0.001840
0.001832
0.001824
0.001817
0.001809
0.001802
0.001795
0.001787
0.001780
0.001773
0.001766
0.001758
0.001751
0.001744
0.001737
0.001731
0.001724
0.001717
0.001710
0.001704
0.001697
0.001690
0.001684
0.001677
0.001671
0.001664
0.001658
0.001652
0.001645
0.001639
0.001633
0.001627
0.001621
0.001615
0.001609
0.001603
0.001597
0.001591
0.001585
0.001579
0.001574
0.001568
0.001562
0.001557
0.001551
0.001546
0.001540
0.001535
0.001529
0.001524
0.001518
0.001513
0.001508
0.001503
0.001497
0.001492
0.001487
0.001482
0.001477
0.001472
0.001467
0.001462
0.001457
0.001452
0.001447
0.001442
0.001437
0.001432
0.001428
0.001423
0.001418
0.001414
0.001409
0.001404
0.001400
0.001395
0.001391
0.001386
0.001382
0.001377
0.001373
0.001368
0.001364
0.001360
0.001355
0.001351
0.001347
0.001343
0.001338
0.001334
0.001330
0.001326
0.001322
0.001318
0.001314
0.001310
0.001306
0.001302
0.001298
0.001294
0.001290
0.001286
0.001282
0.001278
0.001274
0.001270
0.001267
0.001263
0.001259
0.001255
0.001252
0.001248
0.001244
0.001241
0.001237
0.001234
0.001230
0.001226
0.001223
0.001219
0.001216
0.001212
0.001209
0.001205
0.001202
0.001199
0.001195
0.001192
0.001189
0.001185
0.001182
0.001179
0.001175
0.001172
0.001169
0.001166
0.001162
0.001159
0.001156
0.001153
0.001150
0.001147
0.001143
0.001140
0.001137
0.001134
0.001131
0.001128
0.001125
0.001122
0.001119
0.001116
0.001113
0.001110
0.001107
0.001105
0.001102
0.001099
0.001096
0.001093
0.001090
0.001087
0.001085
0.001082
0.001079
0.001076
0.001073
0.001071
0.001068
0.001065
0.001063
0.001060
0.001057
0.001055
0.001052
0.001049
0.001047
0.001044
0.001042
0.001039
0.001036
0.001034
0.001031
0.001029
0.001026
0.001024
0.001021
0.001019
0.001016
0.001014
0.001011
0.001009
0.001006
0.001004
0.001002
0.000999
0.000997
0.000994
0.000992
0.000990
0.000987
0.000985
0.000983
0.000980
0.000978
0.000976
0.000974
0.000971
0.000969
0.000967
0.000965
0.000962
0.000960
0.000958
0.000956
0.000954
0.000951
0.000949
0.000947
0.000945
0.000943
0.000941
0.000939
0.000936
0.000934
0.000932
0.000930
0.000928
0.000926
0.000924
0.000922
0.000920
0.000918
0.000916
0.000914
0.000912
0.000910
0.000908
0.000906
0.000904
0.000902
0.000900
0.000898
0.000896
0.000894
0.000892
0.000890
0.000888
0.000887
0.000885
0.000883
0.000881
0.000879
0.000877
0.000875
0.000873
0.000872
0.000870
0.000868
0.000866
0.000864
0.000863
0.000861
0.000859
0.000857
0.000855
0.000854
0.000852
0.000850
0.000848
0.000847
0.000845
0.000843
0.000842
0.000840
0.000838
0.000836
0.000835
0.000833
0.000831
0.000830
0.000828
0.000826
0.000825
0.000823
0.000821
0.000820
0.000818
0.000817
0.000815
0.000813
0.000812
0.000810
0.000809
0.000807
0.000805
0.000804
0.000802
0.000801
0.000799
0.000798
0.000796
0.000795
0.000793
0.000792
0.000790
0.000789
0.000787
0.000786
0.000784
0.000783
0.000781
0.000780
0.000778
0.000777
0.000775
0.000774
0.000772
0.000771
0.000769
0.000768
0.000767
0.000765
0.000764
0.000762
0.000761
0.000759
0.000758
0.000757
0.000755
0.000754
0.000753
0.000751
0.000750
0.000748
0.000747
0.000746
0.000744
0.000743
0.000742
0.000740
0.000739
0.000738
0.000736
0.000735
0.000734
0.000732
0.000731
0.000730
0.000729
0.000727
0.000726
0.000725
0.000723
0.000722
0.000721
0.000720
0.000718
0.000717
0.000716
0.000715
0.000713
0.000712
0.000711
0.000710
0.000708
0.000707
0.000706
0.000705
0.000704
0.000702
0.000701
0.000700
0.000699
0.000698
0.000696
0.000695
0.000694
0.000693
0.000692
0.000691
0.000689
0.000688
0.000687
0.000686
0.000685
0.000684
0.000683
0.000681
0.000680
0.000679
0.000678
0.000677
0.000676
0.000675
0.000674
0.000672
0.000671
0.000670
0.000669
0.000668
0.000667
0.000666
0.000665
0.000664
0.000663
0.000662
0.000661
0.000659
0.000658
0.000657
0.000656
0.000655
0.000654
0.000653
0.000652
0.000651
0.000650
0.000649
0.000648
0.000647
0.000646
0.000645
0.000644
0.000643
0.000642
0.000641
0.000640
0.000639
0.000638
0.000637
0.000636
0.000635
0.000634
0.000633
0.000632
0.000631
0.000630
0.000629
0.000628
0.000627
0.000626
0.000625
0.000624
0.000623
0.000622
0.000621
0.000620
0.000620
0.000619
0.000618
0.000617
0.000616
0.000615
0.000614
0.000613
0.000612
0.000611
0.000610
0.000609
0.000608
0.000608
0.000607
0.000606
0.000605
0.000604
0.000603
0.000602
0.000601
0.000600
0.000599
0.000599
0.000598
0.000597
0.000596
0.000595
0.000594
0.000593
0.000593
0.000592
0.000591
0.000590
0.000589
0.000588
0.000587
0.000587
0.000586
0.000585
0.000584
0.000583
0.000582
0.000582
0.000581
0.000580
0.000579
0.000578
0.000577
0.000577
0.000576
0.000575
0.000574
0.000573
0.000573
0.000572
0.000571
0.000570
0.000569
0.000569
0.000568
0.000567
0.000566
0.000565
0.000565
0.000564
0.000563
0.000562
0.000561
0.000561
0.000560
0.000559
0.000558
0.000558
0.000557
0.000556
0.000555
0.000555
0.000554
0.000553
0.000552
0.000552
0.000551
0.000550
0.000549
0.000549
0.000548
0.000547
0.000546
0.000546
0.000545
0.000544
0.000543
0.000543
0.000542
0.000541
0.000541
0.000540
0.000539
0.000538
0.000538
0.000537
0.000536
0.000536
0.000535
0.000534
0.000534
0.000533
0.000532
0.000531
0.000531
0.000530
0.000529
0.000529
0.000528
0.000527
0.000527
0.000526
0.000525
0.000525
0.000524
0.000523
0.000523
0.000522
0.000521
0.000521
0.000520
0.000519
0.000519
0.000518
0.000517
0.000517
0.000516
0.000515
0.000515
0.000514
0.000513
0.000513
0.000512
0.000511
0.000511
0.000510
0.000509
0.000509
0.000508
0.000508
0.000507
0.000506
0.000506
0.000505
0.000504
0.000504
0.000503
0.000502
0.000502
0.000501
0.000501
0.000500
0.000499
0.000499
0.000498
0.000498
0.000497
0.000496
0.000496
0.000495
0.000495
0.000494
0.000493
0.000493
0.000492
0.000492
0.000491
0.000490
0.000490
0.000489
0.000489
0.000488
0.000487
0.000487
0.000486
0.000486
0.000485
0.000484
0.000484
0.000483
0.000483
0.000482
0.000482
0.000481
0.000480
0.000480
0.000479
0.000479
0.000478
0.000478
0.000477
0.000477
0.000476
0.000475
0.000475
0.000474
0.000474
0.000473
0.000473
0.000472
0.000472
0.000471
0.000470
0.000470
0.000469
0.000469
0.000468
0.000468
0.000467
0.000467
0.000466
0.000466
0.000465
0.000465
0.000464
0.000463
0.000463
0.000462
0.000462
0.000461
0.000461
0.000460
0.000460
0.000459
0.000459
0.000458
0.000458
0.000457
0.000457
0.000456
0.000456
0.000455
0.000455
0.000454
0.000454
0.000453
0.000453
0.000452
0.000452
0.000451
0.000451
0.000450
0.000450
0.000449
0.000449
0.000448
0.000448
0.000447
0.000447
0.000446
0.000446
0.000445
0.000445
0.000444
0.000444
0.000443
0.000443
0.000442
0.000442
0.000441
0.000441
0.000440
0.000440
0.000439
0.000439
0.000438
0.000438
0.000437
0.000437
0.000436
0.000436
0.000436
0.000435
0.000435
0.000434
0.000434
0.000433
0.000433
0.000432
0.000432
0.000431
0.000431
0.000430
0.000430
0.000430
0.000429
0.000429
0.000428
0.000428
0.000427
0.000427
0.000426
0.000426
0.000425
0.000425
0.000425
0.000424
0.000424
0.000423
0.000423
0.000422
0.000422
0.000421
0.000421
0.000421
0.000420
0.000420
0.000419
0.000419
0.000418
0.000418
0.000418
0.000417
0.000417
0.000416
0.000416
0.000415
0.000415
0.000415
0.000414
0.000414
0.000413
0.000413
0.000412
0.000412
0.000412
0.000411
0.000411
0.000410
0.000410
0.000409
0.000409
0.000409
0.000408
0.000408
0.000407
0.000407
0.000407
0.000406
0.000406
0.000405
0.000405
0.000405
0.000404
0.000404
0.000403
0.000403
0.000403
0.000402
0.000402
0.000401
0.000401
0.000401
0.000400
0.000400
0.000399
0.000399
0.000399
0.000398
0.000398
0.000397
0.000397
0.000397
0.000396
0.000396
0.000395
0.000395
0.000395
0.000394
0.000394
0.000394
0.000393
0.000393
0.000392
0.000392
0.000392
0.000391
0.000391
0.000390
0.000390
0.000390
0.000389
0.000389
0.000389
0.000388
0.000388
0.000387
0.000387
0.000387
0.000386
0.000386
0.000386
0.000385
0.000385
0.000385
0.000384
0.000384
0.000383
0.000383
0.000383
0.000382
0.000382
0.000382
0.000381
0.000381
0.000381
0.000380
0.000380
0.000379
0.000379
0.000379
0.000378
0.000378
0.000378
0.000377
0.000377
0.000377
0.000376
0.000376
0.000376
0.000375
0.000375
0.000375
0.000374
0.000374
0.000374
0.000373
0.000373
0.000372
0.000372
0.000372
0.000371
0.000371
0.000371
0.000370
0.000370
0.000370
0.000369
0.000369
0.000369
0.000368
0.000368
0.000368
0.000367
0.000367
0.000367
0.000366
0.000366
0.000366
0.000365
0.000365
0.000365
0.000364
0.000364
0.000364
0.000363
0.000363
0.000363
0.000362
0.000362
0.000362
0.000361
0.000361
0.000361
0.000360
0.000360
0.000360
0.000360
0.000359
0.000359
0.000359
0.000358
0.000358
0.000358
0.000357
0.000357
0.000357
0.000356
0.000356
0.000356
0.000355
0.000355
0.000355
0.000354
0.000354
0.000354
0.000354
0.000353
0.000353
0.000353
0.000352
0.000352
0.000352
0.000351
0.000351
0.000351
0.000350
0.000350
0.000350
0.000350
0.000349
0.000349
0.000349
0.000348
0.000348
0.000348
0.000347
0.000347
0.000347
0.000347
0.000346
0.000346
0.000346
0.000345
0.000345
0.000345
0.000344
0.000344
0.000344
0.000344
0.000343
0.000343
0.000343
0.000342
0.000342
0.000342
0.000342
0.000341
0.000341
0.000341
0.000340
0.000340
0.000340
0.000340
0.000339
0.000339
0.000339
0.000338
0.000338
0.000338
0.000338
0.000337
0.000337
0.000337
0.000336
0.000336
0.000336
0.000336
0.000335
0.000335
0.000335
0.000334
0.000334
0.000334
0.000334
0.000333
0.000333
0.000333
0.000333
0.000332
0.000332
0.000332
0.000331
0.000331
0.000331
0.000331
0.000330
0.000330
0.000330
0.000330
0.000329
0.000329
0.000329
0.000328
0.000328
0.000328
0.000328
0.000327
0.000327
0.000327
0.000327
0.000326
0.000326
0.000326
0.000326
0.000325
0.000325
0.000325
0.000324
0.000324
0.000324
0.000324
0.000323
0.000323
0.000323
0.000323
0.000322
0.000322
0.000322
0.000322
0.000321
0.000321
0.000321
0.000321
0.000320
0.000320
0.000320
0.000320
0.000319
0.000319
0.000319
0.000319
0.000318
0.000318
0.000318
0.000318
0.000317
0.000317
0.000317
0.000317
0.000316
0.000316
0.000316
0.000316
0.000315
0.000315
0.000315
0.000315
0.000314
0.000314
0.000314
0.000314
0.000313
0.000313
0.000313
0.000313
0.000312
0.000312
0.000312
0.000312
0.000311
0.000311
0.000311
0.000311
0.000310
0.000310
0.000310
0.000310
0.000310
0.000309
0.000309
0.000309
0.000309
0.000308
0.000308
0.000308
0.000308
0.000307
0.000307
0.000307
0.000307
0.000306
0.000306
0.000306
0.000306
0.000306
0.000305
0.000305
0.000305
0.000305
0.000304
0.000304
0.000304
0.000304
0.000303
0.000303
0.000303
0.000303
0.000303
0.000302
0.000302
0.000302
0.000302
0.000301
0.000301
0.000301
0.000301
0.000301
0.000300
0.000300
0.000300
0.000300
0.000299
0.000299
0.000299
0.000299
0.000299
0.000298
0.000298
0.000298
0.000298
0.000297
0.000297
0.000297
0.000297
0.000297
0.000296
0.000296
0.000296
0.000296
0.000295
0.000295
0.000295
0.000295
0.000295
0.000294
0.000294
0.000294
0.000294
0.000293
0.000293
0.000293
0.000293
0.000293
0.000292
0.000292
0.000292
0.000292
0.000292
0.000291
0.000291
0.000291
0.000291
0.000291
0.000290
0.000290
0.000290
0.000290
0.000289
0.000289
0.000289
0.000289
0.000289
0.000288
0.000288
0.000288
0.000288
0.000288
0.000287
0.000287
0.000287
0.000287
0.000287
0.000286
0.000286
0.000286
0.000286
0.000286
0.000285
0.000285
0.000285
0.000285
0.000285
0.000284
0.000284
0.000284
0.000284
0.000284
0.000283
0.000283
0.000283
0.000283
0.000283
0.000282
0.000282
0.000282
0.000282
0.000282
0.000281
0.000281
0.000281
0.000281
0.000281
0.000280
0.000280
0.000280
0.000280
0.000280
0.000279
0.000279
0.000279
0.000279
0.000279
0.000278
0.000278
0.000278
0.000278
0.000278
0.000277
0.000277
0.000277
0.000277
0.000277
0.000277
0.000276
0.000276
0.000276
0.000276
0.000276
0.000275
0.000275
0.000275
0.000275
0.000275
0.000274
0.000274
0.000274
0.000274
0.000274
0.000274
0.000273
0.000273
0.000273
0.000273
0.000273
0.000272
0.000272
0.000272
0.000272
0.000272
0.000272
0.000271
0.000271
0.000271
0.000271
0.000271
0.000270
0.000270
0.000270
0.000270
0.000270
0.000269
0.000269
0.000269
0.000269
0.000269
0.000269
0.000268
0.000268
0.000268
0.000268
0.000268
0.000268
0.000267
0.000267
0.000267
0.000267
0.000267
0.000266
0.000266
0.000266
0.000266
0.000266
0.000266
0.000265
0.000265
0.000265
0.000265
0.000265
0.000265
0.000264
0.000264
0.000264
0.000264
0.000264
0.000263
0.000263
0.000263
0.000263
0.000263
0.000263
0.000262
0.000262
0.000262
0.000262
0.000262
0.000262
0.000261
0.000261
0.000261
0.000261
0.000261
0.000261
0.000260
0.000260
0.000260
0.000260
0.000260
0.000260
0.000259
0.000259
0.000259
0.000259
0.000259
0.000259
0.000258
0.000258
0.000258
0.000258
0.000258
0.000258
0.000257
0.000257
0.000257
0.000257
0.000257
0.000257
0.000256
0.000256
0.000256
0.000256
0.000256
0.000256
0.000255
0.000255
0.000255
0.000255
0.000255
0.000255
0.000254
0.000254
0.000254
0.000254
0.000254
0.000254
0.000254
0.000253
0.000253
0.000253
0.000253
0.000253
0.000253
0.000252
0.000252
0.000252
0.000252
0.000252
0.000252
0.000251
0.000251
0.000251
0.000251
0.000251
0.000251
0.000251
0.000250
0.000250
0.000250
0.000250
0.000250
0.000250
0.000249
0.000249
0.000249
0.000249
0.000249
0.000249
0.000249
0.000248
0.000248
0.000248
0.000248
0.000248
0.000248
0.000247
0.000247
0.000247
0.000247
0.000247
0.000247
0.000247
0.000246
0.000246
0.000246
0.000246
0.000246
0.000246
0.000245
0.000245
0.000245
0.000245
0.000245
0.000245
0.000245
0.000244
0.000244
0.000244
0.000244
0.000244
0.000244
0.000244
0.000243
0.000243
0.000243
0.000243
0.000243
0.000243
0.000243
0.000242
0.000242
0.000242
0.000242
0.000242
0.000242
0.000241
0.000241
0.000241
0.000241
0.000241
0.000241
0.000241
0.000240
0.000240
0.000240
0.000240
0.000240
0.000240
0.000240
0.000239
0.000239
0.000239
0.000239
0.000239
0.000239
0.000239
0.000238
0.000238
0.000238
0.000238
0.000238
0.000238
0.000238
0.000237
0.000237
0.000237
0.000237
0.000237
0.000237
0.000237
0.000237
0.000236
0.000236
0.000236
0.000236
0.000236
0.000236
0.000236
0.000235
0.000235
0.000235
0.000235
0.000235
0.000235
0.000235
0.000234
0.000234
0.000234
0.000234
0.000234
0.000234
0.000234
0.000233
0.000233
0.000233
0.000233
0.000233
0.000233
0.000233
0.000233
0.000232
0.000232
0.000232
0.000232
0.000232
0.000232
0.000232
0.000231
0.000231
0.000231
0.000231
0.000231
0.000231
0.000231
0.000231
0.000230
0.000230
0.000230
0.000230
0.000230
0.000230
0.000230
0.000229
0.000229
0.000229
0.000229
0.000229
0.000229
0.000229
0.000229
0.000228
0.000228
0.000228
0.000228
0.000228
0.000228
0.000228
0.000228
0.000227
0.000227
0.000227
0.000227
0.000227
0.000227
0.000227
0.000227
0.000226
0.000226
0.000226
0.000226
0.000226
0.000226
0.000226
0.000225
0.000225
0.000225
0.000225
0.000225
0.000225
0.000225
0.000225
0.000224
0.000224
0.000224
0.000224
0.000224
0.000224
0.000224
0.000224
0.000223
0.000223
0.000223
0.000223
0.000223
0.000223
0.000223
0.000223
0.000222
0.000222
0.000222
0.000222
0.000222
0.000222
0.000222
0.000222
0.000222
0.000221
0.000221
0.000221
0.000221
0.000221
0.000221
0.000221
0.000221
0.000220
0.000220
0.000220
0.000220
0.000220
0.000220
0.000220
0.000220
0.000219
0.000219
0.000219
0.000219
0.000219
0.000219
0.000219
0.000219
0.000218
0.000218
0.000218
0.000218
0.000218
0.000218
0.000218
0.000218
0.000218
0.000217
0.000217
0.000217
0.000217
0.000217
0.000217
0.000217
0.000217
0.000216
0.000216
0.000216
0.000216
0.000216
0.000216
0.000216
0.000216
0.000216
0.000215
0.000215
0.000215
0.000215
0.000215
0.000215
0.000215
0.000215
0.000215
0.000214
0.000214
0.000214
0.000214
0.000214
0.000214
0.000214
0.000214
0.000213
0.000213
0.000213
0.000213
0.000213
0.000213
0.000213
0.000213
0.000213
0.000212
0.000212
0.000212
0.000212
0.000212
0.000212
0.000212
0.000212
0.000212
0.000211
0.000211
0.000211
0.000211
0.000211
0.000211
0.000211
0.000211
0.000211
0.000210
0.000210
0.000210
0.000210
0.000210
0.000210
0.000210
0.000210
0.000210
0.000209
0.000209
0.000209
0.000209
0.000209
0.000209
0.000209
0.000209
0.000209
0.000209
0.000208
0.000208
0.000208
0.000208
0.000208
0.000208
0.000208
0.000208
0.000208
0.000207
0.000207
0.000207
0.000207
0.000207
0.000207
0.000207
0.000207
0.000207
0.000206
0.000206
0.000206
0.000206
0.000206
0.000206
0.000206
0.000206
0.000206
0.000206
0.000205
0.000205
0.000205
0.000205
0.000205
0.000205
0.000205
0.000205
0.000205
0.000204
0.000204
0.000204
0.000204
0.000204
0.000204
0.000204
0.000204
0.000204
0.000204
0.000203
0.000203
0.000203
0.000203
0.000203
0.000203
0.000203
0.000203
0.000203
0.000203
0.000202
0.000202
0.000202
0.000202
0.000202
0.000202
0.000202
0.000202
0.000202
0.000201
0.000201
0.000201
0.000201
0.000201
0.000201
0.000201
0.000201
0.000201
0.000201
0.000200
0.000200
0.000200
0.000200
0.000200
0.000200
0.000200
0.000200
0.000200
0.000200
0.000199
0.000199
0.000199
0.000199
0.000199
0.000199
0.000199
0.000199
0.000199
0.000199
0.000199
0.000198
0.000198
0.000198
0.000198
0.000198
0.000198
0.000198
0.000198
0.000198
0.000198
0.000197
0.000197
0.000197
0.000197
0.000197
0.000197
0.000197
0.000197
0.000197
0.000197
0.000196
0.000196
0.000196
0.000196
0.000196
0.000196
0.000196
0.000196
0.000196
0.000196
0.000196
0.000195
0.000195
0.000195
0.000195
0.000195
0.000195
0.000195
0.000195
0.000195
0.000195
0.000194
0.000194
0.000194
0.000194
0.000194
0.000194
0.000194
0.000194
0.000194
0.000194
0.000194
0.000193
0.000193
0.000193
0.000193
0.000193
0.000193
0.000193
0.000193
0.000193
0.000193
0.000193
0.000192
0.000192
0.000192
0.000192
0.000192
0.000192
0.000192
0.000192
0.000192
0.000192
0.000191
0.000191
0.000191
0.000191
0.000191
0.000191
0.000191
0.000191
0.000191
0.000191
0.000191
0.000190
0.000190
0.000190
0.000190
0.000190
0.000190
0.000190
0.000190
0.000190
0.000190
0.000190
0.000190
0.000189
0.000189
0.000189
0.000189
0.000189
0.000189
0.000189
0.000189
0.000189
0.000189
0.000189
0.000188
0.000188
0.000188
0.000188
0.000188
0.000188
0.000188
0.000188
0.000188
0.000188
0.000188
0.000187
0.000187
0.000187
0.000187
0.000187
0.000187
0.000187
0.000187
0.000187
0.000187
0.000187
0.000187
0.000186
0.000186
0.000186
0.000186
0.000186
0.000186
0.000186
0.000186
0.000186
0.000186
0.000186
0.000185
0.000185
0.000185
0.000185
0.000185
0.000185
0.000185
0.000185
0.000185
0.000185
0.000185
0.000185
0.000184
0.000184
0.000184
0.000184
0.000184
0.000184
0.000184
0.000184
0.000184
0.000184
0.000184
0.000184
0.000183
0.000183
0.000183
0.000183
0.000183
0.000183
0.000183
0.000183
0.000183
0.000183
0.000183
0.000183
0.000182
0.000182
0.000182
0.000182
0.000182
0.000182
0.000182
0.000182
0.000182
0.000182
0.000182
0.000182
0.000181
0.000181
0.000181
0.000181
0.000181
0.000181
0.000181
0.000181
0.000181
0.000181
0.000181
0.000181
0.000180
0.000180
0.000180
0.000180
0.000180
0.000180
0.000180
0.000180
0.000180
0.000180
0.000180
0.000180
0.000179
0.000179
0.000179
0.000179
0.000179
0.000179
0.000179
0.000179
0.000179
0.000179
0.000179
0.000179
0.000179
0.000178
0.000178
0.000178
0.000178
0.000178
0.000178
0.000178
0.000178
0.000178
0.000178
0.000178
0.000178
0.000178
0.000177
0.000177
0.000177
0.000177
0.000177
0.000177
0.000177
0.000177
0.000177
0.000177
0.000177
0.000177
0.000176
0.000176
0.000176
0.000176
0.000176
0.000176
0.000176
0.000176
0.000176
0.000176
0.000176
0.000176
0.000176
0.000175
0.000175
0.000175
0.000175
0.000175
0.000175
0.000175
0.000175
0.000175
0.000175
0.000175
0.000175
0.000175
0.000175
0.000174
0.000174
0.000174
0.000174
0.000174
0.000174
0.000174
0.000174
0.000174
0.000174
0.000174
0.000174
0.000174
0.000173
0.000173
0.000173
0.000173
0.000173
0.000173
0.000173
0.000173
0.000173
0.000173
0.000173
0.000173
0.000173
0.000172
0.000172
0.000172
0.000172
0.000172
0.000172
0.000172
0.000172
0.000172
0.000172
0.000172
0.000172
0.000172
0.000172
0.000171
0.000171
0.000171
0.000171
0.000171
0.000171
0.000171
0.000171
0.000171
0.000171
0.000171
0.000171
0.000171
0.000170
0.000170
0.000170
0.000170
0.000170
0.000170
0.000170
0.000170
0.000170
0.000170
0.000170
0.000170
0.000170
0.000170
0.000169
0.000169
0.000169
0.000169
0.000169
0.000169
0.000169
0.000169
0.000169
0.000169
0.000169
0.000169
0.000169
0.000169
0.000168
0.000168
0.000168
0.000168
0.000168
0.000168
0.000168
0.000168
0.000168
0.000168
0.000168
0.000168
0.000168
0.000168
0.000168
0.000167
0.000167
0.000167
0.000167
0.000167
0.000167
0.000167
0.000167
0.000167
0.000167
0.000167
0.000167
0.000167
0.000167
0.000166
0.000166
0.000166
0.000166
0.000166
0.000166
0.000166
0.000166
0.000166
0.000166
0.000166
0.000166
0.000166
0.000166
0.000166
0.000165
0.000165
0.000165
0.000165
0.000165
0.000165
0.000165
0.000165
0.000165
0.000165
0.000165
0.000165
0.000165
0.000165
0.000164
0.000164
0.000164
0.000164
0.000164
0.000164
0.000164
0.000164
0.000164
0.000164
0.000164
0.000164
0.000164
0.000164
0.000164
0.000163
0.000163
0.000163
0.000163
0.000163
0.000163
0.000163
0.000163
0.000163
0.000163
0.000163
0.000163
0.000163
0.000163
0.000163
0.000162
0.000162
0.000162
0.000162
0.000162
0.000162
0.000162
0.000162
0.000162
0.000162
0.000162
0.000162
0.000162
0.000162
0.000162
0.000162
0.000161
0.000161
0.000161
0.000161
0.000161
0.000161
0.000161
0.000161
0.000161
0.000161
0.000161
0.000161
0.000161
0.000161
0.000161
0.000160
0.000160
0.000160
0.000160
0.000160
0.000160
0.000160
0.000160
0.000160
0.000160
0.000160
0.000160
0.000160
0.000160
0.000160
0.000160
0.000159
0.000159
0.000159
0.000159
0.000159
0.000159
0.000159
0.000159
0.000159
0.000159
0.000159
0.000159
0.000159
0.000159
0.000159
0.000159
0.000158
0.000158
0.000158
0.000158
0.000158
0.000158
0.000158
0.000158
0.000158
0.000158
0.000158
0.000158
0.000158
0.000158
0.000158
0.000158
0.000157
0.000157
0.000157
0.000157
0.000157
0.000157
0.000157
0.000157
0.000157
0.000157
0.000157
0.000157
0.000157
0.000157
0.000157
0.000157
0.000156
0.000156
0.000156
0.000156
0.000156
0.000156
0.000156
0.000156
0.000156
0.000156
0.000156
0.000156
0.000156
0.000156
0.000156
0.000156
0.000155
0.000155
0.000155
0.000155
0.000155
0.000155
0.000155
0.000155
0.000155
0.000155
0.000155
0.000155
0.000155
0.000155
0.000155
0.000155
0.000155
0.000154
0.000154
0.000154
0.000154
0.000154
0.000154
0.000154
0.000154
0.000154
0.000154
0.000154
0.000154
0.000154
0.000154
0.000154
0.000154
0.000154
0.000153
0.000153
0.000153
0.000153
0.000153
0.000153
0.000153
0.000153
0.000153
0.000153
0.000153
0.000153
0.000153
0.000153
0.000153
0.000153
0.000153
0.000152
0.000152
0.000152
0.000152
0.000152
0.000152
0.000152
0.000152
0.000152
0.000152
0.000152
0.000152
0.000152
0.000152
0.000152
0.000152
0.000152
0.000151
0.000151
0.000151
0.000151
0.000151
0.000151
0.000151
0.000151
0.000151
0.000151
0.000151
0.000151
0.000151
0.000151
0.000151
0.000151
0.000151
0.000151
0.000150
0.000150
0.000150
0.000150
0.000150
0.000150
0.000150
0.000150
0.000150
0.000150
0.000150
0.000150
0.000150
0.000150
0.000150
0.000150
0.000150
0.000150
0.000149
0.000149
0.000149
0.000149
0.000149
0.000149
0.000149
0.000149
0.000149
0.000149
0.000149
0.000149
0.000149
0.000149
0.000149
0.000149
0.000149
0.000149
0.000148
0.000148
0.000148
0.000148
0.000148
0.000148
0.000148
0.000148
0.000148
0.000148
0.000148
0.000148
0.000148
0.000148
0.000148
0.000148
0.000148
0.000148
0.000147
0.000147
0.000147
0.000147
0.000147
0.000147
0.000147
0.000147
0.000147
0.000147
0.000147
0.000147
0.000147
0.000147
0.000147
0.000147
0.000147
0.000147
0.000147
0.000146
0.000146
0.000146
0.000146
0.000146
0.000146
0.000146
0.000146
0.000146
0.000146
0.000146
0.000146
0.000146
0.000146
0.000146
0.000146
0.000146
0.000146
0.000146
0.000145
0.000145
0.000145
0.000145
0.000145
0.000145
0.000145
0.000145
0.000145
0.000145
0.000145
0.000145
0.000145
0.000145
0.000145
0.000145
0.000145
0.000145
0.000145
0.000144
0.000144
0.000144
0.000144
0.000144
0.000144
0.000144
0.000144
0.000144
0.000144
0.000144
0.000144
0.000144
0.000144
0.000144
0.000144
0.000144
0.000144
0.000144
0.000143
0.000143
0.000143
0.000143
0.000143
0.000143
0.000143
0.000143
0.000143
0.000143
0.000143
0.000143
0.000143
0.000143
0.000143
0.000143
0.000143
