14.283789
14.167785
14.165309
14.163365
14.161411
14.159443
14.157464
14.155476
14.153481
14.151481
14.149479
14.147477
14.145478
14.143484
14.141499
14.139525
14.137564
14.135620
14.133693
14.131787
14.129903
14.128043
14.126209
14.124402
14.122623
14.120874
14.119154
14.117465
14.115806
14.114179
14.112582
14.111017
14.109483
14.107979
14.106505
14.105061
14.103646
14.102260
14.100901
14.099569
14.098264
14.096985
14.095731
14.094501
14.093294
14.092111
14.090949
14.089809
14.088690
14.087591
14.086511
14.085450
14.084408
14.083383
14.082375
14.081383
14.080408
14.079448
14.078504
14.077574
14.076658
14.075756
14.074868
14.073992
14.073130
14.072280
14.071441
14.070615
14.069800
14.068996
14.068203
14.067421
14.066650
14.065888
14.065137
14.064395
14.063664
14.062941
14.062228
14.061524
14.060829
14.060143
14.059465
14.058796
14.058135
14.057483
14.056838
14.056202
14.055573
14.054953
14.054340
14.053734
14.053136
14.052546
14.051962
14.051386
14.050817
14.050255
14.049700
14.049152
14.048611
14.048076
14.047548
14.047026
14.046511
14.046002
14.045500
14.045003
14.044513
14.044029
14.043551
14.043079
14.042613
14.042153
14.041698
14.041249
14.040806
14.040368
14.039936
14.039509
14.039088
14.038672
14.038261
14.037855
14.037454
14.037058
14.036668
14.036282
14.035901
14.035525
14.035153
14.034786
14.034424
14.034066
14.033713
14.033364
14.033020
14.032680
14.032344
14.032012
14.031684
14.031361
14.031041
14.030726
14.030414
14.030106
14.029802
14.029502
14.029205
14.028912
14.028622
14.028336
14.028054
14.027774
14.027499
14.027226
14.026957
14.026691
14.026428
14.026168
14.025912
14.025658
14.025407
14.025159
14.024914
14.024672
14.024433
14.024196
14.023963
14.023731
14.023503
14.023277
14.023053
14.022832
14.022614
14.022397
14.022184
14.021972
14.021763
14.021556
14.021351
14.021149
14.020948
14.020750
14.020554
14.020360
14.020168
14.019978
14.019790
14.019603
14.019419
14.019236
14.019056
14.018877
14.018700
14.018524
14.018350
14.018178
14.018008
14.017839
14.017672
14.017507
14.017342
14.017180
14.017019
14.016859
14.016701
14.016544
14.016389
14.016235
14.016083
14.015931
14.015781
14.015633
14.015485
14.015339
14.015194
14.015050
14.014908
14.014766
14.014626
14.014487
14.014349
14.014212
14.014076
14.013941
14.013807
14.013674
14.013543
14.013412
14.013282
14.013153
14.013025
14.012898
14.012772
14.012646
14.012522
14.012398
14.012276
14.012154
14.012033
14.011912
14.011793
14.011674
14.011556
14.011439
14.011322
14.011207
14.011092
14.010977
14.010863
14.010750
14.010638
14.010526
14.010415
14.010305
14.010195
14.010085
14.009977
14.009869
14.009761
14.009654
14.009548
14.009442
14.009336
14.009232
14.009127
14.009023
14.008920
14.008817
14.008715
14.008613
14.008511
14.008410
14.008310
14.008209
14.008110
14.008010
14.007911
14.007813
14.007715
14.007617
14.007519
14.007422
14.007325
14.007229
14.007133
14.007037
14.006942
14.006847
14.006752
14.006657
14.006563
14.006469
14.006376
14.006282
14.006189
14.006096
14.006004
14.005911
14.005819
14.005727
14.005636
14.005544
14.005453
14.005362
14.005271
14.005181
14.005090
14.005000
14.004910
14.004820
14.004730
14.004640
14.004551
14.004462
14.004372
14.004283
14.004194
14.004105
14.004017
14.003928
14.003840
14.003751
14.003663
14.003575
14.003487
14.003398
14.003310
14.003223
14.003135
14.003047
14.002959
14.002871
14.002784
14.002696
14.002608
14.002521
14.002433
14.002345
14.002258
14.002170
14.002083
14.001995
14.001907
14.001820
14.001732
14.001644
14.001556
14.001469
14.001381
14.001293
14.001205
14.001117
14.001029
14.000941
14.000852
14.000764
14.000676
14.000587
14.000499
14.000410
14.000321
14.000232
14.000143
14.000054
13.999965
13.999875
13.999786
13.999696
13.999606
13.999516
13.999426
13.999335
13.999245
13.999154
13.999063
13.998972
13.998881
13.998789
13.998698
13.998606
13.998514
13.998421
13.998329
13.998236
13.998143
13.998050
13.997956
13.997863
13.997769
13.997675
13.997580
13.997485
13.997390
13.997295
13.997199
13.997103
13.997007
13.996911
13.996814
13.996717
13.996619
13.996522
13.996424
13.996325
13.996226
13.996127
13.996028
13.995928
13.995828
13.995727
13.995627
13.995525
13.995424
13.995322
13.995219
13.995116
13.995013
13.994910
13.994805
13.994701
13.994596
13.994491
13.994385
13.994279
13.994172
13.994065
13.993958
13.993850
13.993741
13.993632
13.993523
13.993413
13.993302
13.993191
13.993080
13.992968
13.992856
13.992743
13.992629
13.992515
13.992401
13.992286
13.992170
13.992054
13.991938
13.991820
13.991703
13.991584
13.991465
13.991346
13.991226
13.991105
13.990984
13.990862
13.990740
13.990617
13.990493
13.990369
13.990244
13.990119
13.989993
13.989866
13.989739
13.989611
13.989483
13.989354
13.989224
13.989094
13.988962
13.988831
13.988699
13.988566
13.988432
13.988298
13.988163
13.988027
13.987891
13.987754
13.987617
13.987479
13.987340
13.987200
13.987060
13.986920
13.986778
13.986636
13.986493
13.986350
13.986206
13.986061
13.985916
13.985770
13.985624
13.985476
13.985329
13.985180
13.985031
13.984881
13.984731
13.984580
13.984428
13.984276
13.984123
13.983970
13.983816
13.983662
13.983507
13.983351
13.983195
13.983038
13.982881
13.982723
13.982564
13.982406
13.982246
13.982086
13.981926
13.981765
13.981604
13.981442
13.981280
13.981117
13.980954
13.980791
13.980627
13.980463
13.980298
13.980133
13.979968
13.979802
13.979636
13.979470
13.979304
13.979137
13.978970
13.978803
13.978635
13.978468
13.978300
13.978132
13.977964
13.977795
13.977627
13.977459
13.977290
13.977121
13.976953
13.976784
13.976615
13.976447
13.976278
13.976110
13.975941
13.975773
13.975604
13.975436
13.975268
13.975100
13.974933
13.974765
13.974598
13.974431
13.974264
13.974098
13.973931
13.973766
13.973600
13.973435
13.973270
13.973106
13.972942
13.972778
13.972615
13.972452
13.972290
13.972128
13.971967
13.971806
13.971646
13.971486
13.971327
13.971169
13.971011
13.970854
13.970697
13.970541
13.970386
13.970231
13.970077
13.969923
13.969771
13.969619
13.969468
13.969317
13.969167
13.969018
13.968870
13.968723
13.968576
13.968430
13.968285
13.968141
13.967997
13.967854
13.967712
13.967571
13.967431
13.967292
13.967153
13.967015
13.966878
13.966742
13.966607
13.966473
13.966339
13.966207
13.966075
13.965944
13.965814
13.965685
13.965557
13.965429
13.965303
13.965177
13.965052
13.964928
13.964805
13.964683
13.964561
13.964441
13.964321
13.964202
13.964084
13.963967
13.963851
13.963735
13.963620
13.963507
13.963394
13.963281
13.963170
13.963059
13.962950
13.962841
13.962732
13.962625
13.962518
13.962413
13.962308
13.962203
13.962100
13.961997
13.961895
13.961794
13.961693
13.961593
13.961494
13.961396
13.961298
13.961201
13.961105
13.961009
13.960914
13.960820
13.960726
13.960633
13.960541
13.960450
13.960359
13.960268
13.960178
13.960089
13.960001
13.959913
13.959826
13.959739
13.959653
13.959567
13.959482
13.959398
13.959314
13.959231
13.959148
13.959065
13.958984
13.958902
13.958822
13.958742
13.958662
13.958583
13.958504
13.958426
13.958348
13.958270
13.958193
13.958117
13.958041
13.957965
13.957890
13.957816
13.957741
13.957667
13.957594
13.957521
13.957448
13.957376
13.957304
13.957232
13.957161
13.957090
13.957019
13.956949
13.956879
13.956810
13.956740
13.956671
13.956603
13.956534
13.956466
13.956399
13.956331
13.956264
13.956197
13.956131
13.956064
13.955998
13.955932
13.955867
13.955801
13.955736
13.955671
13.955607
13.955542
13.955478
13.955414
13.955350
13.955286
13.955223
13.955160
13.955097
13.955034
13.954971
13.954908
13.954846
13.954783
13.954721
13.954659
13.954597
13.954536
13.954474
13.954412
13.954351
13.954290
13.954228
13.954167
13.954106
13.954045
13.953984
13.953924
13.953863
13.953802
13.953742
13.953681
13.953621
13.953560
13.953500
13.953439
13.953379
13.953319
13.953258
13.953198
13.953138
13.953077
13.953017
13.952957
13.952897
13.952836
13.952776
13.952715
13.952655
13.952594
13.952534
13.952473
13.952413
13.952352
13.952291
13.952230
13.952170
13.952109
13.952047
13.951986
13.951925
13.951864
13.951802
13.951740
13.951679
13.951617
13.951555
13.951493
13.951430
13.951368
13.951305
13.951242
13.951179
13.951116
13.951053
13.950989
13.950926
13.950862
13.950798
13.950733
13.950669
13.950604
13.950539
13.950474
13.950408
13.950342
13.950276
13.950210
13.950143
13.950076
13.950009
13.949942
13.949874
13.949806
13.949737
13.949668
13.949599
13.949530
13.949460
13.949390
13.949319
13.949248
13.949177
13.949105
13.949033
13.948960
13.948887
13.948814
13.948740
13.948666
13.948591
13.948516
13.948440
13.948364
13.948287
13.948210
13.948132
13.948053
13.947975
13.947895
13.947815
13.947735
13.947653
13.947572
13.947489
13.947406
13.947322
13.947238
13.947153
13.947067
13.946981
13.946894
13.946806
13.946718
13.946628
13.946538
13.946447
13.946356
13.946263
13.946170
13.946076
13.945981
13.945885
13.945788
13.945691
13.945592
13.945493
13.945392
13.945291
13.945188
13.945085
13.944980
13.944875
13.944768
13.944660
13.944551
13.944441
13.944330
13.944218
13.944104
13.943989
13.943873
13.943756
13.943637
13.943517
13.943396
13.943273
13.943149
13.943023
13.942896
13.942767
13.942637
13.942505
13.942372
13.942237
13.942100
13.941962
13.941822
13.941680
13.941536
13.941391
13.941243
13.941094
13.940943
13.940790
13.940634
13.940477
13.940318
13.940156
13.939992
13.939826
13.939658
13.939487
13.939314
13.939138
13.938960
13.938780
13.938596
13.938411
13.938222
13.938030
13.937836
13.937639
13.937439
13.937236
13.937029
13.936820
13.936607
13.936391
13.936172
13.935949
13.935723
13.935493
13.935259
13.935021
13.934780
13.934535
13.934285
13.934032
13.933774
13.933512
13.933245
13.932974
13.932699
13.932418
13.932133
13.931842
13.931547
13.931246
13.930940
13.930628
13.930311
13.929988
13.929659
13.929324
13.928983
13.928636
13.928282
13.927921
13.927553
13.927179
13.926797
13.926408
13.926011
13.925606
13.925194
13.924773
13.924343
13.923906
13.923459
13.923003
13.922538
13.922063
13.921578
13.921083
13.920577
13.920061
13.919534
13.918995
13.918445
13.917883
13.917308
13.916721
13.916120
13.915506
13.914878
13.914236
13.913579
13.912907
13.912219
13.911515
13.910795
13.910057
13.909302
13.908528
13.907736
13.906924
13.906092
13.905240
13.904366
13.903470
13.902551
13.901608
13.900642
13.899650
13.898632
13.897587
13.896514
13.895412
13.894281
13.893118
13.891924
13.890696
13.889434
13.888136
13.886802
13.885429
13.884016
13.882562
13.881066
13.879525
13.877938
13.876303
13.874619
13.872882
13.871093
13.869247
13.867344
13.865381
13.863355
13.861264
13.859105
13.856876
13.854573
13.852194
13.849736
13.847196
13.844570
13.841854
13.839045
13.836139
13.833133
13.830022
13.826801
13.823468
13.820016
13.816441
13.812739
13.808905
13.804933
13.800818
13.796555
13.792138
13.787563
13.782822
13.777911
13.772823
13.767554
13.762097
13.756447
13.750599
13.744547
13.738286
13.731811
13.725117
13.718202
13.711060
13.703688
13.696085
13.688248
13.680175
13.671866
13.663322
13.654543
13.645531
13.636289
13.626822
13.617133
13.607228
13.597115
13.586801
13.576294
13.565605
13.554742
13.543718
13.532543
13.521231
13.509794
13.498244
13.486596
13.474863
13.463058
13.451194
13.439286
13.427346
13.415387
13.403421
13.391459
13.379514
13.367595
13.355712
13.343875
13.332093
13.320373
13.308725
13.297154
13.285668
13.274273
13.262977
13.251786
13.240705
13.229740
13.218899
13.208186
13.197608
13.187170
13.176878
13.166737
13.156751
13.146925
13.137263
13.127768
13.118442
13.109287
13.100304
13.091493
13.082853
13.074382
13.066077
13.057935
13.049952
13.042122
13.034440
13.026899
13.019492
13.012211
13.005049
12.997997
12.991046
12.984187
12.977412
12.970710
12.964073
12.957492
12.950957
12.944460
12.937990
12.931540
12.925101
12.918663
12.912218
12.905759
12.899278
12.892765
12.886215
12.879618
12.872969
12.866259
12.859483
12.852632
12.845701
12.838683
12.831571
12.824357
12.817036
12.809600
12.802039
12.794347
12.786512
12.778524
12.770369
12.762032
12.753498
12.744747
12.735760
12.726515
12.716993
12.707180
12.697066
12.686655
12.675967
12.665043
12.653949
12.642774
12.631626
12.620618
12.609853
12.599399
12.589264
12.579382
12.569611
12.559738
12.549517
12.538695
12.527054
12.514423
12.500693
12.485814
12.469784
12.452636
12.434428
12.415229
12.395110
12.374144
12.352398
12.329931
12.306799
12.283053
12.258741
12.233912
12.208617
12.182912
12.156858
12.130528
12.104000
12.077365
12.050721
12.024170
11.997818
11.971764
11.946094
11.920873
11.896132
11.871863
11.848013
11.824492
11.801182
11.777964
11.754745
11.731486
11.708224
11.685072
11.662214
11.639864
11.618220
11.597413
11.577495
11.558445
11.540204
11.522693
11.505827
11.489520
11.473684
11.458236
11.443102
11.428237
11.413630
11.399316
11.385362
11.371842
11.358791
11.346178
11.333896
11.321804
11.309778
11.297748
11.285715
11.273725
11.261840
11.250094
11.238477
11.226948
11.215532
11.204478
11.194374
11.185991
11.179883
11.176130
11.174415
11.174262
11.175226
11.176946
11.179128
11.181470
11.183591
11.185023
11.186132
11.195042
11.207764
11.204796
11.164533
11.127780
11.116613
11.116104
11.125373
11.158591
11.239510
11.167910
11.301722
11.289544
11.305476
11.304095
11.310051
11.241232
11.310285
11.172788
11.527676
11.176109
11.581297
11.539306
11.570433
11.699145
11.441152
11.421739
11.449408
11.401239
11.445631
11.350784
11.369624
11.341828
11.352094
11.324713
11.327932
11.304165
11.300357
11.285726
11.283569
11.281441
11.268437
11.282898
11.261920
11.289396
11.258282
11.301565
11.257535
11.319802
11.260002
11.341993
11.264905
11.361880
11.269732
11.377433
11.273942
11.391264
11.278074
11.403629
11.281982
11.413866
11.284538
11.421306
11.284017
11.425144
11.279360
11.424689
11.271169
11.420232
11.260645
11.412536
11.249587
11.400714
11.263206
11.392249
11.340516
11.383237
11.365970
11.391237
11.385204
11.331016
11.345005
11.240212
11.354804
11.394945
11.232332
11.284390
11.292647
11.423824
11.288742
11.647984
11.305826
11.270963
11.344767
11.211761
11.404294
11.376663
11.274044
10.801046
10.728533
10.715515
10.706972
10.703058
10.704711
10.728186
10.563792
10.741662
10.684399
10.830915
10.848142
10.683311
10.754069
10.863809
10.752942
10.556991
10.708903
10.555096
10.699661
10.540746
10.719783
10.735603
10.852116
10.858526
10.860690
10.917636
10.898520
10.913709
10.786329
10.542882
10.901747
10.784142
10.602302
10.270153
10.261394
10.249951
10.258238
10.270738
10.256743
10.313090
10.887702
10.947284
11.497848
10.950812
11.000041
10.348202
10.347351
10.396881
10.353041
10.343969
10.550030
10.330344
10.526672
10.225743
10.282494
10.685172
9.837913
10.650554
10.125582
10.416146
10.267958
8.996073
10.070395
10.237600
9.067466
8.839240
9.805843
7.133825
8.158192
7.997874
8.178232
9.121892
6.588327
7.466470
6.912416
7.415706
7.969787
6.340183
7.260180
6.997484
10.447273
5.002029
7.591598
5.325272
7.145086
6.759393
6.525745
5.799083
7.650671
7.670862
5.870502
6.869214
7.071007
6.945223
5.639377
6.094877
5.601346
6.193520
6.496175
6.328571
6.986394
7.151850
6.803334
6.176626
6.738979
5.583586
7.045284
5.795018
6.734465
5.912592
6.429371
5.901080
5.415626
6.411121
9.882328
6.363596
5.821149
7.362214
5.060386
4.374657
5.957902
8.012108
5.535244
6.785348
4.713194
4.975688
6.083867
5.697759
5.947123
4.746755
6.336748
7.480553
5.558410
5.560954
5.926577
4.853755
5.692057
5.266214
6.965308
6.365952
4.379629
5.520352
5.854697
5.334491
5.269695
4.839544
4.525900
4.252434
7.594077
9.570104
11.093996
7.081857
5.191622
5.596220
5.001286
6.176400
5.970188
4.957301
5.804031
5.313257
6.387695
5.684098
5.956398
6.732446
4.378111
5.179834
5.689075
5.271243
5.652587
5.027583
6.102133
4.081115
5.638311
5.386440
6.681557
4.686024
6.248369
5.026301
6.675616
6.624364
5.418427
5.504339
5.086784
5.112670
5.089042
5.389952
5.044328
9.172739
5.529119
5.093203
4.545604
4.542092
4.599265
4.710566
4.600172
5.326117
4.946154
6.468933
5.336768
4.945693
9.191946
7.077335
5.291509
4.904879
4.234619
4.227140
4.219439
4.218244
4.214955
4.211087
4.205716
4.198740
4.190240
4.180699
4.171556
4.164436
4.159676
4.156189
4.153273
4.151197
4.150508
4.150587
4.149872
4.149486
4.148676
4.148119
4.147241
4.146619
4.145724
4.145096
4.144217
4.143612
4.142766
4.142195
4.141391
4.140856
4.140097
4.139595
4.138881
4.138407
4.137737
4.137286
4.136657
4.136225
4.135634
4.135217
4.134661
4.134255
4.133732
4.133335
4.132841
4.132451
4.131983
4.131600
4.131154
4.130776
4.130351
4.129978
4.129571
4.129201
4.128810
4.128443
4.128067
4.127703
4.127340
4.126976
4.126626
4.126262
4.125925
4.125559
4.125238
4.124864
4.124564
4.124178
4.123912
4.123504
4.123301
4.122864
4.122791
4.122352
4.122561
4.122370
4.122966
4.124429
4.124644
4.138760
4.119475
4.120752
4.122831
4.123859
4.143836
4.120230
4.120262
4.126588
4.126161
4.169823
4.129843
4.112537
4.117030
4.122907
4.162174
4.128287
4.110898
4.119753
3.797073
5.350076
4.231720
6.118958
4.132983
4.015612
10.825878
5.358209
7.369102
10.069257
8.560220
6.298495
6.906200
4.931917
8.773322
5.695575
5.752698
5.267938
6.318684
5.646365
5.786356
6.093226
5.631174
5.234553
6.364142
5.913747
4.667693
6.422983
5.909438
4.025503
4.015899
6.026958
5.573419
6.513012
4.306770
4.970113
5.489823
4.285912
4.213364
4.197634
4.182692
4.172736
4.163991
4.157530
4.152341
4.148030
4.144395
4.141310
4.138690
4.136409
4.134375
4.132593
4.131038
4.129608
4.128293
4.127154
4.126109
4.125079
4.124180
4.123400
4.122562
4.121788
4.121203
4.120519
4.119779
4.119339
4.118822
4.118027
4.117681
4.117403
4.116442
4.116137
4.116252
4.114941
4.114666
4.115428
4.113390
4.113350
4.115133
4.111539
4.112681
4.116087
4.109248
4.114677
4.118811
4.107017
4.119413
4.117397
4.105086
4.116541
4.116494
4.103112
4.115316
4.114232
4.101380
4.112564
4.111397
4.099830
4.109650
4.107464
4.098945
4.106274
4.102791
4.099370
4.102879
4.099158
4.100209
4.099498
4.098622
4.098424
4.097819
4.097469
4.096856
4.096498
4.095900
4.095508
4.094891
4.094392
4.093660
4.092878
4.091786
4.090426
4.088683
4.086672
4.084585
4.082694
4.081120
4.079702
4.078064
4.075914
4.073437
4.071273
4.069821
4.068696
4.067063
4.064183
4.059497
4.052529
4.042939
4.030656
4.015859
3.998886
3.980163
3.960156
3.939277
3.917753
3.895556
3.872486
3.848327
3.822936
3.796252
3.768296
3.739188
3.709174
3.678629
3.648032
3.617894
3.588678
3.560759
3.534434
3.509931
3.487421
3.467058
3.448971
3.433595
3.419952
3.420035
3.372289
3.513651
3.297046
5.311000
6.892372
4.020743
3.272044
4.834925
3.319424
3.417348
2.987611
2.954735
2.917811
2.893028
2.868661
2.841713
2.812873
2.782896
2.756106
2.739152
2.728300
2.720553
2.723162
2.753699
2.799642
2.913266
5.684356
8.031949
9.792314
6.281146
3.638803
3.207872
3.208651
3.677618
3.062679
2.853908
4.441212
2.803514
2.771182
2.855162
3.864592
5.750336
6.365364
3.455616
7.920244
6.440486
4.843617
6.398389
4.589119
5.098638
4.573517
5.053906
6.203706
7.476052
3.362021
3.871184
3.125648
2.893238
2.822898
2.792593
2.779328
2.774514
2.772659
2.770701
2.767431
2.762819
2.757249
2.751104
2.744664
2.738049
2.731236
2.724204
2.717026
2.709780
2.702440
2.694933
2.687218
2.679247
2.670878
2.661748
2.650929
2.635311
2.598239
2.500849
2.672448
2.800610
2.718190
2.564507
2.402294
2.493872
2.689301
2.793923
2.526696
2.721098
2.865779
5.407697
5.354743
2.469059
2.480800
3.038403
2.621080
2.642117
2.632852
2.427216
3.538282
6.140596
3.698079
3.749160
6.060144
5.163643
3.471370
2.965111
4.014500
2.984548
5.849212
3.738617
4.390441
3.797487
5.279257
2.590240
2.274630
2.302078
2.261478
2.179340
2.157526
2.275659
2.296017
2.303143
2.491534
2.322611
2.381853
2.306432
2.292791
2.267276
3.743476
4.198580
5.810630
2.245167
3.441694
2.645590
2.552597
5.104959
3.371131
4.267620
3.695737
2.947061
3.375008
2.861729
2.281340
2.680748
5.251819
3.069589
2.743929
2.477779
2.181724
2.517683
2.163607
5.161252
3.012655
2.838834
2.607608
3.671210
8.011259
3.508691
2.339868
2.222117
2.195464
2.151285
2.045172
2.182417
5.207818
4.459385
9.081740
6.491434
6.366029
3.437409
2.634460
2.491460
2.523745
2.443681
2.370550
2.286600
2.185261
2.114267
2.180983
4.417993
1.887697
2.418529
2.179440
2.182195
3.815178
2.197745
2.086829
2.107396
5.523286
10.120443
2.699285
6.752202
2.385133
2.279873
2.285638
2.523550
3.241885
2.762580
1.709399
3.556471
3.990969
1.907158
5.088706
3.590362
3.603153
2.415827
3.673608
3.514768
5.966631
4.514636
3.897772
2.730583
3.261794
2.498557
4.707441
4.481644
3.246773
2.069164
2.499631
2.302705
2.383206
2.204223
3.542449
2.981540
1.798569
2.186276
2.749877
3.296399
2.312117
2.884324
4.117140
4.706834
6.142852
3.057957
4.518211
1.942715
2.420756
2.196707
2.031624
1.954335
1.955698
2.086881
1.981575
1.902290
4.139477
4.935584
4.052113
1.918536
3.847544
3.815462
5.065565
2.962115
1.767427
1.636712
1.735381
4.858234
7.603641
2.620451
3.466831
3.350182
2.995984
3.317446
1.976890
1.976724
2.066495
1.689687
1.659372
1.710312
1.609701
1.602273
2.938064
5.914291
3.477495
3.262985
4.619729
3.107575
3.185222
3.004784
1.757071
2.092195
3.371203
2.034751
2.046571
5.414656
3.575416
3.544265
3.799003
2.154891
1.684008
1.737628
1.643253
2.058972
1.636577
2.574665
3.894305
2.912180
3.683991
8.287882
9.527227
6.022707
4.681905
2.031666
1.883019
2.103187
1.684611
2.101222
1.690174
2.078015
2.193619
1.714587
2.188734
2.044004
1.887955
2.022583
2.609468
2.960649
1.772695
1.745366
1.876190
1.828706
3.365303
4.285601
1.876616
1.680671
2.129903
2.159447
3.462217
2.877015
4.857322
2.426693
4.334105
2.168993
1.873557
1.844422
1.955113
2.387672
1.801890
1.789797
1.810929
4.293262
2.940677
2.611524
10.115207
9.057192
6.480191
3.134356
2.600924
1.911705
4.196771
2.342347
1.885151
1.625082
1.953870
2.646825
2.973517
1.927571
1.537593
1.564808
1.490771
1.479429
1.474332
1.470640
1.467577
1.464937
1.462616
1.460547
1.458686
1.457001
1.455465
1.454058
1.452763
1.451568
1.450459
1.449429
1.448467
1.447569
1.446726
1.445934
1.445188
1.444485
1.443819
1.443189
1.442591
1.442023
1.441483
1.440967
1.440475
1.440006
1.439556
1.439125
1.438712
1.438316
1.437935
1.437568
1.437216
1.436876
1.436548
1.436231
1.435925
1.435630
1.435343
1.435066
1.434798
1.434538
1.434285
1.434040
1.433802
1.433571
1.433346
1.433127
1.432913
1.432706
1.432503
1.432306
1.432114
1.431926
1.431743
1.431564
1.431389
1.431218
1.431051
1.430887
1.430727
1.430570
1.430417
1.430267
1.430119
1.429975
1.429834
1.429695
1.429559
1.429425
1.429294
1.429165
1.429038
1.428914
1.428792
1.428672
1.428554
1.428438
1.428324
1.428211
1.428101
1.427992
1.427885
1.427779
1.427676
1.427573
1.427472
1.427373
1.427275
1.427179
1.427083
1.426990
1.426897
1.426806
1.426715
1.426626
1.426539
1.426452
1.426366
1.426282
1.426198
1.426116
1.426035
1.425954
1.425875
1.425796
1.425718
1.425642
1.425566
1.425491
1.425417
1.425343
1.425271
1.425199
1.425128
1.425058
1.424988
1.424920
1.424852
1.424785
1.424718
1.424652
1.424587
1.424523
1.424459
1.424395
1.424333
1.424271
1.424209
1.424149
1.424088
1.424029
1.423970
1.423911
1.423853
1.423795
1.423738
1.423682
1.423626
1.423570
1.423515
1.423461
1.423407
1.423353
1.423300
1.423247
1.423195
1.423143
1.423091
1.423040
1.422989
1.422939
1.422889
1.422839
1.422790
1.422741
1.422693
1.422645
1.422597
1.422549
1.422502
1.422455
1.422409
1.422363
1.422317
1.422271
1.422226
1.422181
1.422137
1.422092
1.422048
1.422004
1.421961
1.421918
1.421875
1.421832
1.421789
1.421747
1.421705
1.421663
1.421622
1.421581
1.421540
1.421499
1.421458
1.421418
1.421378
1.421338
1.421298
1.421258
1.421219
1.421180
1.421141
1.421102
1.421064
1.421025
1.420987
1.420949
1.420911
1.420874
1.420836
1.420799
1.420761
1.420724
1.420688
1.420651
1.420614
1.420578
1.420542
1.420505
1.420469
1.420433
1.420398
1.420362
1.420327
1.420291
1.420256
1.420221
1.420186
1.420151
1.420116
1.420081
1.420047
1.420012
1.419978
1.419943
1.419909
1.419875
1.419841
1.419807
1.419773
1.419739
1.419706
1.419672
1.419638
1.419605
1.419572
1.419538
1.419505
1.419472
1.419438
1.419405
1.419372
1.419339
1.419306
1.419273
1.419240
1.419208
1.419175
1.419142
1.419109
1.419077
1.419044
1.419011
1.418979
1.418946
1.418914
1.418881
1.418849
1.418816
1.418784
1.418752
1.418719
1.418687
1.418655
1.418622
1.418590
1.418558
1.418525
1.418493
1.418461
1.418429
1.418396
1.418364
1.418332
1.418300
1.418267
1.418235
1.418203
1.418171
1.418138
1.418106
1.418074
1.418042
1.418009
1.417977
1.417945
1.417912
1.417880
1.417848
1.417815
1.417783
1.417751
1.417718
1.417686
1.417653
1.417621
1.417588
1.417556
1.417524
1.417491
1.417458
1.417426
1.417393
1.417361
1.417328
1.417295
1.417263
1.417230
1.417197
1.417165
1.417132
1.417099
1.417066
1.417033
1.417000
1.416968
1.416935
1.416902
1.416869
1.416836
1.416802
1.416769
1.416736
1.416703
1.416670
1.416637
1.416603
1.416570
1.416537
1.416503
1.416470
1.416436
1.416403
1.416369
1.416336
1.416302
1.416269
1.416235
1.416201
1.416167
1.416134
1.416100
1.416066
1.416032
1.415998
1.415964
1.415930
1.415896
1.415862
1.415827
1.415793
1.415759
1.415725
1.415690
1.415656
1.415621
1.415587
1.415552
1.415518
1.415483
1.415448
1.415414
1.415379
1.415344
1.415309
1.415274
1.415239
1.415204
1.415169
1.415134
1.415099
1.415064
1.415028
1.414993
1.414957
1.414922
1.414887
1.414851
1.414815
1.414780
1.414744
1.414708
1.414672
1.414636
1.414600
1.414564
1.414528
1.414492
1.414456
1.414420
1.414383
1.414347
1.414311
1.414274
1.414238
1.414201
1.414164
1.414128
1.414091
1.414054
1.414017
1.413980
1.413943
1.413906
1.413869
1.413831
1.413794
1.413757
1.413719
1.413682
1.413644
1.413606
1.413569
1.413531
1.413493
1.413455
1.413417
1.413379
1.413341
1.413303
1.413264
1.413226
1.413187
1.413149
1.413110
1.413072
1.413033
1.412994
1.412955
1.412916
1.412877
1.412838
1.412799
1.412760
1.412720
1.412681
1.412641
1.412602
1.412562
1.412522
1.412483
1.412443
1.412403
1.412363
1.412322
1.412282
1.412242
1.412201
1.412161
1.412120
1.412080
1.412039
1.411998
1.411957
1.411916
1.411875
1.411834
1.411793
1.411751
1.411710
1.411668
1.411627
1.411585
1.411543
1.411501
1.411459
1.411417
1.411375
1.411332
1.411290
1.411248
1.411205
1.411162
1.411120
1.411077
1.411034
1.410991
1.410947
1.410904
1.410861
1.410817
1.410774
1.410730
1.410686
1.410642
1.410598
1.410554
1.410510
1.410466
1.410421
1.410377
1.410332
1.410288
1.410243
1.410198
1.410153
1.410107
1.410062
1.410017
1.409971
1.409926
1.409880
1.409834
1.409788
1.409742
1.409696
1.409650
1.409603
1.409557
1.409510
1.409463
1.409416
1.409369
1.409322
1.409275
1.409228
1.409180
1.409133
1.409085
1.409037
1.408989
1.408941
1.408893
1.408845
1.408796
1.408748
1.408699
1.408650
1.408601
1.408552
1.408503
1.408453
1.408404
1.408354
1.408305
1.408255
1.408205
1.408155
1.408104
1.408054
1.408004
1.407953
1.407902
1.407851
1.407800
1.407749
1.407698
1.407646
1.407595
1.407543
1.407491
1.407439
1.407387
1.407335
1.407282
1.407230
1.407177
1.407124
1.407072
1.407018
1.406965
1.406912
1.406858
1.406805
1.406751
1.406697
1.406643
1.406589
1.406534
1.406480
1.406425
1.406371
1.406316
1.406261
1.406206
1.406150
1.406095
1.406039
1.405983
1.405927
1.405871
1.405815
1.405759
1.405702
1.405646
1.405589
1.405532
1.405475
1.405418
1.405361
1.405303
1.405246
1.405188
1.405130
1.405072
1.405014
1.404956
1.404897
1.404839
1.404780
1.404721
1.404662
1.404603
1.404544
1.404484
1.404425
1.404365
1.404305
1.404245
1.404185
1.404125
1.404065
1.404004
1.403944
1.403883
1.403822
1.403761
1.403700
1.403639
1.403577
1.403516
1.403454
1.403392
1.403330
1.403268
1.403206
1.403144
1.403081
1.403019
1.402956
1.402893
1.402831
1.402767
1.402704
1.402641
1.402578
1.402514
1.402451
1.402387
1.402323
1.402259
1.402195
1.402131
1.402066
1.402002
1.401937
1.401873
1.401808
1.401743
1.401678
1.401613
1.401548
1.401483
1.401418
1.401352
1.401286
1.401221
1.401155
1.401089
1.401023
1.400957
1.400891
1.400825
1.400759
1.400692
1.400626
1.400559
1.400492
1.400425
1.400359
1.400292
1.400225
1.400157
1.400090
1.400023
1.399956
1.399888
1.399821
1.399753
1.399685
1.399617
1.399549
1.399482
1.399413
1.399345
1.399277
1.399209
1.399140
1.399072
1.399003
1.398935
1.398866
1.398797
1.398729
1.398660
1.398591
1.398521
1.398452
1.398383
1.398314
1.398244
1.398175
1.398105
1.398035
1.397965
1.397896
1.397826
1.397756
1.397685
1.397615
1.397545
1.397474
1.397404
1.397333
1.397262
1.397191
1.397120
1.397049
1.396978
1.396907
1.396835
1.396764
1.396692
1.396620
1.396548
1.396476
1.396404
1.396332
1.396259
1.396187
1.396114
1.396041
1.395968
1.395895
1.395821
1.395748
1.395674
1.395600
1.395526
1.395452
1.395377
1.395303
1.395228
1.395153
1.395078
1.395002
1.394927
1.394851
1.394775
1.394699
1.394622
1.394545
1.394468
1.394391
1.394314
1.394236
1.394158
1.394080
1.394002
1.393923
1.393844
1.393765
1.393686
1.393606
1.393526
1.393446
1.393365
1.393284
1.393203
1.393122
1.393040
1.392958
1.392876
1.392793
1.392710
1.392627
1.392544
1.392460
1.392376
1.392292
1.392207
1.392122
1.392037
1.391951
1.391865
1.391779
1.391692
1.391605
1.391518
1.391431
1.391343
1.391255
1.391167
1.391078
1.390989
1.390899
1.390810
1.390720
1.390629
1.390539
1.390448
1.390357
1.390265
1.390173
1.390081
1.389989
1.389896
1.389803
1.389709
1.389616
1.389522
1.389427
1.389333
1.389238
1.389142
1.389047
1.388951
1.388855
1.388759
1.388662
1.388565
1.388467
1.388370
1.388272
1.388174
1.388075
1.387976
1.387877
1.387778
1.387678
1.387578
1.387478
1.387377
1.387276
1.387175
1.387074
1.386972
1.386870
1.386768
1.386665
1.386562
1.386459
1.386356
1.386252
1.386148
1.386044
1.385939
1.385834
1.385729
1.385624
1.385518
1.385412
1.385306
1.385199
1.385092
1.384985
1.384877
1.384770
1.384662
1.384553
1.384445
1.384336
1.384227
1.384117
1.384007
1.383897
1.383787
1.383676
1.383565
1.383454
1.383343
1.383231
1.383119
1.383007
1.382894
1.382781
1.382668
1.382554
1.382440
1.382326
1.382212
1.382097
1.381982
1.381867
1.381751
1.381635
1.381519
1.381403
1.381286
1.381169
1.381051
1.380933
1.380815
1.380697
1.380578
1.380460
1.380340
1.380221
1.380101
1.379981
1.379859
1.379740
1.379616
1.379501
1.379367
1.379267
1.379104
1.379060
1.378799
1.378966
1.378419
1.379256
1.378465
1.377004
1.376903
1.378847
1.378989
1.377004
1.377808
1.378798
1.378957
1.379614
1.378588
1.377014
1.375015
1.373773
1.373258
1.376502
1.377615
1.375547
1.378014
1.379498
1.381171
1.381286
1.376492
1.372611
1.374381
1.373123
1.367549
1.373998
1.376381
1.376663
1.379626
1.382212
1.382947
1.380189
1.375569
1.365994
1.359615
1.371165
1.374411
1.376265
1.379295
1.381399
1.373048
1.369669
1.365207
1.369842
1.368406
1.367753
1.370799
1.376517
1.381896
1.381708
1.382757
1.381184
1.376727
1.361551
1.789494
1.377315
1.369261
1.367794
1.368728
1.362125
1.368511
1.369852
1.369250
1.372346
1.375437
1.377127
1.377052
1.373532
1.367645
1.392143
10.032300
13.217387
10.851830
10.858264
10.867141
10.861229
10.866596
10.864448
10.848420
10.856781
10.860542
10.760991
9.956468
9.840916
11.025186
10.510553
9.595083
8.024047
5.803033
8.022849
6.100798
4.184811
5.439949
8.203904
5.069875
6.310100
5.597430
11.216783
8.074205
6.959981
5.107324
3.377325
4.213591
4.321423
4.021050
5.782162
7.056530
7.508766
6.392926
3.918128
3.752065
2.546270
5.575098
6.357207
5.181507
2.185164
2.229025
2.194852
2.568294
6.908576
8.407675
6.829005
3.929926
6.026637
6.566101
9.818573
2.343749
1.566391
1.485778
1.415830
1.397501
1.393365
1.393775
1.392549
1.392122
1.391729
1.391499
1.391339
1.391247
1.391195
1.391158
1.391112
1.391027
1.390879
1.390652
1.390342
1.389963
1.389539
1.389095
1.388648
1.388203
1.387755
1.387294
1.386794
1.386167
1.385235
1.384098
1.383244
1.382834
1.382700
1.382633
1.382522
1.382323
1.382042
1.381712
1.381372
1.381047
1.380743
1.380454
1.380167
1.379871
1.379565
1.379247
1.378923
1.378597
1.378270
1.377944
1.377618
1.377289
1.376958
1.376624
1.376287
1.375947
1.375606
1.375264
1.374921
1.374577
1.374232
1.373885
1.373537
1.373188
1.372839
1.372488
1.372137
1.371786
1.371434
1.371082
1.370729
1.370376
1.370024
1.369671
1.369319
1.368966
1.368614
1.368262
1.367912
1.367559
1.367211
1.366859
1.366514
1.366162
1.365821
1.365467
1.365133
1.364774
1.364452
1.364083
1.363782
1.363390
1.363127
1.362691
1.362500
1.361984
1.361912
1.361287
1.361302
1.360650
1.360513
1.360025
1.359952
1.359452
1.359325
1.358834
1.358705
1.358215
1.358065
1.357594
1.357446
1.356985
1.356823
1.356381
1.356218
1.355788
1.355612
1.355199
1.355019
1.354619
1.354427
1.354044
1.353847
1.353477
1.353267
1.352914
1.352699
1.352358
1.352129
1.351804
1.351572
1.351259
1.351008
1.350712
1.350460
1.350175
1.349900
1.349632
1.349362
1.349102
1.348798
1.348558
1.348273
1.348038
1.347691
1.347482
1.347195
1.346981
1.346562
1.346389
1.346141
1.345942
1.345365
1.345246
1.345167
1.344969
1.343983
1.344006
1.344271
1.343991
1.342590
1.342826
1.342965
1.342486
1.342249
1.342164
1.341060
1.341126
1.341464
1.341349
1.339212
1.339945
1.339562
1.339494
1.338955
1.339436
1.339334
1.336838
1.337762
1.337340
1.337613
1.337206
1.336320
1.336463
1.335720
1.335895
1.334831
1.335022
1.334736
1.335051
1.332545
1.333202
1.333421
1.332869
1.333609
1.334310
1.329076
1.331929
1.333058
1.328427
1.331208
1.332152
1.327460
1.330045
1.330853
1.326545
1.328415
1.328598
1.327624
1.328259
1.324973
1.325653
1.326556
1.326406
1.325468
1.326396
1.321677
1.323797
1.324522
1.323568
1.324502
1.320652
1.321314
1.322475
1.322518
1.321604
1.322991
1.316158
1.320439
1.324243
1.315018
1.317573
1.320442
1.317394
1.318150
1.318950
1.318525
1.314926
1.314981
1.311822
1.313307
1.317535
1.321088
1.309933
1.314247
1.320322
1.305640
1.307276
1.314591
1.319777
1.312235
1.311483
1.310224
1.302573
1.305933
1.309099
1.313867
1.318823
1.301532
1.302628
1.304326
1.307973
1.312552
1.304485
1.307769
1.310628
1.294175
1.301959
1.306253
1.310147
1.306614
1.294312
1.296698
1.299546
1.308361
1.306140
1.293490
1.302821
1.310600
1.295002
1.294804
1.297318
1.307896
1.299738
3.066413
10.561258
10.697320
4.172238
5.727576
7.400070
8.089333
5.350007
8.601446
7.947234
6.302317
2.459996
7.711888
6.848042
5.444654
5.064807
3.883369
8.557813
6.089274
5.271795
6.726709
3.588786
5.057314
4.210576
4.790109
4.322823
3.474660
7.019292
4.940486
3.822264
6.768088
3.845101
2.826514
5.051658
3.535204
3.090364
3.138530
2.998050
6.974727
4.292683
2.644511
1.895620
1.845713
1.927200
1.931579
2.044463
8.736252
4.091299
2.773282
3.170575
1.911367
1.963346
1.837685
1.992523
1.833789
1.960873
2.557313
6.641898
2.836556
5.702059
8.292112
4.985751
7.298021
5.094012
3.233876
4.700020
4.709108
5.075797
6.109450
3.104077
7.135207
9.304439
6.224594
4.320137
6.576733
7.358659
6.327488
3.945231
5.028660
6.211808
5.398733
2.621137
1.629852
3.452677
3.139719
4.926224
3.240820
1.409936
1.292386
1.449255
1.292194
1.476795
1.410514
1.282198
1.462260
1.287367
1.462605
1.284261
1.467076
1.301699
1.456194
1.277807
1.316724
1.396530
1.348958
1.359362
1.271106
1.347468
1.268330
1.331966
1.281601
1.294061
1.400509
1.266912
1.273546
1.272853
1.278257
1.293119
1.312595
1.316936
1.276139
1.382593
1.271875
1.253137
1.388899
1.286038
1.335637
1.244069
1.261266
1.237472
1.214266
1.248115
1.217155
1.234268
1.210639
1.235150
1.208824
1.229581
1.205365
1.227430
1.202940
1.224223
1.200092
1.222530
1.197536
1.221833
1.194977
1.223181
1.193238
1.225021
1.193304
1.223681
1.191004
1.226428
1.186690
1.224138
1.212254
1.191119
1.231497
1.236759
1.189134
1.231939
1.202250
1.200328
1.181927
1.243523
1.330483
5.209236
9.607646
4.299741
3.944199
3.990665
2.600244
1.883421
5.715518
4.341050
3.249329
7.994989
3.592697
2.500293
1.630308
4.123599
2.430739
3.879001
2.573436
2.501544
4.507032
2.038095
1.750331
2.584098
5.198678
2.227878
2.033606
2.070489
2.049116
2.384836
2.281141
1.552653
2.013382
9.152063
9.701376
3.135029
4.522856
1.982106
3.320785
3.990559
1.452354
1.589532
6.859463
5.219992
2.484532
1.346499
1.339412
1.250113
1.585582
1.384273
1.526282
1.331928
1.234480
1.557844
1.534090
1.448365
4.643562
3.539847
4.084402
3.749129
2.771940
3.740749
3.913550
4.856652
4.684251
3.665041
2.521509
1.667090
1.533554
1.376993
6.955303
3.974107
2.137233
1.649274
1.205247
1.360323
1.369323
3.279929
1.728878
4.182029
6.098073
3.403786
4.197330
4.527437
2.930197
3.287193
2.312056
3.652925
7.762601
3.355745
4.606472
2.127305
2.187971
2.652546
1.283620
1.743282
1.802677
1.065714
1.239994
1.256999
1.450984
1.265398
1.294373
1.480006
1.783285
2.386739
1.102415
0.985502
1.492596
2.437522
0.995810
1.418207
0.942345
1.394373
0.943184
1.284203
0.876876
0.964948
1.100662
0.826244
0.835898
0.814298
0.799697
0.784674
0.772512
0.768200
0.770005
0.748231
0.749585
0.783684
0.782645
0.754110
0.695256
0.626442
0.647497
3.915115
7.374710
4.135406
3.341672
1.132865
1.093508
1.050832
0.993588
0.934141
0.860363
0.826161
0.815288
0.817620
0.834197
0.857355
0.882151
0.930865
0.981009
0.864228
0.937401
0.911190
2.399441
3.443179
10.120118
6.404590
3.414808
9.205792
3.906610
0.905393
2.106054
3.052919
1.905221
0.999950
0.907059
0.845326
0.844660
0.852067
0.882878
0.965940
1.117942
0.956171
2.283366
1.034416
1.035015
1.118837
0.967978
0.956254
1.263832
1.102030
1.041010
0.811943
2.260827
6.346291
1.835941
3.075355
3.241515
3.494951
1.531720
1.285409
4.086996
3.280426
1.869737
1.475195
1.398094
7.233649
1.325639
1.931465
6.112654
5.817998
1.651984
2.545914
0.427383
0.359407
0.298020
0.281760
0.295024
0.332654
0.344965
0.353243
0.375869
0.463769
1.129759
5.046141
5.679932
0.676071
0.851019
0.768961
0.723874
0.824228
0.652879
0.669040
0.445437
0.364723
0.443175
0.475433
0.364706
0.570394
0.706536
1.429000
0.818815
0.460777
0.490834
0.503358
0.560270
0.555180
0.559240
0.553762
0.574559
0.509849
0.794429
2.926387
2.833813
4.423983
4.986043
4.011444
3.323748
0.879176
1.497184
1.601777
4.508462
1.152824
2.930563
1.584582
2.878846
0.928858
1.241972
1.973020
2.013339
3.388514
1.962248
0.510597
0.414472
0.206931
0.291902
0.214080
0.353131
0.267193
0.422056
0.222796
0.370546
0.908533
0.261639
2.204739
1.519933
3.325176
4.636687
2.462113
2.210138
2.952795
1.041646
2.195049
0.317912
0.269425
0.251154
0.210599
0.286056
3.945528
4.206671
1.264813
0.905303
0.306198
0.330357
0.931314
0.943123
0.372231
0.244595
0.844707
2.134908
1.163093
0.383386
0.269382
0.544817
0.835718
3.329222
1.856876
1.868112
0.859713
2.191949
2.968476
2.711044
0.850406
0.317272
0.392493
0.671849
0.425254
0.485498
0.754872
3.555145
2.005555
2.488228
1.248887
0.546547
2.509541
0.915946
1.812649
0.399914
0.286337
0.422387
0.369176
0.977569
0.415374
0.274492
0.408207
0.711998
0.701942
0.579776
0.476258
0.452822
0.425889
0.371768
0.294346
0.363038
0.471534
0.410337
0.912918
0.227432
0.649935
1.630774
4.519479
2.621787
1.421656
2.064763
1.500781
1.269592
0.269453
0.334395
0.314323
0.314056
0.313258
0.305533
0.289525
0.272532
0.249653
2.204399
0.854672
6.208442
5.828690
2.207850
2.224300
1.292507
0.817783
1.439261
0.482641
0.469319
0.419996
0.374936
1.043331
1.263287
2.592952
0.594514
0.478030
0.373879
0.333904
0.303057
0.178895
0.462237
2.538416
5.288920
0.752338
0.402658
0.297347
0.264609
0.266729
0.203882
0.218577
0.219943
0.871331
0.243882
2.119171
2.893185
3.323774
1.235456
0.946607
1.993185
0.046177
0.029029
0.026119
0.024277
0.022867
0.021700
0.020699
0.019819
0.019034
0.018327
0.017683
0.017094
0.016552
0.016050
0.015585
0.015151
0.014745
0.014364
0.014007
0.013670
0.013352
0.013051
0.012766
0.012495
0.012238
0.011993
0.011759
0.011536
0.011322
0.011118
0.010923
0.010735
0.010555
0.010382
0.010215
0.010055
0.009900
0.009751
0.009607
0.009468
0.009334
0.009204
0.009079
0.008957
0.008839
0.008725
0.008614
0.008507
0.008403
0.008301
0.008203
0.008107
0.008014
0.007923
0.007835
0.007749
0.007665
0.007583
0.007503
0.007426
0.007350
0.007276
0.007203
0.007133
0.007064
0.006996
0.006930
0.006866
0.006803
0.006741
0.006681
0.006621
0.006564
0.006507
0.006451
0.006397
0.006343
0.006291
0.006239
0.006189
0.006140
0.006091
0.006043
0.005997
0.005951
0.005906
0.005861
0.005818
0.005775
0.005733
0.005692
0.005651
0.005611
0.005572
0.005533
0.005495
0.005458
0.005421
0.005385
0.005349
0.005314
0.005279
0.005245
0.005212
0.005179
0.005146
0.005114
0.005082
0.005051
0.005021
0.004990
0.004960
0.004931
0.004902
0.004873
0.004845
0.004817
0.004790
0.004763
0.004736
0.004710
0.004683
0.004658
0.004632
0.004607
0.004583
0.004558
0.004534
0.004510
0.004487
0.004463
0.004440
0.004418
0.004395
0.004373
0.004351
0.004329
0.004308
0.004287
0.004266
0.004245
0.004225
0.004204
0.004184
0.004165
0.004145
0.004126
0.004107
0.004088
0.004069
0.004050
0.004032
0.004014
0.003996
0.003978
0.003961
0.003943
0.003926
0.003909
0.003892
0.003875
0.003859
0.003843
0.003826
0.003810
0.003794
0.003779
0.003763
0.003748
0.003732
0.003717
0.003702
0.003687
0.003673
0.003658
0.003643
0.003629
0.003615
0.003601
0.003587
0.003573
0.003559
0.003546
0.003532
0.003519
0.003506
0.003493
0.003480
0.003467
0.003454
0.003441
0.003429
0.003416
0.003404
0.003392
0.003380
0.003368
0.003356
0.003344
0.003332
0.003320
0.003309
0.003297
0.003286
0.003275
0.003264
0.003253
0.003241
0.003231
0.003220
0.003209
0.003198
0.003188
0.003177
0.003167
0.003156
0.003146
0.003136
0.003126
0.003116
0.003106
0.003096
0.003086
0.003076
0.003067
0.003057
0.003047
0.003038
0.003029
0.003019
0.003010
0.003001
0.002992
0.002982
0.002973
0.002964
0.002956
0.002947
0.002938
0.002929
0.002921
0.002912
0.002903
0.002895
0.002887
0.002878
0.002870
0.002862
0.002853
0.002845
0.002837
0.002829
0.002821
0.002813
0.002805
0.002798
0.002790
0.002782
0.002774
0.002767
0.002759
0.002752
0.002744
0.002737
0.002729
0.002722
0.002715
0.002707
0.002700
0.002693
0.002686
0.002679
0.002672
0.002665
0.002658
0.002651
0.002644
0.002637
0.002630
0.002623
0.002617
0.002610
0.002603
0.002597
0.002590
0.002584
0.002577
0.002571
0.002564
0.002558
0.002552
0.002545
0.002539
0.002533
0.002527
0.002520
0.002514
0.002508
0.002502
0.002496
0.002490
0.002484
0.002478
0.002472
0.002467
0.002461
0.002455
0.002449
0.002443
0.002438
0.002432
0.002426
0.002421
0.002415
0.002410
0.002404
0.002399
0.002393
0.002388
0.002382
0.002377
0.002371
0.002366
0.002361
0.002355
0.002350
0.002345
0.002340
0.002335
0.002329
0.002324
0.002319
0.002314
0.002309
0.002304
0.002299
0.002294
0.002289
0.002284
0.002279
0.002275
0.002270
0.002265
0.002260
0.002255
0.002250
0.002246
0.002241
0.002236
0.002232
0.002227
0.002222
0.002218
0.002213
0.002209
0.002204
0.002200
0.002195
0.002191
0.002186
0.002182
0.002177
0.002173
0.002169
0.002164
0.002160
0.002156
0.002151
0.002147
0.002143
0.002138
0.002134
0.002130
0.002126
0.002122
0.002118
0.002113
0.002109
0.002105
0.002101
0.002097
0.002093
0.002089
0.002085
0.002081
0.002077
0.002073
0.002069
0.002065
0.002061
0.002058
0.002054
0.002050
0.002046
0.002042
0.002038
0.002035
0.002031
0.002027
0.002023
0.002020
0.002016
0.002012
0.002009
0.002005
0.002001
0.001998
0.001994
0.001990
0.001987
0.001983
0.001980
0.001976
0.001973
0.001969
0.001966
0.001962
0.001959
0.001955
0.001952
0.001948
0.001945
0.001941
0.001938
0.001935
0.001931
0.001928
0.001925
0.001921
0.001918
0.001915
0.001911
0.001908
0.001905
0.001902
0.001898
0.001895
0.001892
0.001889
0.001886
0.001882
0.001879
0.001876
0.001873
0.001870
0.001867
0.001864
0.001860
0.001857
0.001854
0.001851
0.001848
0.001845
0.001842
0.001839
0.001836
0.001833
0.001830
0.001827
0.001824
0.001821
0.001818
0.001815
0.001812
0.001810
0.001807
0.001804
0.001801
0.001798
0.001795
0.001792
0.001789
0.001787
0.001784
0.001781
0.001778
0.001775
0.001773
0.001770
0.001767
0.001764
0.001762
0.001759
0.001756
0.001754
0.001751
0.001748
0.001745
0.001743
0.001740
0.001737
0.001735
0.001732
0.001730
0.001727
0.001724
0.001722
0.001719
0.001717
0.001714
0.001711
0.001709
0.001706
0.001704
0.001701
0.001699
0.001696
0.001694
0.001691
0.001689
0.001686
0.001684
0.001681
0.001679
0.001676
0.001674
0.001672
0.001669
0.001667
0.001664
0.001662
0.001659
0.001657
0.001655
0.001652
0.001650
0.001648
0.001645
0.001643
0.001641
0.001638
0.001636
0.001634
0.001631
0.001629
0.001627
0.001624
0.001622
0.001620
0.001618
0.001615
0.001613
0.001611
0.001609
0.001606
0.001604
0.001602
0.001600
0.001598
0.001595
0.001593
0.001591
0.001589
0.001587
0.001585
0.001582
0.001580
0.001578
0.001576
0.001574
0.001572
0.001570
0.001567
0.001565
0.001563
0.001561
0.001559
0.001557
0.001555
0.001553
0.001551
0.001549
0.001547
0.001545
0.001543
0.001541
0.001539
0.001537
0.001535
0.001533
0.001531
0.001529
0.001527
0.001525
0.001523
0.001521
0.001519
0.001517
0.001515
0.001513
0.001511
0.001509
0.001507
0.001505
0.001503
0.001501
0.001499
0.001497
0.001496
0.001494
0.001492
0.001490
0.001488
0.001486
0.001484
0.001482
0.001481
0.001479
0.001477
0.001475
0.001473
0.001471
0.001470
0.001468
0.001466
0.001464
0.001462
0.001460
0.001459
0.001457
0.001455
0.001453
0.001452
0.001450
0.001448
0.001446
0.001444
0.001443
0.001441
0.001439
0.001437
0.001436
0.001434
0.001432
0.001431
0.001429
0.001427
0.001425
0.001424
0.001422
0.001420
0.001419
0.001417
0.001415
0.001414
0.001412
0.001410
0.001409
0.001407
0.001405
0.001404
0.001402
0.001400
0.001399
0.001397
0.001395
0.001394
0.001392
0.001391
0.001389
0.001387
0.001386
0.001384
0.001383
0.001381
0.001379
0.001378
0.001376
0.001375
0.001373
0.001371
0.001370
0.001368
0.001367
0.001365
0.001364
0.001362
0.001361
0.001359
0.001358
0.001356
0.001354
0.001353
0.001351
0.001350
0.001348
0.001347
0.001345
0.001344
0.001342
0.001341
0.001339
0.001338
0.001336
0.001335
0.001334
0.001332
0.001331
0.001329
0.001328
0.001326
0.001325
0.001323
0.001322
0.001320
0.001319
0.001318
0.001316
0.001315
0.001313
0.001312
0.001310
0.001309
0.001308
0.001306
0.001305
0.001303
0.001302
0.001301
0.001299
0.001298
0.001296
0.001295
0.001294
0.001292
0.001291
0.001290
0.001288
0.001287
0.001285
0.001284
0.001283
0.001281
0.001280
0.001279
0.001277
0.001276
0.001275
0.001273
0.001272
0.001271
0.001269
0.001268
0.001267
0.001265
0.001264
0.001263
0.001261
0.001260
0.001259
0.001258
0.001256
0.001255
0.001254
0.001252
0.001251
0.001250
0.001249
0.001247
0.001246
0.001245
0.001244
0.001242
0.001241
0.001240
0.001238
0.001237
0.001236
0.001235
0.001233
0.001232
0.001231
0.001230
0.001229
0.001227
0.001226
0.001225
0.001224
0.001222
0.001221
0.001220
0.001219
0.001218
0.001216
0.001215
0.001214
0.001213
0.001212
0.001210
0.001209
0.001208
0.001207
0.001206
0.001204
0.001203
0.001202
0.001201
0.001200
0.001199
0.001197
0.001196
0.001195
0.001194
0.001193
0.001192
0.001191
0.001189
0.001188
0.001187
0.001186
0.001185
0.001184
0.001183
0.001181
0.001180
0.001179
0.001178
0.001177
0.001176
0.001175
0.001174
0.001172
0.001171
0.001170
0.001169
0.001168
0.001167
0.001166
0.001165
0.001164
0.001163
0.001161
0.001160
0.001159
0.001158
0.001157
0.001156
0.001155
0.001154
0.001153
0.001152
0.001151
0.001150
0.001149
0.001147
0.001146
0.001145
0.001144
0.001143
0.001142
0.001141
0.001140
0.001139
0.001138
0.001137
0.001136
0.001135
0.001134
0.001133
0.001132
0.001131
0.001130
0.001129
0.001128
0.001127
0.001126
0.001125
0.001124
0.001123
0.001122
0.001121
0.001120
0.001119
0.001118
0.001117
0.001116
0.001115
0.001114
0.001113
0.001112
0.001111
0.001110
0.001109
0.001108
0.001107
0.001106
0.001105
0.001104
0.001103
0.001102
0.001101
0.001100
0.001099
0.001098
0.001097
0.001096
0.001095
0.001094
0.001093
0.001092
0.001091
0.001090
0.001089
0.001088
0.001088
0.001087
0.001086
0.001085
0.001084
0.001083
0.001082
0.001081
0.001080
0.001079
0.001078
0.001077
0.001076
0.001075
0.001074
0.001074
0.001073
0.001072
0.001071
0.001070
0.001069
0.001068
0.001067
0.001066
0.001065
0.001064
0.001064
0.001063
0.001062
0.001061
0.001060
0.001059
0.001058
0.001057
0.001056
0.001056
0.001055
0.001054
0.001053
0.001052
0.001051
0.001050
0.001049
0.001049
0.001048
0.001047
0.001046
0.001045
0.001044
0.001043
0.001042
0.001042
0.001041
0.001040
0.001039
0.001038
0.001037
0.001037
0.001036
0.001035
0.001034
0.001033
0.001032
0.001031
0.001031
0.001030
0.001029
0.001028
0.001027
0.001026
0.001026
0.001025
0.001024
0.001023
0.001022
0.001021
0.001021
0.001020
0.001019
0.001018
0.001017
0.001017
0.001016
0.001015
0.001014
0.001013
0.001012
0.001012
0.001011
0.001010
0.001009
0.001008
0.001008
0.001007
0.001006
0.001005
0.001004
0.001004
0.001003
0.001002
0.001001
0.001001
0.001000
0.000999
0.000998
0.000997
0.000997
0.000996
0.000995
0.000994
0.000994
0.000993
0.000992
0.000991
0.000990
0.000990
0.000989
0.000988
0.000987
0.000987
0.000986
0.000985
0.000984
0.000984
0.000983
0.000982
0.000981
0.000981
0.000980
0.000979
0.000978
0.000978
0.000977
0.000976
0.000975
0.000975
0.000974
0.000973
0.000972
0.000972
0.000971
0.000970
0.000969
0.000969
0.000968
0.000967
0.000966
0.000966
0.000965
0.000964
0.000964
0.000963
0.000962
0.000961
0.000961
0.000960
0.000959
0.000958
0.000958
0.000957
0.000956
0.000956
0.000955
0.000954
0.000953
0.000953
0.000952
0.000951
0.000951
0.000950
0.000949
0.000949
0.000948
0.000947
0.000946
0.000946
0.000945
0.000944
0.000944
0.000943
0.000942
0.000942
0.000941
0.000940
0.000939
0.000939
0.000938
0.000937
0.000937
0.000936
0.000935
0.000935
0.000934
0.000933
0.000933
0.000932
0.000931
0.000931
0.000930
0.000929
0.000929
0.000928
0.000927
0.000927
0.000926
0.000925
0.000925
0.000924
0.000923
0.000923
0.000922
0.000921
0.000921
0.000920
0.000919
0.000919
0.000918
0.000917
0.000917
0.000916
0.000915
0.000915
0.000914
0.000913
0.000913
0.000912
0.000912
0.000911
0.000910
0.000910
0.000909
0.000908
0.000908
0.000907
0.000906
0.000906
0.000905
0.000905
0.000904
0.000903
0.000903
0.000902
0.000901
0.000901
0.000900
0.000899
0.000899
0.000898
0.000898
0.000897
0.000896
0.000896
0.000895
0.000895
0.000894
0.000893
0.000893
0.000892
0.000891
0.000891
0.000890
0.000890
0.000889
0.000888
0.000888
0.000887
0.000887
0.000886
0.000885
0.000885
0.000884
0.000884
0.000883
0.000882
0.000882
0.000881
0.000881
0.000880
0.000879
0.000879
0.000878
0.000878
0.000877
0.000876
0.000876
0.000875
0.000875
0.000874
0.000873
0.000873
0.000872
0.000872
0.000871
0.000870
0.000870
0.000869
0.000869
0.000868
0.000868
0.000867
0.000866
0.000866
0.000865
0.000865
0.000864
0.000864
0.000863
0.000862
0.000862
0.000861
0.000861
0.000860
0.000860
0.000859
0.000858
0.000858
0.000857
0.000857
0.000856
0.000856
0.000855
0.000854
0.000854
0.000853
0.000853
0.000852
0.000852
0.000851
0.000851
0.000850
0.000849
0.000849
0.000848
0.000848
0.000847
0.000847
0.000846
0.000846
0.000845
0.000845
0.000844
0.000843
0.000843
0.000842
0.000842
0.000841
0.000841
0.000840
0.000840
0.000839
0.000839
0.000838
0.000837
0.000837
0.000836
0.000836
0.000835
0.000835
0.000834
0.000834
0.000833
0.000833
0.000832
0.000832
0.000831
0.000831
0.000830
0.000830
0.000829
0.000828
0.000828
0.000827
0.000827
0.000826
0.000826
0.000825
0.000825
0.000824
0.000824
0.000823
0.000823
0.000822
0.000822
0.000821
0.000821
0.000820
0.000820
0.000819
0.000819
0.000818
0.000818
0.000817
0.000817
0.000816
0.000816
0.000815
0.000815
0.000814
0.000814
0.000813
0.000813
0.000812
0.000812
0.000811
0.000811
0.000810
0.000810
0.000809
0.000809
0.000808
0.000808
0.000807
0.000807
0.000806
0.000806
0.000805
0.000805
0.000804
0.000804
0.000803
0.000803
0.000802
0.000802
0.000801
0.000801
0.000800
0.000800
0.000799
0.000799
0.000798
0.000798
0.000797
0.000797
0.000796
0.000796
0.000795
0.000795
0.000794
0.000794
0.000793
0.000793
0.000792
0.000792
0.000791
0.000791
0.000791
0.000790
0.000790
0.000789
0.000789
0.000788
0.000788
0.000787
0.000787
0.000786
0.000786
0.000785
0.000785
0.000784
0.000784
0.000783
0.000783
0.000783
0.000782
0.000782
0.000781
0.000781
0.000780
0.000780
0.000779
0.000779
0.000778
0.000778
0.000777
0.000777
0.000777
0.000776
0.000776
0.000775
0.000775
0.000774
0.000774
0.000773
0.000773
0.000772
0.000772
0.000772
0.000771
0.000771
0.000770
0.000770
0.000769
0.000769
0.000768
0.000768
0.000768
0.000767
0.000767
0.000766
0.000766
0.000765
0.000765
0.000764
0.000764
0.000764
0.000763
0.000763
0.000762
0.000762
0.000761
0.000761
0.000760
0.000760
0.000760
0.000759
0.000759
0.000758
0.000758
0.000757
0.000757
0.000757
0.000756
0.000756
0.000755
0.000755
0.000754
0.000754
0.000754
0.000753
0.000753
0.000752
0.000752
0.000751
0.000751
0.000751
0.000750
0.000750
0.000749
0.000749
0.000748
0.000748
0.000748
0.000747
0.000747
0.000746
0.000746
0.000745
0.000745
0.000745
0.000744
0.000744
0.000743
0.000743
0.000743
0.000742
0.000742
0.000741
0.000741
0.000740
0.000740
0.000740
0.000739
0.000739
0.000738
0.000738
0.000738
0.000737
0.000737
0.000736
0.000736
0.000736
0.000735
0.000735
0.000734
0.000734
0.000734
0.000733
0.000733
0.000732
0.000732
0.000732
0.000731
0.000731
0.000730
0.000730
0.000730
0.000729
0.000729
0.000728
0.000728
0.000728
0.000727
0.000727
0.000726
0.000726
0.000726
0.000725
0.000725
0.000724
0.000724
0.000724
0.000723
0.000723
0.000722
0.000722
0.000722
0.000721
0.000721
0.000720
0.000720
0.000720
0.000719
0.000719
0.000718
0.000718
0.000718
0.000717
0.000717
0.000717
0.000716
0.000716
0.000715
0.000715
0.000715
0.000714
0.000714
0.000713
0.000713
0.000713
0.000712
0.000712
0.000712
0.000711
0.000711
0.000710
0.000710
0.000710
0.000709
0.000709
0.000709
0.000708
0.000708
0.000707
0.000707
0.000707
0.000706
0.000706
0.000706
0.000705
0.000705
0.000704
0.000704
0.000704
0.000703
0.000703
0.000703
0.000702
0.000702
0.000701
0.000701
0.000701
0.000700
0.000700
0.000700
0.000699
0.000699
0.000699
0.000698
0.000698
0.000697
0.000697
0.000697
0.000696
0.000696
0.000696
0.000695
0.000695
0.000695
0.000694
0.000694
0.000693
0.000693
0.000693
0.000692
0.000692
0.000692
0.000691
0.000691
0.000691
0.000690
0.000690
0.000690
0.000689
0.000689
0.000688
0.000688
0.000688
0.000687
0.000687
0.000687
0.000686
0.000686
0.000686
0.000685
0.000685
0.000685
0.000684
0.000684
0.000684
0.000683
0.000683
0.000683
0.000682
0.000682
0.000681
0.000681
0.000681
0.000680
0.000680
0.000680
0.000679
0.000679
0.000679
0.000678
0.000678
0.000678
0.000677
0.000677
0.000677
0.000676
0.000676
0.000676
0.000675
0.000675
0.000675
0.000674
0.000674
0.000674
0.000673
0.000673
0.000673
0.000672
0.000672
0.000672
0.000671
0.000671
0.000671
0.000670
0.000670
0.000670
0.000669
0.000669
0.000669
0.000668
0.000668
0.000668
0.000667
0.000667
0.000667
0.000666
0.000666
0.000666
0.000665
0.000665
0.000665
0.000664
0.000664
0.000664
0.000663
0.000663
0.000663
0.000662
0.000662
0.000662
0.000661
0.000661
0.000661
0.000660
0.000660
0.000660
0.000659
0.000659
0.000659
0.000658
0.000658
0.000658
0.000657
0.000657
0.000657
0.000657
0.000656
0.000656
0.000656
0.000655
0.000655
0.000655
0.000654
0.000654
0.000654
0.000653
0.000653
0.000653
0.000652
0.000652
0.000652
0.000651
0.000651
0.000651
0.000650
0.000650
0.000650
0.000650
0.000649
0.000649
0.000649
0.000648
0.000648
0.000648
0.000647
0.000647
0.000647
0.000646
0.000646
0.000646
0.000646
0.000645
0.000645
0.000645
0.000644
0.000644
0.000644
0.000643
0.000643
0.000643
0.000642
0.000642
0.000642
0.000642
0.000641
0.000641
0.000641
0.000640
0.000640
0.000640
0.000639
0.000639
0.000639
0.000638
0.000638
0.000638
0.000638
0.000637
0.000637
0.000637
0.000636
0.000636
0.000636
0.000635
0.000635
0.000635
0.000635
0.000634
0.000634
0.000634
0.000633
0.000633
0.000633
0.000633
0.000632
0.000632
0.000632
0.000631
0.000631
0.000631
0.000630
0.000630
0.000630
0.000630
0.000629
0.000629
0.000629
0.000628
0.000628
0.000628
0.000628
0.000627
0.000627
0.000627
0.000626
0.000626
0.000626
0.000625
0.000625
0.000625
0.000625
0.000624
0.000624
0.000624
0.000623
0.000623
0.000623
0.000623
0.000622
0.000622
0.000622
0.000621
0.000621
0.000621
0.000621
0.000620
0.000620
0.000620
0.000619
0.000619
0.000619
0.000619
0.000618
0.000618
0.000618
0.000617
0.000617
0.000617
0.000617
0.000616
0.000616
0.000616
0.000616
0.000615
0.000615
0.000615
0.000614
0.000614
0.000614
0.000614
0.000613
0.000613
0.000613
0.000612
0.000612
0.000612
0.000612
0.000611
0.000611
0.000611
0.000611
0.000610
0.000610
0.000610
0.000609
0.000609
0.000609
0.000609
0.000608
0.000608
0.000608
0.000608
0.000607
0.000607
0.000607
0.000606
0.000606
0.000606
0.000606
0.000605
0.000605
0.000605
0.000605
0.000604
0.000604
0.000604
0.000603
0.000603
0.000603
0.000603
0.000602
0.000602
0.000602
0.000602
0.000601
0.000601
0.000601
0.000601
0.000600
0.000600
0.000600
0.000599
0.000599
0.000599
0.000599
0.000598
0.000598
0.000598
0.000598
0.000597
0.000597
0.000597
0.000597
0.000596
0.000596
0.000596
0.000596
0.000595
0.000595
0.000595
0.000595
0.000594
0.000594
0.000594
0.000593
0.000593
0.000593
0.000593
0.000592
0.000592
0.000592
0.000592
0.000591
0.000591
0.000591
0.000591
0.000590
0.000590
0.000590
0.000590
0.000589
0.000589
0.000589
0.000589
0.000588
0.000588
0.000588
0.000588
0.000587
0.000587
0.000587
0.000587
0.000586
0.000586
0.000586
0.000586
0.000585
0.000585
0.000585
0.000585
0.000584
0.000584
0.000584
0.000584
0.000583
0.000583
0.000583
0.000583
0.000582
0.000582
0.000582
0.000582
0.000581
0.000581
0.000581
0.000581
0.000580
0.000580
0.000580
0.000580
0.000579
0.000579
0.000579
0.000579
0.000578
0.000578
0.000578
0.000578
0.000577
0.000577
0.000577
0.000577
0.000576
0.000576
0.000576
0.000576
0.000575
0.000575
0.000575
0.000575
0.000574
0.000574
0.000574
0.000574
0.000573
0.000573
0.000573
0.000573
0.000573
0.000572
0.000572
0.000572
0.000572
0.000571
0.000571
0.000571
0.000571
0.000570
0.000570
0.000570
0.000570
0.000569
0.000569
0.000569
0.000569
0.000568
0.000568
0.000568
0.000568
0.000568
0.000567
0.000567
0.000567
0.000567
0.000566
0.000566
0.000566
0.000566
0.000565
0.000565
0.000565
0.000565
0.000564
0.000564
0.000564
0.000564
0.000564
0.000563
0.000563
0.000563
0.000563
0.000562
0.000562
0.000562
0.000562
0.000561
0.000561
0.000561
0.000561
0.000561
0.000560
0.000560
0.000560
0.000560
0.000559
0.000559
0.000559
0.000559
0.000558
0.000558
0.000558
0.000558
0.000558
0.000557
0.000557
0.000557
0.000557
0.000556
0.000556
0.000556
0.000556
0.000556
0.000555
0.000555
0.000555
0.000555
0.000554
0.000554
0.000554
0.000554
0.000554
0.000553
0.000553
0.000553
0.000553
0.000552
0.000552
0.000552
0.000552
0.000552
0.000551
0.000551
0.000551
0.000551
0.000550
0.000550
0.000550
0.000550
0.000550
0.000549
0.000549
0.000549
0.000549
0.000548
0.000548
0.000548
0.000548
0.000548
0.000547
0.000547
0.000547
0.000547
0.000546
0.000546
0.000546
0.000546
0.000546
0.000545
0.000545
0.000545
0.000545
0.000545
0.000544
0.000544
0.000544
0.000544
0.000543
0.000543
0.000543
0.000543
0.000543
0.000542
0.000542
0.000542
0.000542
0.000542
0.000541
0.000541
0.000541
0.000541
0.000540
0.000540
0.000540
0.000540
0.000540
0.000539
0.000539
0.000539
0.000539
0.000539
0.000538
0.000538
0.000538
0.000538
0.000537
0.000537
0.000537
0.000537
0.000537
0.000536
0.000536
0.000536
0.000536
0.000536
0.000535
0.000535
0.000535
0.000535
0.000535
0.000534
0.000534
0.000534
0.000534
0.000534
0.000533
0.000533
0.000533
0.000533
0.000532
0.000532
0.000532
0.000532
0.000532
0.000531
0.000531
0.000531
0.000531
0.000531
0.000530
0.000530
0.000530
0.000530
0.000530
0.000529
0.000529
0.000529
0.000529
0.000529
0.000528
0.000528
0.000528
0.000528
0.000528
0.000527
0.000527
0.000527
0.000527
0.000527
0.000526
0.000526
0.000526
0.000526
0.000526
0.000525
0.000525
0.000525
0.000525
0.000525
0.000524
0.000524
0.000524
0.000524
0.000524
0.000523
0.000523
0.000523
0.000523
0.000523
0.000522
0.000522
0.000522
0.000522
0.000522
0.000521
0.000521
0.000521
0.000521
0.000521
0.000520
0.000520
0.000520
0.000520
0.000520
0.000519
0.000519
0.000519
0.000519
0.000519
0.000518
0.000518
0.000518
0.000518
0.000518
0.000517
0.000517
0.000517
0.000517
0.000517
0.000516
0.000516
0.000516
0.000516
0.000516
0.000516
0.000515
0.000515
0.000515
0.000515
0.000515
0.000514
0.000514
0.000514
0.000514
0.000514
0.000513
0.000513
0.000513
0.000513
0.000513
0.000512
0.000512
0.000512
0.000512
0.000512
0.000512
0.000511
0.000511
0.000511
0.000511
0.000511
0.000510
0.000510
0.000510
0.000510
0.000510
0.000509
0.000509
0.000509
0.000509
0.000509
0.000508
0.000508
0.000508
0.000508
0.000508
0.000508
0.000507
0.000507
0.000507
0.000507
0.000507
0.000506
0.000506
0.000506
0.000506
0.000506
0.000506
0.000505
0.000505
0.000505
0.000505
0.000505
0.000504
0.000504
0.000504
0.000504
0.000504
0.000503
0.000503
0.000503
0.000503
0.000503
0.000503
0.000502
0.000502
0.000502
0.000502
0.000502
0.000501
0.000501
0.000501
0.000501
0.000501
0.000501
0.000500
0.000500
0.000500
0.000500
0.000500
0.000499
0.000499
0.000499
0.000499
0.000499
0.000499
0.000498
0.000498
0.000498
0.000498
0.000498
0.000497
0.000497
0.000497
0.000497
0.000497
0.000497
0.000496
0.000496
0.000496
0.000496
0.000496
0.000496
0.000495
0.000495
0.000495
0.000495
0.000495
0.000494
0.000494
0.000494
0.000494
0.000494
0.000494
0.000493
0.000493
0.000493
0.000493
0.000493
0.000493
0.000492
0.000492
0.000492
0.000492
0.000492
0.000491
0.000491
0.000491
0.000491
0.000491
0.000491
0.000490
0.000490
0.000490
0.000490
0.000490
0.000490
0.000489
0.000489
0.000489
0.000489
0.000489
0.000489
0.000488
0.000488
0.000488
0.000488
0.000488
0.000488
0.000487
0.000487
0.000487
0.000487
0.000487
0.000486
0.000486
0.000486
0.000486
0.000486
0.000486
0.000485
0.000485
0.000485
0.000485
0.000485
0.000485
0.000484
0.000484
0.000484
0.000484
0.000484
0.000484
0.000483
0.000483
0.000483
0.000483
0.000483
0.000483
0.000482
0.000482
0.000482
0.000482
0.000482
0.000482
0.000481
0.000481
0.000481
0.000481
0.000481
0.000481
0.000480
0.000480
0.000480
0.000480
0.000480
0.000480
0.000479
0.000479
0.000479
0.000479
0.000479
0.000479
0.000478
0.000478
0.000478
0.000478
0.000478
0.000478
0.000477
0.000477
0.000477
0.000477
0.000477
0.000477
0.000476
0.000476
0.000476
0.000476
0.000476
0.000476
0.000475
0.000475
0.000475
0.000475
0.000475
0.000475
0.000474
0.000474
0.000474
0.000474
0.000474
0.000474
0.000474
0.000473
0.000473
0.000473
0.000473
0.000473
0.000473
0.000472
0.000472
0.000472
0.000472
0.000472
0.000472
0.000471
0.000471
0.000471
0.000471
0.000471
0.000471
0.000470
0.000470
0.000470
0.000470
0.000470
0.000470
0.000470
0.000469
0.000469
0.000469
0.000469
0.000469
0.000469
0.000468
0.000468
0.000468
0.000468
0.000468
0.000468
0.000467
0.000467
0.000467
0.000467
0.000467
0.000467
0.000467
0.000466
0.000466
0.000466
0.000466
0.000466
0.000466
0.000465
0.000465
0.000465
0.000465
0.000465
0.000465
0.000464
0.000464
0.000464
0.000464
0.000464
0.000464
0.000464
0.000463
0.000463
0.000463
0.000463
0.000463
0.000463
0.000462
0.000462
0.000462
0.000462
0.000462
0.000462
0.000462
0.000461
0.000461
0.000461
0.000461
0.000461
0.000461
0.000460
0.000460
0.000460
0.000460
0.000460
0.000460
0.000460
0.000459
0.000459
0.000459
0.000459
0.000459
0.000459
0.000459
0.000458
0.000458
0.000458
0.000458
0.000458
0.000458
0.000457
0.000457
0.000457
0.000457
0.000457
0.000457
0.000457
0.000456
0.000456
0.000456
0.000456
0.000456
0.000456
0.000456
0.000455
0.000455
0.000455
0.000455
0.000455
0.000455
0.000454
0.000454
0.000454
0.000454
0.000454
0.000454
0.000454
0.000453
0.000453
0.000453
0.000453
0.000453
0.000453
0.000453
0.000452
0.000452
0.000452
0.000452
0.000452
0.000452
0.000452
0.000451
0.000451
0.000451
0.000451
0.000451
0.000451
0.000450
0.000450
0.000450
0.000450
0.000450
0.000450
0.000450
0.000449
0.000449
0.000449
0.000449
0.000449
0.000449
0.000449
0.000448
0.000448
0.000448
0.000448
0.000448
0.000448
0.000448
0.000447
0.000447
0.000447
0.000447
0.000447
0.000447
0.000447
0.000446
0.000446
0.000446
0.000446
0.000446
0.000446
0.000446
0.000445
0.000445
0.000445
0.000445
0.000445
0.000445
0.000445
0.000444
0.000444
0.000444
0.000444
0.000444
0.000444
0.000444
0.000443
0.000443
0.000443
0.000443
0.000443
0.000443
0.000443
0.000442
0.000442
0.000442
0.000442
0.000442
0.000442
0.000442
0.000442
0.000441
0.000441
0.000441
0.000441
0.000441
0.000441
0.000441
0.000440
0.000440
0.000440
0.000440
0.000440
0.000440
0.000440
0.000439
0.000439
0.000439
0.000439
0.000439
0.000439
0.000439
0.000438
0.000438
0.000438
0.000438
0.000438
0.000438
0.000438
0.000437
0.000437
0.000437
0.000437
0.000437
0.000437
0.000437
0.000437
0.000436
0.000436
0.000436
0.000436
0.000436
0.000436
0.000436
0.000435
0.000435
0.000435
0.000435
0.000435
0.000435
0.000435
0.000434
0.000434
0.000434
0.000434
0.000434
0.000434
0.000434
0.000434
0.000433
0.000433
0.000433
0.000433
0.000433
0.000433
0.000433
0.000432
0.000432
0.000432
0.000432
0.000432
0.000432
0.000432
0.000432
0.000431
0.000431
0.000431
0.000431
0.000431
0.000431
0.000431
0.000430
0.000430
0.000430
0.000430
0.000430
0.000430
0.000430
0.000430
0.000429
0.000429
0.000429
0.000429
0.000429
0.000429
0.000429
0.000429
0.000428
0.000428
0.000428
0.000428
0.000428
0.000428
0.000428
0.000427
0.000427
0.000427
0.000427
0.000427
0.000427
0.000427
0.000427
0.000426
0.000426
0.000426
0.000426
0.000426
0.000426
0.000426
0.000426
0.000425
0.000425
0.000425
0.000425
0.000425
0.000425
0.000425
0.000424
0.000424
0.000424
0.000424
0.000424
0.000424
0.000424
0.000424
0.000423
0.000423
0.000423
0.000423
0.000423
0.000423
0.000423
0.000423
0.000422
0.000422
0.000422
0.000422
0.000422
0.000422
0.000422
0.000422
0.000421
0.000421
0.000421
0.000421
0.000421
0.000421
0.000421
0.000421
0.000420
0.000420
0.000420
0.000420
0.000420
0.000420
0.000420
0.000420
0.000419
0.000419
0.000419
0.000419
0.000419
0.000419
0.000419
0.000419
0.000418
0.000418
0.000418
0.000418
0.000418
0.000418
0.000418
0.000418
0.000417
0.000417
0.000417
0.000417
0.000417
0.000417
0.000417
0.000417
0.000416
0.000416
0.000416
0.000416
0.000416
0.000416
0.000416
0.000416
0.000415
0.000415
0.000415
0.000415
0.000415
0.000415
0.000415
0.000415
0.000414
0.000414
0.000414
0.000414
0.000414
0.000414
0.000414
0.000414
0.000413
0.000413
0.000413
0.000413
0.000413
0.000413
0.000413
0.000413
0.000412
0.000412
0.000412
0.000412
0.000412
0.000412
0.000412
0.000412
0.000411
0.000411
0.000411
0.000411
0.000411
0.000411
0.000411
0.000411
0.000411
0.000410
0.000410
0.000410
0.000410
0.000410
0.000410
0.000410
0.000410
0.000409
0.000409
0.000409
0.000409
0.000409
0.000409
0.000409
0.000409
0.000408
0.000408
0.000408
0.000408
0.000408
0.000408
0.000408
0.000408
0.000408
0.000407
0.000407
0.000407
0.000407
0.000407
0.000407
0.000407
0.000407
0.000406
0.000406
0.000406
0.000406
0.000406
0.000406
0.000406
0.000406
0.000406
0.000405
0.000405
0.000405
0.000405
0.000405
0.000405
0.000405
0.000405
0.000404
0.000404
0.000404
0.000404
0.000404
0.000404
0.000404
0.000404
0.000404
0.000403
0.000403
0.000403
0.000403
0.000403
0.000403
0.000403
0.000403
0.000403
0.000402
0.000402
0.000402
0.000402
0.000402
0.000402
0.000402
0.000402
0.000401
0.000401
0.000401
0.000401
0.000401
0.000401
0.000401
0.000401
0.000401
0.000400
0.000400
0.000400
0.000400
0.000400
0.000400
0.000400
0.000400
0.000400
0.000399
0.000399
0.000399
0.000399
0.000399
0.000399
0.000399
0.000399
0.000399
0.000398
0.000398
0.000398
0.000398
0.000398
0.000398
0.000398
0.000398
0.000398
0.000397
0.000397
0.000397
0.000397
0.000397
0.000397
0.000397
0.000397
0.000396
0.000396
0.000396
0.000396
0.000396
0.000396
0.000396
0.000396
0.000396
0.000395
0.000395
0.000395
0.000395
0.000395
0.000395
0.000395
0.000395
0.000395
0.000394
0.000394
0.000394
0.000394
0.000394
0.000394
0.000394
0.000394
0.000394
0.000393
0.000393
0.000393
0.000393
0.000393
0.000393
0.000393
0.000393
0.000393
0.000393
0.000392
0.000392
0.000392
0.000392
0.000392
0.000392
0.000392
0.000392
0.000392
0.000391
0.000391
0.000391
0.000391
0.000391
0.000391
0.000391
0.000391
0.000391
0.000390
0.000390
0.000390
0.000390
0.000390
0.000390
0.000390
0.000390
0.000390
0.000389
0.000389
0.000389
0.000389
0.000389
0.000389
0.000389
0.000389
0.000389
0.000388
0.000388
0.000388
0.000388
0.000388
0.000388
0.000388
0.000388
0.000388
0.000388
0.000387
0.000387
0.000387
0.000387
0.000387
0.000387
0.000387
0.000387
0.000387
0.000386
0.000386
0.000386
0.000386
0.000386
0.000386
0.000386
0.000386
0.000386
0.000386
0.000385
0.000385
0.000385
0.000385
0.000385
0.000385
0.000385
0.000385
0.000385
0.000384
0.000384
0.000384
0.000384
0.000384
0.000384
0.000384
0.000384
0.000384
0.000384
0.000383
0.000383
0.000383
0.000383
0.000383
0.000383
0.000383
0.000383
0.000383
0.000382
0.000382
0.000382
0.000382
0.000382
0.000382
0.000382
0.000382
0.000382
0.000382
0.000381
0.000381
0.000381
0.000381
0.000381
0.000381
0.000381
0.000381
0.000381
0.000381
0.000380
0.000380
0.000380
0.000380
0.000380
0.000380
0.000380
0.000380
0.000380
0.000379
0.000379
0.000379
0.000379
0.000379
0.000379
0.000379
0.000379
0.000379
0.000379
0.000378
0.000378
0.000378
0.000378
0.000378
0.000378
0.000378
0.000378
0.000378
0.000378
0.000377
0.000377
0.000377
0.000377
0.000377
0.000377
0.000377
0.000377
0.000377
0.000377
0.000376
0.000376
0.000376
0.000376
0.000376
0.000376
0.000376
0.000376
0.000376
0.000376
0.000375
0.000375
0.000375
0.000375
0.000375
0.000375
0.000375
0.000375
0.000375
0.000375
0.000374
0.000374
0.000374
0.000374
0.000374
0.000374
0.000374
0.000374
0.000374
0.000374
0.000373
0.000373
0.000373
0.000373
0.000373
0.000373
0.000373
0.000373
0.000373
0.000373
0.000372
0.000372
0.000372
0.000372
0.000372
0.000372
0.000372
0.000372
0.000372
0.000372
0.000371
0.000371
0.000371
0.000371
0.000371
0.000371
0.000371
0.000371
0.000371
0.000371
0.000371
0.000370
0.000370
0.000370
0.000370
0.000370
0.000370
0.000370
0.000370
0.000370
0.000370
0.000369
0.000369
0.000369
0.000369
0.000369
0.000369
0.000369
0.000369
0.000369
0.000369
0.000368
0.000368
0.000368
0.000368
0.000368
0.000368
0.000368
0.000368
0.000368
0.000368
0.000368
0.000367
0.000367
0.000367
0.000367
0.000367
0.000367
0.000367
0.000367
0.000367
0.000367
0.000366
0.000366
0.000366
0.000366
0.000366
0.000366
0.000366
0.000366
0.000366
0.000366
0.000366
0.000365
0.000365
0.000365
0.000365
0.000365
0.000365
0.000365
0.000365
0.000365
0.000365
0.000364
0.000364
0.000364
0.000364
0.000364
0.000364
0.000364
0.000364
0.000364
0.000364
0.000364
0.000363
0.000363
0.000363
0.000363
0.000363
0.000363
0.000363
0.000363
0.000363
0.000363
0.000363
0.000362
0.000362
0.000362
0.000362
0.000362
0.000362
0.000362
0.000362
0.000362
0.000362
0.000361
0.000361
0.000361
0.000361
0.000361
0.000361
0.000361
0.000361
0.000361
0.000361
0.000361
0.000360
0.000360
0.000360
0.000360
0.000360
0.000360
0.000360
0.000360
0.000360
0.000360
0.000360
0.000359
0.000359
0.000359
0.000359
0.000359
0.000359
0.000359
0.000359
0.000359
0.000359
0.000359
0.000358
0.000358
0.000358
0.000358
0.000358
0.000358
0.000358
0.000358
0.000358
0.000358
0.000358
0.000357
0.000357
0.000357
0.000357
0.000357
0.000357
0.000357
0.000357
0.000357
0.000357
0.000357
0.000356
0.000356
0.000356
0.000356
0.000356
0.000356
0.000356
0.000356
0.000356
0.000356
0.000356
0.000355
0.000355
0.000355
0.000355
0.000355
0.000355
0.000355
0.000355
0.000355
0.000355
0.000355
0.000355
0.000354
0.000354
0.000354
0.000354
0.000354
0.000354
0.000354
0.000354
0.000354
0.000354
0.000354
0.000353
0.000353
0.000353
0.000353
0.000353
0.000353
0.000353
0.000353
0.000353
0.000353
0.000353
0.000352
0.000352
0.000352
0.000352
0.000352
0.000352
0.000352
0.000352
0.000352
0.000352
0.000352
0.000352
0.000351
0.000351
0.000351
0.000351
0.000351
0.000351
0.000351
0.000351
0.000351
0.000351
0.000351
0.000350
0.000350
0.000350
0.000350
0.000350
0.000350
0.000350
0.000350
0.000350
0.000350
0.000350
0.000350
0.000349
0.000349
0.000349
0.000349
0.000349
0.000349
0.000349
0.000349
0.000349
0.000349
0.000349
0.000348
0.000348
0.000348
0.000348
0.000348
0.000348
0.000348
0.000348
0.000348
0.000348
0.000348
0.000348
0.000347
0.000347
0.000347
0.000347
0.000347
0.000347
0.000347
0.000347
0.000347
0.000347
0.000347
0.000347
0.000346
0.000346
0.000346
0.000346
0.000346
0.000346
0.000346
0.000346
0.000346
0.000346
0.000346
0.000345
0.000345
0.000345
0.000345
0.000345
0.000345
0.000345
0.000345
0.000345
0.000345
0.000345
0.000345
0.000344
0.000344
0.000344
0.000344
0.000344
0.000344
0.000344
0.000344
0.000344
0.000344
0.000344
0.000344
0.000343
0.000343
0.000343
0.000343
0.000343
0.000343
0.000343
0.000343
0.000343
0.000343
0.000343
0.000343
0.000342
0.000342
0.000342
0.000342
0.000342
0.000342
0.000342
0.000342
0.000342
0.000342
0.000342
0.000342
0.000341
0.000341
0.000341
0.000341
0.000341
0.000341
0.000341
0.000341
0.000341
0.000341
0.000341
0.000341
0.000341
0.000340
0.000340
0.000340
0.000340
0.000340
0.000340
0.000340
0.000340
0.000340
0.000340
0.000340
0.000340
0.000339
0.000339
0.000339
0.000339
0.000339
0.000339
0.000339
0.000339
0.000339
0.000339
0.000339
0.000339
0.000338
0.000338
0.000338
0.000338
0.000338
0.000338
0.000338
0.000338
0.000338
0.000338
0.000338
0.000338
0.000338
0.000337
0.000337
0.000337
0.000337
0.000337
0.000337
0.000337
0.000337
0.000337
0.000337
0.000337
0.000337
0.000336
0.000336
0.000336
0.000336
0.000336
0.000336
0.000336
0.000336
0.000336
0.000336
0.000336
0.000336
0.000336
0.000335
0.000335
0.000335
0.000335
0.000335
0.000335
0.000335
0.000335
0.000335
0.000335
0.000335
0.000335
0.000334
0.000334
0.000334
0.000334
0.000334
0.000334
0.000334
0.000334
0.000334
0.000334
0.000334
0.000334
0.000334
0.000333
0.000333
0.000333
0.000333
0.000333
0.000333
0.000333
0.000333
0.000333
0.000333
0.000333
0.000333
0.000333
0.000332
0.000332
0.000332
0.000332
0.000332
0.000332
0.000332
0.000332
0.000332
0.000332
0.000332
0.000332
0.000332
0.000331
0.000331
0.000331
0.000331
0.000331
0.000331
0.000331
0.000331
0.000331
0.000331
0.000331
0.000331
0.000331
0.000330
0.000330
0.000330
0.000330
0.000330
0.000330
0.000330
0.000330
0.000330
0.000330
0.000330
0.000330
0.000330
0.000329
0.000329
0.000329
0.000329
0.000329
0.000329
0.000329
0.000329
0.000329
0.000329
0.000329
0.000329
0.000329
0.000328
0.000328
0.000328
0.000328
0.000328
0.000328
0.000328
0.000328
0.000328
0.000328
0.000328
0.000328
0.000328
0.000327
0.000327
0.000327
0.000327
0.000327
0.000327
0.000327
0.000327
0.000327
0.000327
0.000327
0.000327
0.000327
0.000326
0.000326
0.000326
0.000326
0.000326
0.000326
0.000326
0.000326
0.000326
0.000326
0.000326
0.000326
0.000326
0.000326
0.000325
0.000325
0.000325
0.000325
0.000325
0.000325
0.000325
0.000325
0.000325
0.000325
0.000325
0.000325
0.000325
0.000324
0.000324
0.000324
0.000324
0.000324
0.000324
0.000324
0.000324
0.000324
0.000324
0.000324
0.000324
0.000324
0.000323
0.000323
0.000323
0.000323
0.000323
0.000323
0.000323
0.000323
0.000323
0.000323
0.000323
0.000323
0.000323
0.000323
0.000322
0.000322
0.000322
0.000322
0.000322
0.000322
0.000322
0.000322
0.000322
0.000322
0.000322
0.000322
0.000322
0.000322
0.000321
0.000321
0.000321
0.000321
0.000321
0.000321
0.000321
0.000321
0.000321
0.000321
0.000321
0.000321
0.000321
0.000321
0.000320
0.000320
0.000320
0.000320
0.000320
0.000320
0.000320
0.000320
0.000320
0.000320
0.000320
0.000320
0.000320
0.000319
0.000319
0.000319
0.000319
0.000319
0.000319
0.000319
0.000319
0.000319
0.000319
0.000319
0.000319
0.000319
0.000319
0.000318
0.000318
0.000318
0.000318
0.000318
0.000318
0.000318
0.000318
0.000318
0.000318
0.000318
0.000318
0.000318
0.000318
0.000317
0.000317
0.000317
0.000317
0.000317
0.000317
0.000317
0.000317
0.000317
0.000317
0.000317
0.000317
0.000317
0.000317
0.000317
0.000316
0.000316
0.000316
0.000316
0.000316
0.000316
0.000316
0.000316
0.000316
0.000316
0.000316
0.000316
0.000316
0.000316
0.000315
0.000315
0.000315
0.000315
0.000315
0.000315
0.000315
0.000315
0.000315
0.000315
0.000315
0.000315
0.000315
0.000315
0.000314
0.000314
0.000314
0.000314
0.000314
0.000314
0.000314
0.000314
0.000314
0.000314
0.000314
0.000314
0.000314
0.000314
0.000314
0.000313
0.000313
0.000313
0.000313
0.000313
0.000313
0.000313
0.000313
0.000313
0.000313
0.000313
0.000313
0.000313
0.000313
0.000312
0.000312
0.000312
0.000312
0.000312
0.000312
0.000312
0.000312
0.000312
0.000312
0.000312
0.000312
0.000312
0.000312
0.000312
0.000311
0.000311
0.000311
0.000311
0.000311
0.000311
0.000311
0.000311
0.000311
0.000311
0.000311
0.000311
0.000311
0.000311
0.000310
0.000310
0.000310
0.000310
0.000310
0.000310
0.000310
0.000310
0.000310
0.000310
0.000310
0.000310
0.000310
0.000310
0.000310
0.000309
0.000309
0.000309
0.000309
0.000309
0.000309
0.000309
0.000309
0.000309
0.000309
0.000309
0.000309
0.000309
0.000309
0.000309
0.000308
0.000308
0.000308
0.000308
0.000308
0.000308
0.000308
0.000308
0.000308
0.000308
0.000308
0.000308
0.000308
0.000308
0.000308
0.000307
0.000307
0.000307
0.000307
0.000307
0.000307
0.000307
0.000307
0.000307
0.000307
0.000307
0.000307
0.000307
0.000307
0.000307
0.000306
0.000306
0.000306
0.000306
0.000306
0.000306
0.000306
0.000306
0.000306
0.000306
0.000306
0.000306
0.000306
0.000306
0.000306
0.000305
0.000305
0.000305
0.000305
0.000305
0.000305
0.000305
0.000305
0.000305
0.000305
0.000305
0.000305
0.000305
0.000305
0.000305
0.000305
0.000304
0.000304
0.000304
0.000304
0.000304
0.000304
0.000304
0.000304
0.000304
0.000304
0.000304
0.000304
0.000304
0.000304
0.000304
0.000303
0.000303
0.000303
0.000303
0.000303
0.000303
0.000303
0.000303
0.000303
0.000303
0.000303
0.000303
0.000303
0.000303
0.000303
0.000303
0.000302
0.000302
0.000302
0.000302
0.000302
0.000302
0.000302
0.000302
0.000302
0.000302
0.000302
0.000302
0.000302
0.000302
0.000302
0.000301
0.000301
0.000301
0.000301
0.000301
0.000301
0.000301
0.000301
0.000301
0.000301
0.000301
0.000301
0.000301
0.000301
0.000301
0.000301
0.000300
0.000300
0.000300
0.000300
0.000300
0.000300
0.000300
0.000300
0.000300
0.000300
0.000300
0.000300
0.000300
0.000300
0.000300
0.000300
0.000299
0.000299
0.000299
0.000299
0.000299
0.000299
0.000299
0.000299
0.000299
0.000299
0.000299
0.000299
0.000299
0.000299
0.000299
0.000299
0.000298
0.000298
0.000298
0.000298
0.000298
0.000298
0.000298
0.000298
0.000298
0.000298
0.000298
0.000298
0.000298
0.000298
0.000298
0.000298
0.000297
0.000297
0.000297
0.000297
0.000297
0.000297
0.000297
0.000297
0.000297
0.000297
0.000297
0.000297
0.000297
0.000297
0.000297
0.000297
0.000296
0.000296
0.000296
0.000296
0.000296
0.000296
0.000296
0.000296
0.000296
0.000296
0.000296
0.000296
0.000296
0.000296
0.000296
0.000296
0.000295
0.000295
0.000295
0.000295
0.000295
0.000295
0.000295
0.000295
0.000295
0.000295
0.000295
0.000295
0.000295
0.000295
0.000295
0.000295
0.000295
0.000294
0.000294
0.000294
0.000294
0.000294
0.000294
0.000294
0.000294
0.000294
0.000294
0.000294
0.000294
0.000294
0.000294
0.000294
0.000294
0.000293
0.000293
0.000293
0.000293
0.000293
0.000293
0.000293
0.000293
0.000293
0.000293
0.000293
0.000293
0.000293
0.000293
0.000293
0.000293
0.000293
0.000292
0.000292
0.000292
0.000292
0.000292
0.000292
0.000292
0.000292
0.000292
0.000292
0.000292
0.000292
0.000292
0.000292
0.000292
0.000292
0.000291
0.000291
0.000291
0.000291
0.000291
0.000291
0.000291
0.000291
0.000291
0.000291
0.000291
0.000291
0.000291
0.000291
0.000291
0.000291
0.000291
0.000290
0.000290
0.000290
0.000290
0.000290
0.000290
0.000290
0.000290
0.000290
0.000290
0.000290
0.000290
0.000290
0.000290
0.000290
0.000290
0.000290
0.000289
0.000289
0.000289
0.000289
0.000289
0.000289
0.000289
0.000289
0.000289
0.000289
0.000289
0.000289
0.000289
0.000289
0.000289
0.000289
0.000289
0.000288
0.000288
0.000288
0.000288
0.000288
0.000288
0.000288
0.000288
0.000288
0.000288
0.000288
0.000288
0.000288
0.000288
0.000288
0.000288
0.000288
0.000287
0.000287
0.000287
0.000287
0.000287
0.000287
0.000287
0.000287
0.000287
0.000287
0.000287
0.000287
0.000287
0.000287
0.000287
0.000287
0.000287
0.000287
0.000286
0.000286
0.000286
0.000286
0.000286
0.000286
0.000286
0.000286
0.000286
0.000286
0.000286
0.000286
0.000286
0.000286
0.000286
0.000286
0.000286
0.000285
0.000285
0.000285
0.000285
0.000285
0.000285
0.000285
0.000285
0.000285
0.000285
0.000285
0.000285
0.000285
0.000285
0.000285
0.000285
0.000285
0.000285
0.000284
0.000284
0.000284
0.000284
0.000284
0.000284
0.000284
0.000284
0.000284
0.000284
0.000284
0.000284
0.000284
0.000284
0.000284
0.000284
0.000284
0.000283
0.000283
0.000283
0.000283
0.000283
0.000283
0.000283
0.000283
0.000283
0.000283
0.000283
0.000283
0.000283
0.000283
0.000283
0.000283
0.000283
0.000283
0.000282
0.000282
0.000282
0.000282
0.000282
0.000282
0.000282
0.000282
0.000282
0.000282
0.000282
0.000282
0.000282
0.000282
0.000282
0.000282
0.000282
0.000282
0.000281
0.000281
0.000281
0.000281
0.000281
0.000281
0.000281
0.000281
0.000281
0.000281
0.000281
0.000281
0.000281
0.000281
0.000281
0.000281
0.000281
0.000281
0.000280
0.000280
0.000280
0.000280
0.000280
0.000280
0.000280
0.000280
0.000280
0.000280
0.000280
0.000280
0.000280
0.000280
0.000280
0.000280
0.000280
0.000280
0.000280
0.000279
0.000279
0.000279
0.000279
0.000279
0.000279
0.000279
0.000279
0.000279
0.000279
0.000279
0.000279
0.000279
0.000279
0.000279
0.000279
0.000279
0.000279
0.000278
0.000278
0.000278
0.000278
0.000278
0.000278
0.000278
0.000278
0.000278
0.000278
0.000278
0.000278
0.000278
0.000278
0.000278
0.000278
0.000278
0.000278
0.000277
0.000277
0.000277
0.000277
0.000277
0.000277
0.000277
0.000277
0.000277
0.000277
0.000277
0.000277
0.000277
0.000277
0.000277
0.000277
0.000277
0.000277
0.000277
0.000276
0.000276
0.000276
0.000276
0.000276
0.000276
0.000276
0.000276
0.000276
0.000276
0.000276
0.000276
0.000276
0.000276
0.000276
0.000276
0.000276
0.000276
0.000276
0.000275
0.000275
0.000275
0.000275
0.000275
0.000275
0.000275
0.000275
0.000275
0.000275
0.000275
0.000275
0.000275
0.000275
0.000275
0.000275
0.000275
0.000275
0.000275
0.000274
0.000274
0.000274
0.000274
0.000274
0.000274
0.000274
0.000274
0.000274
0.000274
0.000274
0.000274
0.000274
0.000274
0.000274
0.000274
0.000274
0.000274
0.000274
0.000273
0.000273
0.000273
0.000273
0.000273
0.000273
0.000273
0.000273
0.000273
0.000273
0.000273
0.000273
0.000273
0.000273
0.000273
0.000273
0.000273
0.000273
0.000273
0.000272
0.000272
0.000272
0.000272
0.000272
0.000272
0.000272
0.000272
0.000272
0.000272
0.000272
0.000272
0.000272
0.000272
0.000272
0.000272
0.000272
0.000272
0.000272
0.000271
0.000271
0.000271
0.000271
0.000271
0.000271
0.000271
0.000271
0.000271
0.000271
0.000271
0.000271
0.000271
0.000271
0.000271
0.000271
0.000271
0.000271
0.000271
0.000271
0.000270
0.000270
0.000270
0.000270
0.000270
0.000270
0.000270
0.000270
0.000270
0.000270
0.000270
0.000270
0.000270
0.000270
0.000270
0.000270
0.000270
0.000270
0.000270
0.000269
0.000269
0.000269
0.000269
0.000269
0.000269
0.000269
0.000269
0.000269
0.000269
0.000269
0.000269
0.000269
0.000269
0.000269
0.000269
0.000269
0.000269
0.000269
0.000269
0.000268
0.000268
0.000268
0.000268
0.000268
0.000268
0.000268
0.000268
0.000268
0.000268
0.000268
0.000268
0.000268
0.000268
0.000268
0.000268
0.000268
0.000268
0.000268
0.000268
0.000267
0.000267
0.000267
0.000267
0.000267
0.000267
0.000267
0.000267
0.000267
0.000267
0.000267
0.000267
0.000267
0.000267
0.000267
0.000267
0.000267
0.000267
0.000267
0.000267
0.000266
0.000266
0.000266
0.000266
0.000266
0.000266
0.000266
0.000266
0.000266
0.000266
0.000266
0.000266
0.000266
0.000266
0.000266
0.000266
0.000266
0.000266
0.000266
0.000266
0.000265
0.000265
0.000265
0.000265
0.000265
0.000265
0.000265
0.000265
0.000265
0.000265
0.000265
0.000265
0.000265
0.000265
0.000265
0.000265
0.000265
0.000265
0.000265
0.000265
0.000265
0.000264
0.000264
0.000264
0.000264
0.000264
0.000264
0.000264
0.000264
0.000264
0.000264
0.000264
0.000264
0.000264
0.000264
0.000264
0.000264
0.000264
0.000264
0.000264
0.000264
0.000263
0.000263
0.000263
0.000263
0.000263
0.000263
0.000263
0.000263
0.000263
0.000263
0.000263
0.000263
0.000263
0.000263
0.000263
0.000263
0.000263
0.000263
0.000263
0.000263
0.000263
0.000262
0.000262
0.000262
0.000262
0.000262
0.000262
0.000262
0.000262
0.000262
0.000262
0.000262
0.000262
0.000262
0.000262
0.000262
0.000262
0.000262
0.000262
0.000262
0.000262
0.000262
0.000261
0.000261
0.000261
0.000261
0.000261
0.000261
0.000261
0.000261
0.000261
0.000261
0.000261
0.000261
0.000261
0.000261
0.000261
0.000261
0.000261
0.000261
0.000261
0.000261
0.000261
0.000260
0.000260
0.000260
0.000260
0.000260
0.000260
0.000260
0.000260
0.000260
0.000260
0.000260
0.000260
0.000260
0.000260
0.000260
0.000260
0.000260
0.000260
0.000260
0.000260
0.000260
0.000259
0.000259
0.000259
0.000259
0.000259
0.000259
0.000259
0.000259
0.000259
0.000259
0.000259
0.000259
0.000259
0.000259
0.000259
0.000259
0.000259
0.000259
0.000259
0.000259
0.000259
0.000258
0.000258
0.000258
0.000258
0.000258
0.000258
0.000258
0.000258
0.000258
0.000258
0.000258
0.000258
0.000258
0.000258
0.000258
0.000258
0.000258
0.000258
0.000258
0.000258
0.000258
0.000258
0.000257
0.000257
0.000257
0.000257
0.000257
0.000257
0.000257
0.000257
0.000257
0.000257
0.000257
0.000257
0.000257
0.000257
0.000257
0.000257
0.000257
0.000257
0.000257
0.000257
0.000257
0.000256
0.000256
0.000256
0.000256
0.000256
0.000256
0.000256
0.000256
0.000256
0.000256
0.000256
0.000256
0.000256
0.000256
0.000256
0.000256
0.000256
0.000256
0.000256
0.000256
0.000256
0.000256
0.000255
0.000255
0.000255
0.000255
0.000255
0.000255
0.000255
0.000255
0.000255
0.000255
0.000255
0.000255
0.000255
0.000255
0.000255
0.000255
0.000255
0.000255
0.000255
0.000255
0.000255
0.000255
0.000254
0.000254
0.000254
0.000254
0.000254
0.000254
0.000254
0.000254
0.000254
0.000254
0.000254
0.000254
0.000254
0.000254
0.000254
0.000254
0.000254
0.000254
0.000254
0.000254
0.000254
0.000254
0.000253
0.000253
0.000253
0.000253
0.000253
0.000253
0.000253
0.000253
0.000253
0.000253
0.000253
0.000253
0.000253
0.000253
0.000253
0.000253
0.000253
0.000253
0.000253
0.000253
0.000253
0.000253
0.000253
0.000252
0.000252
0.000252
0.000252
0.000252
0.000252
0.000252
0.000252
0.000252
0.000252
0.000252
0.000252
0.000252
0.000252
0.000252
0.000252
0.000252
0.000252
0.000252
0.000252
0.000252
0.000252
0.000251
0.000251
0.000251
0.000251
0.000251
0.000251
0.000251
0.000251
0.000251
0.000251
0.000251
0.000251
0.000251
0.000251
0.000251
0.000251
0.000251
0.000251
0.000251
0.000251
0.000251
0.000251
0.000251
0.000250
0.000250
0.000250
0.000250
0.000250
0.000250
0.000250
0.000250
0.000250
0.000250
0.000250
0.000250
0.000250
0.000250
0.000250
0.000250
0.000250
0.000250
0.000250
0.000250
0.000250
0.000250
0.000250
0.000249
0.000249
0.000249
0.000249
0.000249
0.000249
0.000249
0.000249
0.000249
0.000249
0.000249
0.000249
0.000249
0.000249
0.000249
0.000249
0.000249
0.000249
0.000249
0.000249
0.000249
0.000249
0.000249
0.000248
0.000248
0.000248
0.000248
0.000248
0.000248
0.000248
0.000248
0.000248
0.000248
0.000248
0.000248
0.000248
0.000248
0.000248
0.000248
0.000248
0.000248
0.000248
0.000248
0.000248
0.000248
0.000248
0.000247
0.000247
0.000247
0.000247
0.000247
0.000247
0.000247
0.000247
0.000247
0.000247
0.000247
0.000247
0.000247
0.000247
0.000247
0.000247
0.000247
0.000247
0.000247
0.000247
0.000247
0.000247
0.000247
0.000247
0.000246
0.000246
0.000246
0.000246
0.000246
0.000246
0.000246
0.000246
0.000246
0.000246
0.000246
0.000246
0.000246
0.000246
0.000246
0.000246
0.000246
0.000246
0.000246
0.000246
0.000246
0.000246
0.000246
0.000246
0.000245
0.000245
0.000245
0.000245
0.000245
0.000245
0.000245
0.000245
0.000245
0.000245
0.000245
0.000245
0.000245
0.000245
0.000245
0.000245
0.000245
0.000245
0.000245
0.000245
0.000245
0.000245
0.000245
0.000244
0.000244
0.000244
0.000244
0.000244
0.000244
0.000244
0.000244
0.000244
0.000244
0.000244
0.000244
0.000244
0.000244
0.000244
0.000244
0.000244
0.000244
0.000244
0.000244
0.000244
0.000244
0.000244
0.000244
0.000243
0.000243
0.000243
0.000243
0.000243
0.000243
0.000243
0.000243
0.000243
0.000243
0.000243
0.000243
0.000243
0.000243
0.000243
0.000243
0.000243
0.000243
0.000243
0.000243
0.000243
0.000243
0.000243
0.000243
0.000243
0.000242
0.000242
0.000242
0.000242
0.000242
0.000242
0.000242
0.000242
0.000242
0.000242
0.000242
0.000242
0.000242
0.000242
0.000242
0.000242
0.000242
0.000242
0.000242
0.000242
0.000242
0.000242
0.000242
0.000242
0.000241
0.000241
0.000241
0.000241
0.000241
0.000241
0.000241
0.000241
0.000241
0.000241
0.000241
0.000241
0.000241
0.000241
0.000241
0.000241
0.000241
0.000241
0.000241
0.000241
0.000241
0.000241
0.000241
0.000241
0.000241
0.000240
0.000240
0.000240
0.000240
0.000240
0.000240
0.000240
0.000240
0.000240
0.000240
0.000240
0.000240
0.000240
0.000240
0.000240
0.000240
0.000240
0.000240
0.000240
0.000240
0.000240
0.000240
0.000240
0.000240
0.000240
0.000239
0.000239
0.000239
0.000239
0.000239
0.000239
0.000239
0.000239
0.000239
0.000239
0.000239
0.000239
0.000239
0.000239
0.000239
0.000239
0.000239
0.000239
0.000239
0.000239
0.000239
0.000239
0.000239
0.000239
0.000239
0.000238
0.000238
0.000238
0.000238
0.000238
0.000238
0.000238
0.000238
0.000238
0.000238
0.000238
0.000238
0.000238
0.000238
0.000238
0.000238
0.000238
0.000238
0.000238
0.000238
0.000238
0.000238
0.000238
0.000238
0.000238
0.000237
0.000237
0.000237
0.000237
0.000237
0.000237
0.000237
0.000237
0.000237
0.000237
0.000237
0.000237
0.000237
0.000237
0.000237
0.000237
0.000237
0.000237
0.000237
0.000237
0.000237
0.000237
0.000237
0.000237
0.000237
0.000237
0.000236
0.000236
0.000236
0.000236
0.000236
0.000236
0.000236
0.000236
0.000236
0.000236
0.000236
0.000236
0.000236
0.000236
0.000236
0.000236
0.000236
0.000236
0.000236
0.000236
0.000236
0.000236
0.000236
0.000236
0.000236
0.000236
0.000235
0.000235
0.000235
0.000235
0.000235
0.000235
0.000235
0.000235
0.000235
0.000235
0.000235
0.000235
0.000235
0.000235
0.000235
0.000235
0.000235
0.000235
0.000235
0.000235
0.000235
0.000235
0.000235
0.000235
0.000235
0.000235
0.000234
0.000234
0.000234
0.000234
0.000234
0.000234
0.000234
0.000234
0.000234
0.000234
0.000234
0.000234
0.000234
0.000234
0.000234
0.000234
0.000234
0.000234
0.000234
0.000234
0.000234
0.000234
0.000234
0.000234
0.000234
0.000234
0.000233
0.000233
0.000233
0.000233
0.000233
0.000233
0.000233
0.000233
0.000233
0.000233
0.000233
0.000233
0.000233
0.000233
0.000233
0.000233
0.000233
0.000233
0.000233
0.000233
0.000233
0.000233
0.000233
0.000233
0.000233
0.000233
0.000232
0.000232
0.000232
0.000232
0.000232
0.000232
0.000232
0.000232
0.000232
0.000232
0.000232
0.000232
0.000232
0.000232
0.000232
0.000232
0.000232
0.000232
0.000232
0.000232
0.000232
0.000232
0.000232
0.000232
0.000232
0.000232
0.000232
0.000231
0.000231
0.000231
0.000231
0.000231
0.000231
0.000231
0.000231
0.000231
0.000231
0.000231
0.000231
0.000231
0.000231
0.000231
0.000231
0.000231
0.000231
0.000231
0.000231
0.000231
0.000231
0.000231
0.000231
0.000231
0.000231
0.000231
0.000230
0.000230
0.000230
0.000230
0.000230
0.000230
0.000230
0.000230
0.000230
0.000230
0.000230
0.000230
0.000230
0.000230
0.000230
0.000230
0.000230
0.000230
0.000230
0.000230
0.000230
0.000230
0.000230
0.000230
0.000230
0.000230
0.000230
0.000229
0.000229
0.000229
0.000229
0.000229
0.000229
0.000229
0.000229
0.000229
0.000229
0.000229
0.000229
0.000229
0.000229
0.000229
0.000229
0.000229
0.000229
0.000229
0.000229
0.000229
0.000229
0.000229
0.000229
0.000229
0.000229
0.000229
0.000228
0.000228
0.000228
0.000228
0.000228
0.000228
0.000228
0.000228
0.000228
0.000228
0.000228
0.000228
0.000228
0.000228
0.000228
0.000228
0.000228
0.000228
0.000228
0.000228
0.000228
0.000228
0.000228
0.000228
0.000228
0.000228
0.000228
0.000228
0.000227
0.000227
0.000227
0.000227
0.000227
0.000227
0.000227
0.000227
0.000227
0.000227
0.000227
0.000227
0.000227
0.000227
0.000227
0.000227
0.000227
0.000227
0.000227
0.000227
0.000227
0.000227
0.000227
0.000227
0.000227
0.000227
0.000227
0.000227
0.000226
0.000226
0.000226
0.000226
0.000226
0.000226
0.000226
0.000226
0.000226
0.000226
0.000226
0.000226
0.000226
0.000226
0.000226
0.000226
0.000226
0.000226
0.000226
0.000226
0.000226
0.000226
0.000226
0.000226
0.000226
0.000226
0.000226
0.000226
0.000225
0.000225
0.000225
0.000225
0.000225
0.000225
0.000225
0.000225
0.000225
0.000225
0.000225
0.000225
0.000225
0.000225
0.000225
0.000225
0.000225
0.000225
0.000225
0.000225
0.000225
0.000225
0.000225
0.000225
0.000225
0.000225
0.000225
0.000225
0.000224
0.000224
0.000224
0.000224
0.000224
0.000224
0.000224
0.000224
0.000224
0.000224
0.000224
0.000224
0.000224
0.000224
0.000224
0.000224
0.000224
0.000224
0.000224
0.000224
0.000224
0.000224
0.000224
0.000224
0.000224
0.000224
0.000224
0.000224
0.000224
0.000223
0.000223
0.000223
0.000223
0.000223
0.000223
0.000223
0.000223
0.000223
0.000223
0.000223
0.000223
0.000223
0.000223
0.000223
0.000223
0.000223
