15.527415
15.064140
14.732690
14.373238
13.946323
13.444800
12.904607
12.394695
11.969982
11.666193
11.489035
11.402903
11.388264
11.445614
11.516575
11.567140
11.562892
11.472350
11.299674
11.042485
10.673748
10.177424
9.582686
8.961279
8.369870
7.844027
7.404899
7.051173
6.794005
6.592965
6.412716
6.347697
6.334633
6.318585
6.351392
7.299287
7.257077
7.200486
6.914290
6.843732
6.878785
6.194052
6.057801
6.483459
6.049923
5.729138
5.703845
5.696807
5.792891
5.967037
5.917646
5.335467
5.597328
5.942432
5.320209
5.421985
5.820497
5.133089
5.221130
5.451621
5.147240
5.797603
5.367235
5.141672
5.282996
5.090880
5.437032
5.157579
5.275989
5.617513
5.873578
5.010354
5.176684
5.182009
5.110251
5.043067
5.069762
5.077017
5.077608
5.025298
4.975311
4.910751
4.838231
4.806827
4.778037
4.715619
4.918531
6.516089
9.003959
8.545456
7.637686
5.764991
5.801968
6.451611
5.987999
5.326772
5.176618
5.020642
5.038475
4.806100
4.620970
4.803222
6.386398
7.444102
6.562005
6.324259
5.217772
4.995979
4.633592
4.654382
4.598796
4.622615
4.690063
4.757532
4.773172
4.725790
4.763634
4.860730
4.746088
5.077167
4.734669
4.653481
4.656976
5.806791
4.843585
4.771161
4.998836
5.144027
9.676265
5.801291
5.120528
5.772723
5.258131
5.782245
5.216515
7.925078
6.626829
9.219343
6.361553
5.384318
5.793525
4.401012
4.877515
4.356993
4.109378
4.229682
4.381324
4.275221
4.277697
4.537471
4.350899
4.657226
4.424380
4.688324
5.947796
5.599121
5.286501
4.661059
5.999193
6.598520
6.839429
9.317382
6.986174
5.738536
7.496019
6.838922
4.226290
4.396160
4.312321
4.589792
4.303182
11.819594
10.578967
7.667457
8.150838
6.599919
7.029544
5.173021
4.024934
5.762578
4.307741
4.059598
4.146756
4.023847
4.201170
7.890898
4.759449
3.457356
3.999709
3.928785
7.545997
6.638048
5.155849
4.296803
3.514682
7.533853
8.180364
9.319320
9.388226
8.301270
7.330162
4.405988
4.631507
4.121050
3.680518
5.309593
3.415939
3.109167
4.348362
4.904412
3.871919
3.549861
3.233562
3.207887
3.961488
4.120302
3.627650
4.001571
3.263759
4.792052
3.881181
3.684476
3.245324
2.964466
4.263839
5.552195
3.482552
4.552565
7.744446
5.331598
9.576795
5.851369
5.909965
7.961707
8.454353
7.946087
7.369513
10.560682
7.808068
7.241685
6.156700
6.390090
5.782035
3.319489
3.157573
5.691262
7.913324
5.064076
5.159373
5.532525
5.705114
6.015855
4.442776
3.910747
3.276549
3.027349
3.519147
6.941880
5.365913
6.184316
6.138160
3.799240
4.637574
3.403848
4.911663
7.284093
6.885846
6.026945
4.360452
5.458133
4.276677
8.755410
5.335835
4.381909
3.474729
3.281404
3.480307
4.625753
5.616615
5.203077
3.631700
4.159841
5.149755
6.783981
4.259946
6.410998
2.883010
4.621544
6.685907
4.748973
4.506524
4.989149
6.772450
5.726427
5.300461
3.889335
10.437542
6.485928
5.300014
7.770981
5.578790
4.409167
3.448541
3.593860
7.057338
4.899443
4.371849
6.561240
7.261391
4.283890
3.508842
4.825466
7.714776
4.812455
4.818351
6.184188
7.358843
6.695864
4.914430
3.901437
3.496128
3.597179
4.579855
5.529884
4.043430
4.230141
3.276042
5.322891
3.608525
3.885584
3.538982
3.620603
4.298230
4.544894
6.283482
5.839936
8.383000
4.228794
7.194946
4.130798
4.162490
4.269780
3.597607
2.584051
3.485657
2.814574
4.143341
4.534919
3.413922
2.936855
4.196053
3.186752
4.504968
5.301759
3.988608
3.790713
2.905351
3.659523
2.981197
3.641718
7.314097
4.001192
3.499907
3.387599
2.835510
2.714141
2.572976
3.199616
4.425054
8.634775
7.148811
5.733296
9.540293
6.377539
4.723587
3.920643
3.351256
6.226589
6.989515
5.120989
5.175706
5.158743
8.220357
6.985720
6.480420
3.995545
4.078575
3.314157
5.604706
4.437874
2.954333
3.157064
4.672382
5.404809
3.319594
2.790675
2.647730
2.814360
4.242546
3.420885
3.390777
4.880202
2.990384
3.262476
2.988088
2.605270
3.290693
5.687365
6.062807
3.890815
9.436690
6.029472
7.599701
7.319644
6.467662
3.597089
3.174998
3.817537
3.728070
3.902675
3.146167
4.370901
4.111094
3.113313
2.473368
4.033617
2.864098
5.338835
3.873281
4.272938
3.058506
2.973315
3.054596
3.033467
5.423748
5.918321
6.827205
7.156499
2.651306
4.066164
2.613276
3.467524
3.371206
2.538944
9.254176
14.000477
11.442057
8.800364
6.082515
4.400556
5.931068
3.574055
3.576251
2.839806
2.565921
2.728180
3.458852
5.917230
9.439537
4.748041
2.589922
7.585008
3.625570
3.470883
4.044011
4.579842
7.792911
3.811980
4.085263
4.630001
5.716312
3.633569
3.349321
2.431795
5.172946
7.608595
3.770260
6.898993
3.291515
3.733122
3.639661
4.342996
2.749473
2.671899
4.393280
3.870417
5.268081
5.488888
7.528059
6.174180
6.331616
5.158829
2.927588
4.863546
4.956742
5.258230
6.235330
3.042679
4.338538
3.423536
2.488128
2.805531
2.256175
2.685511
4.151980
2.587430
4.810381
4.156812
5.648427
1.767600
2.966469
2.826061
4.975928
5.032188
3.679095
5.261522
3.721373
7.263772
4.423885
2.698750
2.917132
4.421383
2.156995
3.063536
5.444604
8.016830
5.987531
2.405600
1.831905
1.857981
3.718155
6.718030
4.334260
4.409944
3.762354
3.614511
2.328474
2.294909
1.653072
3.209751
7.192400
6.067344
3.153410
3.179742
3.793937
3.170407
3.752904
4.155005
3.437487
1.959504
2.274960
2.570128
5.729559
5.833426
6.479563
2.730246
2.554292
4.230070
3.724021
2.744184
1.811530
2.048118
2.507599
2.947319
2.783510
3.626868
3.819635
6.515534
5.639048
2.592395
2.801615
2.413325
2.145287
5.030006
6.845007
7.456973
5.722883
5.755204
5.289619
4.966859
2.570781
2.046259
2.374145
5.025834
4.012914
2.488001
2.288264
2.593006
9.347547
6.918251
3.103442
2.277434
1.912965
6.546450
2.091666
4.872805
3.938894
11.048070
6.976507
8.751624
5.501639
3.972598
2.544832
4.521104
2.132734
2.911140
3.689347
3.517775
1.545587
1.838069
1.900722
5.572676
8.281701
3.689587
2.602819
4.071466
3.313900
1.920762
1.345786
2.658710
9.465960
7.709720
4.418959
2.687383
3.600931
2.240934
3.497838
3.563627
3.553416
4.195380
2.522795
4.106341
2.088162
2.120612
4.497062
2.334383
1.748304
4.867674
1.442261
5.206527
9.850663
7.228762
4.606956
5.703096
3.272860
4.511892
3.612324
8.360092
5.330157
7.745370
4.432741
4.315479
4.492096
4.088726
3.191352
2.720985
2.719705
3.634730
3.999828
3.152024
2.484509
3.061290
3.227024
4.578666
4.935100
4.005493
3.003733
1.961951
4.171939
1.989604
2.302742
2.399461
1.853273
2.531502
1.351473
3.538728
10.619509
7.115066
4.064589
2.226646
2.395609
2.878298
8.624694
6.728507
5.271870
4.075485
4.253796
3.751650
3.089364
2.644055
3.583989
5.281392
3.319787
3.061992
6.530335
2.320553
4.548320
4.947644
2.825214
2.621513
2.449846
2.824898
4.611787
4.999487
3.134079
3.249666
3.272017
2.095847
2.046292
1.673560
3.889606
3.182898
1.748143
2.740715
4.869278
5.248094
2.809888
2.333946
3.541245
2.553345
4.004440
1.739639
5.986161
9.480426
10.140631
10.180215
5.135820
2.859761
5.906713
4.058521
3.114849
2.948464
2.717445
3.043322
1.721858
3.328150
2.234436
2.509713
3.913935
6.837068
2.467849
2.421596
1.797325
6.214869
5.710408
3.601682
2.778887
3.861054
2.214714
2.370521
4.939923
2.835782
3.789525
2.152375
1.495918
1.454776
1.589193
3.379269
5.046817
5.793781
3.718789
4.039708
4.114513
2.458192
1.791262
2.721611
1.856868
1.542624
1.459780
5.220598
4.479977
9.994479
8.779457
8.217430
5.034881
2.961234
2.851947
2.322952
1.687920
2.153110
3.654071
5.227943
8.147897
5.736600
3.616950
3.673075
2.858733
2.841243
3.303618
2.102097
2.930951
2.881212
3.754318
9.161160
4.179818
5.014689
5.353713
2.865971
2.319609
3.002597
2.904323
2.110933
3.650733
4.256841
2.851055
2.594432
6.487388
4.362969
1.980708
4.768467
5.571042
3.005941
3.137358
2.390834
2.542428
2.537310
4.374735
4.867041
2.662672
2.335791
1.442871
2.474881
3.584965
6.774371
7.376277
6.077439
9.876151
5.584107
4.241341
3.559993
7.712729
4.165344
3.190598
6.066544
5.789816
6.276997
3.139113
3.545935
2.605750
4.064086
6.121276
3.063836
2.216918
1.174422
1.688511
3.764154
4.734552
3.636010
2.258784
2.853522
3.684642
2.952389
1.613763
1.596726
2.946782
2.599755
4.309044
3.586195
3.252628
6.535790
6.014093
3.451953
2.697464
6.052967
2.542716
1.831315
2.077238
2.122284
3.538430
5.280308
5.159423
3.658365
3.805468
2.399333
2.189090
2.755198
2.942315
3.490030
2.965906
3.509712
3.160371
3.744416
2.775440
3.958146
5.412775
2.505312
2.661775
2.301397
2.236726
1.549219
2.636177
4.124227
3.070435
3.848123
6.629897
5.956403
5.353577
7.242349
10.156985
7.224896
2.367595
3.231431
1.951803
1.843581
4.070875
2.872662
1.757040
11.062843
5.680176
3.535015
1.835579
1.126383
3.630773
2.336969
2.418036
1.681988
5.663509
2.862902
4.568013
4.938356
3.122260
1.942657
3.317097
3.214336
2.122847
3.631777
4.814999
3.908592
3.144282
2.697972
2.077916
3.355512
4.301114
3.950225
2.258910
1.389296
2.373779
1.133174
11.340530
5.544031
4.654766
2.445243
5.179518
5.957711
4.811423
3.938571
4.769530
4.899500
5.007223
8.062946
5.354256
4.813414
4.483865
5.282132
5.209908
4.499523
6.890190
4.360995
5.660648
5.078343
4.602578
3.446210
3.721621
2.587707
2.702204
2.583230
1.737395
3.843162
5.603740
4.199923
2.274509
2.128906
6.097564
2.491686
3.077814
4.051732
1.725590
1.648163
5.158063
5.702943
5.674232
6.676889
5.958412
4.737191
3.140897
2.521534
3.534661
6.893412
4.910730
4.871660
4.246910
8.076653
3.357928
2.881238
4.432983
2.581994
1.704850
3.535611
3.878603
4.405847
2.468353
2.199746
2.382071
2.889347
7.926895
6.598843
5.862059
5.907035
3.900747
2.507735
1.809902
2.493847
2.481636
1.881097
2.855416
1.769283
3.123840
1.809868
1.785984
3.695510
5.075599
4.658510
3.884209
3.784685
3.770497
3.770171
3.855655
4.366689
3.871079
7.285678
6.022943
9.202733
4.563935
4.057613
4.009368
3.858780
3.915305
3.834282
3.874245
3.794208
3.859578
3.978041
3.952852
5.052895
5.432989
8.124266
4.611134
3.634166
2.364528
2.017665
2.713934
2.525407
6.440931
2.167658
4.783732
4.082427
1.768908
1.553501
1.575426
1.471539
1.327355
1.442955
1.355261
1.399466
1.415258
1.396055
1.662231
1.590395
2.149000
2.052336
1.908257
1.741452
1.574450
1.542578
1.433224
1.441992
1.458981
1.499631
1.571135
1.581573
1.512747
1.495924
1.579906
1.871341
1.707908
1.476907
1.459187
1.394280
1.321546
1.365358
1.378201
1.373251
1.366004
1.225220
2.624254
12.084634
11.448428
6.086243
5.154988
3.616201
4.342525
2.679776
2.310581
1.798400
6.138222
4.365741
3.509749
1.997498
3.376081
1.897555
3.023656
2.885592
2.053056
1.970332
2.153357
3.820022
3.481920
4.102792
4.406846
3.491853
2.402132
4.133406
5.638325
2.179845
1.874068
2.856482
2.205585
2.948400
2.804011
2.407311
6.365108
10.856335
3.924611
3.082475
3.545154
7.382552
6.329533
2.237458
2.049730
2.895504
2.018919
2.580959
1.776989
2.833151
4.346200
3.180260
2.095183
1.472983
2.311340
2.103115
1.674994
3.208997
2.653336
4.390887
3.269657
3.491634
4.716818
2.641053
2.741893
3.307624
2.279015
2.744789
2.641182
2.781179
1.482251
1.698795
1.718863
1.769123
2.981254
4.473689
5.004429
8.183462
5.488664
4.927508
2.502521
2.045013
2.731609
1.773826
3.491541
1.889315
2.975558
1.999717
2.091894
1.725348
1.813324
2.908133
4.070587
6.687630
4.435429
3.475480
2.689393
1.889720
1.926731
2.248876
1.927035
1.976162
2.326863
1.596101
1.593809
2.134115
2.544953
1.995178
2.328031
2.137261
1.930763
1.598176
11.921112
7.475187
4.633228
5.026961
4.763910
5.451628
4.248620
5.054668
3.324788
2.572755
3.381895
4.227545
5.202580
7.235553
5.790062
4.774264
4.943738
2.018747
5.174551
1.564631
6.049466
3.827595
9.106373
5.161939
1.923139
4.020499
2.487757
3.376012
3.316586
3.713815
3.188925
2.358399
2.000017
4.874731
2.929753
3.264427
5.419706
4.467718
2.532690
2.321973
2.495800
2.268707
2.084238
2.310623
2.358701
2.212661
2.187432
1.814197
1.977078
1.593272
4.030112
7.549427
1.705160
2.396548
3.610474
1.403652
1.751120
3.425989
3.309554
1.964759
1.574548
3.801478
3.426740
2.504166
1.561663
1.981105
1.728419
1.462591
1.383823
1.331001
1.294430
1.299579
1.329278
1.294623
3.186250
1.857660
2.587420
4.376295
9.369362
7.082217
3.482623
5.015482
3.371740
2.461184
3.296314
6.202771
3.402253
3.098116
1.735649
2.000333
7.325379
6.637665
2.976822
1.779432
1.555054
1.476254
1.460556
1.315230
1.580627
1.518295
1.825650
1.493878
1.399457
1.292745
1.475308
1.320349
1.298244
1.402806
1.279776
2.170405
5.139596
4.315527
5.136789
3.866705
1.599637
3.785920
3.136590
2.765894
1.626598
1.704770
3.455662
4.247533
2.366651
2.434218
1.370134
1.379458
1.736812
1.566995
1.210811
1.139256
1.248735
1.295243
1.321735
1.444598
1.170931
1.321840
1.450545
1.238663
1.293091
1.332905
1.151060
1.418042
1.456676
1.173437
1.201063
1.271203
1.115879
1.320829
1.120501
1.112126
1.265185
1.611928
5.001851
3.700826
6.266313
3.905454
2.801654
2.600558
2.691005
2.522218
2.071936
2.231783
1.735547
1.474111
1.152233
1.883368
1.193730
1.081841
1.099792
1.070755
1.073324
1.125670
3.218506
11.901159
11.018562
9.401113
7.045344
9.534428
5.495886
8.427617
8.028959
6.255728
6.009758
5.574468
5.263463
4.296179
6.354462
5.962633
4.168151
3.873823
7.301151
3.929334
4.065828
3.917807
3.741250
3.547315
3.728120
3.694735
3.671652
4.175670
4.488113
3.752360
4.116871
4.639118
4.033791
3.955376
3.399607
6.790954
3.599004
4.527354
4.072028
6.124756
5.601702
4.275698
3.382089
3.090026
2.969232
2.997596
3.268670
4.102090
6.764957
4.431781
6.252098
6.075462
4.785310
5.698992
4.595705
3.893578
4.003024
4.305360
3.818561
3.389522
3.377135
3.140561
3.650905
3.879320
4.267641
3.581979
2.652317
2.744502
3.470149
2.418690
2.446963
3.039518
7.524951
7.072241
8.448756
8.941729
4.667093
3.688990
3.568815
5.792882
3.703900
6.962066
3.334488
5.091033
3.082868
5.691986
3.456454
2.967981
4.842287
5.547469
5.434140
2.709503
3.616779
5.314875
7.371768
4.430818
3.592096
3.504196
3.141938
3.846070
2.722766
3.869015
5.173941
5.132489
2.853553
2.744565
3.281205
6.025092
6.490889
6.615693
2.969602
3.461285
5.989625
4.243569
3.387303
2.452230
2.828731
3.752940
3.577933
2.646254
4.127348
4.819426
3.129778
2.982112
3.067660
2.848069
3.850044
2.562866
2.938049
5.649040
2.766090
5.995973
10.632075
4.821796
2.358695
3.726704
3.778375
2.379045
5.227369
8.277604
4.500440
3.038620
2.674373
5.668739
6.417614
2.884051
3.440517
3.678013
2.802809
2.015083
2.188785
3.121413
8.278672
4.676518
5.437246
7.638812
5.828708
3.411431
3.136876
2.897824
3.495832
6.301929
4.130690
4.063845
2.744834
4.654578
2.098684
4.122588
4.655758
6.363962
5.364708
2.750447
2.982270
2.651034
3.345651
2.958429
6.364392
4.688989
2.391588
2.075650
6.914540
6.663616
2.117872
1.881984
2.241450
2.098235
4.842624
6.016041
4.210599
5.433038
6.332072
7.080724
4.474053
2.652234
4.865612
4.712841
3.764207
2.252649
4.074942
6.726323
5.424902
4.425477
5.570986
4.336954
3.696964
7.944067
6.318745
4.481296
4.178214
3.880412
2.448098
2.491442
4.308176
4.339605
2.443961
3.779125
2.499989
4.036263
2.870739
9.112981
8.578113
6.258870
2.475047
2.048673
1.826165
1.738923
2.731010
1.872603
1.674974
1.386444
1.687207
5.629946
9.218192
6.282274
4.684890
5.798404
5.586129
6.469854
4.275005
2.704353
3.069365
3.134604
5.157415
2.736381
2.548908
2.816543
4.577489
6.878548
4.522208
3.540655
6.965039
4.580882
7.115084
8.306528
6.764255
5.537186
4.670868
4.016737
3.569213
4.239821
3.640946
3.084557
2.423941
2.145671
2.658402
2.116472
2.556360
2.244982
5.980336
3.528967
4.190490
5.159576
2.000249
2.280493
6.667110
2.389048
3.488759
1.821063
2.304667
2.667701
2.429184
3.056786
4.022298
2.539343
2.044095
2.085743
1.679830
2.696398
10.471283
5.545826
3.644112
6.298908
6.829870
2.695674
2.322107
5.644268
3.334664
3.082255
3.166724
6.426796
4.267734
3.330384
3.179662
4.856696
3.565543
5.086763
6.686259
3.301299
6.064720
4.085497
3.236037
2.678365
1.449014
1.568079
1.336610
3.387484
8.268550
6.570972
6.694132
7.177858
5.666627
2.916273
4.758862
3.877819
2.461952
2.442770
2.941370
2.710459
3.735835
3.684660
5.364874
2.260856
6.618394
9.192723
7.705899
6.673004
4.693394
3.362012
3.050715
3.702611
2.297601
3.855000
3.464372
2.953244
2.847863
4.415976
1.960421
6.223423
10.184662
6.797626
6.189811
4.657608
3.688590
6.696969
3.620004
4.760155
2.874379
3.351546
1.771268
3.253163
3.065133
6.418203
9.466901
9.185430
6.261271
6.581500
7.377797
5.711034
4.993122
3.058834
4.466131
2.741939
3.376679
6.480604
7.157646
7.129872
5.250400
6.283020
2.892627
3.785863
2.100128
1.781800
2.838312
1.690454
2.789864
3.461886
2.083930
3.469741
1.828885
7.607807
5.449318
5.323410
4.998533
4.817941
3.392280
3.651633
2.446300
5.192723
6.697754
2.915975
4.344000
1.641009
2.589917
2.067526
5.289417
3.722739
3.566998
4.841956
3.158007
6.868763
3.704807
6.700257
6.225522
2.619585
3.024647
1.996749
2.357243
1.973212
4.047026
2.785004
1.882537
3.196253
2.137123
6.509489
9.602614
6.236913
5.244460
3.016987
2.432475
5.026319
5.407574
3.466076
3.894410
7.242961
5.074947
2.459788
3.900820
1.707508
2.877572
4.346276
3.475150
1.428859
6.176978
2.424699
4.318485
4.757244
5.771443
3.316550
2.799582
4.920573
4.386901
3.897147
2.647768
2.134900
2.315906
1.983473
3.674625
5.487807
5.301273
2.591326
2.252576
3.112972
7.517589
6.558591
7.298425
8.134729
7.133152
6.178449
6.299012
5.399745
4.803503
2.610230
2.095886
3.799644
2.025606
3.241162
2.840059
3.518065
3.259631
2.024757
3.556071
4.166186
5.253553
3.905107
3.276014
4.589770
4.267885
3.868098
3.878942
2.734052
3.947366
4.583306
3.047921
3.296600
4.419774
2.369138
5.230487
2.906451
3.151656
2.488088
1.983267
1.953670
1.510502
3.059177
2.390462
2.849820
3.286358
5.697087
6.612260
6.062378
3.569445
1.939228
2.776818
3.117069
4.350540
4.842243
4.443421
3.261952
4.242941
3.153027
2.667007
2.779814
2.520433
3.265034
2.114680
2.344905
2.801920
2.681474
6.732018
3.391766
2.017080
1.924248
3.164600
1.385175
5.268767
7.385844
7.849854
2.882230
3.173818
3.343941
2.197874
1.809822
4.508433
2.229760
3.163173
2.171864
2.995821
4.889577
4.537113
2.344103
2.331939
3.324102
5.176539
3.262839
3.002662
4.326137
2.227407
2.762904
4.275681
2.720334
3.256440
1.991532
1.507185
3.186601
8.296657
6.627379
5.484822
4.294814
5.181149
3.778217
2.277640
3.785914
3.330057
2.344745
2.056148
5.110130
5.391029
4.435573
4.322734
9.373055
4.454700
2.490289
2.512319
2.051730
1.409643
2.315474
6.451722
7.197523
6.802269
8.743586
5.747735
6.515914
3.962071
3.522512
3.987962
3.326823
2.522493
2.370643
1.548098
1.658455
1.652785
2.896682
1.841268
1.260280
2.737009
4.929499
9.534405
6.048100
5.846623
3.837624
6.473377
3.231978
1.925908
4.102531
3.978436
4.190350
4.487329
2.803613
2.937008
2.645372
1.530533
3.555331
3.018159
4.964252
6.531390
6.028208
2.819842
2.451981
3.741193
3.751122
5.058477
4.738670
2.617431
5.080238
7.087307
3.983470
3.591429
3.644573
2.707584
1.926283
2.587397
2.135984
3.406278
1.708895
2.215416
1.765421
6.546239
4.747756
3.922363
3.108219
2.091131
2.070751
1.859072
1.589205
1.724843
3.455063
3.336370
3.134703
1.825915
3.148962
4.692110
5.420537
4.793767
3.944460
3.402652
3.541947
2.259782
4.754499
2.843461
3.217395
1.746233
1.218172
1.930832
1.872056
1.392816
1.829415
2.213619
7.766632
9.159308
12.895076
10.589816
4.594969
2.988216
3.217633
2.810228
1.970920
2.813736
1.619404
2.684457
3.531785
4.003222
7.545202
4.516456
2.924173
2.675760
3.514522
2.296859
3.839014
3.672592
1.865383
2.157940
2.797408
2.517864
1.629090
2.593238
4.498198
4.190254
6.182973
6.406760
13.848747
11.786631
9.784838
7.879381
5.379058
4.298876
7.205882
3.030468
3.408856
3.877968
2.437640
2.898631
4.440372
2.168104
2.724935
4.940727
3.344803
3.605301
1.876451
2.636840
6.499600
5.502745
4.403455
4.189000
3.118711
3.095870
4.479621
4.086450
3.254734
3.719753
4.667471
2.896560
2.294406
3.260993
2.440843
4.148924
2.731588
3.207362
2.388875
1.176800
1.010729
0.915769
0.812127
13.595089
12.115648
12.300662
6.087540
9.364677
6.578928
6.951742
5.020776
5.945719
4.688804
5.327394
5.014277
3.965772
5.637044
6.104719
6.126919
5.807439
4.384919
4.832183
4.999454
10.184005
4.995192
6.210928
4.857228
4.261596
4.114642
5.300504
4.322545
3.599323
3.274748
2.120185
3.435236
2.036882
2.463510
5.758856
4.560747
2.830043
2.795578
2.734331
3.965818
3.539880
2.284901
3.579336
2.186472
1.828279
4.354731
1.443134
1.642854
2.004106
3.419670
4.181043
3.974754
2.212905
6.368465
2.536184
3.045202
5.184186
2.547824
3.055893
2.940854
2.408489
1.410288
1.895951
1.591838
3.270645
9.405979
6.225522
6.881708
8.861787
8.357395
6.277440
4.603484
4.938740
3.722499
3.944626
7.273755
6.733914
3.259726
5.430574
4.085608
3.034942
3.260023
3.828544
5.546600
3.730687
2.743837
3.709835
3.149214
2.699738
3.421172
4.474911
3.266254
2.054365
1.832271
3.010029
2.116483
2.803242
2.535464
2.754349
3.520396
3.405491
3.082529
3.929011
8.039797
8.709127
7.081415
7.240423
2.967080
2.674778
2.781777
4.448792
3.771118
3.622505
1.716302
1.957779
2.184248
3.356147
2.526517
2.971464
2.932263
5.843954
3.172460
2.886757
2.462525
3.101803
2.838927
3.662049
4.987096
5.097443
3.958176
5.352536
8.893638
8.824865
7.455938
5.749544
4.585424
2.921639
2.382901
3.989897
3.886711
3.639635
4.735086
3.569502
4.930224
6.048596
5.671699
3.832166
2.677703
7.681140
7.214021
3.606657
5.123983
5.249241
2.825370
3.179398
3.649941
3.769537
3.487834
3.912416
3.598154
4.663844
3.898620
1.965062
3.144877
2.313980
3.183074
2.246437
3.977308
4.844251
4.440686
3.497523
4.442525
4.296168
3.237931
1.780330
1.352719
1.222095
1.199768
2.080780
2.833096
7.246598
4.161700
3.594594
6.347802
7.839481
2.864898
3.623982
2.817986
2.911869
4.011483
4.033040
4.507172
2.823913
2.777299
2.289816
2.725190
3.720394
5.533527
3.831832
2.925636
2.376094
1.742017
3.740619
2.253344
1.658904
2.929609
3.497650
5.305634
2.663381
1.628526
4.267839
2.773598
3.585241
4.873185
4.097374
4.266743
2.128033
2.403333
3.313428
4.393256
3.646915
2.561469
2.662701
3.132983
2.399496
2.283051
1.824953
1.443684
12.445775
22.820979
21.978921
15.056303
14.214779
13.750517
13.442456
13.123197
12.560179
12.409205
12.192619
12.018743
11.822034
11.409794
11.205943
11.075767
10.940788
10.845087
10.824704
10.812734
10.405149
9.659214
9.147741
9.222030
8.434061
8.247473
7.548459
8.746394
8.632705
8.287265
8.246097
9.661736
8.020149
10.233477
9.094127
10.766408
9.194749
9.794869
10.250593
8.845156
9.910586
8.914582
9.984826
7.553264
7.028072
7.329416
8.305777
9.064120
9.155658
7.453582
8.286348
7.283955
7.416933
6.801265
6.584625
6.459672
9.318880
9.533670
8.706096
8.233339
8.537948
9.788645
8.735373
8.113327
7.908371
9.098963
8.603317
8.350991
7.320125
7.150233
6.266200
7.311444
10.104411
8.630422
7.522961
6.215477
7.010397
9.395288
8.379372
7.198300
6.155782
8.111023
6.992877
7.562803
4.553781
4.756478
8.092244
7.426148
6.197012
7.892465
12.454524
12.287901
10.044563
7.823436
7.804510
11.382663
9.279101
9.453762
8.310970
8.164851
6.953090
6.189301
6.031116
8.683066
6.808624
5.742609
9.078012
8.153463
6.043504
6.006704
5.597950
6.891658
7.118203
5.390063
7.459000
6.971185
6.944005
8.711605
9.965869
8.912121
8.138978
9.625830
6.445573
8.756178
6.536187
4.923888
6.675982
8.976667
9.741564
7.411379
7.978713
7.659949
7.560076
5.723911
6.783125
7.138240
5.957082
6.422595
5.913615
7.702634
6.149669
6.316616
7.441250
7.271099
6.438949
6.737672
6.837816
10.262445
7.798159
6.269866
5.104758
7.878666
8.244137
5.377140
6.235909
5.080581
5.965016
6.862842
6.316140
6.951159
8.053941
7.479308
6.253546
5.767525
7.707586
6.828956
6.711376
10.971220
7.245529
6.529005
4.009374
10.230796
8.748514
6.406832
11.595902
7.622789
10.605765
9.128342
8.115481
9.755763
9.447298
8.265747
7.104716
6.951510
6.833867
8.055421
6.759171
5.711071
7.237986
5.267899
5.886393
9.383117
7.056328
6.879002
5.498705
6.374543
7.851412
7.678570
8.005497
6.445676
5.740453
6.081918
6.482696
7.427357
10.238797
9.500779
9.865977
7.353013
6.851222
8.035809
8.514077
7.361418
7.637541
10.460393
6.795685
7.101700
6.573847
6.335110
7.304578
6.114915
7.777630
6.324992
5.375776
5.803687
5.116289
5.324580
4.980488
5.790971
5.907933
10.374902
6.425021
7.328522
8.121672
7.956705
7.592563
8.089673
7.592428
5.294375
6.137219
5.810847
6.394588
4.867504
5.261860
9.998283
6.919728
7.362096
5.909523
5.942522
5.370735
5.056571
4.670559
8.049581
4.174939
5.531478
5.077226
5.130645
4.444913
6.669088
4.897092
6.488223
5.541297
4.969215
5.384560
6.945828
4.795056
4.205494
4.031853
3.959405
4.530326
6.324576
3.843429
4.936070
6.386550
6.821401
5.828382
4.769747
4.414456
4.744481
6.378442
4.747648
6.372823
5.617464
6.372803
4.799343
4.326531
4.456856
6.479262
5.382700
4.471176
5.135465
5.730021
4.447853
4.892793
5.053422
5.184428
6.198223
4.901011
4.653784
4.381718
5.165714
7.916470
7.487436
5.477251
4.792011
5.066597
4.693328
5.688186
4.162574
7.257174
6.546800
9.350299
7.535946
6.093381
7.096311
6.742236
5.966707
8.192496
6.786519
5.355941
4.592355
4.891436
6.280502
4.266405
4.397416
4.782935
5.079696
6.022217
5.657643
4.499025
3.715641
6.000661
5.314132
4.699409
6.151634
4.509644
5.436846
4.251731
6.838539
5.615605
4.421716
5.557634
5.795045
4.021616
6.015744
4.383204
3.914671
4.148850
3.993785
4.914593
7.872227
5.479540
4.983389
5.096174
6.407134
6.902656
6.931327
9.920559
6.811937
4.926044
4.916644
4.164640
4.607476
4.770930
4.667099
4.484361
4.292415
3.862935
3.864603
4.060286
4.153348
5.101057
6.754483
6.820887
6.697638
7.153007
7.615649
5.079826
6.241599
7.684095
5.452602
5.316735
4.395390
4.059472
4.850094
4.392607
5.404148
8.739910
6.142365
5.018239
6.222802
5.283424
8.405337
7.724976
4.945682
4.408745
4.795463
4.393510
4.910616
3.495321
3.669858
5.146800
5.734764
4.744825
6.050777
7.905757
5.302730
4.499181
4.597077
4.013212
3.469616
5.379351
5.943683
5.897390
5.539950
4.943981
5.532812
6.350627
4.043632
5.427418
5.195132
7.006449
6.294518
7.252990
6.669998
7.563615
7.150398
6.143473
6.120747
7.063689
4.813667
3.836223
4.533867
3.378306
3.372812
4.184845
4.875963
6.413600
7.912886
7.811855
11.972203
8.374278
7.138122
7.449832
6.671621
8.256375
6.773735
6.102639
4.777013
4.430687
6.050305
6.710089
6.308710
4.116991
5.427647
6.471261
5.902960
8.760109
5.928237
4.117463
5.026194
4.257183
4.212968
4.396465
8.071357
6.431036
5.887912
4.697941
4.709824
4.520740
6.106911
4.339980
3.518542
5.160406
4.359700
5.947175
7.047713
4.424033
4.225247
6.317484
7.927803
9.090020
6.648525
4.582778
3.451760
4.614356
6.706951
6.460176
6.131205
5.523532
4.216547
8.241127
7.472711
8.406578
5.585578
6.183270
5.066162
7.239136
6.414641
7.014616
6.944096
6.320846
5.540772
5.240348
5.022540
5.760137
8.605259
5.745224
5.487773
5.408892
5.558139
4.798359
6.374954
5.012277
5.922891
6.440435
4.981428
7.082595
7.008897
4.662397
5.341741
4.964149
3.819386
3.850677
4.822537
5.772586
5.675690
4.456384
5.236514
7.075677
5.963981
7.456063
5.214995
9.042258
6.602202
6.852908
5.295596
5.640527
5.651646
8.260413
7.571917
6.774730
6.826186
6.021010
7.725266
8.790247
6.925405
6.840990
5.558954
4.514091
4.977184
5.448156
4.902159
5.984137
7.232533
7.355140
6.030775
6.336850
4.613160
7.155870
4.936052
4.912650
6.804800
6.287533
5.260872
6.707042
5.056295
4.470654
5.000782
5.365830
9.212813
6.315979
5.404529
5.474890
4.947389
6.914715
4.773819
3.990632
4.879103
4.360173
4.221763
4.451130
4.344926
7.061331
5.140535
7.017859
5.891893
6.491619
6.155743
5.357282
5.009171
5.308545
5.203246
5.659842
3.963690
4.404462
6.289878
6.959348
5.091394
4.655186
5.746701
5.247935
5.442557
4.523488
5.169352
7.811404
6.521226
5.060586
4.469649
7.342611
6.286250
5.781348
5.896145
6.528255
7.008364
5.107068
5.366907
5.402508
5.095059
4.849572
4.816715
3.927448
4.278663
5.057568
5.677739
4.809963
4.013181
3.985268
7.242181
5.361341
4.935936
3.953089
3.812044
3.995543
4.996015
4.904416
7.033905
6.894619
6.600294
5.551457
5.948040
4.643529
5.065316
3.772745
4.899083
6.392422
5.493778
5.018292
4.227333
4.238874
4.808910
5.258583
5.291837
6.133431
6.531916
3.989288
4.004578
3.687432
4.057817
5.423673
6.315391
5.010510
4.696350
4.929724
5.218094
7.236363
5.414782
5.041225
6.044276
5.115730
4.487613
3.701872
4.842664
5.558148
6.214564
5.910928
5.646258
7.177001
7.028855
5.346184
5.066066
5.266209
4.557996
6.358636
5.572653
5.783347
5.411557
4.734211
4.555860
4.593540
4.559232
3.831558
4.984844
5.430859
4.422592
4.956577
5.849574
4.542406
3.796134
3.900511
4.344278
7.622015
6.626952
7.893522
6.569421
6.034901
4.698866
5.957002
4.061946
3.887958
7.271599
5.256783
6.597046
5.562332
4.772870
6.963199
5.420547
4.803299
5.786636
4.494755
8.924927
7.399309
5.476047
5.131442
5.101453
4.176142
5.201459
4.292301
4.083060
4.017201
5.482247
6.765941
6.571438
6.731606
5.425481
5.137660
4.327963
3.997205
3.622147
3.256793
3.876259
4.808478
3.354401
3.155163
5.245440
6.800635
4.133412
5.041562
7.568004
7.639398
5.639642
4.447432
3.438517
4.446448
5.342348
4.113234
8.368088
9.340186
3.784738
8.931037
4.907481
7.613785
5.130761
6.022133
6.296252
6.647684
6.084184
6.528258
5.354553
7.760071
7.707928
5.307766
4.316053
5.085272
6.368224
6.271498
5.168312
4.778353
5.830737
4.286316
4.642775
4.751636
4.614975
5.221847
8.347486
9.284699
9.669543
6.876901
7.939451
8.603036
6.502006
6.025333
6.428419
9.049526
6.567316
6.790719
7.775527
7.803826
6.722709
5.325922
4.241860
4.189910
3.653797
5.137330
3.948385
4.612705
3.545972
5.075554
5.207613
4.438595
4.790094
7.029736
11.069514
6.328389
3.976948
5.925496
5.560477
4.385798
4.616370
4.427048
3.727539
4.050499
3.642758
3.498180
3.586937
4.118888
8.493710
5.785681
6.765933
5.070591
3.938054
7.350249
6.896357
6.547651
6.362010
5.842541
4.656792
4.074182
5.518283
5.037295
6.939386
4.944138
4.086266
4.902063
7.165382
10.712225
6.045933
6.672420
4.925268
5.858939
7.615428
4.767456
4.354810
4.670634
4.110955
3.910049
3.723035
3.505590
3.533809
3.690918
8.393965
4.531194
5.327772
9.581587
5.723108
9.607016
8.197289
6.980175
5.227016
5.878272
6.905481
5.674735
5.192449
7.997037
6.743750
6.910176
5.667760
5.918534
5.473146
6.135664
6.858142
8.170594
7.544910
5.404399
5.962734
5.933206
6.123314
4.491291
4.912611
4.927268
4.231698
9.262349
5.973061
4.491154
7.442113
6.123545
6.376537
6.138848
6.829165
4.669832
5.167466
7.064631
4.793060
5.262148
5.292128
5.008266
5.793176
4.349844
6.606150
4.736917
4.260008
5.739690
7.627146
5.283295
4.810461
6.037448
5.996276
5.592196
5.478589
5.906779
5.652728
5.993496
5.918639
4.425219
5.582403
3.288334
4.819773
4.991094
7.528507
6.631237
4.626154
6.323678
4.762783
9.243342
8.478844
5.569207
4.371463
4.294610
6.434513
3.558806
7.037340
6.336577
4.604271
5.616724
8.570018
7.800056
6.405007
8.290868
6.662371
4.823428
4.634641
4.555050
5.034686
4.381293
4.299809
4.120139
4.817082
8.950133
8.517624
6.318467
5.582489
4.865223
5.272017
7.302756
5.173802
4.944519
4.635536
6.732003
5.227393
5.373318
5.652297
5.308088
4.524253
5.728985
5.018332
7.322400
4.915527
5.554123
7.599410
5.578229
4.353981
4.602984
9.796284
5.985667
4.784801
6.357860
4.630381
5.094638
5.877113
4.807805
4.086246
5.320068
4.274302
5.804254
6.217891
6.591334
6.765413
6.606332
8.290125
5.334618
5.088410
4.910478
8.353395
4.645799
7.641927
6.145764
5.680377
4.640100
6.348633
4.420731
5.282657
4.963711
5.227604
4.273908
4.570079
5.671511
6.175589
4.404425
5.479267
5.650878
6.349056
5.115700
5.977454
6.231775
5.188236
5.002570
5.728986
4.352655
5.964232
5.100354
4.076112
3.592981
4.038220
4.456996
4.236975
6.361090
6.419573
6.557432
7.968745
6.223744
4.723126
4.889771
3.710279
5.185549
4.482649
4.906954
5.319572
7.240049
7.655447
5.749836
4.237769
4.212402
3.585076
3.266313
3.801679
4.096932
3.554275
5.641130
5.569861
5.212254
5.120464
5.308833
3.757639
3.650250
4.166290
4.146295
4.214757
4.783402
4.589666
3.970792
7.109739
7.286681
6.610875
6.160604
5.688571
5.405607
5.457859
5.612209
5.415738
5.070746
4.766958
4.808096
4.976159
4.940161
4.837066
5.398790
4.867725
5.239198
4.736143
5.067075
5.202893
5.110534
6.222526
5.626763
5.030458
4.864998
5.825264
5.253162
4.999234
4.749241
4.643885
4.320052
4.682189
6.967684
8.472452
5.591827
8.719717
5.907704
4.849752
5.820638
5.118172
4.282783
4.514062
3.342123
3.707817
5.549186
7.416452
4.274952
5.317067
6.118815
5.972533
5.054807
7.090924
4.464002
6.718344
3.962430
5.218489
6.612007
4.180983
4.082099
4.364826
3.402977
5.907690
6.936614
4.492817
5.480238
4.403011
4.094915
4.885839
4.701340
5.053621
5.467741
5.344960
5.364489
6.277470
3.333857
6.467188
6.604172
6.867116
5.052946
5.440918
5.745101
4.412694
4.204522
4.834346
4.707775
5.518250
4.327163
4.392236
4.169382
10.025259
7.781256
9.713117
4.954594
9.050252
6.882133
6.810323
7.675493
5.844010
8.024556
6.114007
4.647742
4.122915
6.490111
6.431317
6.029595
5.171685
6.444767
5.924831
4.866680
4.644229
4.527362
5.376360
5.478860
4.663899
4.487126
4.350084
7.350985
7.058139
4.955729
4.787977
4.150981
4.127772
4.066568
3.827306
3.808694
4.076372
3.758952
4.030724
3.780172
4.013040
3.661712
4.033727
4.303742
4.824035
4.158253
3.890191
3.726371
3.713888
4.485362
4.999816
8.248854
6.176412
5.213578
6.540934
3.922257
3.923866
4.318415
4.230058
3.739149
3.579438
4.275218
3.606564
4.308815
11.694156
10.750912
7.117822
7.067247
6.047918
4.945181
5.430742
4.963359
4.440241
6.176489
7.105290
5.400308
4.783768
6.402171
5.945276
5.471627
4.606950
5.127120
4.421202
6.465212
6.565004
6.315661
5.650051
5.987000
4.897938
4.998825
6.923364
5.922612
4.142226
4.543590
4.027237
4.085693
3.992906
5.113588
5.282060
6.426015
6.738610
6.447149
7.153533
5.247068
4.777977
4.788556
5.340946
5.723039
5.713423
4.794110
4.673772
3.923208
5.983539
9.295559
11.695370
11.146168
9.576009
9.591214
9.265597
9.099081
8.928410
8.765134
8.898577
8.358455
8.178133
7.449272
6.922849
7.894742
8.506325
7.402894
6.265839
5.586468
7.817437
6.112522
5.174417
4.807346
6.556494
6.925251
5.400669
4.867808
5.059154
5.189299
4.691147
5.218757
4.301111
3.812221
4.422321
5.058533
6.479986
8.053441
6.115890
7.830235
7.943495
5.116270
4.661708
5.071849
4.933285
3.629107
7.844023
5.417812
5.745272
5.292247
7.470794
5.687804
4.134382
5.472525
6.443501
6.176541
5.551802
4.810090
3.602943
5.594893
3.885870
5.123119
4.355089
3.240516
4.908063
3.449985
4.144319
5.977095
3.983735
2.831486
4.686787
3.205041
3.819325
4.279131
4.138256
4.202355
4.854522
4.577075
4.101603
8.793747
6.520102
4.116714
6.847371
4.223094
5.578712
5.549326
6.346526
6.440220
6.078015
5.449724
4.797965
6.220728
3.641616
3.980947
5.780130
6.735017
4.941485
6.642955
3.904620
4.824976
6.940555
4.372476
4.099887
4.347088
3.248140
3.340453
3.701658
4.342908
3.354529
7.184447
5.979316
7.462860
5.290094
7.487517
3.125826
9.103918
6.246447
5.124659
4.212949
3.885723
3.783296
3.454113
3.712861
3.796970
3.291603
4.590576
4.311687
5.523679
5.386846
5.879848
6.870465
3.974825
3.714858
6.905278
10.941366
11.963627
9.820432
8.736463
7.595262
9.161072
8.053294
7.956957
7.111488
6.554764
6.591327
6.004069
5.067583
7.841349
5.952724
7.141864
5.031560
4.250064
6.164039
5.693816
4.641295
4.947206
4.020253
4.768700
7.024083
5.161824
4.446265
5.192713
3.987869
6.654112
3.918703
6.742565
4.659613
6.195563
5.354005
5.181034
5.283457
5.192779
4.257478
4.033980
5.066245
4.477296
4.642473
4.356082
3.566848
4.189230
4.258405
7.804112
4.963798
3.873353
3.512110
5.998205
8.278613
5.716767
4.057637
4.349666
3.738905
4.708680
4.127253
5.600957
4.670618
4.026619
3.429370
5.744528
3.655761
3.321774
6.346784
7.066126
5.211102
3.316061
3.539119
3.990518
7.309505
7.005714
5.638110
4.587986
4.463357
3.957012
4.036466
3.787104
5.728880
4.225585
4.680221
3.862646
4.318213
5.481385
4.117307
3.460808
3.186974
3.170191
3.390118
3.604051
3.091970
3.016428
3.030035
3.144825
3.904987
3.724292
13.141641
7.888383
6.634210
4.811001
4.226249
4.217928
3.274865
3.061592
2.997913
2.965269
2.913412
2.948138
4.379801
9.492125
8.419393
12.056525
6.378750
4.737129
3.653200
3.888478
4.536938
3.484158
4.692300
5.118389
6.753108
6.911040
5.296517
4.368482
5.201353
4.349656
4.938770
5.910981
5.009433
8.962297
7.146301
7.030756
5.850112
4.495585
6.135103
4.665700
4.785236
4.563160
5.684545
4.563087
6.984791
5.410954
4.187174
5.461253
5.064410
5.595175
4.822471
5.469966
4.629967
3.858589
3.791827
3.641466
4.506432
3.908881
3.727594
3.632534
3.455468
3.385340
3.365458
3.490091
3.558256
5.061488
4.592331
3.396945
3.340821
3.474602
3.165797
3.279206
3.204079
3.449167
3.858609
3.690248
3.279729
8.765459
6.222123
7.063490
4.404364
3.105713
3.841618
6.110902
4.706806
4.564531
5.184278
5.572105
5.881895
5.164649
4.555487
3.493370
4.081826
4.446789
5.028149
4.795792
5.948117
4.698919
4.361524
3.688925
5.241525
7.446631
5.302411
4.890054
10.372413
8.021597
4.749281
4.059572
4.777268
7.067774
5.553413
3.782272
6.534469
4.092817
6.374494
4.285615
9.268461
5.810938
5.207189
6.891862
4.852660
3.991524
4.275216
3.801414
5.559033
4.027370
6.692093
4.737066
5.999872
5.380364
5.626777
6.478491
5.071479
4.479816
3.349478
7.433823
5.349838
5.159695
3.796660
10.124559
12.037792
9.027810
6.579860
5.264825
6.734172
5.465381
5.369662
3.715188
6.040247
3.795031
3.722886
3.176773
5.579990
3.726998
3.723164
3.443806
6.825962
8.685993
5.844611
5.970953
5.321617
7.789152
5.071753
5.118248
6.540204
5.599859
5.423425
4.683143
3.693437
4.362461
4.392244
7.102230
4.632048
4.477392
3.406757
3.094310
2.837705
2.441875
2.454699
2.803525
5.289732
4.673317
7.040007
6.683066
5.887038
3.580123
3.356909
3.207030
2.995166
2.876425
3.508103
7.998837
7.766490
7.400757
3.933871
3.410371
3.318558
3.251251
4.030501
4.385664
10.888926
4.151745
5.075367
2.704530
5.135679
5.124239
3.490620
2.711741
2.479685
2.286491
2.269109
5.437151
6.151164
3.682846
4.939433
4.868987
4.053074
4.056648
4.735895
5.245885
5.446486
3.762156
3.354412
3.941847
5.433832
5.491303
6.893602
4.015426
3.638804
3.444298
5.769245
4.830814
5.587900
3.450424
3.496676
4.195526
3.032039
4.127573
4.722782
3.564056
3.822185
7.956323
3.733575
3.446895
3.659938
4.368002
3.718203
4.571637
4.420350
3.845331
3.512939
3.260553
3.069933
4.316431
3.343334
5.154566
3.779075
4.067322
3.073517
8.465531
5.865702
2.990918
4.049080
3.740069
2.344779
3.279002
3.251409
4.932386
3.286588
2.720201
2.844248
2.835331
4.575026
2.839513
3.604100
6.495549
5.983615
2.591988
4.674434
2.730815
4.465182
3.236673
4.748507
3.576100
4.085158
7.174881
10.874150
7.214348
6.031461
7.032947
7.076618
6.807480
5.288441
4.632073
4.227071
5.436959
5.935618
4.636615
5.684705
5.701212
3.723602
4.437424
5.040859
4.511452
2.806163
2.712729
3.970350
4.850145
4.446465
5.070347
3.456079
3.338687
3.196571
3.838243
6.067102
7.208049
4.833280
2.948373
3.396974
4.371348
3.188071
5.091678
4.595272
5.677204
3.120754
4.247154
8.151031
4.610700
3.317155
7.450267
4.276537
4.439561
2.550794
2.505958
3.774537
4.103332
4.274280
9.693029
5.135855
6.025156
3.125041
4.700346
3.839086
5.696285
8.827523
6.664089
5.835050
3.865763
2.351204
3.767157
4.393898
5.181717
4.287323
2.734014
2.485560
2.776543
4.572275
3.257257
3.489385
4.262630
3.653991
3.626060
3.089841
5.246537
3.533248
4.329085
2.498699
3.458215
5.082173
4.586531
4.226981
2.867782
2.879150
3.470172
4.516792
6.144950
6.509713
4.645692
2.797257
4.511878
4.029237
4.508700
3.500749
6.269074
5.758365
5.693702
9.969468
4.942090
3.793548
5.808732
4.916262
5.030081
2.546402
5.838843
6.603007
3.470876
3.753773
4.057366
2.962619
2.556270
2.773640
3.271613
4.302921
5.504447
5.630946
5.085548
3.388723
5.990485
5.434293
5.714191
4.789791
4.067911
3.869763
3.723055
3.426125
3.670095
3.294422
2.979069
5.499836
2.893706
4.121816
7.120765
5.689886
3.321138
2.692302
3.733533
4.706284
5.566741
7.638709
3.783290
3.055499
4.562052
4.353103
3.354133
5.005324
5.382665
5.392150
3.654875
2.786555
2.603932
3.748774
4.896281
3.877587
3.037625
2.498494
1.773042
2.645827
4.229262
5.499304
4.295170
3.126713
3.488737
2.469748
3.799460
3.441249
3.207939
3.825486
3.564045
5.768947
7.396760
6.521593
5.114201
4.308227
3.463242
4.495746
7.319545
8.286840
4.850003
3.129398
4.102423
2.776833
2.827924
5.168009
5.861206
5.985420
5.231829
2.558593
2.843842
2.947107
2.894766
6.980856
2.772060
2.638141
3.562365
4.383821
2.786240
4.629805
3.853804
3.549199
2.127800
3.943244
6.448882
3.622270
4.420549
3.682185
3.306365
3.065933
2.733635
4.410914
3.143974
2.564194
3.978869
2.039880
3.234541
3.627510
2.670038
3.171931
3.456105
5.515060
3.592902
2.959037
5.095370
3.900392
5.162600
2.196483
2.741277
1.559540
3.108156
3.960864
5.491171
3.131236
3.596578
3.311325
2.368920
2.578403
2.240769
3.246896
3.311555
10.255071
4.477667
3.443745
2.248834
1.599462
3.076416
6.432157
5.216355
2.325476
3.568488
1.936810
2.364754
2.235756
2.949207
3.603725
5.619710
5.200145
3.492650
2.902077
3.203738
3.854151
3.164821
1.302029
3.817865
3.388828
2.584105
6.491802
5.421819
2.389679
1.644198
4.710243
6.748424
4.325583
2.967258
2.751873
2.506940
3.652649
2.902673
3.814104
3.107678
2.915068
2.738574
3.118654
3.039229
5.459463
4.018238
6.296179
3.280094
3.085796
3.124553
2.277002
2.915264
2.326251
5.018743
3.509268
1.669440
5.315277
5.396557
5.564695
5.373820
3.911594
3.691669
4.080208
3.477407
4.101581
13.480284
8.112686
5.003590
3.597991
2.406936
5.467308
9.127999
5.447925
3.797174
3.138519
3.901133
3.459159
6.047906
3.253092
6.302140
3.522670
3.443821
3.638533
3.034483
3.488588
5.644041
3.389769
3.286245
6.040300
4.345887
4.050657
6.237052
5.983557
4.997594
2.446023
3.345552
3.109964
2.596662
5.200647
3.230724
2.589465
3.088322
6.914996
4.609722
2.865947
2.879785
5.217399
5.292733
5.546133
4.610484
3.140991
2.354842
2.458016
2.272286
4.622669
2.305397
4.554130
3.952874
3.029171
3.652504
4.767720
2.304447
2.192252
2.938242
2.782127
2.444644
2.499848
2.483376
2.060956
2.684683
3.225947
2.631636
6.394128
6.310770
7.123853
5.954842
3.885544
4.860369
4.087089
2.918620
2.035919
4.481104
3.892961
2.600893
2.522984
2.691783
3.090479
3.188311
5.982619
4.798349
3.781473
6.080833
5.006649
3.622429
2.666061
2.400518
5.032892
3.247490
4.215026
3.501184
3.001871
4.061993
4.681713
3.689089
4.015281
2.728076
2.098134
2.091096
3.327027
2.832715
3.688495
3.417554
2.278675
1.954549
2.111556
5.250450
4.318392
3.679375
3.045008
2.199936
2.195106
2.635287
7.703937
4.757958
2.244994
2.728708
2.438596
3.800062
5.505309
6.958327
4.426647
3.358551
2.535184
4.641515
3.199920
3.349187
3.115502
2.361412
3.844104
2.343307
1.688886
1.882582
5.809221
4.912682
4.470948
3.341997
2.801461
4.388487
3.169218
2.488285
1.781358
1.829470
2.779743
1.540980
2.583035
1.773391
1.702034
5.040398
7.283733
4.933570
3.944626
3.291478
4.107701
4.394026
5.786291
11.693936
10.032606
6.336854
4.420409
3.559739
3.038975
3.399993
3.203095
3.044626
2.895643
3.305209
2.686878
2.566885
2.395115
4.628483
4.019017
3.937077
3.106518
2.931560
2.028788
4.124324
3.764913
7.307191
4.727685
3.654437
4.880038
6.369509
3.590162
3.674534
3.157022
2.781077
3.097193
3.646021
4.312951
2.980033
4.253949
3.825287
5.172407
3.776492
4.174082
3.273650
5.010050
5.297260
3.330880
3.260693
4.162346
3.565575
2.908136
2.918761
3.574092
2.967240
2.740044
5.024284
3.671426
3.137658
3.030908
2.856103
3.487813
3.236273
3.499734
4.999976
3.786032
4.490614
3.335584
2.378216
2.291566
2.184371
3.720750
4.158297
4.260009
3.116037
2.640123
2.468218
2.363460
3.777835
4.336843
4.353606
3.981220
2.918385
9.726401
3.243285
4.813238
3.400925
5.508190
3.288516
2.890938
3.815442
2.417521
4.217374
3.501273
3.698051
3.681506
5.253257
5.141919
4.661996
4.011504
3.247216
2.498147
4.780095
4.239258
3.458257
3.562062
3.254518
2.655354
2.746462
1.995111
2.037930
1.842352
1.791271
1.926914
2.044410
2.372700
3.409046
5.141332
3.664885
3.624099
2.929680
2.441697
2.838406
2.303368
2.674951
5.362868
2.938453
2.979904
2.556073
3.543204
2.220193
2.008391
1.970790
3.004296
4.389310
6.329939
7.137227
3.056889
2.276788
3.336506
4.763340
3.513992
2.075723
1.986503
2.460577
3.304813
3.735256
3.462905
3.609929
3.235044
2.710233
4.578362
4.410644
3.754061
3.995755
2.811346
2.117302
2.130662
2.169344
2.358853
2.476640
3.694474
5.121494
3.655658
2.867637
4.080820
2.576227
5.060556
3.374040
3.706537
3.773941
2.363489
2.463524
3.588261
2.247354
2.808627
2.214135
2.256623
2.257188
2.257150
2.693743
3.788526
4.589379
5.625789
4.045836
2.826183
2.213810
2.191340
2.485079
2.346051
2.231524
2.183774
2.185737
2.664599
1.943055
2.057025
2.829837
2.087635
2.470787
2.208415
2.436872
2.063228
2.088055
2.225068
2.297470
3.226159
3.272706
4.594940
5.173180
9.318462
7.484444
5.576816
4.557476
4.042674
3.112336
4.765319
2.531952
4.882450
4.510182
3.303969
5.155836
3.450499
3.456898
2.492371
2.201883
2.070546
3.445441
5.295920
2.613838
2.739947
2.512350
2.273797
2.124720
2.128787
1.979881
2.851577
1.961783
2.837920
3.113562
6.425249
8.180661
4.939066
3.208387
4.349588
3.325338
6.391220
4.591592
2.792374
1.822385
3.023214
5.431131
5.332845
2.722497
2.833586
2.387692
2.265540
2.724230
2.456498
4.786580
3.952527
2.571809
3.296046
3.687373
2.412163
2.711730
7.192307
5.236239
2.717300
3.077410
3.058908
2.119338
1.888616
1.757206
1.711982
1.575434
1.678868
1.536039
1.653625
1.514447
3.580596
5.901419
6.913382
6.807940
7.034786
4.058210
3.704793
3.397342
3.264711
2.890176
3.048990
2.502616
3.519580
2.580622
2.705832
6.743299
5.457742
2.301646
3.431495
2.216722
2.136087
1.935139
4.403355
5.695835
5.995258
3.341449
3.409372
3.988317
4.266150
1.812845
2.004417
2.154595
2.187002
2.914770
2.575307
2.221993
2.271960
3.177505
5.235043
4.665841
2.813662
2.360943
1.899841
3.595982
4.855095
5.385860
2.660952
1.934496
2.167522
3.025436
4.348232
4.419980
6.077118
5.722120
5.710314
5.278165
4.254880
4.909331
4.822965
4.420120
4.636734
6.135772
3.618686
4.180664
3.745743
3.944413
2.510137
2.325152
2.149952
2.263855
4.118050
3.714096
3.976474
5.296804
3.721437
2.330873
7.083153
3.950733
3.564395
7.959293
5.765851
4.242838
3.780906
3.681029
2.818691
3.745025
2.396851
3.277415
5.226734
2.199501
1.769068
2.311263
2.544505
3.066414
2.171008
4.033409
3.880639
3.546889
3.044261
2.821118
2.140241
2.731515
2.758385
6.396531
3.281581
3.874509
3.410016
2.196508
1.941794
2.238566
2.600686
2.707245
1.742597
3.986605
3.140141
2.228075
2.199796
1.587716
2.003058
1.872203
1.938229
1.444345
1.305620
4.356332
5.210366
3.720127
3.752376
3.243891
1.758507
3.175864
3.054896
5.397306
2.452369
6.513192
2.927396
3.770136
2.973011
2.523888
1.952660
4.456905
5.866172
3.498392
2.875200
2.811386
3.268665
5.897775
2.679358
1.854769
2.068380
4.248215
3.004901
2.624639
3.496057
2.504087
2.141860
3.655453
2.605176
2.048070
1.839722
2.158675
2.902944
1.963904
2.496145
1.821518
2.052080
2.259834
1.750526
1.959891
1.551169
2.124530
1.964463
1.683588
2.063984
1.987338
1.961405
1.577016
4.703445
6.925299
3.468098
3.269545
3.020915
2.596141
1.801811
2.014269
2.491910
1.959339
1.864872
2.083582
2.161159
1.972607
2.012000
1.831127
2.063427
1.812703
2.048045
1.627250
1.936977
1.977093
1.645239
2.148440
2.223362
1.672901
1.627864
2.484641
2.042082
1.777455
1.988463
1.630567
1.908876
1.511842
1.857241
2.031019
1.777954
2.387188
1.796714
2.070898
1.633684
4.878877
4.520225
5.716814
5.711494
12.707899
9.985112
7.687710
8.316781
8.088943
7.735295
7.655822
7.451623
6.960600
6.567227
6.720477
8.832375
6.476809
5.676426
5.484356
5.205942
5.653822
6.101326
6.213613
7.022377
6.385943
5.209483
4.882816
4.342245
4.726927
5.303340
5.005139
5.084123
5.470177
7.965377
5.808270
5.064441
4.241056
5.100605
5.154338
3.275795
6.088116
4.468374
4.875786
3.963750
4.661809
5.857978
4.526066
3.100857
4.450428
5.755339
5.582695
4.645573
4.673052
3.986324
4.470551
4.237527
4.395761
4.163640
5.792388
4.637229
7.277677
6.367363
4.099855
3.263847
4.565240
3.985630
3.292604
4.241923
5.052607
3.974990
3.625669
4.791400
4.925354
5.188331
4.580873
4.753415
5.752093
4.014028
4.217048
6.942528
3.821860
3.360608
5.819665
3.829043
4.485112
4.076481
2.861160
5.639161
5.504838
5.470973
3.785926
3.253472
3.840053
4.635977
3.819705
4.280555
3.465622
3.247086
3.345845
2.871869
3.187682
6.023097
5.734506
5.418965
4.778976
4.804214
8.556538
7.884800
5.295884
6.949255
3.481696
3.754701
3.783114
3.477209
4.924563
3.305793
3.119881
3.710872
4.970377
3.094473
2.424816
3.080468
2.065326
3.922576
4.953790
5.780452
3.626085
4.354126
4.707697
2.745065
5.856812
4.047808
3.700707
2.240384
2.764396
4.217318
5.115369
5.048682
3.459969
4.195365
2.684441
3.181216
3.546135
2.895767
2.561755
9.262033
9.217821
6.254588
3.906203
4.093064
6.240832
5.791708
4.685864
3.136055
3.895429
2.295086
2.502472
2.753193
2.693673
6.825753
5.456161
5.804604
7.807117
5.533222
6.471065
3.504918
2.974070
2.125779
2.201029
4.239328
4.369953
5.141266
4.494466
3.525273
4.690079
3.105391
2.275713
2.828141
2.938046
3.876797
3.975520
6.039606
6.559419
6.276290
5.072516
3.565903
4.981477
3.808290
5.140585
5.471074
3.808509
3.595254
6.040210
4.997799
2.992397
2.995450
2.979773
4.426295
4.359406
8.910256
5.564349
4.438108
2.837694
3.345854
3.367786
2.890801
3.352638
4.168943
4.753446
4.425293
4.031220
3.946018
4.177341
2.985784
6.065751
6.329861
3.952928
3.215120
2.044386
3.577806
6.648876
3.366203
3.586455
4.132725
5.777194
5.633409
4.060288
4.294031
4.581303
3.535271
3.122521
2.978831
3.089625
3.977041
6.362015
4.325559
3.830424
3.598546
2.797183
4.045979
2.794064
3.855255
3.764017
3.155802
3.522574
3.384477
4.138199
2.998862
3.501873
3.144597
3.110110
4.193768
2.192016
2.311270
3.042771
2.470155
3.747041
4.996517
2.915028
3.924588
3.356546
2.823758
3.889456
4.204412
3.415352
3.922083
3.176125
3.784613
3.212064
3.302368
3.301548
3.132807
2.716974
2.466295
3.333580
3.716342
3.521174
3.774332
3.481474
4.899858
3.358323
5.450658
4.071196
3.778594
2.905461
4.001414
2.968306
2.269888
2.207559
5.331422
4.721480
4.108215
9.093581
4.631772
2.577059
4.001698
2.716066
3.954467
4.113365
9.473665
7.868420
5.596451
6.017830
6.311603
4.782581
5.100264
6.141972
3.868234
6.617761
4.864589
3.863812
3.023937
3.637091
4.993206
4.820935
6.280661
4.713806
3.447684
2.532537
2.543362
2.819127
7.679843
5.131861
3.220661
3.953084
3.525882
3.145513
6.052359
4.304635
4.757228
4.332399
3.362170
4.324234
3.899976
3.471603
2.767872
3.937065
2.681066
4.262372
4.198716
5.573302
4.472958
4.117003
5.526319
6.599204
4.314712
3.844641
4.352030
4.019831
3.708551
4.162381
3.528577
5.438100
3.744515
5.464120
5.317060
4.100640
3.643325
3.746265
4.266206
3.808019
3.988803
6.362898
4.438180
5.213241
3.505371
4.345752
4.965644
3.796118
3.751666
6.350364
4.769220
4.051731
3.945574
3.862800
10.773599
6.440020
5.988566
3.212090
4.019182
3.048881
2.929425
2.676975
4.373268
3.608762
2.821519
4.563956
4.640941
4.186077
3.362441
5.316821
5.476248
5.528309
4.373280
3.296905
3.880559
3.788997
3.048320
3.986719
4.036098
3.031619
3.072178
4.310035
3.679515
4.297428
2.191015
3.967959
3.185872
3.168650
2.420994
2.949083
3.086057
2.345077
5.781701
5.099180
3.594545
2.837658
2.750837
2.772088
3.301774
3.136756
2.541208
2.881833
2.584832
3.287915
7.832022
4.053149
4.082503
5.230994
2.868022
3.385440
3.038376
4.709745
3.246867
3.111117
3.591382
2.165224
11.919705
7.974184
8.707154
5.218458
5.838870
4.017647
4.937890
3.244030
2.812131
2.426488
4.293122
14.462490
8.789247
7.903686
7.025222
7.511608
6.729570
6.005556
3.808073
8.930013
5.045656
4.966770
6.072933
5.192178
2.663991
4.936262
3.989492
3.692204
3.565264
3.443330
3.674349
3.399077
3.111465
3.317747
2.249725
3.978899
3.070917
4.406510
4.343448
2.323219
4.675755
5.969920
3.848690
6.313164
6.197113
4.104996
3.068486
3.134063
3.127169
3.167789
2.883842
3.158663
3.523164
3.285359
2.417052
2.919447
3.295757
3.853366
2.813320
2.847399
3.767736
3.621108
2.771401
4.255808
5.706679
4.291479
3.491926
4.375221
3.617465
2.490561
2.882541
2.538090
3.030579
2.272120
4.953412
4.574664
2.603516
2.555385
4.172003
3.034517
2.335093
3.237975
2.897108
7.391806
4.817362
5.575244
3.918557
3.636468
2.964653
2.602952
4.133855
4.372693
5.261632
4.172056
2.275229
4.121768
3.022447
2.651375
2.414710
4.483870
5.515078
3.007876
2.710833
2.375510
1.803008
2.428737
4.149548
4.477717
3.466408
3.802018
3.489283
3.249824
1.638737
3.081352
2.823033
2.415382
5.256003
2.669956
2.394570
3.936075
3.262756
2.456900
5.760237
5.067673
3.136733
4.354639
6.194090
3.955773
2.205163
3.782262
2.796196
2.698699
4.571893
3.740485
3.741431
4.243698
2.504979
3.698300
9.134660
3.754090
2.843658
2.528582
2.057543
3.019404
5.439463
5.207495
5.092944
4.053797
3.943400
2.721971
2.540089
3.478585
4.088164
4.100399
6.074724
5.120333
4.334595
4.047116
3.062304
3.098990
2.552144
2.822724
3.929853
5.509320
4.002196
6.614887
5.020526
3.896125
3.479099
3.429046
3.278813
3.081177
3.423162
2.413883
2.309995
3.262067
2.833723
2.523664
7.197406
3.100990
3.797010
3.293350
3.188968
4.006162
3.348728
4.726280
3.279853
4.183463
3.757812
5.955516
7.993384
3.935803
2.253140
3.722092
7.635333
3.367708
2.646385
3.902513
2.459598
2.216573
4.842761
3.593981
2.787300
3.287065
3.058696
2.233078
3.917520
4.252392
5.903220
6.139197
2.524499
3.278555
3.263296
5.070849
3.887342
3.676441
4.788554
3.207740
2.421230
4.642764
5.475034
3.239318
3.476456
3.741254
3.257923
2.311465
5.253428
2.376243
2.814778
1.536187
2.045187
6.094776
3.316275
4.187611
2.793191
4.081716
5.534103
4.350700
4.314964
3.289554
3.709349
3.152056
2.591476
6.305327
3.669403
4.254064
2.738552
3.246313
4.649548
3.158328
2.761038
2.538972
3.450925
3.192222
4.053042
2.277258
2.598248
4.046483
2.918805
2.993739
2.409466
2.087294
3.052992
3.265495
1.997114
3.217290
2.917275
4.456514
4.520732
2.956581
3.226033
2.960747
2.888606
3.804301
6.442588
3.946698
4.432907
4.451527
4.353668
2.880478
2.236580
2.970044
4.500214
3.389480
3.145024
3.366102
4.097878
2.350066
3.999088
3.186467
2.309062
2.823804
3.068426
3.580750
3.371612
3.715460
3.989651
3.342989
2.808312
1.690624
4.024922
4.223327
4.251009
3.850446
3.962647
3.181419
2.837993
3.205467
1.993176
4.547600
3.659506
3.497265
3.434813
2.509066
4.070646
3.677828
6.393002
4.694606
2.517850
1.991860
2.042095
2.502231
4.878144
9.517387
7.839691
6.441195
5.428286
3.911518
5.045178
4.472064
5.708616
4.508827
3.610377
2.380750
3.867124
4.849218
4.512445
2.969408
3.149232
3.089464
2.220019
3.394431
3.337643
2.924147
2.125886
2.173403
4.949679
6.063081
5.699685
2.756633
3.362726
2.724640
4.526641
3.067924
3.526557
2.890764
3.424043
3.284129
2.143075
2.043580
2.837887
8.213773
4.017255
2.789634
3.443757
3.503653
1.734212
2.711665
2.306782
4.069140
5.388458
5.445397
5.194091
3.627637
4.096883
3.853672
2.957154
4.442360
4.113030
3.520493
3.617716
2.659183
2.448958
3.219105
3.645913
2.908603
3.498713
3.298531
3.210050
2.880411
1.862267
3.732614
3.140385
3.631938
2.393769
3.237937
3.344894
3.953555
4.073641
9.086374
7.383385
4.379829
4.286262
3.194253
7.300591
5.079909
3.367895
3.022318
1.791949
3.068858
2.025130
3.851449
2.406014
3.059162
4.005436
4.230469
2.255803
3.228478
8.080516
5.995352
6.399557
4.390352
5.678778
6.970868
4.170354
4.831198
3.217964
5.099823
3.555461
6.352318
3.861772
3.013235
3.911840
2.596341
2.745740
2.336631
2.111693
2.302487
1.919762
3.905569
5.926841
5.674365
7.363156
3.708832
2.395252
2.320678
3.935986
3.159567
3.469665
2.226494
2.677491
3.073921
3.175341
2.766916
3.896629
3.160048
3.609118
2.642451
2.410199
4.539222
3.261893
7.014527
10.480657
8.334509
8.832176
5.864718
6.140476
5.221333
5.595553
6.182631
4.247266
5.698160
3.904211
4.634838
4.277360
4.158353
4.603267
5.985672
4.364854
3.902355
4.695149
4.899031
5.577128
6.947953
7.063656
6.116060
7.452635
4.106297
3.592909
3.434409
4.710705
5.174129
3.421142
5.782610
5.537163
4.508301
4.461528
7.750076
4.134236
3.419323
4.312951
3.777361
6.855706
5.014073
4.036232
3.468847
3.817439
5.010694
3.809618
3.430385
3.298790
3.489320
4.328014
4.412211
4.282034
3.559384
3.303175
3.389323
3.301793
3.650367
8.529846
5.164874
4.040092
5.623212
4.141249
3.418746
3.130667
3.805103
3.130914
2.968799
3.430572
3.658793
3.195315
2.983215
3.959432
3.690408
2.977364
5.066372
6.528422
4.036214
3.953971
4.121528
6.979834
6.559850
5.184200
3.887156
4.064800
5.491472
5.380997
4.156495
3.043861
5.858315
3.163520
6.183669
5.671247
3.497429
3.345818
4.448821
3.365915
3.017539
3.880078
7.282002
3.943634
5.392729
7.193473
7.053719
6.436354
3.732468
6.248434
2.586845
5.494947
6.782692
6.010555
7.390675
4.667606
7.249986
5.167513
3.655488
5.183276
3.641339
4.729657
3.200372
4.595710
6.386276
4.061410
13.095077
9.319669
9.087744
6.759532
7.539729
6.794625
6.095699
8.950972
7.865809
5.795575
6.362502
5.905567
4.709161
7.512972
5.191736
7.282268
8.580433
6.421476
5.882751
6.363378
8.043851
6.343846
7.832934
6.639140
7.312428
4.818914
5.422749
6.255693
5.000012
8.914769
7.276198
6.255313
5.550821
7.276852
8.316777
6.263616
5.898122
5.590816
4.775601
8.103808
7.368209
5.690593
8.365946
4.908013
4.332242
5.583640
6.767178
7.843830
8.156722
5.769319
4.811635
3.964272
7.514178
4.844381
4.009305
4.698250
4.792666
5.856413
4.347811
7.558406
6.434890
8.144044
6.545230
5.885405
6.127911
5.815857
6.101690
5.997858
6.015730
4.727349
4.392101
6.187019
4.291660
5.150045
3.426644
3.459653
3.634508
4.322891
3.465896
4.589774
4.682234
9.094336
5.417465
3.896541
3.667639
3.160097
3.313797
3.868114
4.514519
3.481458
3.932007
4.337072
3.724514
7.626442
3.825913
3.244049
4.734402
4.326694
3.823425
3.469611
3.249539
3.256277
3.080741
6.005869
4.930166
3.542345
3.027149
2.967600
5.480920
5.430047
4.862963
4.339511
4.055225
4.239512
3.127537
4.002711
3.323663
3.029756
4.837258
5.828424
3.408245
6.339498
7.201635
6.064476
6.642390
6.069374
5.098687
6.891622
6.486260
4.263452
6.655564
4.789430
5.588875
3.194523
3.487332
3.288016
3.264782
5.398133
4.969994
4.930473
5.452609
5.886030
6.877318
5.316958
4.373018
8.513312
6.412028
4.608056
4.262649
7.457298
5.235933
5.898563
5.732027
7.658658
8.382819
6.142116
6.234048
5.288510
5.262145
5.103006
5.717578
3.624737
4.492901
4.854793
3.627057
9.522676
6.216846
4.704579
7.059739
4.182806
3.870809
3.456730
3.544156
4.120447
4.329155
5.034821
4.803947
8.508828
6.486924
8.334390
4.980689
4.234416
4.062505
4.586176
4.672946
5.143212
4.509842
5.035533
4.614636
7.834762
5.729088
4.466954
3.712362
3.586770
4.738024
4.280265
9.065429
8.341626
8.321640
7.017594
5.384003
4.426492
8.324744
7.476886
5.971963
5.350470
4.273098
3.381848
5.567969
5.952086
3.895305
3.785481
4.366817
6.823096
4.744004
6.055863
4.210108
7.108492
4.329627
4.405183
7.231263
7.196248
4.575154
4.004779
5.315821
4.890973
4.682441
3.913092
4.012693
3.227786
6.294654
3.986541
3.374169
3.534324
5.807806
4.358197
4.093538
5.024791
4.988614
4.552767
5.486536
5.256905
4.014719
4.357132
5.275481
4.981347
3.770599
3.827860
3.026538
4.752985
5.982387
5.803151
4.325905
3.976075
3.586845
3.399031
5.341639
4.239535
13.000757
8.385361
4.745450
5.521823
4.146895
4.740359
5.837859
4.467543
3.981295
4.060984
6.384596
4.530509
4.026589
5.069720
4.994765
4.690263
3.072729
2.829888
7.034667
8.945182
4.777877
3.809213
3.736358
3.439670
4.313626
7.143034
4.944041
3.607469
8.178045
5.705156
3.563973
3.348323
4.109969
3.589198
4.241102
4.477461
5.026497
4.506565
4.058918
5.363816
5.864125
4.504889
5.977210
4.303072
3.920691
3.762546
3.452246
4.345772
4.849906
5.164908
6.651974
4.492771
4.583839
4.812777
3.166281
3.725911
8.397972
5.514905
5.143686
4.974654
4.466995
4.217825
6.114535
4.059931
4.745981
4.593368
4.441938
3.445599
4.780117
3.608410
3.723392
8.706595
4.781575
5.175515
5.574601
3.482118
5.699026
4.060531
3.304693
3.499947
7.343538
7.095206
4.380665
3.355050
7.026762
6.075081
4.813061
5.062607
4.057108
8.305114
7.374135
5.374430
3.948323
3.559684
3.343623
5.203702
6.005078
3.833086
4.017073
3.074826
5.792105
4.785369
5.836728
3.718982
3.815182
6.285724
3.503699
2.647084
2.462603
5.070985
8.290881
6.707325
4.996051
4.148523
3.697726
2.906916
5.608953
3.254442
6.137346
4.421067
2.888106
3.792685
3.903848
3.568000
2.639626
2.915322
2.654687
5.259636
8.963453
5.553891
5.956818
4.445223
3.714445
5.020832
4.206663
4.485833
8.001331
3.832365
8.975254
5.358573
4.761256
8.702325
4.468433
3.963406
2.845111
3.235934
3.347235
2.956757
5.520227
4.541591
4.076353
4.745951
4.078881
4.249275
6.855637
6.191066
4.641503
5.707556
3.792721
5.087509
6.659683
5.924832
4.444274
3.592713
3.242313
4.260424
8.843908
5.087071
5.295034
3.855267
4.562182
4.358209
3.895300
5.015944
3.607033
4.399816
3.256765
5.590712
3.494194
4.152265
5.492635
4.280057
3.807288
3.443165
4.200603
4.143495
3.447625
5.737431
4.769509
3.586043
6.675657
6.631233
7.423462
5.380090
5.256563
4.848562
6.157271
6.002105
3.626400
5.533979
5.564704
6.010343
3.318236
5.285153
5.661852
5.878759
5.866748
3.572869
4.437963
5.275417
4.684314
3.422840
7.255955
4.579323
3.404478
4.778943
5.295626
3.483294
4.997730
6.611271
3.836799
3.582108
3.691954
3.663929
4.072708
4.676312
3.618872
3.083746
3.252812
3.294281
3.430632
6.335592
5.850813
4.205578
5.826244
6.110329
7.507535
5.808507
6.468597
7.579876
11.872166
11.045534
9.471612
9.129511
7.925395
7.569583
10.928884
11.178303
13.048507
9.216631
8.478895
7.700617
7.379369
5.463430
5.040234
4.865304
5.158759
6.622781
3.866013
8.883958
5.641900
4.246148
3.392408
4.381183
3.931664
4.044407
5.182103
7.369921
5.434760
5.332096
4.197807
3.532914
4.731870
4.455340
6.868178
7.619987
6.516865
3.995653
3.957923
4.183264
3.240171
2.371315
4.096511
3.258041
4.574523
8.832640
6.364315
5.493363
5.038453
5.345202
7.739920
5.492307
7.040719
5.337811
5.454426
4.897344
6.134695
3.359032
3.359381
3.896249
4.963213
5.746387
4.844689
4.481940
3.706969
4.873128
7.870076
11.178559
8.928304
7.331557
9.331176
7.100986
6.224031
6.892916
4.604540
7.412706
5.134216
4.929158
3.946115
4.491814
3.825797
2.586575
5.680429
6.742196
4.935374
5.777343
4.139135
4.611675
4.742610
4.222490
5.526111
4.679617
5.710793
4.131286
6.249851
3.159883
5.404865
4.061798
4.869875
3.924951
4.317177
6.669832
4.293998
4.820131
6.233044
4.853517
8.050735
5.169489
5.697087
3.951522
4.809550
4.548421
3.332010
3.308152
3.971463
5.152609
6.019869
3.846269
4.140244
7.546366
5.738862
4.753712
5.413920
3.682655
4.965517
5.149650
3.114686
3.722978
4.016120
4.085883
6.355678
9.679138
6.802465
4.982516
4.507719
4.017292
6.151066
11.251671
10.685768
7.960731
9.473370
9.453292
6.226266
5.536209
4.852429
4.866197
4.269379
4.554282
3.837643
4.123354
4.116418
4.356411
4.698981
6.092426
4.457663
6.046630
4.404934
3.648804
4.479961
6.672457
6.817784
4.667522
3.754161
4.272901
4.160967
4.769199
3.980356
4.661688
7.105374
4.704959
7.275202
8.525881
6.835094
5.903003
5.980799
4.363489
7.144922
4.067916
5.822113
4.403175
3.411070
3.578867
5.669484
3.618313
4.729078
7.991509
6.458889
4.547287
4.421064
4.981782
6.995417
5.417931
4.182550
4.062917
6.050012
7.089532
5.828270
5.277183
4.993313
4.712016
5.708075
6.021802
10.823912
12.048544
9.715943
7.210076
5.337963
4.864211
4.283897
8.539061
5.017614
4.315887
3.965132
5.135408
8.914817
6.638859
5.122048
4.926979
4.064860
3.475498
3.066045
3.816029
7.226603
3.329687
7.428003
5.531316
4.611817
4.724088
5.359532
4.847619
5.620864
7.037779
5.276611
8.134826
7.060521
6.897959
5.248966
9.080738
5.244347
4.878241
4.321664
7.453713
4.980086
4.470138
7.987108
5.600479
5.733358
4.269876
4.774098
3.718261
3.805091
4.471103
4.958934
8.953880
11.189057
9.427616
8.771075
9.274470
8.116945
7.950391
8.117007
7.925210
7.818325
8.567809
8.110767
7.455744
7.330501
7.422198
9.797887
7.992940
7.315891
7.934455
6.518611
7.482445
9.015744
9.992214
8.327172
7.810357
8.948661
6.542217
6.058869
6.328774
8.498602
6.422776
7.278639
6.183769
5.395979
7.585081
7.087954
5.859255
5.626983
4.381021
5.333213
6.118154
6.266332
5.058476
5.493457
5.971286
5.573402
7.806707
6.387425
6.327199
6.366967
6.046590
4.949569
6.155693
6.490127
3.745429
4.233857
8.913049
8.839522
9.154486
9.532714
7.946736
8.075268
8.211644
8.034595
8.413204
7.939740
8.176781
7.560836
8.154868
7.470760
7.474269
7.296368
7.024064
6.774200
6.504572
8.751417
9.590769
7.624793
7.065194
6.351356
6.032110
6.271881
6.255963
6.098611
7.008516
5.918623
6.259113
5.645298
5.933037
5.520241
6.045437
5.439532
5.212814
5.828077
5.938534
5.578259
6.282880
5.162910
5.630104
5.989256
5.803639
4.723448
6.748903
8.314145
7.859250
5.801834
5.541984
4.676897
4.430728
5.590244
4.544045
5.609583
5.770458
4.615918
5.885031
7.386308
4.266852
5.639304
8.513156
5.635856
4.591117
4.223449
4.362572
7.451101
8.240654
4.574686
6.725977
7.907167
6.708344
5.780211
8.563637
7.412310
5.616642
5.941521
5.779560
6.395723
5.827931
6.731142
4.058194
6.436321
5.445089
6.140458
4.935914
4.681522
5.241408
8.021384
5.127297
4.947622
4.412082
7.422266
5.182907
5.382720
6.903296
5.953847
4.906636
3.339725
8.493213
5.181408
4.194606
8.901122
8.960089
5.866311
4.426730
5.711606
7.700201
7.767134
6.957742
6.139784
5.816929
5.913368
4.539900
5.431400
5.180090
6.448067
5.659355
6.784995
6.205311
5.822741
6.639575
8.660746
7.484352
6.434044
5.997070
5.131047
6.116510
9.283121
6.880228
5.454022
4.902840
5.187499
3.893254
4.905155
9.139493
4.234861
6.094776
6.515166
7.755211
4.617819
5.947636
4.186671
7.060686
4.036814
8.018228
11.095431
6.706437
4.625845
5.370710
8.017820
5.893127
5.934065
5.579234
7.428629
7.620806
6.016382
6.968666
7.162565
5.476015
5.965912
5.543521
4.590341
6.420055
5.727614
10.463674
7.475153
7.568005
6.333171
5.807229
4.938507
8.157829
6.878701
5.030617
6.004188
5.013665
9.838112
11.983846
6.090571
5.344294
4.112990
5.944910
6.397798
7.196701
5.671614
4.183361
8.458746
5.265956
6.021596
4.616134
4.202611
3.785273
4.925849
3.886661
4.111567
7.568699
5.264724
4.877948
3.501029
5.534625
4.777572
3.234966
3.074419
2.756559
3.750262
5.528138
6.695043
4.385946
6.774102
4.035574
5.222936
3.454604
5.710504
4.513348
8.098762
7.120951
5.919254
4.544077
3.291128
3.194719
7.463562
5.965461
6.739203
7.404672
4.363055
4.963173
5.801544
3.977427
3.670309
2.808206
4.635090
6.721778
6.444068
5.772282
6.178432
4.384615
4.274427
3.867007
5.595057
6.961886
7.388294
4.410484
2.897386
4.342048
3.623456
3.842526
3.503470
3.524180
4.262251
2.882014
3.393576
3.470978
2.654007
2.583559
3.686360
8.080113
9.033612
7.071196
9.208003
4.943145
3.688745
2.924983
2.670876
3.385237
11.305523
7.437842
4.869563
4.648568
5.367725
3.066330
6.828576
3.816714
4.190178
6.599517
4.763251
3.906753
3.235463
4.047728
4.811535
4.746872
3.222433
6.646646
5.807878
4.181503
3.102419
4.132030
6.929756
5.991014
3.475412
3.790213
3.848085
3.419233
3.277825
3.058618
3.159140
3.993543
8.583224
6.937162
7.662785
4.719912
5.684446
5.667872
3.940894
5.350251
4.126539
6.277405
4.618653
4.213762
3.185568
3.056928
5.569066
4.191725
3.621399
5.200673
4.555896
4.095235
5.565640
4.158985
3.721691
4.484548
5.829976
3.865110
5.585865
4.574992
4.786230
3.095262
4.753091
3.854684
4.051817
5.811890
3.306765
6.992126
3.161827
3.391225
6.810454
4.090518
3.156635
3.221873
4.026427
4.526991
11.338701
9.853024
6.913751
5.537896
3.791057
3.648949
3.528481
4.374302
4.572872
4.185188
4.334241
4.199879
3.317667
6.659074
4.241128
6.338688
4.364636
3.095144
3.020423
2.519018
2.474146
10.263649
7.842933
7.015380
5.321716
4.607013
5.313394
3.960792
3.488020
3.532220
4.310064
4.464242
3.493520
6.091772
3.903453
4.214923
6.069972
9.066098
5.080342
3.577803
4.396145
3.289932
2.981078
7.740902
7.162396
6.170789
4.236557
3.824658
3.744178
4.899129
4.269419
4.026905
3.527179
5.565917
3.968523
4.186339
3.569280
3.558385
3.690653
6.835605
4.588674
6.485095
3.148342
3.642879
3.245818
3.395043
7.301471
4.050175
3.603104
3.824466
2.823372
4.448395
5.351252
4.848739
6.412470
4.650351
12.534399
11.395951
7.863790
4.251026
3.153634
3.424226
10.153490
7.953377
5.250193
3.735994
6.425214
6.935014
5.967492
6.358151
4.546521
3.097861
3.746433
4.111789
4.760095
5.995943
7.347009
9.234648
9.524446
6.597514
7.015698
7.808885
7.216525
7.311327
6.607235
6.259656
3.547104
6.809705
5.071514
4.404893
2.920462
4.022809
5.692400
6.410100
6.132947
4.577927
3.774893
7.210574
4.506443
5.755438
3.816274
5.187265
3.977919
3.954259
3.741868
8.900314
6.280458
4.270489
5.345151
5.880145
6.350747
4.971954
4.068162
2.848104
9.145861
6.058763
5.010384
5.280735
4.359037
4.047308
4.510069
5.721332
4.815097
4.231677
3.248098
3.090757
4.758264
4.100613
3.453840
2.956260
3.014666
4.584705
6.218621
5.655018
3.271482
5.462969
4.620852
3.893730
3.243945
7.387946
5.913983
3.414681
3.361283
4.346910
5.151461
5.093560
4.896247
4.254769
7.131512
3.783759
4.144267
4.243798
4.754038
3.343679
3.077895
3.034915
5.536321
4.146704
3.656133
3.217077
4.712805
4.157947
2.884388
3.327162
2.804530
3.026881
2.706398
2.785980
4.071687
13.165690
6.299741
4.534237
3.485987
3.318616
7.847417
8.280431
3.827548
6.457284
4.769960
3.327995
3.020150
2.995709
4.522243
5.140551
4.778203
3.755349
2.893147
3.088460
4.175199
4.699424
5.255484
4.226556
4.597927
3.790529
3.432674
5.275775
5.163478
2.785564
5.620244
4.222209
3.018158
3.276120
3.207438
3.006254
3.388795
2.935395
2.817023
2.779642
2.978292
4.476829
2.949715
3.096279
4.575482
6.776275
4.681980
10.923686
7.194811
6.091363
5.863526
5.628816
5.881275
5.624218
5.217326
8.475946
5.913202
4.900006
6.765387
9.008383
7.293082
5.615004
6.641488
6.393254
5.052205
5.801715
5.558810
4.670024
3.944705
5.237411
6.184314
4.616909
4.689003
6.594137
5.266241
4.406387
6.981555
6.630353
8.201991
6.867307
5.089076
4.530466
4.895818
8.852280
6.897327
7.709691
5.631434
4.355471
4.598207
7.323421
6.475510
5.333445
8.677887
6.513453
6.284230
6.640896
6.461316
5.450391
4.140763
5.182225
6.826985
6.039650
6.276484
5.434303
6.519666
6.909353
3.742924
7.694107
5.111200
5.221033
6.860200
4.737721
5.399155
5.556766
5.788027
8.912801
6.308465
8.601224
8.744213
5.936377
6.213747
5.963345
4.966621
5.494999
4.557483
4.452869
5.875293
6.396829
6.055060
4.632939
4.996255
4.724446
4.865316
5.073960
6.743565
4.851576
5.074144
4.986351
4.690596
6.326098
8.089127
5.675049
7.346941
5.083950
5.038513
5.031828
4.645640
4.998056
5.610818
4.440038
4.557507
5.497338
9.197253
5.823673
5.525313
3.586528
3.844118
3.447678
4.471939
3.727535
3.642835
8.918135
8.100438
7.970251
7.676103
6.980407
3.763929
3.960262
3.277819
8.071692
3.871793
3.718160
4.309886
3.841364
4.789235
3.694749
4.964760
3.174354
3.800207
3.728810
4.166868
4.069996
4.544989
6.635628
6.537269
5.734472
6.840669
8.291295
5.911681
5.724507
5.446788
6.106631
6.315638
5.561268
4.978214
5.195873
6.248318
4.248822
6.489779
6.636470
5.068668
3.922319
3.298283
5.508970
3.775945
3.860676
3.540687
5.493539
7.522051
4.335617
7.125709
6.836276
5.715207
5.092592
4.104230
3.801195
4.948016
4.870943
4.665509
4.955707
8.454427
6.670742
5.410569
4.855898
4.726399
4.690374
4.766304
5.375557
4.327102
4.431380
5.159725
5.129146
5.202936
6.650974
8.942718
8.052982
7.333486
7.917985
7.220805
6.457752
5.974663
5.478124
4.986332
6.394304
5.174866
6.139072
5.753090
4.202267
7.774845
5.041486
4.571791
4.388765
6.273657
6.049028
12.053083
10.631210
9.099246
6.250485
4.901003
4.724492
4.674850
4.129816
3.814473
4.076393
4.871501
4.913981
4.319724
5.195016
5.060262
6.593925
6.955229
4.095301
4.010562
4.103990
3.642973
3.617776
4.722761
5.179248
3.589480
3.026412
4.528540
4.390749
4.780667
3.659430
4.030937
3.515203
4.300160
4.018443
3.140427
5.819813
4.563674
5.917997
3.879889
3.973242
3.213442
3.617496
4.184483
5.463275
4.591486
3.765363
3.072425
3.324289
6.259539
8.031404
3.639679
4.429275
11.016452
8.717361
4.545982
5.690994
4.244920
3.495456
3.738803
3.393999
5.169254
3.920510
3.570258
2.773572
6.806867
3.674525
7.378366
7.358832
5.365003
5.879271
3.963344
7.323614
8.596824
6.574111
5.599609
5.235873
5.009460
5.155246
7.325982
6.171533
5.845328
4.918987
10.635744
8.010776
6.210814
6.833149
5.801121
6.755104
6.861742
9.586345
7.550465
7.150238
7.589706
8.220820
6.256496
5.632476
5.236862
4.649152
6.261949
5.050976
4.220795
5.371034
7.601059
6.251794
5.001431
6.132055
5.282892
5.484941
6.281622
5.605061
5.281382
4.831289
4.678699
3.818560
6.222348
5.540489
5.347976
4.004049
5.003601
9.120557
6.376409
12.038283
9.752311
7.177448
5.011855
4.576576
6.026663
6.018614
6.054136
4.898446
4.836766
11.214846
8.165727
6.428671
5.198302
9.981101
11.075915
8.779982
6.224399
5.663050
7.777704
6.241792
4.861882
5.078944
4.867148
7.621180
8.474205
4.705292
6.205926
4.972181
3.686064
3.755726
5.063568
4.516043
4.990744
4.929304
4.429266
3.737523
3.923797
3.038630
7.445264
5.521764
5.921110
4.206548
3.388159
3.651091
4.293992
8.001384
10.480256
7.443599
5.920971
4.597490
5.149496
7.452569
7.498044
5.442974
5.562876
5.006556
7.157932
5.207974
4.990694
5.356165
5.060180
9.325848
5.900859
6.458182
4.486956
4.410390
4.043066
8.746375
7.185472
6.533615
5.530719
4.628894
4.254057
4.527232
3.968027
3.732348
6.177234
6.072382
4.685484
4.214197
4.285194
5.691805
4.516777
4.499427
4.911111
4.291979
5.421989
4.231878
3.559634
3.443131
4.618435
3.534390
4.473877
4.778529
4.485289
9.623426
7.820080
8.317926
8.411275
7.338888
6.477379
6.085453
6.166193
5.182094
5.868525
5.430678
5.084325
9.405800
8.640165
6.856819
7.595044
6.496079
7.284696
6.450228
4.629268
5.990835
6.910958
8.439445
7.070728
7.756115
6.983346
8.430365
8.129882
6.649768
6.439348
8.943560
7.634288
8.028965
13.595736
9.572873
7.192811
7.640096
6.984537
6.207377
5.405493
5.406102
5.438873
4.892373
4.629512
4.166073
6.938699
6.314086
4.300767
3.674216
4.094177
4.141842
7.404018
4.383616
3.613236
5.330933
3.752056
4.300043
3.318943
2.897166
3.972555
7.806662
6.455794
4.794023
4.687528
4.428758
3.400559
3.316547
3.607043
3.093039
3.124632
3.468308
3.423774
3.279254
3.644661
2.991166
7.231303
4.570116
3.714283
3.534718
3.488386
3.051802
5.291862
2.370266
3.246205
5.183721
5.348223
4.437760
5.298987
5.111040
7.171558
7.307000
5.202637
3.901482
3.854262
4.743598
3.587735
4.118869
5.609657
4.665060
4.454408
3.532732
2.951709
3.770237
2.958574
3.843362
4.332237
6.637364
7.358749
5.175499
13.592526
11.819097
10.879402
10.040807
8.065282
7.208098
7.544401
5.914586
8.079601
5.511960
6.478415
5.163705
5.305106
5.688748
4.322202
6.312667
4.039861
5.664407
4.985589
5.062698
4.502408
3.622538
4.112634
6.026632
4.968268
6.658784
5.376087
5.088905
5.765267
9.437490
6.985541
5.650169
4.557267
5.378753
7.922245
8.540677
6.458179
6.365018
5.848222
4.511261
4.818974
4.112963
4.120751
3.637602
5.197157
4.743062
4.087775
3.402403
3.281910
4.674812
4.954387
5.611676
3.708981
5.417592
4.030567
3.372209
3.011150
3.811670
3.582643
4.555399
4.100830
3.221597
5.301575
4.955367
5.646340
6.241655
9.852033
11.087468
9.130273
6.484644
7.732670
5.617888
5.814245
5.036311
6.842659
7.222261
5.599553
5.333577
5.981958
11.799045
9.279118
8.398834
7.748349
8.078359
8.272573
8.099636
8.689080
8.089703
7.370092
9.240864
7.690650
7.546528
7.577070
9.736685
7.148485
5.427986
5.233230
5.326424
5.713396
4.730468
4.703228
4.503459
4.561012
4.474550
5.419650
6.337162
5.155240
4.565774
7.836010
5.236505
5.932084
4.844941
4.529672
4.854170
5.226866
4.131673
5.701276
5.190802
4.560946
3.864936
3.430496
6.850940
4.603917
4.211680
5.299543
8.124038
6.634267
5.789852
5.382729
4.121628
3.382046
3.445202
3.682233
4.782167
5.833801
7.728445
7.403920
4.481945
4.705974
4.201221
4.155070
5.028737
3.509145
3.364653
3.371844
2.834775
6.676399
4.296093
3.424979
3.343976
2.848732
4.340432
6.658245
3.980284
3.979183
3.780414
4.454626
5.968911
4.638604
5.068520
3.162409
5.583917
7.409916
4.316591
3.732310
4.316304
4.806231
4.245038
2.626941
3.008810
3.324062
3.645313
3.124613
5.349399
4.268957
3.624269
2.670759
3.061620
3.263811
3.273314
3.070267
2.644319
3.835284
3.052363
2.399766
9.083963
5.753887
7.543548
6.341196
7.581131
8.079643
6.510119
5.700944
6.377735
4.186270
4.859505
9.087311
4.304700
4.382388
3.553615
3.139875
3.787980
2.920590
2.939064
2.831956
3.889643
5.568411
4.991760
4.651625
5.651783
5.230603
3.694703
3.344829
4.437424
5.143610
4.264495
4.518713
5.278812
3.951198
3.071185
2.400506
4.674337
8.456520
6.518114
5.734540
5.009845
4.506732
4.177191
4.367219
4.124161
3.635791
5.237666
3.817565
4.110329
5.203875
7.278299
5.716926
4.840888
6.192898
4.653443
5.383153
9.158970
8.639470
3.817066
4.903840
4.536863
4.250790
3.751863
3.020637
3.634151
4.297158
3.592038
4.666598
6.950083
5.271153
5.760998
8.192934
6.902267
6.016974
5.587635
6.124197
4.687104
4.838709
4.954460
5.691992
8.647246
7.234012
5.559119
5.921755
5.529903
6.110299
4.578186
5.037826
5.222062
4.453155
4.517343
7.725463
5.438604
4.069181
6.405604
4.460858
4.536537
3.910770
4.368209
5.893531
6.473745
8.186880
11.259011
8.236602
6.676458
7.365231
7.111848
8.013104
6.044790
7.174717
12.285071
8.897538
8.392109
6.669581
5.765806
5.848260
8.314486
7.976351
7.542048
6.871556
6.631964
6.485680
8.681967
6.378898
8.121117
5.414244
5.513352
6.871635
7.849653
6.803250
7.067661
6.421489
6.060449
6.034239
6.635583
5.055688
5.684906
5.301146
4.949792
5.096512
4.741244
4.917507
5.133976
6.298282
4.631347
4.775954
4.857490
4.474952
5.048768
4.222933
5.986578
4.781375
4.374163
8.563031
6.481051
5.658589
4.847901
5.563692
5.464041
5.155014
5.311838
5.601305
9.032499
6.993577
8.930762
7.314019
10.100132
7.320575
7.166285
9.707338
8.179569
10.210966
10.071031
9.753156
10.422009
9.889361
9.050821
7.635714
8.580881
8.425962
8.248796
8.942523
7.630674
7.417905
10.367199
8.983301
8.241622
6.031715
5.676078
6.512210
8.753336
9.405095
10.138187
8.486658
8.967730
8.297997
9.542506
8.127171
9.328117
7.334411
6.950548
6.742242
6.397289
8.544257
9.875533
7.607734
9.614525
7.786558
7.569311
8.004250
7.739417
7.389725
7.085660
6.933436
8.009290
7.488645
6.325544
6.407755
10.714794
13.640726
11.042888
9.641058
8.014421
7.295821
7.657017
8.920034
7.079580
6.503259
9.043986
9.237251
6.442907
9.147855
11.087309
6.894526
9.027449
10.203404
9.139310
9.546556
10.486014
7.534021
7.460782
6.501334
6.287805
7.253571
6.658600
6.483508
8.578362
7.276865
6.707094
6.075509
7.843182
5.327264
6.423942
4.373419
9.215205
6.424332
7.454990
6.220618
7.431053
6.461450
5.366936
5.547242
5.990592
5.208090
6.020848
7.848471
6.918222
5.210751
4.859083
4.555165
6.171932
6.134650
6.688147
8.857221
9.363943
8.202894
5.831593
7.756638
6.796368
6.546650
5.176163
6.399369
9.697228
6.210657
6.544718
7.897209
6.778781
6.599738
6.736897
7.809256
6.422306
5.781972
5.731649
6.391002
5.668309
6.371568
8.920777
7.798407
7.626041
7.216042
7.710590
9.189668
10.659829
9.597336
8.482642
7.216487
6.869543
10.169223
9.251217
10.581062
8.672904
8.159111
7.937235
8.298672
9.392587
9.801209
9.285309
8.973893
11.010887
9.520936
9.385954
9.115182
8.265568
8.159019
7.659046
6.897595
6.651517
8.159297
5.927106
5.729744
9.208723
10.170371
8.439707
6.957715
6.504478
6.012177
9.266171
10.350792
7.607820
6.240481
8.318864
5.396537
8.994363
6.622921
5.277790
5.851261
6.295398
6.616251
8.587312
8.742857
6.649834
9.522466
12.854697
9.156780
8.196250
7.378096
6.967953
6.621117
6.286427
5.710519
5.489222
9.804299
6.857208
6.925044
5.456681
7.519971
5.512041
5.681681
6.068748
9.780399
10.527144
8.389872
7.288979
5.995292
6.580583
5.957907
5.848878
7.081539
4.556977
4.714069
6.735925
6.438029
5.110127
5.604755
5.128675
5.318986
5.700425
5.401581
8.007551
6.804826
4.441112
5.190694
4.457677
6.338995
6.956324
7.684438
7.244606
5.274435
6.171517
8.432622
5.877621
5.669758
5.182351
5.850121
5.481012
4.501204
4.442156
4.421925
5.102085
6.016248
8.513465
6.299132
6.826229
7.352033
6.091778
6.840447
6.340337
6.246354
6.155224
5.229713
5.888422
5.375810
4.561821
5.125053
4.742265
8.172375
6.326508
5.512409
5.607202
4.772326
5.243513
4.302768
5.090196
7.215060
6.640492
8.358234
6.510519
5.851894
5.336874
5.140635
4.910110
4.813226
4.500910
6.265980
10.138955
8.735814
6.470702
6.956173
6.438345
8.327356
8.924713
6.587845
5.745708
5.437663
4.833216
6.792281
8.875530
7.165098
5.611117
7.236554
7.129950
7.023663
9.183353
7.620956
7.381559
6.916125
7.210362
7.195263
6.614703
6.589300
6.661760
6.400953
6.270344
6.299169
6.319148
6.169828
6.525386
6.418303
6.204695
6.057224
6.114130
6.236839
6.516041
6.986430
6.503503
6.333175
5.834614
6.050187
6.353653
5.951599
7.291268
7.146080
8.863400
8.450119
8.249207
8.150713
8.843102
8.049154
7.839519
7.426965
8.339703
8.398967
7.668132
6.558670
7.755289
6.642514
7.151793
7.078390
8.457649
8.187666
7.793762
7.160931
7.449462
8.289005
8.895621
7.540092
8.243946
6.097514
7.121948
7.144227
7.165764
6.627147
6.804835
7.052749
7.272936
7.680044
7.799163
7.379463
7.455534
7.141215
7.347049
7.406209
6.815718
8.456529
6.921798
6.701162
7.502786
7.155794
7.184388
6.586103
6.514468
7.222220
7.164612
6.922405
6.790940
6.988292
6.784731
7.260609
6.882872
7.336018
6.477327
8.537602
6.551433
6.814636
7.888819
7.260833
6.995040
6.540093
6.703148
6.225546
6.173387
5.979322
6.290789
6.488993
6.064144
6.054874
6.619796
6.640916
5.996331
5.350980
5.261413
5.410439
5.647192
6.588387
6.978148
6.369412
5.617089
7.124792
9.005977
8.909425
9.492688
9.029366
8.375025
7.400048
8.473995
7.610689
8.001664
7.435606
6.801189
11.049142
11.602018
10.540482
9.705591
9.848454
8.756537
7.829839
8.662891
6.662032
8.461483
12.085156
9.405208
9.706726
8.517782
8.288452
14.469459
12.856155
11.425027
9.930019
7.997353
6.872629
9.249167
7.206617
8.402844
8.197436
6.410891
6.257923
6.873305
6.025624
6.717103
6.280118
6.184416
6.716218
8.372311
8.688785
8.370403
7.017351
6.945079
7.724008
8.260835
8.128772
7.873992
9.348505
7.879210
7.715582
6.524046
7.434972
7.593676
9.228426
7.178690
8.700915
7.599409
7.141418
6.810194
7.061673
6.926004
6.722012
7.660885
6.220689
8.642854
5.615827
6.496069
7.357159
6.887031
5.932424
7.424345
5.751259
5.063681
5.546690
6.423679
13.059243
7.997269
5.830036
5.350919
6.358640
6.190296
6.820922
6.132457
4.252908
4.374150
4.833650
5.341758
5.029753
11.264679
10.754640
9.449542
4.841504
6.903838
6.142413
3.494808
4.679981
8.407738
5.069018
5.493176
4.822190
4.041253
4.070366
7.228975
6.629507
5.527090
5.420322
4.449798
6.751265
4.762429
7.515321
4.826687
4.603603
5.213051
3.558278
5.241196
7.070856
4.938391
7.350219
9.639484
7.388104
6.342580
6.222071
4.537288
6.081372
8.698944
6.273354
5.303248
7.184731
4.501915
6.311309
5.229828
5.999885
5.459031
6.695057
5.338112
7.367347
4.986374
5.380430
4.478877
4.705657
5.607988
4.685662
3.816612
3.600748
6.519587
4.325245
5.126212
5.065214
7.136884
7.823246
5.916621
5.289011
4.225396
6.344386
5.296333
5.917039
5.071756
4.014908
5.450861
5.191987
5.153919
7.057853
5.238138
4.317653
8.937547
5.145548
4.512404
3.262147
4.134865
6.837193
6.581188
8.232783
3.489126
3.353531
3.577382
3.698443
4.185916
3.046126
3.547683
3.746927
3.079578
3.377144
4.467354
3.968883
4.300836
3.360925
3.286005
5.595920
4.123931
5.126015
4.427716
3.373047
5.054217
2.992940
3.911926
3.124031
4.558780
3.255172
5.729048
3.498682
3.697891
7.306896
6.423886
5.465636
4.505408
5.600404
6.986326
7.414487
7.090702
5.489914
7.717813
7.294481
7.364574
6.127639
4.929527
4.910552
5.017671
3.928161
3.543417
4.664206
3.790690
3.654398
3.333619
3.922597
3.855794
3.602976
3.017926
4.239320
4.586901
3.141016
3.620917
3.579927
5.037939
5.625112
6.646559
6.385260
7.850865
4.103426
3.514667
5.687518
6.496779
6.322150
7.678312
5.417475
4.819920
5.793741
6.901347
7.873903
6.710851
7.150020
4.903169
6.477063
6.268084
4.203457
5.162136
6.069518
12.576597
13.240593
12.940587
12.778491
12.755762
12.746151
12.735701
12.724178
12.712142
12.700631
12.689158
12.677437
12.664947
12.649606
12.632579
12.620368
12.604954
12.584487
12.570622
12.557352
12.542475
12.522609
12.478179
12.233030
12.267254
12.784486
11.946514
11.899992
11.725404
11.518581
10.317930
6.179053
7.211792
11.618720
10.529364
6.502250
6.424800
7.867880
7.666707
9.176447
7.092008
6.661592
6.572641
5.328339
5.205699
9.887293
7.598834
9.981671
7.847003
7.873075
8.354041
5.719860
7.285104
6.189470
9.988792
9.304258
8.399315
6.376602
5.414063
7.537824
6.050403
5.163423
5.308240
7.927509
5.360144
6.659705
5.424267
4.204933
4.331465
4.545187
9.257366
7.312786
7.322954
5.376283
5.034259
4.165027
4.820165
4.707478
4.729418
6.131857
5.537424
8.693449
5.099521
3.725715
6.805770
5.964490
4.414299
4.387563
3.817861
3.947523
7.048683
4.135621
3.470586
3.996051
5.322894
5.640253
6.983312
4.447771
6.965851
5.523948
7.698991
11.594058
10.535093
8.929650
8.859070
9.557553
9.486629
9.595128
9.264229
10.226957
9.923916
9.717448
9.338725
9.357659
9.574982
9.300788
9.748004
9.676657
8.911771
8.852970
8.805339
8.673935
8.791752
8.580636
8.472657
8.879658
8.578401
8.423757
8.770537
10.312774
10.886985
10.270646
10.853457
10.143480
9.907631
11.848237
13.755828
13.815385
12.684223
12.236624
12.024350
11.568006
10.884264
9.771608
9.621511
8.894589
8.874696
9.146542
8.505059
9.947350
8.206621
9.098220
8.456322
9.128499
8.739613
8.822210
9.374216
8.737981
8.646994
10.522720
8.532725
8.094911
8.177897
7.873661
8.031816
7.691318
8.116618
8.018653
7.482412
8.281815
8.533356
12.960001
10.240043
11.372027
9.748577
8.991130
8.616897
7.911341
7.447508
7.266278
7.167519
7.230309
7.800743
8.549662
7.938360
7.397587
7.034976
7.865408
6.914499
9.927624
8.849339
10.004674
10.454157
8.622913
8.544392
9.098803
7.550897
7.715506
9.523286
10.164726
8.929326
8.191793
8.834735
8.159458
9.448608
8.041989
7.555689
7.574728
7.023563
6.860506
7.399704
7.263133
6.120974
4.375284
6.465530
5.716569
7.940966
9.569223
6.615715
6.355460
6.378281
5.493814
7.137659
5.288613
9.080871
8.375492
8.187414
4.463527
7.069969
8.886898
6.275701
8.735670
6.747797
6.012674
4.362449
4.930492
7.728461
9.247213
6.752748
7.383616
4.983726
6.485204
5.581252
5.751593
7.113195
6.367534
6.418771
5.628809
8.991262
7.391072
5.437231
4.850327
7.814884
9.084142
5.563221
4.964977
5.398595
4.409721
3.786290
5.947191
4.715156
4.091187
7.406713
7.501469
6.191259
6.029310
5.421910
6.627026
6.892585
10.435264
7.692932
5.237709
3.798056
3.582067
5.996593
7.427031
6.488951
10.219421
7.799504
6.415408
6.654057
3.917347
5.872353
6.871103
5.470613
7.426283
5.637481
5.252809
7.160769
4.922219
5.220103
4.491913
4.145601
4.247865
4.169185
5.686599
3.953629
7.805932
5.168161
5.056631
4.525583
4.136590
3.887649
5.028526
4.439061
4.590693
5.872668
5.180440
4.401649
7.565901
6.867012
5.438843
8.008902
6.781459
7.031481
7.354952
5.083531
4.383693
3.905637
6.692139
4.710648
4.064963
4.314688
4.121994
3.773876
8.493136
4.127159
7.808509
8.841824
5.752386
4.493641
3.942184
6.394341
4.263009
5.662570
6.057024
4.995778
4.303769
5.587258
7.106816
4.696261
4.850830
5.303899
6.194106
4.097242
3.998003
4.013434
4.038125
8.266090
5.871000
3.979319
5.164487
4.535482
4.552616
5.307099
4.262535
3.296666
3.751300
5.911698
4.646334
5.665835
3.869564
7.919458
8.670884
5.435608
4.794712
5.586791
4.873242
5.631179
5.674604
11.115167
9.057460
6.395712
4.755905
4.770901
5.193484
5.686874
5.339646
5.528023
5.299971
5.868408
5.750924
11.608070
6.448431
5.254715
3.940577
5.488096
3.387588
4.026764
4.387184
4.508837
5.797260
7.042702
6.038700
5.409575
3.901795
3.704326
5.310428
6.606145
4.964651
4.477306
7.130758
6.849394
5.351056
6.067954
4.233914
3.657158
7.592228
5.294522
3.629524
3.541787
6.775013
5.847556
6.621201
4.247501
4.228960
6.597086
7.001658
3.539749
4.779829
4.258482
4.410740
5.880969
6.591068
4.737275
7.102041
5.266898
5.375222
4.741786
4.166461
4.487410
6.808606
5.295821
4.189636
4.424371
5.416027
5.169227
5.290912
4.056494
3.639991
3.680049
3.875810
6.984273
6.578801
4.550016
4.928673
3.636354
6.670297
4.612295
4.173243
4.326488
3.725448
3.734835
3.644536
3.571995
3.552577
3.841543
3.027451
5.006128
6.987790
4.623311
4.894716
5.392957
5.663923
4.603203
5.619847
4.680167
5.657158
5.862690
6.808891
5.067787
6.937602
6.021554
4.538641
5.347150
5.600957
5.552968
9.277581
6.203244
5.970314
4.734401
4.306715
5.762412
3.910373
3.343385
3.756543
4.212753
4.926834
6.893078
4.647044
5.400923
8.225914
5.643719
5.473157
5.897757
5.673068
4.231232
3.479638
5.333376
4.409988
4.445999
5.264788
4.228296
4.388054
4.078047
3.850317
5.829066
3.847136
4.951334
4.828946
5.079773
3.749068
2.758850
7.160853
7.833074
7.873162
6.568394
7.249435
7.035375
6.678522
4.756961
5.340133
8.443858
4.668713
4.288549
3.547273
6.634413
4.919295
6.892197
5.982771
4.702574
4.055491
4.214506
5.119970
4.284787
9.204338
5.411311
4.273878
5.445092
5.416802
4.792204
4.284794
4.052767
5.400133
7.052873
4.141350
3.801035
3.754813
4.115013
4.777841
4.668710
7.624164
4.060731
5.248389
6.258436
6.739434
6.153372
6.417418
6.192621
4.917971
5.164229
6.177503
5.612528
3.388853
5.363582
4.612063
4.508800
3.660111
3.192289
6.152449
3.895440
3.375618
4.548886
4.743623
6.035828
4.110381
5.917748
7.692759
6.753603
4.160087
3.495069
4.905471
5.357972
4.092885
3.526933
4.411556
5.670622
6.158525
5.717598
5.086166
4.616793
5.089530
6.469842
5.089600
4.368832
5.177767
6.096727
3.956055
4.100304
4.805031
4.532572
4.438570
4.204460
7.525380
5.247519
5.312306
5.447258
7.242476
6.805490
5.276957
4.243822
4.400165
3.767442
4.910096
8.034839
8.455636
9.041250
7.785068
8.403706
7.422767
5.003517
5.111080
7.187923
5.230516
4.365673
7.096065
5.188755
5.772242
4.088716
5.582448
3.988701
4.676210
4.454220
4.026504
7.431305
4.558382
3.867409
5.342127
5.161568
3.700862
5.929923
4.782426
3.906288
3.350576
3.969970
4.491019
4.538344
3.509564
4.147383
3.101967
3.086192
4.759580
5.935924
5.035188
5.777657
4.768032
5.931822
4.400758
5.854538
4.828562
4.645577
5.083726
5.616831
8.327627
4.501247
3.818175
6.324468
5.532839
9.333339
4.846521
5.426480
4.239608
5.254912
3.597406
9.650618
8.519811
7.607982
8.249168
7.442437
6.742532
6.775929
6.448912
6.134803
6.644381
6.876686
5.858449
5.644153
5.594402
5.545945
5.777574
5.602671
5.547635
5.392483
5.731742
5.416257
5.315246
5.296389
5.284682
5.273600
5.263668
5.253829
5.244721
5.235514
5.226687
5.217453
5.207795
5.197418
5.187146
5.181119
5.184381
5.181720
5.176404
5.216963
6.538032
6.054183
5.965736
5.982939
7.938188
8.405655
7.569925
7.457559
6.124846
6.597537
5.920562
6.032943
5.746511
5.688644
5.683957
5.309578
6.030836
6.348631
6.021740
5.690346
6.904289
5.916251
5.241920
5.677074
5.601007
5.775223
5.049354
4.834319
5.808806
6.311718
7.049498
6.132314
6.731987
6.872433
6.256800
5.616551
5.714090
5.529643
5.388897
4.857033
7.858935
9.089402
7.615535
7.072929
6.290819
5.513108
6.649446
6.597838
5.401641
5.698728
4.097228
3.945877
4.502155
6.735305
6.014578
5.212887
5.480635
6.423968
4.057603
6.603036
5.972889
4.702396
4.079951
3.128204
3.860373
5.299337
8.670100
6.020831
5.695475
4.647752
5.113637
5.695123
4.842135
4.246022
4.603304
4.102623
4.619309
7.308813
8.284157
7.255398
7.113526
6.364661
5.089822
3.767917
3.533329
3.554500
3.660392
5.289374
5.845323
4.783944
6.043214
6.331620
6.125553
4.684975
4.853911
4.919008
7.227222
5.497389
6.563469
5.249019
4.061884
3.993538
4.394881
4.908590
3.938277
3.974066
5.567569
7.268932
3.999696
5.497198
5.371999
8.166368
4.602291
8.387599
8.482571
4.989244
5.239106
6.787868
5.924897
8.270395
10.497813
7.483567
6.506735
3.880428
3.665423
4.362835
3.504678
6.108011
3.258843
3.045729
3.184683
7.996297
6.938227
5.260901
3.520799
5.257716
3.344769
4.575113
4.302660
4.081893
4.385221
3.688134
6.143810
6.755020
5.013141
5.416678
5.457383
5.119296
5.045405
5.035755
8.832661
6.540054
4.492799
5.400657
5.284781
5.141498
10.037236
8.083449
8.207978
7.072111
5.918697
5.164223
7.098566
5.407262
8.185525
8.877724
7.077854
6.395731
5.305288
5.209029
5.294343
5.184238
5.847624
4.706850
5.131931
4.558145
4.898622
5.806705
5.144544
5.054677
7.052370
8.400611
4.085915
4.918785
8.673195
5.855133
4.299429
4.047830
4.168676
9.905099
13.234841
11.700453
10.312022
8.035570
6.666642
5.390585
4.791081
4.942809
7.598582
4.909667
4.137674
3.781680
4.112474
6.143266
5.037215
3.630682
4.206570
4.371669
4.098509
3.619548
3.422062
4.560604
3.503953
3.356530
5.210419
3.980078
4.963362
4.691021
