15.291403
15.179467
15.073755
14.990977
14.921726
14.860726
14.802957
14.745858
14.690667
14.639860
14.594163
14.553270
14.518031
14.489819
14.468546
14.452765
14.440852
14.431568
14.424081
14.417848
14.412507
14.407808
14.403573
14.399665
14.395978
14.392419
14.388902
14.385342
14.381644
14.377699
14.373364
14.368448
14.362682
14.355674
14.346842
14.335346
14.320095
14.300089
14.275513
14.249105
14.225389
14.207304
14.194748
14.186186
14.180179
14.175766
14.172373
14.169658
14.167415
14.165514
14.163871
14.162427
14.161141
14.159984
14.158933
14.157970
14.157084
14.156261
14.155495
14.154777
14.154101
14.153461
14.152855
14.152277
14.151724
14.151194
14.150683
14.150189
14.149711
14.149246
14.148791
14.148347
14.147910
14.147480
14.147055
14.146634
14.146215
14.145798
14.145379
14.144960
14.144537
14.144110
14.143677
14.143237
14.142788
14.142329
14.141858
14.141372
14.140870
14.140350
14.139809
14.139244
14.138653
14.138031
14.137376
14.136683
14.135948
14.135164
14.134327
14.133428
14.132459
14.131412
14.130276
14.129038
14.127683
14.126193
14.124549
14.122726
14.120695
14.118419
14.115858
14.112957
14.109655
14.105871
14.101506
14.096437
14.090507
14.083515
14.075202
14.065234
14.053182
14.038492
14.020482
13.998379
13.971481
13.939550
13.903315
13.864426
13.823786
13.777635
13.711646
13.602889
13.450720
13.327330
13.255510
13.123883
13.077916
13.044405
12.881958
12.934237
11.868715
11.810213
11.265689
10.808135
11.687723
11.052923
12.088217
11.845368
11.613680
12.506265
11.730038
11.232627
13.096975
11.319053
12.147606
9.641796
10.452806
10.861552
13.331295
11.824460
10.686530
11.335271
12.204849
11.423526
13.407398
11.501649
11.206278
12.199760
11.128358
11.210632
11.934174
12.021085
10.187179
11.765466
12.473077
10.064334
11.443611
10.932300
10.709360
11.495808
11.140929
11.865672
11.708915
11.852547
11.082211
11.584584
10.617504
11.438140
10.630416
10.292943
11.437346
11.221695
11.156120
11.149812
10.601823
10.535488
11.653312
10.696381
12.547102
10.523281
11.013354
11.104155
11.469586
10.412008
11.501234
10.414014
10.433094
10.943541
10.938992
10.638746
10.591192
10.061233
11.209095
11.572111
10.740664
10.973123
10.950834
11.201905
11.753501
10.435677
10.577381
10.999777
10.637884
10.336750
11.172174
10.524341
12.332092
11.337582
10.485786
10.537028
10.697594
10.021795
11.576727
10.678570
9.390403
10.847249
10.754423
10.402215
10.624022
10.084384
10.074717
10.072004
10.074728
10.075759
10.075945
10.075680
10.075174
10.074537
10.073817
10.073028
10.072166
10.071243
10.070395
10.070166
10.070784
10.069383
10.075266
10.044974
10.895771
10.309874
10.044227
10.800097
9.535764
10.160253
10.086206
10.077399
10.073259
10.085772
10.488960
11.213844
10.596188
12.025446
11.174928
11.197289
10.445679
10.307971
10.303435
10.864986
11.025828
10.814689
10.328063
10.338280
10.089910
10.282163
9.516342
10.187359
10.075245
10.029358
9.602128
11.194614
10.338765
10.790107
10.288507
10.068518
10.740389
11.151851
11.211127
10.585412
10.265518
9.893515
10.456400
10.458391
10.368657
9.965108
10.646000
11.455109
9.742829
12.018142
11.340094
10.470244
10.055086
10.077470
10.096337
10.759079
10.245466
10.484491
10.405596
10.212086
10.186373
10.252467
10.393320
10.191112
10.127735
10.123535
10.143429
10.249841
10.279829
10.073047
10.284410
10.172173
10.116090
10.100878
11.589870
10.260632
10.091848
10.212225
10.167681
10.100667
10.084419
10.578896
10.375274
9.961417
10.100256
11.148685
11.912010
9.961699
10.011251
9.434601
10.206900
9.946067
9.905443
9.594749
9.743867
9.916279
9.596076
9.520637
9.571934
10.367762
12.014410
10.532318
10.410690
10.667952
11.179500
9.612478
9.405744
9.259798
9.379716
9.188419
9.338975
9.158150
9.237863
9.174524
9.170779
9.189551
9.068248
9.242187
9.148154
9.421823
10.538454
9.922413
11.003193
11.088727
12.300452
9.701418
9.820610
9.554719
9.456276
9.030641
9.071818
10.508532
9.360444
9.886557
10.614534
9.106516
9.680048
9.736908
9.723680
8.655375
9.393573
9.881499
9.156087
8.717805
8.952741
8.318241
8.652631
8.114098
8.055599
9.234755
9.482603
7.666029
8.701571
9.959791
8.431508
9.477816
7.415772
8.750224
10.543839
8.496115
11.036248
10.095118
10.243647
8.374626
9.960681
8.274318
6.407932
7.256565
8.138871
6.489361
6.591308
7.088315
7.284215
6.635808
7.455637
6.292415
7.347524
12.767416
7.597990
6.620454
6.480166
9.432892
8.267806
7.382343
6.933574
7.283862
7.784711
7.094642
8.641609
7.787724
6.746728
8.473393
9.161780
9.421162
7.538689
8.934157
7.623201
8.128253
6.583765
8.586671
8.398740
7.461169
7.922624
6.264605
7.056184
7.042601
6.585673
6.597343
5.994960
6.986028
6.993469
7.565583
9.343227
7.781908
8.566726
7.574951
8.550868
5.914162
5.408103
5.587633
5.168273
6.450478
5.791869
5.927709
5.751451
7.506026
5.532328
7.479713
5.737752
6.637191
6.418807
4.796164
5.882965
6.105883
7.903621
6.532599
7.360816
5.587148
5.263081
5.521277
6.226229
5.755566
5.632805
6.844701
5.732168
5.583493
5.161316
7.064096
7.634121
6.755875
6.110126
5.541749
5.908118
5.676642
5.653765
5.652578
5.651664
5.650852
5.650088
5.649320
5.648468
5.647337
5.645127
5.631158
6.191384
5.973883
5.962117
5.548201
5.380491
5.645835
5.646375
5.644684
5.640209
5.676609
6.215523
5.778084
6.910139
5.524796
5.665147
5.647026
5.647037
5.646720
5.646398
5.646092
5.645800
5.645518
5.645242
5.644969
5.644692
5.644405
5.644096
5.643743
5.643306
5.642683
5.641543
5.637934
5.749469
5.687148
5.654861
5.639793
5.635435
6.092489
6.254747
5.647489
5.347807
5.689278
5.438389
6.138154
5.653178
5.645397
5.644638
5.644342
5.644112
5.643910
5.643728
5.643562
5.643409
5.643266
5.643132
5.643005
5.642885
5.642770
5.642659
5.642553
5.642450
5.642349
5.642251
5.642155
5.642060
5.641966
5.641873
5.641779
5.641684
5.641586
5.641486
5.641380
5.641267
5.641144
5.641005
5.640843
5.640643
5.640377
5.639983
5.639287
5.637565
5.627955
5.321576
5.313612
5.312731
5.312441
5.312160
5.311915
5.311695
5.311496
5.311312
5.311142
5.310982
5.310830
5.310685
5.310544
5.310406
5.310268
5.310129
5.309984
5.309830
5.309660
5.309462
5.309215
5.308875
5.308324
5.307147
5.302434
5.322553
5.311276
5.308108
5.306673
5.300418
5.361052
5.930724
6.401461
8.075568
7.391247
7.399623
5.342607
5.318831
5.315622
5.314611
5.313875
5.313319
5.312859
5.312474
5.312145
5.311858
5.311606
5.311382
5.311181
5.311000
5.310835
5.310684
5.310545
5.310416
5.310297
5.310186
5.310082
5.309984
5.309893
5.309806
5.309724
5.309647
5.309573
5.309503
5.309436
5.309373
5.309311
5.309253
5.309197
5.309143
5.309091
5.309041
5.308993
5.308947
5.308902
5.308858
5.308816
5.308775
5.308736
5.308698
5.308660
5.308624
5.308589
5.308555
5.308521
5.308489
5.308457
5.308426
5.308396
5.308366
5.308338
5.308309
5.308282
5.308255
5.308228
5.308203
5.308177
5.308152
5.308128
5.308104
5.308080
5.308057
5.308035
5.308012
5.307990
5.307969
5.307948
5.307927
5.307906
5.307886
5.307866
5.307846
5.307827
5.307808
5.307789
5.307770
5.307752
5.307734
5.307716
5.307698
5.307681
5.307664
5.307647
5.307630
5.307613
5.307597
5.307580
5.307564
5.307548
5.307532
5.307516
5.307501
5.307485
5.307470
5.307455
5.307440
5.307425
5.307410
5.307395
5.307380
5.307366
5.307351
5.307337
5.307322
5.307308
5.307294
5.307280
5.307266
5.307251
5.307237
5.307223
5.307209
5.307195
5.307181
5.307168
5.307154
5.307140
5.307126
5.307112
5.307098
5.307084
5.307070
5.307056
5.307042
5.307027
5.307013
5.306999
5.306984
5.306970
5.306955
5.306940
5.306925
5.306910
5.306895
5.306880
5.306864
5.306849
5.306833
5.306817
5.306800
5.306783
5.306766
5.306749
5.306731
5.306713
5.306695
5.306676
5.306657
5.306637
5.306616
5.306595
5.306574
5.306551
5.306528
5.306504
5.306480
5.306454
5.306427
5.306399
5.306369
5.306338
5.306305
5.306271
5.306235
5.306196
5.306155
5.306111
5.306063
5.306012
5.305957
5.305897
5.305831
5.305758
5.305678
5.305588
5.305486
5.305371
5.305237
5.305081
5.304897
5.304673
5.304396
5.304042
5.303573
5.302915
5.301919
5.300225
5.296687
5.285604
5.228854
6.653514
6.411540
3.695256
4.185897
4.272948
2.491069
4.835871
6.467302
5.464831
5.092496
6.100385
3.552672
3.588065
4.235779
4.692105
5.201558
4.400198
6.124309
4.698975
4.082408
4.149219
3.635967
3.614735
6.248630
7.993375
7.007243
5.259270
4.122774
5.884489
4.881112
4.623349
4.613839
6.586072
4.521391
5.236828
4.534470
4.569626
3.934439
4.215202
4.010379
4.259486
5.131184
7.620139
4.112846
4.021513
6.325210
3.942148
3.438972
5.048136
3.640454
5.793169
5.623340
4.220549
3.811436
3.600790
3.591922
3.548529
3.549652
3.549986
3.550050
3.550023
3.549967
3.549902
3.549837
3.549773
3.549710
3.549650
3.549592
3.549535
3.549480
3.549426
3.549373
3.549321
3.549270
3.549220
3.549171
3.549123
3.549075
3.549028
3.548981
3.548935
3.548889
3.548843
3.548798
3.548752
3.548707
3.548661
3.548616
3.548570
3.548524
3.548478
3.548432
3.548385
3.548337
3.548290
3.548241
3.548192
3.548142
3.548091
3.548039
3.547986
3.547932
3.547877
3.547821
3.547763
3.547705
3.547645
3.547584
3.547523
3.547461
3.547400
3.547339
3.547279
3.547222
3.547169
3.547121
3.547082
3.547053
3.547039
3.547045
3.547082
3.547160
3.547293
3.547476
3.547603
3.548756
3.550233
3.575969
3.640978
3.561968
3.543073
3.538438
4.041027
4.060320
3.260926
3.730498
4.061065
3.523841
4.309983
3.532116
3.984051
4.047721
6.225777
3.808875
3.755697
3.752533
4.729694
3.328739
5.138639
3.619145
4.181883
5.829713
4.720165
5.145449
3.961766
6.411123
3.688126
5.505032
6.106532
5.158108
4.757360
4.042300
3.590267
3.495978
4.441525
3.663608
3.576267
3.950435
4.562332
4.011972
3.540059
3.217132
3.192596
3.151546
3.126551
3.115444
3.104824
3.098832
3.101519
3.105891
3.107615
3.103246
3.094940
3.079653
3.045605
2.993924
2.985243
3.112504
3.369363
3.030122
4.454497
3.725135
3.377650
3.160345
3.071865
3.744247
3.148008
4.060272
4.765571
4.657984
3.618822
3.410481
2.792317
2.747883
2.744649
2.742777
2.741667
2.740977
2.740519
2.740193
2.739943
2.739740
2.739567
2.739415
2.739279
2.739155
2.739041
2.738935
2.738836
2.738743
2.738657
2.738575
2.738497
2.738424
2.738354
2.738288
2.738225
2.738165
2.738107
2.738052
2.738000
2.737949
2.737901
2.737854
2.737809
2.737766
2.737724
2.737684
2.737645
2.737607
2.737571
2.737535
2.737501
2.737468
2.737436
2.737405
2.737374
2.737345
2.737316
2.737288
2.737261
2.737235
2.737209
2.737184
2.737160
2.737136
2.737112
2.737090
2.737068
2.737046
2.737025
2.737004
2.736984
2.736964
2.736944
2.736925
2.736907
2.736888
2.736871
2.736853
2.736836
2.736819
2.736803
2.736786
2.736770
2.736755
2.736739
2.736724
2.736710
2.736695
2.736681
2.736667
2.736653
2.736639
2.736626
2.736613
2.736600
2.736587
2.736575
2.736563
2.736550
2.736539
2.736527
2.736515
2.736504
2.736493
2.736482
2.736471
2.736460
2.736449
2.736439
2.736429
2.736418
2.736408
2.736399
2.736389
2.736379
2.736370
2.736360
2.736351
2.736342
2.736333
2.736324
2.736315
2.736307
2.736298
2.736289
2.736281
2.736273
2.736265
2.736257
2.736249
2.736241
2.736233
2.736225
2.736218
2.736210
2.736203
2.736195
2.736188
2.736181
2.736174
2.736167
2.736160
2.736153
2.736146
2.736139
2.736133
2.736126
2.736119
2.736113
2.736107
2.736100
2.736094
2.736088
2.736081
2.736075
2.736069
2.736063
2.736057
2.736052
2.736046
2.736040
2.736034
2.736029
2.736023
2.736017
2.736012
2.736006
2.736001
2.735996
2.735990
2.735985
2.735980
2.735975
2.735970
2.735965
2.735960
2.735955
2.735950
2.735945
2.735940
2.735935
2.735930
2.735925
2.735921
2.735916
2.735911
2.735907
2.735902
2.735898
2.735893
2.735889
2.735884
2.735880
2.735876
2.735871
2.735867
2.735863
2.735858
2.735854
2.735850
2.735846
2.735842
2.735838
2.735834
2.735830
2.735826
2.735822
2.735818
2.735814
2.735810
2.735806
2.735802
2.735799
2.735795
2.735791
2.735787
2.735784
2.735780
2.735776
2.735773
2.735769
2.735766
2.735762
2.735758
2.735755
2.735751
2.735748
2.735745
2.735741
2.735738
2.735734
2.735731
2.735728
2.735724
2.735721
2.735718
2.735715
2.735711
2.735708
2.735705
2.735702
2.735699
2.735696
2.735692
2.735689
2.735686
2.735683
2.735680
2.735677
2.735674
2.735671
2.735668
2.735665
2.735662
2.735659
2.735656
2.735653
2.735651
2.735648
2.735645
2.735642
2.735639
2.735636
2.735634
2.735631
2.735628
2.735625
2.735623
2.735620
2.735617
2.735615
2.735612
2.735609
2.735607
2.735604
2.735601
2.735599
2.735596
2.735594
2.735591
2.735588
2.735586
2.735583
2.735581
2.735578
2.735576
2.735573
2.735571
2.735568
2.735566
2.735564
2.735561
2.735559
2.735556
2.735554
2.735552
2.735549
2.735547
2.735545
2.735542
2.735540
2.735538
2.735535
2.735533
2.735531
2.735528
2.735526
2.735524
2.735522
2.735519
2.735517
2.735515
2.735513
2.735511
2.735508
2.735506
2.735504
2.735502
2.735500
2.735498
2.735495
2.735493
2.735491
2.735489
2.735487
2.735485
2.735483
2.735481
2.735479
2.735477
2.735474
2.735472
2.735470
2.735468
2.735466
2.735464
2.735462
2.735460
2.735458
2.735456
2.735454
2.735452
2.735450
2.735448
2.735447
2.735445
2.735443
2.735441
2.735439
2.735437
2.735435
2.735433
2.735431
2.735429
2.735427
2.735426
2.735424
2.735422
2.735420
2.735418
2.735416
2.735414
2.735413
2.735411
2.735409
2.735407
2.735405
2.735404
2.735402
2.735400
2.735398
2.735396
2.735395
2.735393
2.735391
2.735389
2.735388
2.735386
2.735384
2.735382
2.735381
2.735379
2.735377
2.735375
2.735374
2.735372
2.735370
2.735369
2.735367
2.735365
2.735364
2.735362
2.735360
2.735359
2.735357
2.735355
2.735354
2.735352
2.735350
2.735349
2.735347
2.735345
2.735344
2.735342
2.735340
2.735339
2.735337
2.735336
2.735334
2.735332
2.735331
2.735329
2.735328
2.735326
2.735324
2.735323
2.735321
2.735320
2.735318
2.735317
2.735315
2.735314
2.735312
2.735310
2.735309
2.735307
2.735306
2.735304
2.735303
2.735301
2.735300
2.735298
2.735297
2.735295
2.735294
2.735292
2.735291
2.735289
2.735288
2.735286
2.735285
2.735283
2.735282
2.735280
2.735279
2.735277
2.735276
2.735274
2.735273
2.735271
2.735270
2.735268
2.735267
2.735265
2.735264
2.735262
2.735261
2.735260
2.735258
2.735257
2.735255
2.735254
2.735252
2.735251
2.735249
2.735248
2.735247
2.735245
2.735244
2.735242
2.735241
2.735239
2.735238
2.735237
2.735235
2.735234
2.735232
2.735231
2.735230
2.735228
2.735227
2.735225
2.735224
2.735223
2.735221
2.735220
2.735218
2.735217
2.735216
2.735214
2.735213
2.735211
2.735210
2.735209
2.735207
2.735206
2.735205
2.735203
2.735202
2.735200
2.735199
2.735198
2.735196
2.735195
2.735194
2.735192
2.735191
2.735189
2.735188
2.735187
2.735185
2.735184
2.735183
2.735181
2.735180
2.735179
2.735177
2.735176
2.735175
2.735173
2.735172
2.735170
2.735169
2.735168
2.735166
2.735165
2.735164
2.735162
2.735161
2.735160
2.735158
2.735157
2.735156
2.735154
2.735153
2.735152
2.735150
2.735149
2.735148
2.735146
2.735145
2.735144
2.735142
2.735141
2.735140
2.735138
2.735137
2.735136
2.735134
2.735133
2.735132
2.735130
2.735129
2.735127
2.735126
2.735125
2.735123
2.735122
2.735121
2.735119
2.735118
2.735117
2.735115
2.735114
2.735113
2.735111
2.735110
2.735109
2.735107
2.735106
2.735105
2.735103
2.735102
2.735101
2.735099
2.735098
2.735097
2.735095
2.735094
2.735093
2.735091
2.735090
2.735088
2.735087
2.735086
2.735084
2.735083
2.735082
2.735080
2.735079
2.735078
2.735076
2.735075
2.735073
2.735072
2.735071
2.735069
2.735068
2.735067
2.735065
2.735064
2.735063
2.735061
2.735060
2.735058
2.735057
2.735056
2.735054
2.735053
2.735051
2.735050
2.735049
2.735047
2.735046
2.735044
2.735043
2.735042
2.735040
2.735039
2.735037
2.735036
2.735035
2.735033
2.735032
2.735030
2.735029
2.735028
2.735026
2.735025
2.735023
2.735022
2.735020
2.735019
2.735018
2.735016
2.735015
2.735013
2.735012
2.735010
2.735009
2.735007
2.735006
2.735004
2.735003
2.735002
2.735000
2.734999
2.734997
2.734996
2.734994
2.734993
2.734991
2.734990
2.734988
2.734987
2.734985
2.734984
2.734982
2.734981
2.734979
2.734978
2.734976
2.734975
2.734973
2.734972
2.734970
2.734968
2.734967
2.734965
2.734964
2.734962
2.734961
2.734959
2.734958
2.734956
2.734954
2.734953
2.734951
2.734950
2.734948
2.734946
2.734945
2.734943
2.734942
2.734940
2.734938
2.734937
2.734935
2.734933
2.734932
2.734930
2.734928
2.734927
2.734925
2.734923
2.734922
2.734920
2.734918
2.734917
2.734915
2.734913
2.734912
2.734910
2.734908
2.734906
2.734905
2.734903
2.734901
2.734900
2.734898
2.734896
2.734894
2.734892
2.734891
2.734889
2.734887
2.734885
2.734883
2.734882
2.734880
2.734878
2.734876
2.734874
2.734872
2.734871
2.734869
2.734867
2.734865
2.734863
2.734861
2.734859
2.734857
2.734855
2.734853
2.734852
2.734850
2.734848
2.734846
2.734844
2.734842
2.734840
2.734838
2.734836
2.734834
2.734832
2.734830
2.734828
2.734826
2.734823
2.734821
2.734819
2.734817
2.734815
2.734813
2.734811
2.734809
2.734807
2.734804
2.734802
2.734800
2.734798
2.734796
2.734793
2.734791
2.734789
2.734787
2.734784
2.734782
2.734780
2.734778
2.734775
2.734773
2.734771
2.734768
2.734766
2.734764
2.734761
2.734759
2.734756
2.734754
2.734752
2.734749
2.734747
2.734744
2.734742
2.734739
2.734737
2.734734
2.734732
2.734729
2.734726
2.734724
2.734721
2.734719
2.734716
2.734713
2.734711
2.734708
2.734705
2.734702
2.734700
2.734697
2.734694
2.734691
2.734689
2.734686
2.734683
2.734680
2.734677
2.734674
2.734671
2.734668
2.734665
2.734662
2.734659
2.734656
2.734653
2.734650
2.734647
2.734644
2.734641
2.734638
2.734635
2.734631
2.734628
2.734625
2.734622
2.734618
2.734615
2.734612
2.734608
2.734605
2.734602
2.734598
2.734595
2.734591
2.734588
2.734584
2.734581
2.734577
2.734573
2.734570
2.734566
2.734562
2.734559
2.734555
2.734551
2.734547
2.734543
2.734539
2.734536
2.734532
2.734528
2.734524
2.734520
2.734515
2.734511
2.734507
2.734503
2.734499
2.734495
2.734490
2.734486
2.734482
2.734477
2.734473
2.734468
2.734464
2.734459
2.734455
2.734450
2.734445
2.734441
2.734436
2.734431
2.734426
2.734421
2.734416
2.734412
2.734406
2.734401
2.734396
2.734391
2.734386
2.734381
2.734375
2.734370
2.734365
2.734359
2.734354
2.734348
2.734343
2.734337
2.734331
2.734325
2.734320
2.734314
2.734308
2.734302
2.734296
2.734290
2.734283
2.734277
2.734271
2.734264
2.734258
2.734251
2.734245
2.734238
2.734232
2.734225
2.734218
2.734211
2.734204
2.734197
2.734190
2.734183
2.734175
2.734168
2.734160
2.734153
2.734145
2.734138
2.734130
2.734122
2.734114
2.734106
2.734098
2.734090
2.734081
2.734073
2.734064
2.734056
2.734047
2.734038
2.734029
2.734020
2.734011
2.734002
2.733993
2.733983
2.733974
2.733964
2.733954
2.733945
2.733935
2.733924
2.733914
2.733904
2.733893
2.733883
2.733872
2.733861
2.733850
2.733839
2.733828
2.733816
2.733805
2.733793
2.733781
2.733769
2.733757
2.733745
2.733732
2.733720
2.733707
2.733694
2.733681
2.733668
2.733654
2.733641
2.733627
2.733613
2.733599
2.733585
2.733570
2.733555
2.733540
2.733525
2.733510
2.733494
2.733479
2.733463
2.733447
2.733430
2.733414
2.733397
2.733380
2.733363
2.733345
2.733327
2.733309
2.733291
2.733273
2.733254
2.733235
2.733216
2.733196
2.733176
2.733156
2.733136
2.733115
2.733094
2.733073
2.733051
2.733029
2.733007
2.732984
2.732961
2.732938
2.732915
2.732891
2.732867
2.732842
2.732817
2.732792
2.732766
2.732740
2.732713
2.732686
2.732659
2.732631
2.732603
2.732575
2.732546
2.732516
2.732486
2.732456
2.732425
2.732394
2.732362
2.732329
2.732297
2.732263
2.732229
2.732195
2.732160
2.732124
2.732088
2.732052
2.732014
2.731976
2.731938
2.731899
2.731859
2.731818
2.731777
2.731735
2.731693
2.731649
2.731605
2.731561
2.731515
2.731469
2.731421
2.731373
2.731324
2.731275
2.731224
2.731173
2.731120
2.731067
2.731012
2.730957
2.730900
2.730843
2.730784
2.730724
2.730663
2.730601
2.730538
2.730473
2.730408
2.730340
2.730272
2.730202
2.730131
2.730058
2.729983
2.729907
2.729830
2.729750
2.729669
2.729587
2.729502
2.729415
2.729327
2.729236
2.729144
2.729049
2.728951
2.728852
2.728750
2.728646
2.728539
2.728429
2.728316
2.728201
2.728082
2.727960
2.727835
2.727707
2.727575
2.727439
2.727300
2.727156
2.727008
2.726856
2.726699
2.726537
2.726370
2.726198
2.726020
2.725837
2.725647
2.725451
2.725248
2.725037
2.724820
2.724594
2.724360
2.724117
2.723864
2.723601
2.723328
2.723044
2.722747
2.722438
2.722115
2.721777
2.721424
2.721054
2.720667
2.720260
2.719833
2.719384
2.718911
2.718413
2.717887
2.717332
2.716744
2.716122
2.715462
2.714762
2.714019
2.713228
2.712386
2.711489
2.710533
2.709513
2.708425
2.707264
2.706024
2.704700
2.703286
2.701778
2.700168
2.698450
2.696617
2.694661
2.692572
2.690342
2.687957
2.685404
2.682667
2.679728
2.676565
2.673154
2.669464
2.665462
2.661108
2.656356
2.651148
2.645412
2.639051
2.631928
2.623836
2.614441
2.603203
2.589251
2.571254
2.547402
2.515736
2.474937
2.424924
2.366336
2.299828
2.226533
2.148305
2.066631
1.981830
1.894446
1.808449
1.729611
1.661459
1.617085
1.588698
1.579422
1.547612
1.741436
7.033317
18.061370
12.000388
9.998683
8.276092
7.543724
7.641252
8.373251
9.491568
8.114341
7.903403
8.923528
9.068303
8.698086
8.551968
8.547996
8.677946
8.801441
8.566463
7.595452
6.095425
6.236699
5.663163
4.593536
3.948304
3.951685
3.947967
3.948130
3.948122
3.948067
3.948004
3.947943
3.947884
3.947829
3.947777
3.947727
3.947681
3.947636
3.947594
3.947553
3.947514
3.947477
3.947441
3.947406
3.947373
3.947340
3.947309
3.947278
3.947248
3.947219
3.947191
3.947163
3.947136
3.947109
3.947083
3.947058
3.947033
3.947008
3.946984
3.946960
3.946936
3.946913
3.946890
3.946868
3.946845
3.946823
3.946801
3.946779
3.946758
3.946736
3.946715
3.946694
3.946673
3.946652
3.946631
3.946610
3.946589
3.946568
3.946547
3.946526
3.946505
3.946484
3.946463
3.946442
3.946420
3.946399
3.946377
3.946355
3.946333
3.946311
3.946288
3.946265
3.946242
3.946219
3.946195
3.946170
3.946146
3.946120
3.946095
3.946068
3.946041
3.946013
3.945985
3.945956
3.945925
3.945894
3.945862
3.945829
3.945794
3.945758
3.945721
3.945681
3.945640
3.945597
3.945552
3.945504
3.945454
3.945400
3.945343
3.945282
3.945217
3.945147
3.945071
3.944988
3.944898
3.944799
3.944690
3.944569
3.944433
3.944280
3.944106
3.943905
3.943671
3.943394
3.943062
3.942655
3.942145
3.941491
3.940623
3.939434
3.937771
3.935557
3.933886
3.928510
4.518169
4.625762
3.911719
3.638867
3.696469
3.571846
3.559067
3.551943
3.528806
3.504404
3.491183
3.489143
3.490195
3.484616
5.628609
5.077962
4.194458
3.866364
4.409821
3.980257
4.291801
2.930525
2.930506
3.758056
4.044787
5.838371
4.837448
6.719541
3.834668
3.794506
3.835575
2.998761
3.010699
3.360835
2.752279
3.800127
2.918893
3.329835
2.775621
2.804069
4.458003
4.344282
3.310990
2.923417
2.876540
2.497022
3.592569
3.547694
3.732760
3.040172
3.326138
2.703997
2.505808
2.441326
1.950038
1.926658
1.911816
1.900578
1.891859
1.884983
1.879564
1.875377
1.872279
1.870196
1.869086
1.868554
1.867918
1.867367
1.867326
1.868086
1.870491
1.873986
1.865510
1.854587
1.866970
1.864914
1.861401
1.858364
1.861849
1.873995
1.882586
2.533699
2.072974
2.406391
2.454187
1.922380
1.870956
3.250284
2.467185
1.955683
2.195025
4.662578
5.423253
4.866418
4.793858
4.426216
4.419411
4.420601
4.420322
4.419489
4.418167
4.415923
4.410905
4.380099
3.085762
5.353742
5.217266
5.149458
4.416609
4.398502
4.406324
4.911495
3.704464
4.040045
2.924735
2.805457
3.067510
2.514943
3.564069
4.250712
3.671267
3.600253
4.131371
3.892254
2.303772
4.889566
4.348832
3.631288
3.434494
3.511223
3.075986
2.773754
2.761310
2.744721
2.740857
2.739028
2.737980
2.737298
2.736797
2.736372
2.735954
2.735488
2.734909
2.734106
2.732829
2.730322
3.918499
2.155724
2.402564
2.006651
1.891387
1.869013
2.644002
2.475855
3.218714
3.882112
2.376681
2.189470
2.763459
2.239700
1.980126
3.552696
3.722368
3.176560
3.395819
3.017435
2.777571
2.218903
2.600113
2.653363
2.235720
2.109312
1.831163
2.517491
4.762502
3.523405
3.588407
3.284297
10.637968
9.571850
6.018112
3.743572
3.137719
2.617955
2.188895
1.851853
1.843865
1.839585
1.835960
1.832723
1.829738
1.826711
1.821548
1.827697
1.823975
2.690062
1.606136
2.052381
1.945411
1.283475
1.282846
1.249338
1.246519
1.250929
2.215239
1.693652
1.581824
1.339699
1.269981
4.517072
4.952811
6.974195
6.628057
8.388430
6.361018
3.786059
7.257652
5.302573
5.343983
4.355211
3.453804
3.555204
3.611454
1.970409
4.694202
4.833471
2.029875
2.591330
2.369670
3.266438
2.986667
3.166852
4.054017
4.752278
1.873781
1.734491
1.479341
1.549250
3.489388
2.616371
2.693025
3.605005
1.921888
1.610935
1.324272
0.982456
1.385118
0.878667
0.774594
0.771695
0.769501
0.767650
0.765892
0.763908
0.766442
0.761264
0.755170
1.372294
0.601995
0.583160
0.570978
0.558003
0.538584
0.502209
0.496777
0.496389
0.496078
0.495819
0.495598
0.495406
0.495236
0.495085
0.494949
0.494826
0.494714
0.494611
0.494516
0.494429
0.494347
0.494271
0.494199
0.494132
0.494069
0.494010
0.493953
0.493900
0.493849
0.493801
0.493755
0.493711
0.493669
0.493629
0.493590
0.493553
0.493517
0.493483
0.493450
0.493418
0.493388
0.493358
0.493329
0.493302
0.493275
0.493249
0.493224
0.493199
0.493176
0.493153
0.493130
0.493108
0.493087
0.493067
0.493047
0.493027
0.493008
0.492990
0.492972
0.492954
0.492937
0.492920
0.492904
0.492888
0.492872
0.492857
0.492842
0.492827
0.492813
0.492799
0.492785
0.492772
0.492758
0.492746
0.492733
0.492720
0.492708
0.492696
0.492685
0.492673
0.492662
0.492651
0.492640
0.492629
0.492619
0.492608
0.492598
0.492588
0.492579
0.492569
0.492560
0.492550
0.492541
0.492532
0.492523
0.492514
0.492506
0.492497
0.492489
0.492481
0.492473
0.492465
0.492457
0.492449
0.492442
0.492434
0.492427
0.492419
0.492412
0.492405
0.492398
0.492391
0.492384
0.492378
0.492371
0.492364
0.492358
0.492351
0.492345
0.492339
0.492333
0.492327
0.492321
0.492315
0.492309
0.492303
0.492297
0.492292
0.492286
0.492280
0.492275
0.492270
0.492264
0.492259
0.492254
0.492248
0.492243
0.492238
0.492233
0.492228
0.492223
0.492218
0.492214
0.492209
0.492204
0.492199
0.492195
0.492190
0.492186
0.492181
0.492177
0.492172
0.492168
0.492163
0.492159
0.492155
0.492151
0.492146
0.492142
0.492138
0.492134
0.492130
0.492126
0.492122
0.492118
0.492114
0.492110
0.492106
0.492102
0.492098
0.492095
0.492091
0.492087
0.492083
0.492080
0.492076
0.492072
0.492069
0.492065
0.492062
0.492058
0.492055
0.492051
0.492048
0.492044
0.492041
0.492037
0.492034
0.492031
0.492027
0.492024
0.492021
0.492017
0.492014
0.492011
0.492008
0.492004
0.492001
0.491998
0.491995
0.491992
0.491988
0.491985
0.491982
0.491979
0.491976
0.491973
0.491970
0.491967
0.491964
0.491961
0.491958
0.491955
0.491952
0.491949
0.491946
0.491943
0.491940
0.491937
0.491934
0.491931
0.491928
0.491925
0.491922
0.491919
0.491916
0.491913
0.491910
0.491907
0.491905
0.491902
0.491899
0.491896
0.491893
0.491890
0.491887
0.491884
0.491882
0.491879
0.491876
0.491873
0.491870
0.491867
0.491864
0.491861
0.491859
0.491856
0.491853
0.491850
0.491847
0.491844
0.491841
0.491838
0.491835
0.491833
0.491830
0.491827
0.491824
0.491821
0.491818
0.491815
0.491812
0.491809
0.491806
0.491803
0.491800
0.491797
0.491794
0.491791
0.491788
0.491785
0.491782
0.491779
0.491776
0.491772
0.491769
0.491766
0.491763
0.491760
0.491757
0.491753
0.491750
0.491747
0.491743
0.491740
0.491737
0.491733
0.491730
0.491726
0.491723
0.491719
0.491716
0.491712
0.491708
0.491705
0.491701
0.491697
0.491693
0.491690
0.491686
0.491682
0.491678
0.491674
0.491669
0.491665
0.491661
0.491657
0.491652
0.491648
0.491643
0.491639
0.491634
0.491629
0.491624
0.491619
0.491614
0.491609
0.491604
0.491598
0.491593
0.491587
0.491582
0.491576
0.491570
0.491563
0.491557
0.491550
0.491544
0.491537
0.491530
0.491522
0.491515
0.491507
0.491499
0.491490
0.491481
0.491472
0.491463
0.491453
0.491443
0.491432
0.491421
0.491409
0.491396
0.491383
0.491369
0.491355
0.491339
0.491323
0.491305
0.491286
0.491265
0.491243
0.491219
0.491193
0.491164
0.491131
0.491095
0.491054
0.491007
0.490952
0.490888
0.490810
0.490712
0.490586
0.490415
0.490165
0.489758
0.488986
0.492120
0.490472
0.490286
0.490016
0.489576
0.488702
0.485999
0.888002
1.335826
0.727796
0.553364
0.540027
0.519309
0.493656
0.491347
0.490548
0.489303
0.485680
1.072077
0.256624
1.051574
0.411899
0.273587
0.188937
0.306178
0.137604
0.008726
0.006046
0.005152
0.004710
0.004437
0.004244
0.004096
0.003976
0.003875
0.003787
0.003710
0.003640
0.003576
0.003517
0.003463
0.003412
0.003364
0.003319
0.003276
0.003236
0.003197
0.003159
0.003124
0.003089
0.003056
0.003024
0.002994
0.002964
0.002935
0.002907
0.002880
0.002854
0.002828
0.002803
0.002779
0.002755
0.002732
0.002710
0.002688
0.002666
0.002645
0.002625
0.002605
0.002585
0.002566
0.002547
0.002529
0.002511
0.002493
0.002475
0.002458
0.002442
0.002425
0.002409
0.002393
0.002378
0.002362
0.002347
0.002332
0.002318
0.002303
0.002289
0.002275
0.002262
0.002248
0.002235
0.002222
0.002209
0.002196
0.002184
0.002171
0.002159
0.002147
0.002135
0.002123
0.002112
0.002100
0.002089
0.002078
0.002067
0.002056
0.002045
0.002035
0.002024
0.002014
0.002004
0.001994
0.001984
0.001974
0.001964
0.001955
0.001945
0.001936
0.001926
0.001917
0.001908
0.001899
0.001890
0.001881
0.001873
0.001864
0.001855
0.001847
0.001839
0.001830
0.001822
0.001814
0.001806
0.001798
0.001790
0.001782
0.001774
0.001767
0.001759
0.001752
0.001744
0.001737
0.001729
0.001722
0.001715
0.001708
0.001701
0.001694
0.001687
0.001680
0.001673
0.001666
0.001660
0.001653
0.001646
0.001640
0.001633
0.001627
0.001620
0.001614
0.001608
0.001602
0.001595
0.001589
0.001583
0.001577
0.001571
0.001565
0.001559
0.001553
0.001548
0.001542
0.001536
0.001530
0.001525
0.001519
0.001514
0.001508
0.001503
0.001497
0.001492
0.001486
0.001481
0.001476
0.001471
0.001465
0.001460
0.001455
0.001450
0.001445
0.001440
0.001435
0.001430
0.001425
0.001420
0.001415
0.001410
0.001406
0.001401
0.001396
0.001392
0.001387
0.001382
0.001378
0.001373
0.001369
0.001364
0.001360
0.001355
0.001351
0.001346
0.001342
0.001338
0.001333
0.001329
0.001325
0.001320
0.001316
0.001312
0.001308
0.001304
0.001300
0.001296
0.001291
0.001287
0.001283
0.001279
0.001276
0.001272
0.001268
0.001264
0.001260
0.001256
0.001252
0.001248
0.001245
0.001241
0.001237
0.001233
0.001230
0.001226
0.001222
0.001219
0.001215
0.001212
0.001208
0.001205
0.001201
0.001197
0.001194
0.001191
0.001187
0.001184
0.001180
0.001177
0.001173
0.001170
0.001167
0.001163
0.001160
0.001157
0.001154
0.001150
0.001147
0.001144
0.001141
0.001138
0.001134
0.001131
0.001128
0.001125
0.001122
0.001119
0.001116
0.001113
0.001110
0.001107
0.001104
0.001101
0.001098
0.001095
0.001092
0.001089
0.001086
0.001083
0.001080
0.001077
0.001074
0.001072
0.001069
0.001066
0.001063
0.001060
0.001058
0.001055
0.001052
0.001049
0.001047
0.001044
0.001041
0.001039
0.001036
0.001033
0.001031
0.001028
0.001025
0.001023
0.001020
0.001018
0.001015
0.001013
0.001010
0.001008
0.001005
0.001002
0.001000
0.000998
0.000995
0.000993
0.000990
0.000988
0.000985
0.000983
0.000980
0.000978
0.000976
0.000973
0.000971
0.000969
0.000966
0.000964
0.000962
0.000959
0.000957
0.000955
0.000953
0.000950
0.000948
0.000946
0.000944
0.000941
0.000939
0.000937
0.000935
0.000932
0.000930
0.000928
0.000926
0.000924
0.000922
0.000920
0.000917
0.000915
0.000913
0.000911
0.000909
0.000907
0.000905
0.000903
0.000901
0.000899
0.000897
0.000895
0.000893
0.000891
0.000889
0.000887
0.000885
0.000883
0.000881
0.000879
0.000877
0.000875
0.000873
0.000871
0.000869
0.000867
0.000865
0.000864
0.000862
0.000860
0.000858
0.000856
0.000854
0.000852
0.000850
0.000849
0.000847
0.000845
0.000843
0.000841
0.000840
0.000838
0.000836
0.000834
0.000832
0.000831
0.000829
0.000827
0.000825
0.000824
0.000822
0.000820
0.000819
0.000817
0.000815
0.000814
0.000812
0.000810
0.000808
0.000807
0.000805
0.000803
0.000802
0.000800
0.000799
0.000797
0.000795
0.000794
0.000792
0.000790
0.000789
0.000787
0.000786
0.000784
0.000783
0.000781
0.000779
0.000778
0.000776
0.000775
0.000773
0.000772
0.000770
0.000769
0.000767
0.000766
0.000764
0.000763
0.000761
0.000760
0.000758
0.000757
0.000755
0.000754
0.000752
0.000751
0.000749
0.000748
0.000746
0.000745
0.000744
0.000742
0.000741
0.000739
0.000738
0.000737
0.000735
0.000734
0.000732
0.000731
0.000730
0.000728
0.000727
0.000725
0.000724
0.000723
0.000721
0.000720
0.000719
0.000717
0.000716
0.000715
0.000713
0.000712
0.000711
0.000709
0.000708
0.000707
0.000706
0.000704
0.000703
0.000702
0.000700
0.000699
0.000698
0.000697
0.000695
0.000694
0.000693
0.000692
0.000690
0.000689
0.000688
0.000687
0.000685
0.000684
0.000683
0.000682
0.000680
0.000679
0.000678
0.000677
0.000676
0.000674
0.000673
0.000672
0.000671
0.000670
0.000669
0.000667
0.000666
0.000665
0.000664
0.000663
0.000662
0.000660
0.000659
0.000658
0.000657
0.000656
0.000655
0.000654
0.000653
0.000651
0.000650
0.000649
0.000648
0.000647
0.000646
0.000645
0.000644
0.000643
0.000642
0.000640
0.000639
0.000638
0.000637
0.000636
0.000635
0.000634
0.000633
0.000632
0.000631
0.000630
0.000629
0.000628
0.000627
0.000626
0.000625
0.000624
0.000623
0.000622
0.000621
0.000620
0.000619
0.000618
0.000616
0.000615
0.000614
0.000613
0.000612
0.000612
0.000611
0.000610
0.000609
0.000608
0.000607
0.000606
0.000605
0.000604
0.000603
0.000602
0.000601
0.000600
0.000599
0.000598
0.000597
0.000596
0.000595
0.000594
0.000593
0.000592
0.000591
0.000590
0.000589
0.000589
0.000588
0.000587
0.000586
0.000585
0.000584
0.000583
0.000582
0.000581
0.000580
0.000579
0.000579
0.000578
0.000577
0.000576
0.000575
0.000574
0.000573
0.000572
0.000572
0.000571
0.000570
0.000569
0.000568
0.000567
0.000566
0.000565
0.000565
0.000564
0.000563
0.000562
0.000561
0.000560
0.000560
0.000559
0.000558
0.000557
0.000556
0.000555
0.000555
0.000554
0.000553
0.000552
0.000551
0.000550
0.000550
0.000549
0.000548
0.000547
0.000546
0.000546
0.000545
0.000544
0.000543
0.000542
0.000542
0.000541
0.000540
0.000539
0.000538
0.000538
0.000537
0.000536
0.000535
0.000535
0.000534
0.000533
0.000532
0.000532
0.000531
0.000530
0.000529
0.000529
0.000528
0.000527
0.000526
0.000526
0.000525
0.000524
0.000523
0.000523
0.000522
0.000521
0.000520
0.000520
0.000519
0.000518
0.000517
0.000517
0.000516
0.000515
0.000515
0.000514
0.000513
0.000512
0.000512
0.000511
0.000510
0.000510
0.000509
0.000508
0.000507
0.000507
0.000506
0.000505
0.000505
0.000504
0.000503
0.000503
0.000502
0.000501
0.000501
0.000500
0.000499
0.000499
0.000498
0.000497
0.000497
0.000496
0.000495
0.000495
0.000494
0.000493
0.000493
0.000492
0.000491
0.000491
0.000490
0.000489
0.000489
0.000488
0.000487
0.000487
0.000486
0.000485
0.000485
0.000484
0.000483
0.000483
0.000482
0.000482
0.000481
0.000480
0.000480
0.000479
0.000478
0.000478
0.000477
0.000477
0.000476
0.000475
0.000475
0.000474
0.000473
0.000473
0.000472
0.000472
0.000471
0.000470
0.000470
0.000469
0.000469
0.000468
0.000467
0.000467
0.000466
0.000466
0.000465
0.000464
0.000464
0.000463
0.000463
0.000462
0.000462
0.000461
0.000460
0.000460
0.000459
0.000459
0.000458
0.000457
0.000457
0.000456
0.000456
0.000455
0.000455
0.000454
0.000453
0.000453
0.000452
0.000452
0.000451
0.000451
0.000450
0.000450
0.000449
0.000448
0.000448
0.000447
0.000447
0.000446
0.000446
0.000445
0.000445
0.000444
0.000444
0.000443
0.000442
0.000442
0.000441
0.000441
0.000440
0.000440
0.000439
0.000439
0.000438
0.000438
0.000437
0.000437
0.000436
0.000436
0.000435
0.000435
0.000434
0.000433
0.000433
0.000432
0.000432
0.000431
0.000431
0.000430
0.000430
0.000429
0.000429
0.000428
0.000428
0.000427
0.000427
0.000426
0.000426
0.000425
0.000425
0.000424
0.000424
0.000423
0.000423
0.000422
0.000422
0.000421
0.000421
0.000420
0.000420
0.000419
0.000419
0.000418
0.000418
0.000417
0.000417
0.000417
0.000416
0.000416
0.000415
0.000415
0.000414
0.000414
0.000413
0.000413
0.000412
0.000412
0.000411
0.000411
0.000410
0.000410
0.000409
0.000409
0.000408
0.000408
0.000408
0.000407
0.000407
0.000406
0.000406
0.000405
0.000405
0.000404
0.000404
0.000403
0.000403
0.000403
0.000402
0.000402
0.000401
0.000401
0.000400
0.000400
0.000399
0.000399
0.000399
0.000398
0.000398
0.000397
0.000397
0.000396
0.000396
0.000395
0.000395
0.000395
0.000394
0.000394
0.000393
0.000393
0.000392
0.000392
0.000392
0.000391
0.000391
0.000390
0.000390
0.000389
0.000389
0.000389
0.000388
0.000388
0.000387
0.000387
0.000387
0.000386
0.000386
0.000385
0.000385
0.000384
0.000384
0.000384
0.000383
0.000383
0.000382
0.000382
0.000382
0.000381
0.000381
0.000380
0.000380
0.000380
0.000379
0.000379
0.000378
0.000378
0.000378
0.000377
0.000377
0.000376
0.000376
0.000376
0.000375
0.000375
0.000374
0.000374
0.000374
0.000373
0.000373
0.000372
0.000372
0.000372
0.000371
0.000371
0.000370
0.000370
0.000370
0.000369
0.000369
0.000369
0.000368
0.000368
0.000367
0.000367
0.000367
0.000366
0.000366
0.000366
0.000365
0.000365
0.000364
0.000364
0.000364
0.000363
0.000363
0.000363
0.000362
0.000362
0.000361
0.000361
0.000361
0.000360
0.000360
0.000360
0.000359
0.000359
0.000359
0.000358
0.000358
0.000357
0.000357
0.000357
0.000356
0.000356
0.000356
0.000355
0.000355
0.000355
0.000354
0.000354
0.000354
0.000353
0.000353
0.000353
0.000352
0.000352
0.000351
0.000351
0.000351
0.000350
0.000350
0.000350
0.000349
0.000349
0.000349
0.000348
0.000348
0.000348
0.000347
0.000347
0.000347
0.000346
0.000346
0.000346
0.000345
0.000345
0.000345
0.000344
0.000344
0.000344
0.000343
0.000343
0.000343
0.000342
0.000342
0.000342
0.000341
0.000341
0.000341
0.000340
0.000340
0.000340
0.000339
0.000339
0.000339
0.000338
0.000338
0.000338
0.000337
0.000337
0.000337
0.000336
0.000336
0.000336
0.000335
0.000335
0.000335
0.000335
0.000334
0.000334
0.000334
0.000333
0.000333
0.000333
0.000332
0.000332
0.000332
0.000331
0.000331
0.000331
0.000330
0.000330
0.000330
0.000330
0.000329
0.000329
0.000329
0.000328
0.000328
0.000328
0.000327
0.000327
0.000327
0.000326
0.000326
0.000326
0.000326
0.000325
0.000325
0.000325
0.000324
0.000324
0.000324
0.000323
0.000323
0.000323
0.000323
0.000322
0.000322
0.000322
0.000321
0.000321
0.000321
0.000321
0.000320
0.000320
0.000320
0.000319
0.000319
0.000319
0.000319
0.000318
0.000318
0.000318
0.000317
0.000317
0.000317
0.000317
0.000316
0.000316
0.000316
0.000315
0.000315
0.000315
0.000315
0.000314
0.000314
0.000314
0.000313
0.000313
0.000313
0.000313
0.000312
0.000312
0.000312
0.000311
0.000311
0.000311
0.000311
0.000310
0.000310
0.000310
0.000310
0.000309
0.000309
0.000309
0.000308
0.000308
0.000308
0.000308
0.000307
0.000307
0.000307
0.000307
0.000306
0.000306
0.000306
0.000305
0.000305
0.000305
0.000305
0.000304
0.000304
0.000304
0.000304
0.000303
0.000303
0.000303
0.000303
0.000302
0.000302
0.000302
0.000302
0.000301
0.000301
0.000301
0.000301
0.000300
0.000300
0.000300
0.000299
0.000299
0.000299
0.000299
0.000298
0.000298
0.000298
0.000298
0.000297
0.000297
0.000297
0.000297
0.000296
0.000296
0.000296
0.000296
0.000295
0.000295
0.000295
0.000295
0.000294
0.000294
0.000294
0.000294
0.000293
0.000293
0.000293
0.000293
0.000292
0.000292
0.000292
0.000292
0.000291
0.000291
0.000291
0.000291
0.000291
0.000290
0.000290
0.000290
0.000290
0.000289
0.000289
0.000289
0.000289
0.000288
0.000288
0.000288
0.000288
0.000287
0.000287
0.000287
0.000287
0.000286
0.000286
0.000286
0.000286
0.000286
0.000285
0.000285
0.000285
0.000285
0.000284
0.000284
0.000284
0.000284
0.000283
0.000283
0.000283
0.000283
0.000283
0.000282
0.000282
0.000282
0.000282
0.000281
0.000281
0.000281
0.000281
0.000280
0.000280
0.000280
0.000280
0.000280
0.000279
0.000279
0.000279
0.000279
0.000278
0.000278
0.000278
0.000278
0.000278
0.000277
0.000277
0.000277
0.000277
0.000276
0.000276
0.000276
0.000276
0.000276
0.000275
0.000275
0.000275
0.000275
0.000275
0.000274
0.000274
0.000274
0.000274
0.000273
0.000273
0.000273
0.000273
0.000273
0.000272
0.000272
0.000272
0.000272
0.000272
0.000271
0.000271
0.000271
0.000271
0.000270
0.000270
0.000270
0.000270
0.000270
0.000269
0.000269
0.000269
0.000269
0.000269
0.000268
0.000268
0.000268
0.000268
0.000268
0.000267
0.000267
0.000267
0.000267
0.000267
0.000266
0.000266
0.000266
0.000266
0.000265
0.000265
0.000265
0.000265
0.000265
0.000264
0.000264
0.000264
0.000264
0.000264
0.000263
0.000263
0.000263
0.000263
0.000263
0.000262
0.000262
0.000262
0.000262
0.000262
0.000261
0.000261
0.000261
0.000261
0.000261
0.000260
0.000260
0.000260
0.000260
0.000260
0.000260
0.000259
0.000259
0.000259
0.000259
0.000259
0.000258
0.000258
0.000258
0.000258
0.000258
0.000257
0.000257
0.000257
0.000257
0.000257
0.000256
0.000256
0.000256
0.000256
0.000256
0.000255
0.000255
0.000255
0.000255
0.000255
0.000255
0.000254
0.000254
0.000254
0.000254
0.000254
0.000253
0.000253
0.000253
0.000253
0.000253
0.000253
0.000252
0.000252
0.000252
0.000252
0.000252
0.000251
0.000251
0.000251
0.000251
0.000251
0.000250
0.000250
0.000250
0.000250
0.000250
0.000250
0.000249
0.000249
0.000249
0.000249
0.000249
0.000249
0.000248
0.000248
0.000248
0.000248
0.000248
0.000247
0.000247
0.000247
0.000247
0.000247
0.000247
0.000246
0.000246
0.000246
0.000246
0.000246
0.000246
0.000245
0.000245
0.000245
0.000245
0.000245
0.000244
0.000244
0.000244
0.000244
0.000244
0.000244
0.000243
0.000243
0.000243
0.000243
0.000243
0.000243
0.000242
0.000242
0.000242
0.000242
0.000242
0.000242
0.000241
0.000241
0.000241
0.000241
0.000241
0.000241
0.000240
0.000240
0.000240
0.000240
0.000240
0.000240
0.000239
0.000239
0.000239
0.000239
0.000239
0.000239
0.000238
0.000238
0.000238
0.000238
0.000238
0.000238
0.000237
0.000237
0.000237
0.000237
0.000237
0.000237
0.000236
0.000236
0.000236
0.000236
0.000236
0.000236
0.000235
0.000235
0.000235
0.000235
0.000235
0.000235
0.000234
0.000234
0.000234
0.000234
0.000234
0.000234
0.000234
0.000233
0.000233
0.000233
0.000233
0.000233
0.000233
0.000232
0.000232
0.000232
0.000232
0.000232
0.000232
0.000231
0.000231
0.000231
0.000231
0.000231
0.000231
0.000231
0.000230
0.000230
0.000230
0.000230
0.000230
0.000230
0.000229
0.000229
0.000229
0.000229
0.000229
0.000229
0.000229
0.000228
0.000228
0.000228
0.000228
0.000228
0.000228
0.000227
0.000227
0.000227
0.000227
0.000227
0.000227
0.000227
0.000226
0.000226
0.000226
0.000226
0.000226
0.000226
0.000226
0.000225
0.000225
0.000225
0.000225
0.000225
0.000225
0.000225
0.000224
0.000224
0.000224
0.000224
0.000224
0.000224
0.000223
0.000223
0.000223
0.000223
0.000223
0.000223
0.000223
0.000222
0.000222
0.000222
0.000222
0.000222
0.000222
0.000222
0.000221
0.000221
0.000221
0.000221
0.000221
0.000221
0.000221
0.000220
0.000220
0.000220
0.000220
0.000220
0.000220
0.000220
0.000219
0.000219
0.000219
0.000219
0.000219
0.000219
0.000219
0.000218
0.000218
0.000218
0.000218
0.000218
0.000218
0.000218
0.000218
0.000217
0.000217
0.000217
0.000217
0.000217
0.000217
0.000217
0.000216
0.000216
0.000216
0.000216
0.000216
0.000216
0.000216
0.000215
0.000215
0.000215
0.000215
0.000215
0.000215
0.000215
0.000215
0.000214
0.000214
0.000214
0.000214
0.000214
0.000214
0.000214
0.000213
0.000213
0.000213
0.000213
0.000213
0.000213
0.000213
0.000213
0.000212
0.000212
0.000212
0.000212
0.000212
0.000212
0.000212
0.000211
0.000211
0.000211
0.000211
0.000211
0.000211
0.000211
0.000211
0.000210
0.000210
0.000210
0.000210
0.000210
0.000210
0.000210
0.000210
0.000209
0.000209
0.000209
0.000209
0.000209
0.000209
0.000209
0.000209
0.000208
0.000208
0.000208
0.000208
0.000208
0.000208
0.000208
0.000207
0.000207
0.000207
0.000207
0.000207
0.000207
0.000207
0.000207
0.000206
0.000206
0.000206
0.000206
0.000206
0.000206
0.000206
0.000206
0.000205
0.000205
0.000205
0.000205
0.000205
0.000205
0.000205
0.000205
0.000205
0.000204
0.000204
0.000204
0.000204
0.000204
0.000204
0.000204
0.000204
0.000203
0.000203
0.000203
0.000203
0.000203
0.000203
0.000203
0.000203
0.000202
0.000202
0.000202
0.000202
0.000202
0.000202
0.000202
0.000202
0.000201
0.000201
0.000201
0.000201
0.000201
0.000201
0.000201
0.000201
0.000201
0.000200
0.000200
0.000200
0.000200
0.000200
0.000200
0.000200
0.000200
0.000199
0.000199
0.000199
0.000199
0.000199
0.000199
0.000199
0.000199
0.000199
0.000198
0.000198
0.000198
0.000198
0.000198
0.000198
0.000198
0.000198
0.000198
0.000197
0.000197
0.000197
0.000197
0.000197
0.000197
0.000197
0.000197
0.000196
0.000196
0.000196
0.000196
0.000196
0.000196
0.000196
0.000196
0.000196
0.000195
0.000195
0.000195
0.000195
0.000195
0.000195
0.000195
0.000195
0.000195
0.000194
0.000194
0.000194
0.000194
0.000194
0.000194
0.000194
0.000194
0.000194
0.000193
0.000193
0.000193
0.000193
0.000193
0.000193
0.000193
0.000193
0.000193
0.000192
0.000192
0.000192
0.000192
0.000192
0.000192
0.000192
0.000192
0.000192
0.000192
0.000191
0.000191
0.000191
0.000191
0.000191
0.000191
0.000191
0.000191
0.000191
0.000190
0.000190
0.000190
0.000190
0.000190
0.000190
0.000190
0.000190
0.000190
0.000189
0.000189
0.000189
0.000189
0.000189
0.000189
0.000189
0.000189
0.000189
0.000189
0.000188
0.000188
0.000188
0.000188
0.000188
0.000188
0.000188
0.000188
0.000188
0.000187
0.000187
0.000187
0.000187
0.000187
0.000187
0.000187
0.000187
0.000187
0.000187
0.000186
0.000186
0.000186
0.000186
0.000186
0.000186
0.000186
0.000186
0.000186
0.000186
0.000185
0.000185
0.000185
0.000185
0.000185
0.000185
0.000185
0.000185
0.000185
0.000185
0.000184
0.000184
0.000184
0.000184
0.000184
0.000184
0.000184
0.000184
0.000184
0.000184
0.000183
0.000183
0.000183
0.000183
0.000183
0.000183
0.000183
0.000183
0.000183
0.000183
0.000182
0.000182
0.000182
0.000182
0.000182
0.000182
0.000182
0.000182
0.000182
0.000182
0.000181
0.000181
0.000181
0.000181
0.000181
0.000181
0.000181
0.000181
0.000181
0.000181
0.000181
0.000180
0.000180
0.000180
0.000180
0.000180
0.000180
0.000180
0.000180
0.000180
0.000180
0.000179
0.000179
0.000179
0.000179
0.000179
0.000179
0.000179
0.000179
0.000179
0.000179
0.000179
0.000178
0.000178
0.000178
0.000178
0.000178
0.000178
0.000178
0.000178
0.000178
0.000178
0.000177
0.000177
0.000177
0.000177
0.000177
0.000177
0.000177
0.000177
0.000177
0.000177
0.000177
0.000176
0.000176
0.000176
0.000176
0.000176
0.000176
0.000176
0.000176
0.000176
0.000176
0.000176
0.000175
0.000175
0.000175
0.000175
0.000175
0.000175
0.000175
0.000175
0.000175
0.000175
0.000175
0.000174
0.000174
0.000174
0.000174
0.000174
0.000174
0.000174
0.000174
0.000174
0.000174
0.000174
0.000173
0.000173
0.000173
0.000173
0.000173
0.000173
0.000173
0.000173
0.000173
0.000173
0.000173
0.000173
0.000172
0.000172
0.000172
0.000172
0.000172
0.000172
0.000172
0.000172
0.000172
0.000172
0.000172
0.000171
0.000171
0.000171
0.000171
0.000171
0.000171
0.000171
0.000171
0.000171
0.000171
0.000171
0.000171
0.000170
0.000170
0.000170
0.000170
0.000170
0.000170
0.000170
0.000170
0.000170
0.000170
0.000170
0.000169
0.000169
0.000169
0.000169
0.000169
0.000169
0.000169
0.000169
0.000169
0.000169
0.000169
0.000169
0.000168
0.000168
0.000168
0.000168
0.000168
0.000168
0.000168
0.000168
0.000168
0.000168
0.000168
0.000168
0.000167
0.000167
0.000167
0.000167
0.000167
0.000167
0.000167
0.000167
0.000167
0.000167
0.000167
0.000167
0.000166
0.000166
0.000166
0.000166
0.000166
0.000166
0.000166
0.000166
0.000166
0.000166
0.000166
0.000166
0.000165
0.000165
0.000165
0.000165
0.000165
0.000165
0.000165
0.000165
0.000165
0.000165
0.000165
0.000165
0.000165
0.000164
0.000164
0.000164
0.000164
0.000164
0.000164
0.000164
0.000164
0.000164
0.000164
0.000164
0.000164
0.000163
0.000163
0.000163
0.000163
0.000163
0.000163
0.000163
0.000163
0.000163
0.000163
0.000163
0.000163
0.000163
0.000162
0.000162
0.000162
0.000162
0.000162
0.000162
0.000162
0.000162
0.000162
0.000162
0.000162
0.000162
0.000162
0.000161
0.000161
0.000161
0.000161
0.000161
0.000161
0.000161
0.000161
0.000161
0.000161
0.000161
0.000161
0.000161
0.000160
0.000160
0.000160
0.000160
0.000160
0.000160
0.000160
0.000160
0.000160
0.000160
0.000160
0.000160
0.000160
0.000159
0.000159
0.000159
0.000159
0.000159
0.000159
0.000159
0.000159
0.000159
0.000159
0.000159
0.000159
0.000159
0.000158
0.000158
0.000158
0.000158
0.000158
0.000158
0.000158
0.000158
0.000158
0.000158
0.000158
0.000158
0.000158
0.000158
0.000157
0.000157
0.000157
0.000157
0.000157
0.000157
0.000157
0.000157
0.000157
0.000157
0.000157
0.000157
0.000157
0.000156
0.000156
0.000156
0.000156
0.000156
0.000156
0.000156
0.000156
0.000156
0.000156
0.000156
0.000156
0.000156
0.000156
0.000155
0.000155
0.000155
0.000155
0.000155
0.000155
0.000155
0.000155
0.000155
0.000155
0.000155
0.000155
0.000155
0.000155
0.000154
0.000154
0.000154
0.000154
0.000154
0.000154
0.000154
0.000154
0.000154
0.000154
0.000154
0.000154
0.000154
0.000154
0.000153
0.000153
0.000153
0.000153
0.000153
0.000153
0.000153
0.000153
0.000153
0.000153
0.000153
0.000153
0.000153
0.000153
0.000153
0.000152
0.000152
0.000152
0.000152
0.000152
0.000152
0.000152
0.000152
0.000152
0.000152
0.000152
0.000152
0.000152
0.000152
0.000151
0.000151
0.000151
0.000151
0.000151
0.000151
0.000151
0.000151
0.000151
0.000151
0.000151
0.000151
0.000151
0.000151
0.000151
0.000150
0.000150
0.000150
0.000150
0.000150
0.000150
0.000150
0.000150
0.000150
0.000150
0.000150
0.000150
0.000150
0.000150
0.000150
0.000149
0.000149
0.000149
0.000149
0.000149
0.000149
0.000149
0.000149
0.000149
0.000149
0.000149
0.000149
0.000149
0.000149
0.000149
0.000148
0.000148
0.000148
0.000148
0.000148
0.000148
0.000148
0.000148
0.000148
0.000148
0.000148
0.000148
0.000148
0.000148
0.000148
0.000148
0.000147
0.000147
0.000147
0.000147
0.000147
0.000147
0.000147
0.000147
0.000147
0.000147
0.000147
0.000147
0.000147
0.000147
0.000147
0.000146
0.000146
0.000146
0.000146
0.000146
0.000146
0.000146
0.000146
0.000146
0.000146
0.000146
0.000146
0.000146
0.000146
0.000146
0.000146
0.000145
0.000145
0.000145
0.000145
0.000145
0.000145
0.000145
0.000145
0.000145
0.000145
0.000145
0.000145
0.000145
0.000145
0.000145
0.000145
0.000144
0.000144
0.000144
0.000144
0.000144
0.000144
0.000144
0.000144
0.000144
0.000144
0.000144
0.000144
0.000144
0.000144
0.000144
0.000144
0.000143
0.000143
0.000143
0.000143
0.000143
0.000143
0.000143
0.000143
0.000143
0.000143
0.000143
0.000143
0.000143
0.000143
0.000143
0.000143
0.000142
0.000142
0.000142
0.000142
0.000142
0.000142
0.000142
0.000142
0.000142
0.000142
0.000142
0.000142
0.000142
0.000142
0.000142
0.000142
0.000142
0.000141
0.000141
0.000141
0.000141
0.000141
0.000141
0.000141
0.000141
0.000141
0.000141
0.000141
0.000141
0.000141
0.000141
0.000141
0.000141
0.000141
0.000140
0.000140
0.000140
0.000140
0.000140
0.000140
0.000140
0.000140
0.000140
0.000140
0.000140
0.000140
0.000140
0.000140
0.000140
0.000140
0.000140
0.000139
0.000139
0.000139
0.000139
0.000139
0.000139
0.000139
0.000139
0.000139
0.000139
0.000139
0.000139
0.000139
0.000139
0.000139
0.000139
0.000139
0.000138
0.000138
0.000138
0.000138
0.000138
0.000138
0.000138
0.000138
0.000138
0.000138
0.000138
0.000138
0.000138
0.000138
0.000138
0.000138
0.000138
0.000138
0.000137
0.000137
0.000137
0.000137
0.000137
0.000137
0.000137
0.000137
0.000137
0.000137
0.000137
0.000137
0.000137
0.000137
0.000137
0.000137
0.000137
0.000137
0.000136
0.000136
0.000136
0.000136
0.000136
0.000136
0.000136
0.000136
0.000136
0.000136
0.000136
0.000136
0.000136
0.000136
0.000136
0.000136
0.000136
0.000136
0.000135
0.000135
0.000135
0.000135
0.000135
0.000135
0.000135
0.000135
0.000135
0.000135
0.000135
0.000135
0.000135
0.000135
0.000135
0.000135
0.000135
0.000135
0.000134
0.000134
0.000134
0.000134
0.000134
0.000134
0.000134
0.000134
0.000134
0.000134
0.000134
0.000134
0.000134
0.000134
0.000134
0.000134
0.000134
0.000134
0.000134
0.000133
0.000133
0.000133
0.000133
0.000133
0.000133
0.000133
0.000133
0.000133
0.000133
0.000133
0.000133
0.000133
0.000133
0.000133
0.000133
0.000133
0.000133
0.000133
0.000132
0.000132
0.000132
0.000132
0.000132
0.000132
0.000132
0.000132
0.000132
0.000132
0.000132
0.000132
0.000132
0.000132
0.000132
0.000132
0.000132
0.000132
0.000132
0.000131
0.000131
0.000131
0.000131
0.000131
0.000131
0.000131
0.000131
0.000131
0.000131
0.000131
0.000131
0.000131
0.000131
0.000131
0.000131
0.000131
0.000131
0.000131
0.000130
0.000130
0.000130
0.000130
0.000130
0.000130
0.000130
0.000130
0.000130
0.000130
0.000130
0.000130
0.000130
0.000130
0.000130
0.000130
0.000130
0.000130
0.000130
0.000130
0.000129
0.000129
0.000129
0.000129
0.000129
0.000129
0.000129
0.000129
0.000129
0.000129
0.000129
0.000129
0.000129
0.000129
0.000129
0.000129
0.000129
0.000129
0.000129
0.000129
0.000128
0.000128
0.000128
0.000128
0.000128
0.000128
0.000128
0.000128
0.000128
0.000128
0.000128
0.000128
0.000128
0.000128
0.000128
0.000128
0.000128
0.000128
0.000128
0.000128
0.000128
0.000127
0.000127
0.000127
0.000127
0.000127
0.000127
0.000127
0.000127
0.000127
0.000127
0.000127
0.000127
0.000127
0.000127
0.000127
0.000127
0.000127
0.000127
0.000127
0.000127
0.000126
0.000126
0.000126
0.000126
0.000126
0.000126
0.000126
0.000126
0.000126
0.000126
0.000126
0.000126
0.000126
0.000126
0.000126
0.000126
0.000126
0.000126
0.000126
0.000126
0.000126
0.000125
0.000125
0.000125
0.000125
0.000125
0.000125
0.000125
0.000125
0.000125
0.000125
0.000125
0.000125
0.000125
0.000125
0.000125
0.000125
0.000125
0.000125
0.000125
0.000125
0.000125
0.000125
0.000124
0.000124
0.000124
0.000124
0.000124
0.000124
0.000124
0.000124
0.000124
0.000124
0.000124
0.000124
0.000124
0.000124
0.000124
0.000124
0.000124
0.000124
0.000124
0.000124
0.000124
0.000123
0.000123
0.000123
0.000123
0.000123
0.000123
0.000123
0.000123
0.000123
0.000123
0.000123
0.000123
0.000123
0.000123
0.000123
0.000123
0.000123
0.000123
0.000123
0.000123
0.000123
0.000123
0.000122
0.000122
0.000122
0.000122
0.000122
0.000122
0.000122
0.000122
0.000122
0.000122
0.000122
0.000122
0.000122
0.000122
0.000122
0.000122
0.000122
0.000122
0.000122
0.000122
0.000122
0.000122
0.000122
0.000121
0.000121
0.000121
0.000121
0.000121
0.000121
0.000121
0.000121
0.000121
0.000121
0.000121
0.000121
0.000121
0.000121
0.000121
0.000121
0.000121
0.000121
0.000121
0.000121
0.000121
0.000121
0.000121
0.000120
0.000120
0.000120
0.000120
0.000120
0.000120
0.000120
0.000120
0.000120
0.000120
0.000120
0.000120
0.000120
0.000120
0.000120
0.000120
0.000120
0.000120
0.000120
0.000120
0.000120
0.000120
0.000120
0.000119
0.000119
0.000119
0.000119
0.000119
0.000119
0.000119
0.000119
0.000119
0.000119
0.000119
0.000119
0.000119
0.000119
0.000119
0.000119
0.000119
0.000119
0.000119
0.000119
0.000119
0.000119
0.000119
0.000118
0.000118
0.000118
0.000118
0.000118
0.000118
0.000118
0.000118
0.000118
0.000118
0.000118
0.000118
0.000118
0.000118
0.000118
0.000118
0.000118
0.000118
0.000118
0.000118
0.000118
0.000118
0.000118
0.000118
0.000117
0.000117
0.000117
0.000117
0.000117
0.000117
0.000117
0.000117
0.000117
0.000117
0.000117
0.000117
0.000117
0.000117
0.000117
0.000117
0.000117
0.000117
0.000117
0.000117
0.000117
0.000117
0.000117
0.000117
0.000117
0.000116
0.000116
0.000116
0.000116
0.000116
0.000116
0.000116
0.000116
0.000116
0.000116
0.000116
0.000116
0.000116
0.000116
0.000116
0.000116
0.000116
0.000116
0.000116
0.000116
0.000116
0.000116
0.000116
0.000116
0.000115
0.000115
0.000115
0.000115
0.000115
0.000115
0.000115
0.000115
0.000115
0.000115
0.000115
0.000115
0.000115
0.000115
0.000115
0.000115
0.000115
0.000115
0.000115
0.000115
0.000115
0.000115
0.000115
0.000115
0.000115
0.000115
0.000114
0.000114
0.000114
0.000114
0.000114
0.000114
0.000114
0.000114
0.000114
0.000114
0.000114
0.000114
0.000114
0.000114
0.000114
0.000114
0.000114
0.000114
0.000114
0.000114
0.000114
0.000114
0.000114
0.000114
0.000114
0.000113
0.000113
0.000113
0.000113
0.000113
0.000113
0.000113
0.000113
0.000113
0.000113
0.000113
0.000113
0.000113
0.000113
0.000113
0.000113
0.000113
0.000113
0.000113
0.000113
0.000113
0.000113
0.000113
0.000113
0.000113
0.000113
0.000112
0.000112
0.000112
0.000112
0.000112
0.000112
0.000112
0.000112
0.000112
0.000112
0.000112
0.000112
0.000112
0.000112
0.000112
0.000112
0.000112
0.000112
0.000112
0.000112
0.000112
0.000112
0.000112
0.000112
0.000112
0.000112
0.000112
0.000111
0.000111
0.000111
0.000111
0.000111
0.000111
0.000111
0.000111
0.000111
0.000111
0.000111
0.000111
0.000111
0.000111
0.000111
0.000111
0.000111
0.000111
0.000111
0.000111
0.000111
0.000111
0.000111
0.000111
0.000111
0.000111
0.000111
0.000110
0.000110
0.000110
0.000110
0.000110
0.000110
0.000110
0.000110
0.000110
0.000110
0.000110
0.000110
0.000110
0.000110
0.000110
0.000110
0.000110
0.000110
0.000110
0.000110
0.000110
0.000110
0.000110
0.000110
0.000110
0.000110
0.000110
0.000109
0.000109
0.000109
0.000109
0.000109
0.000109
0.000109
0.000109
0.000109
0.000109
0.000109
0.000109
0.000109
0.000109
0.000109
0.000109
0.000109
0.000109
0.000109
0.000109
0.000109
0.000109
0.000109
0.000109
0.000109
0.000109
0.000109
0.000109
0.000108
0.000108
0.000108
0.000108
0.000108
0.000108
0.000108
0.000108
0.000108
0.000108
0.000108
0.000108
0.000108
0.000108
0.000108
0.000108
0.000108
0.000108
0.000108
0.000108
0.000108
0.000108
0.000108
0.000108
0.000108
0.000108
0.000108
0.000108
0.000108
0.000107
0.000107
0.000107
0.000107
0.000107
0.000107
0.000107
0.000107
0.000107
0.000107
0.000107
0.000107
0.000107
0.000107
0.000107
0.000107
0.000107
0.000107
0.000107
0.000107
0.000107
0.000107
0.000107
0.000107
0.000107
0.000107
0.000107
0.000107
0.000107
0.000106
0.000106
0.000106
0.000106
0.000106
0.000106
0.000106
0.000106
0.000106
0.000106
0.000106
0.000106
0.000106
0.000106
0.000106
0.000106
0.000106
0.000106
0.000106
0.000106
0.000106
0.000106
0.000106
0.000106
0.000106
0.000106
0.000106
0.000106
0.000106
0.000105
0.000105
0.000105
0.000105
0.000105
0.000105
0.000105
0.000105
0.000105
0.000105
0.000105
0.000105
0.000105
0.000105
0.000105
0.000105
0.000105
0.000105
0.000105
0.000105
0.000105
0.000105
0.000105
0.000105
0.000105
0.000105
0.000105
0.000105
0.000105
0.000105
0.000104
0.000104
0.000104
0.000104
0.000104
0.000104
0.000104
0.000104
0.000104
0.000104
0.000104
0.000104
0.000104
0.000104
0.000104
0.000104
0.000104
0.000104
0.000104
0.000104
0.000104
0.000104
0.000104
0.000104
0.000104
0.000104
0.000104
0.000104
0.000104
0.000104
0.000104
0.000103
0.000103
0.000103
0.000103
0.000103
0.000103
0.000103
0.000103
0.000103
0.000103
0.000103
0.000103
0.000103
0.000103
0.000103
0.000103
0.000103
0.000103
0.000103
0.000103
0.000103
0.000103
0.000103
0.000103
0.000103
0.000103
0.000103
0.000103
0.000103
0.000103
0.000103
0.000102
0.000102
0.000102
0.000102
0.000102
0.000102
0.000102
0.000102
0.000102
0.000102
0.000102
0.000102
0.000102
0.000102
0.000102
0.000102
0.000102
0.000102
0.000102
0.000102
0.000102
0.000102
0.000102
0.000102
0.000102
0.000102
0.000102
0.000102
0.000102
0.000102
0.000102
0.000102
0.000101
0.000101
0.000101
0.000101
0.000101
0.000101
0.000101
0.000101
0.000101
0.000101
0.000101
0.000101
0.000101
0.000101
0.000101
0.000101
0.000101
0.000101
0.000101
0.000101
0.000101
0.000101
0.000101
0.000101
0.000101
0.000101
0.000101
0.000101
0.000101
0.000101
0.000101
0.000101
0.000101
0.000100
0.000100
0.000100
0.000100
0.000100
0.000100
0.000100
0.000100
0.000100
0.000100
0.000100
0.000100
0.000100
0.000100
0.000100
0.000100
0.000100
0.000100
0.000100
0.000100
0.000100
0.000100
0.000100
0.000100
0.000100
0.000100
0.000100
0.000100
0.000100
0.000100
0.000100
0.000100
0.000100
0.000099
0.000099
0.000099
0.000099
0.000099
0.000099
0.000099
0.000099
0.000099
0.000099
0.000099
0.000099
0.000099
0.000099
0.000099
0.000099
0.000099
0.000099
0.000099
0.000099
0.000099
0.000099
0.000099
0.000099
0.000099
0.000099
0.000099
0.000099
0.000099
0.000099
0.000099
0.000099
0.000099
0.000099
0.000098
0.000098
0.000098
0.000098
0.000098
0.000098
0.000098
0.000098
0.000098
0.000098
0.000098
0.000098
0.000098
0.000098
0.000098
0.000098
0.000098
0.000098
0.000098
0.000098
0.000098
0.000098
0.000098
0.000098
0.000098
0.000098
0.000098
0.000098
0.000098
0.000098
0.000098
0.000098
0.000098
0.000098
0.000097
0.000097
0.000097
0.000097
0.000097
0.000097
0.000097
0.000097
0.000097
0.000097
0.000097
0.000097
0.000097
0.000097
0.000097
0.000097
0.000097
0.000097
0.000097
0.000097
0.000097
0.000097
0.000097
0.000097
0.000097
0.000097
0.000097
0.000097
0.000097
0.000097
0.000097
0.000097
0.000097
0.000097
0.000097
0.000097
0.000096
0.000096
0.000096
0.000096
0.000096
0.000096
0.000096
0.000096
0.000096
0.000096
0.000096
0.000096
0.000096
0.000096
0.000096
0.000096
0.000096
0.000096
0.000096
0.000096
0.000096
0.000096
0.000096
0.000096
0.000096
0.000096
0.000096
0.000096
0.000096
0.000096
0.000096
0.000096
0.000096
0.000096
0.000096
0.000095
0.000095
0.000095
0.000095
0.000095
0.000095
0.000095
0.000095
0.000095
0.000095
0.000095
0.000095
0.000095
0.000095
0.000095
0.000095
0.000095
0.000095
0.000095
0.000095
0.000095
0.000095
0.000095
0.000095
0.000095
0.000095
0.000095
0.000095
0.000095
0.000095
0.000095
0.000095
0.000095
0.000095
0.000095
0.000095
0.000095
0.000094
0.000094
0.000094
0.000094
0.000094
0.000094
0.000094
0.000094
0.000094
0.000094
0.000094
0.000094
0.000094
0.000094
0.000094
0.000094
0.000094
0.000094
0.000094
0.000094
0.000094
0.000094
0.000094
0.000094
0.000094
0.000094
0.000094
0.000094
0.000094
0.000094
0.000094
0.000094
0.000094
0.000094
0.000094
0.000094
0.000094
0.000094
0.000093
0.000093
0.000093
0.000093
0.000093
0.000093
0.000093
0.000093
0.000093
0.000093
0.000093
0.000093
0.000093
0.000093
0.000093
0.000093
0.000093
0.000093
0.000093
0.000093
0.000093
0.000093
0.000093
0.000093
0.000093
0.000093
0.000093
0.000093
0.000093
0.000093
0.000093
0.000093
0.000093
0.000093
0.000093
0.000093
0.000093
0.000093
0.000092
0.000092
0.000092
0.000092
0.000092
0.000092
0.000092
0.000092
0.000092
0.000092
0.000092
0.000092
0.000092
0.000092
0.000092
0.000092
0.000092
0.000092
0.000092
0.000092
0.000092
0.000092
0.000092
0.000092
0.000092
0.000092
0.000092
0.000092
0.000092
0.000092
0.000092
0.000092
0.000092
0.000092
0.000092
0.000092
0.000092
0.000092
0.000092
0.000091
0.000091
0.000091
0.000091
0.000091
0.000091
0.000091
0.000091
0.000091
0.000091
0.000091
0.000091
0.000091
0.000091
0.000091
0.000091
0.000091
0.000091
0.000091
0.000091
0.000091
0.000091
0.000091
0.000091
0.000091
0.000091
0.000091
0.000091
0.000091
0.000091
0.000091
0.000091
0.000091
0.000091
0.000091
0.000091
0.000091
0.000091
0.000091
0.000091
0.000090
0.000090
0.000090
0.000090
0.000090
0.000090
0.000090
0.000090
0.000090
0.000090
0.000090
0.000090
0.000090
0.000090
0.000090
0.000090
0.000090
0.000090
0.000090
0.000090
0.000090
0.000090
0.000090
0.000090
0.000090
0.000090
0.000090
0.000090
0.000090
0.000090
0.000090
0.000090
0.000090
0.000090
0.000090
0.000090
0.000090
0.000090
0.000090
0.000090
0.000090
0.000089
0.000089
0.000089
0.000089
0.000089
0.000089
0.000089
0.000089
0.000089
0.000089
0.000089
0.000089
0.000089
0.000089
0.000089
0.000089
0.000089
0.000089
0.000089
0.000089
0.000089
0.000089
0.000089
0.000089
0.000089
0.000089
0.000089
0.000089
0.000089
0.000089
0.000089
0.000089
0.000089
0.000089
0.000089
0.000089
0.000089
0.000089
0.000089
0.000089
0.000089
0.000089
0.000088
0.000088
0.000088
0.000088
0.000088
0.000088
0.000088
0.000088
0.000088
0.000088
0.000088
0.000088
0.000088
0.000088
0.000088
0.000088
0.000088
0.000088
0.000088
0.000088
0.000088
0.000088
0.000088
0.000088
0.000088
0.000088
0.000088
0.000088
0.000088
0.000088
0.000088
0.000088
0.000088
0.000088
0.000088
0.000088
0.000088
0.000088
0.000088
0.000088
0.000088
0.000088
0.000087
0.000087
0.000087
0.000087
0.000087
0.000087
0.000087
0.000087
0.000087
0.000087
0.000087
0.000087
0.000087
0.000087
0.000087
0.000087
0.000087
0.000087
0.000087
0.000087
0.000087
0.000087
0.000087
0.000087
0.000087
0.000087
0.000087
0.000087
0.000087
0.000087
0.000087
0.000087
0.000087
0.000087
0.000087
0.000087
0.000087
0.000087
0.000087
0.000087
0.000087
0.000087
0.000087
0.000087
0.000086
0.000086
0.000086
0.000086
0.000086
0.000086
0.000086
0.000086
0.000086
0.000086
0.000086
0.000086
0.000086
0.000086
0.000086
0.000086
0.000086
0.000086
0.000086
0.000086
0.000086
0.000086
0.000086
0.000086
0.000086
0.000086
0.000086
0.000086
0.000086
0.000086
0.000086
0.000086
0.000086
0.000086
0.000086
0.000086
0.000086
0.000086
0.000086
0.000086
0.000086
0.000086
0.000086
0.000086
0.000086
0.000085
0.000085
0.000085
0.000085
0.000085
0.000085
0.000085
0.000085
0.000085
0.000085
0.000085
0.000085
0.000085
0.000085
0.000085
0.000085
0.000085
0.000085
0.000085
0.000085
0.000085
0.000085
0.000085
0.000085
0.000085
0.000085
0.000085
0.000085
0.000085
0.000085
0.000085
0.000085
0.000085
0.000085
0.000085
0.000085
0.000085
0.000085
0.000085
0.000085
0.000085
0.000085
0.000085
0.000085
0.000085
0.000084
0.000084
0.000084
0.000084
0.000084
0.000084
0.000084
0.000084
0.000084
0.000084
0.000084
0.000084
0.000084
0.000084
0.000084
0.000084
0.000084
0.000084
0.000084
0.000084
0.000084
0.000084
0.000084
0.000084
0.000084
0.000084
0.000084
0.000084
0.000084
0.000084
0.000084
0.000084
0.000084
0.000084
0.000084
0.000084
0.000084
0.000084
0.000084
0.000084
0.000084
0.000084
0.000084
0.000084
0.000084
0.000084
0.000084
0.000083
0.000083
0.000083
0.000083
0.000083
0.000083
0.000083
0.000083
0.000083
0.000083
0.000083
0.000083
0.000083
0.000083
0.000083
0.000083
0.000083
0.000083
0.000083
0.000083
0.000083
0.000083
0.000083
0.000083
0.000083
0.000083
0.000083
0.000083
0.000083
0.000083
0.000083
0.000083
0.000083
0.000083
0.000083
0.000083
0.000083
0.000083
0.000083
0.000083
0.000083
0.000083
0.000083
0.000083
0.000083
0.000083
0.000083
0.000083
0.000082
0.000082
0.000082
0.000082
0.000082
0.000082
0.000082
0.000082
0.000082
0.000082
0.000082
0.000082
0.000082
0.000082
0.000082
0.000082
0.000082
0.000082
0.000082
0.000082
0.000082
0.000082
0.000082
0.000082
0.000082
0.000082
0.000082
0.000082
0.000082
0.000082
0.000082
0.000082
0.000082
0.000082
0.000082
0.000082
0.000082
0.000082
0.000082
0.000082
0.000082
0.000082
0.000082
0.000082
0.000082
0.000082
0.000082
0.000082
0.000082
0.000081
0.000081
0.000081
0.000081
0.000081
0.000081
0.000081
0.000081
0.000081
0.000081
0.000081
0.000081
0.000081
0.000081
0.000081
0.000081
0.000081
0.000081
0.000081
0.000081
0.000081
0.000081
0.000081
0.000081
0.000081
0.000081
0.000081
0.000081
0.000081
0.000081
0.000081
0.000081
0.000081
0.000081
0.000081
0.000081
0.000081
0.000081
0.000081
0.000081
0.000081
0.000081
0.000081
0.000081
0.000081
0.000081
0.000081
0.000081
0.000081
0.000081
0.000081
0.000080
0.000080
0.000080
0.000080
0.000080
0.000080
0.000080
0.000080
0.000080
0.000080
0.000080
0.000080
0.000080
0.000080
0.000080
0.000080
0.000080
0.000080
0.000080
0.000080
0.000080
0.000080
0.000080
0.000080
0.000080
0.000080
0.000080
0.000080
0.000080
0.000080
0.000080
0.000080
0.000080
0.000080
0.000080
0.000080
0.000080
0.000080
0.000080
0.000080
0.000080
0.000080
0.000080
0.000080
0.000080
0.000080
0.000080
0.000080
0.000080
0.000080
0.000080
0.000079
0.000079
0.000079
0.000079
0.000079
0.000079
0.000079
0.000079
0.000079
0.000079
0.000079
0.000079
0.000079
0.000079
0.000079
0.000079
0.000079
0.000079
0.000079
0.000079
0.000079
0.000079
0.000079
0.000079
0.000079
0.000079
0.000079
0.000079
0.000079
0.000079
0.000079
0.000079
0.000079
0.000079
0.000079
0.000079
0.000079
0.000079
0.000079
0.000079
0.000079
0.000079
0.000079
0.000079
0.000079
0.000079
0.000079
0.000079
0.000079
0.000079
0.000079
0.000079
0.000079
0.000078
0.000078
0.000078
0.000078
0.000078
0.000078
0.000078
0.000078
0.000078
0.000078
0.000078
0.000078
0.000078
0.000078
0.000078
0.000078
0.000078
0.000078
0.000078
0.000078
0.000078
0.000078
0.000078
0.000078
0.000078
0.000078
0.000078
0.000078
0.000078
0.000078
0.000078
0.000078
0.000078
0.000078
0.000078
0.000078
0.000078
0.000078
0.000078
0.000078
0.000078
0.000078
0.000078
0.000078
0.000078
0.000078
0.000078
0.000078
0.000078
0.000078
0.000078
0.000078
0.000078
0.000078
0.000077
0.000077
0.000077
0.000077
0.000077
0.000077
0.000077
0.000077
0.000077
0.000077
0.000077
0.000077
0.000077
0.000077
0.000077
0.000077
0.000077
0.000077
0.000077
0.000077
0.000077
0.000077
0.000077
0.000077
0.000077
0.000077
0.000077
0.000077
0.000077
0.000077
0.000077
0.000077
0.000077
0.000077
0.000077
0.000077
0.000077
0.000077
0.000077
0.000077
0.000077
0.000077
0.000077
0.000077
0.000077
0.000077
0.000077
0.000077
0.000077
0.000077
0.000077
0.000077
0.000077
0.000077
0.000077
0.000077
0.000076
0.000076
0.000076
0.000076
0.000076
0.000076
0.000076
0.000076
0.000076
0.000076
0.000076
0.000076
0.000076
0.000076
0.000076
0.000076
0.000076
0.000076
0.000076
0.000076
0.000076
0.000076
0.000076
0.000076
0.000076
0.000076
0.000076
0.000076
0.000076
0.000076
0.000076
0.000076
0.000076
0.000076
0.000076
0.000076
0.000076
0.000076
0.000076
0.000076
0.000076
0.000076
0.000076
0.000076
0.000076
0.000076
0.000076
0.000076
0.000076
0.000076
0.000076
0.000076
0.000076
0.000076
0.000076
0.000076
0.000076
0.000075
0.000075
0.000075
0.000075
0.000075
0.000075
0.000075
0.000075
0.000075
0.000075
0.000075
0.000075
0.000075
0.000075
0.000075
0.000075
0.000075
0.000075
0.000075
0.000075
0.000075
0.000075
0.000075
0.000075
0.000075
0.000075
0.000075
0.000075
0.000075
0.000075
0.000075
0.000075
0.000075
0.000075
0.000075
0.000075
0.000075
0.000075
0.000075
0.000075
0.000075
0.000075
0.000075
0.000075
0.000075
0.000075
0.000075
0.000075
0.000075
0.000075
0.000075
0.000075
0.000075
0.000075
0.000075
0.000075
0.000075
0.000075
0.000075
0.000074
0.000074
0.000074
0.000074
0.000074
0.000074
0.000074
0.000074
0.000074
0.000074
0.000074
0.000074
0.000074
0.000074
0.000074
0.000074
0.000074
0.000074
0.000074
0.000074
0.000074
0.000074
0.000074
0.000074
0.000074
0.000074
0.000074
0.000074
0.000074
0.000074
0.000074
0.000074
0.000074
0.000074
0.000074
0.000074
0.000074
0.000074
0.000074
0.000074
0.000074
0.000074
0.000074
0.000074
0.000074
0.000074
0.000074
0.000074
0.000074
0.000074
0.000074
0.000074
0.000074
0.000074
0.000074
0.000074
0.000074
0.000074
0.000074
0.000074
0.000073
0.000073
0.000073
0.000073
0.000073
0.000073
0.000073
0.000073
0.000073
0.000073
0.000073
0.000073
0.000073
0.000073
0.000073
0.000073
0.000073
0.000073
0.000073
0.000073
0.000073
0.000073
0.000073
0.000073
0.000073
0.000073
0.000073
0.000073
0.000073
0.000073
0.000073
0.000073
0.000073
0.000073
0.000073
0.000073
0.000073
0.000073
0.000073
0.000073
0.000073
0.000073
0.000073
0.000073
0.000073
0.000073
0.000073
0.000073
0.000073
0.000073
0.000073
0.000073
0.000073
0.000073
0.000073
0.000073
0.000073
0.000073
0.000073
0.000073
0.000073
0.000073
0.000072
0.000072
0.000072
0.000072
0.000072
0.000072
0.000072
0.000072
0.000072
0.000072
0.000072
0.000072
0.000072
0.000072
0.000072
0.000072
0.000072
0.000072
0.000072
0.000072
0.000072
0.000072
0.000072
0.000072
0.000072
0.000072
0.000072
0.000072
0.000072
0.000072
0.000072
0.000072
0.000072
0.000072
0.000072
0.000072
0.000072
0.000072
0.000072
0.000072
0.000072
0.000072
0.000072
0.000072
0.000072
0.000072
0.000072
0.000072
0.000072
0.000072
0.000072
0.000072
0.000072
0.000072
0.000072
0.000072
0.000072
0.000072
0.000072
0.000072
0.000072
0.000072
0.000072
0.000071
0.000071
0.000071
0.000071
0.000071
0.000071
0.000071
0.000071
0.000071
0.000071
0.000071
0.000071
0.000071
0.000071
0.000071
0.000071
0.000071
0.000071
0.000071
0.000071
0.000071
0.000071
0.000071
0.000071
0.000071
0.000071
0.000071
0.000071
0.000071
0.000071
0.000071
0.000071
0.000071
0.000071
0.000071
0.000071
0.000071
0.000071
0.000071
0.000071
0.000071
0.000071
0.000071
0.000071
0.000071
0.000071
0.000071
0.000071
0.000071
0.000071
0.000071
0.000071
0.000071
0.000071
0.000071
0.000071
0.000071
0.000071
0.000071
0.000071
0.000071
0.000071
0.000071
0.000071
0.000071
0.000071
0.000070
0.000070
0.000070
0.000070
0.000070
0.000070
0.000070
0.000070
0.000070
0.000070
0.000070
0.000070
0.000070
0.000070
0.000070
0.000070
0.000070
0.000070
0.000070
0.000070
0.000070
0.000070
0.000070
0.000070
0.000070
0.000070
0.000070
0.000070
0.000070
0.000070
0.000070
0.000070
0.000070
0.000070
0.000070
0.000070
0.000070
0.000070
0.000070
0.000070
0.000070
0.000070
0.000070
0.000070
0.000070
0.000070
0.000070
0.000070
0.000070
0.000070
0.000070
0.000070
0.000070
0.000070
0.000070
0.000070
0.000070
0.000070
0.000070
0.000070
0.000070
0.000070
0.000070
0.000070
0.000070
0.000070
0.000070
0.000069
0.000069
0.000069
0.000069
0.000069
0.000069
0.000069
0.000069
0.000069
0.000069
0.000069
0.000069
0.000069
0.000069
0.000069
0.000069
0.000069
0.000069
0.000069
0.000069
0.000069
0.000069
0.000069
0.000069
0.000069
0.000069
0.000069
0.000069
0.000069
0.000069
0.000069
0.000069
0.000069
0.000069
0.000069
0.000069
0.000069
0.000069
0.000069
0.000069
0.000069
0.000069
0.000069
0.000069
0.000069
0.000069
0.000069
0.000069
0.000069
0.000069
0.000069
0.000069
0.000069
0.000069
0.000069
0.000069
0.000069
0.000069
0.000069
0.000069
0.000069
0.000069
0.000069
0.000069
0.000069
0.000069
0.000069
0.000069
0.000069
0.000068
0.000068
0.000068
0.000068
0.000068
0.000068
0.000068
0.000068
0.000068
0.000068
0.000068
0.000068
0.000068
0.000068
0.000068
0.000068
0.000068
0.000068
0.000068
0.000068
0.000068
0.000068
0.000068
0.000068
0.000068
0.000068
0.000068
0.000068
0.000068
0.000068
0.000068
0.000068
0.000068
0.000068
0.000068
0.000068
0.000068
0.000068
0.000068
0.000068
0.000068
0.000068
0.000068
0.000068
0.000068
0.000068
0.000068
0.000068
0.000068
0.000068
0.000068
0.000068
0.000068
0.000068
0.000068
0.000068
0.000068
0.000068
0.000068
0.000068
0.000068
0.000068
0.000068
0.000068
0.000068
0.000068
0.000068
0.000068
0.000068
0.000068
0.000068
0.000067
0.000067
0.000067
0.000067
0.000067
0.000067
0.000067
0.000067
0.000067
0.000067
0.000067
0.000067
0.000067
0.000067
0.000067
0.000067
0.000067
0.000067
0.000067
0.000067
0.000067
0.000067
0.000067
0.000067
0.000067
0.000067
0.000067
0.000067
0.000067
0.000067
0.000067
0.000067
0.000067
0.000067
0.000067
0.000067
0.000067
0.000067
0.000067
0.000067
0.000067
0.000067
0.000067
0.000067
0.000067
0.000067
0.000067
0.000067
0.000067
0.000067
0.000067
0.000067
0.000067
0.000067
0.000067
0.000067
0.000067
0.000067
0.000067
0.000067
0.000067
0.000067
0.000067
0.000067
0.000067
0.000067
0.000067
0.000067
0.000067
0.000067
0.000067
0.000067
0.000067
0.000066
0.000066
0.000066
0.000066
0.000066
0.000066
0.000066
0.000066
0.000066
0.000066
0.000066
0.000066
0.000066
0.000066
0.000066
0.000066
0.000066
0.000066
0.000066
0.000066
0.000066
0.000066
0.000066
0.000066
0.000066
0.000066
0.000066
0.000066
0.000066
0.000066
0.000066
0.000066
0.000066
0.000066
0.000066
0.000066
0.000066
0.000066
0.000066
0.000066
0.000066
0.000066
0.000066
0.000066
0.000066
0.000066
0.000066
0.000066
0.000066
0.000066
0.000066
0.000066
0.000066
0.000066
0.000066
0.000066
0.000066
0.000066
0.000066
0.000066
0.000066
0.000066
0.000066
0.000066
0.000066
0.000066
0.000066
0.000066
0.000066
0.000066
0.000066
0.000066
0.000066
0.000066
0.000066
0.000066
0.000065
0.000065
0.000065
0.000065
0.000065
0.000065
0.000065
0.000065
0.000065
0.000065
0.000065
0.000065
0.000065
0.000065
0.000065
0.000065
0.000065
0.000065
0.000065
0.000065
0.000065
0.000065
0.000065
0.000065
0.000065
0.000065
0.000065
0.000065
0.000065
0.000065
0.000065
0.000065
0.000065
0.000065
0.000065
0.000065
0.000065
0.000065
0.000065
0.000065
0.000065
0.000065
0.000065
0.000065
0.000065
0.000065
0.000065
0.000065
0.000065
0.000065
0.000065
0.000065
0.000065
0.000065
0.000065
0.000065
0.000065
0.000065
0.000065
0.000065
0.000065
0.000065
0.000065
0.000065
0.000065
0.000065
0.000065
0.000065
0.000065
0.000065
0.000065
0.000065
0.000065
0.000065
0.000065
0.000065
0.000065
0.000065
0.000064
0.000064
0.000064
0.000064
0.000064
0.000064
0.000064
0.000064
0.000064
0.000064
0.000064
0.000064
0.000064
0.000064
0.000064
0.000064
0.000064
0.000064
0.000064
0.000064
0.000064
0.000064
0.000064
0.000064
0.000064
0.000064
0.000064
0.000064
0.000064
0.000064
0.000064
0.000064
0.000064
0.000064
0.000064
0.000064
0.000064
0.000064
0.000064
0.000064
0.000064
0.000064
0.000064
0.000064
0.000064
0.000064
0.000064
0.000064
0.000064
0.000064
0.000064
0.000064
0.000064
0.000064
0.000064
0.000064
0.000064
0.000064
0.000064
0.000064
0.000064
0.000064
0.000064
0.000064
0.000064
0.000064
0.000064
0.000064
0.000064
0.000064
0.000064
0.000064
0.000064
0.000064
0.000064
0.000064
0.000064
0.000064
0.000064
0.000064
0.000063
0.000063
0.000063
0.000063
0.000063
0.000063
0.000063
0.000063
0.000063
0.000063
0.000063
0.000063
0.000063
0.000063
0.000063
0.000063
0.000063
0.000063
0.000063
0.000063
0.000063
0.000063
0.000063
0.000063
0.000063
0.000063
0.000063
0.000063
0.000063
0.000063
0.000063
0.000063
0.000063
0.000063
0.000063
0.000063
0.000063
0.000063
0.000063
0.000063
0.000063
0.000063
0.000063
0.000063
0.000063
0.000063
0.000063
0.000063
0.000063
0.000063
0.000063
0.000063
0.000063
0.000063
0.000063
0.000063
0.000063
0.000063
0.000063
0.000063
0.000063
0.000063
0.000063
0.000063
0.000063
0.000063
0.000063
0.000063
0.000063
0.000063
0.000063
0.000063
0.000063
0.000063
0.000063
0.000063
0.000063
0.000063
0.000063
0.000063
0.000063
0.000063
0.000063
0.000062
0.000062
0.000062
0.000062
0.000062
0.000062
0.000062
0.000062
0.000062
0.000062
0.000062
0.000062
0.000062
0.000062
0.000062
0.000062
0.000062
0.000062
0.000062
0.000062
0.000062
0.000062
0.000062
0.000062
0.000062
0.000062
0.000062
0.000062
0.000062
0.000062
0.000062
0.000062
0.000062
0.000062
0.000062
0.000062
0.000062
0.000062
0.000062
0.000062
0.000062
0.000062
0.000062
0.000062
0.000062
0.000062
0.000062
0.000062
0.000062
0.000062
0.000062
0.000062
0.000062
0.000062
0.000062
0.000062
0.000062
0.000062
0.000062
0.000062
0.000062
0.000062
0.000062
0.000062
0.000062
0.000062
0.000062
0.000062
0.000062
0.000062
0.000062
0.000062
0.000062
0.000062
0.000062
0.000062
0.000062
0.000062
0.000062
0.000062
0.000062
0.000062
0.000062
0.000062
0.000062
0.000061
0.000061
0.000061
0.000061
0.000061
0.000061
0.000061
0.000061
0.000061
0.000061
0.000061
0.000061
0.000061
0.000061
0.000061
0.000061
0.000061
0.000061
0.000061
0.000061
0.000061
0.000061
0.000061
0.000061
0.000061
0.000061
0.000061
0.000061
0.000061
0.000061
0.000061
0.000061
0.000061
0.000061
0.000061
0.000061
0.000061
0.000061
0.000061
0.000061
0.000061
0.000061
0.000061
0.000061
0.000061
0.000061
0.000061
0.000061
0.000061
0.000061
0.000061
0.000061
0.000061
0.000061
0.000061
0.000061
0.000061
0.000061
0.000061
0.000061
0.000061
0.000061
0.000061
0.000061
0.000061
0.000061
0.000061
0.000061
0.000061
0.000061
0.000061
0.000061
0.000061
0.000061
0.000061
0.000061
0.000061
0.000061
0.000061
0.000061
0.000061
0.000061
0.000061
0.000061
0.000061
0.000061
0.000061
0.000061
0.000061
0.000060
0.000060
0.000060
0.000060
0.000060
0.000060
0.000060
0.000060
0.000060
0.000060
0.000060
0.000060
0.000060
0.000060
0.000060
0.000060
0.000060
0.000060
0.000060
0.000060
0.000060
0.000060
0.000060
0.000060
0.000060
0.000060
0.000060
0.000060
0.000060
0.000060
0.000060
0.000060
0.000060
0.000060
0.000060
0.000060
0.000060
0.000060
0.000060
0.000060
0.000060
0.000060
0.000060
0.000060
0.000060
0.000060
0.000060
0.000060
0.000060
0.000060
0.000060
0.000060
0.000060
0.000060
0.000060
0.000060
0.000060
0.000060
0.000060
0.000060
0.000060
0.000060
0.000060
0.000060
0.000060
0.000060
0.000060
0.000060
0.000060
0.000060
0.000060
0.000060
0.000060
0.000060
0.000060
0.000060
0.000060
0.000060
0.000060
0.000060
0.000060
0.000060
0.000060
0.000060
0.000060
0.000060
0.000060
0.000060
0.000060
0.000060
0.000060
0.000059
0.000059
0.000059
0.000059
0.000059
0.000059
0.000059
0.000059
0.000059
0.000059
0.000059
0.000059
0.000059
0.000059
0.000059
0.000059
0.000059
0.000059
0.000059
0.000059
0.000059
0.000059
0.000059
0.000059
0.000059
0.000059
0.000059
0.000059
0.000059
0.000059
0.000059
0.000059
0.000059
0.000059
0.000059
0.000059
0.000059
0.000059
0.000059
0.000059
0.000059
0.000059
0.000059
0.000059
0.000059
0.000059
0.000059
0.000059
0.000059
0.000059
0.000059
0.000059
0.000059
0.000059
0.000059
0.000059
0.000059
0.000059
0.000059
0.000059
0.000059
0.000059
0.000059
0.000059
0.000059
0.000059
0.000059
0.000059
0.000059
0.000059
0.000059
0.000059
0.000059
0.000059
0.000059
0.000059
0.000059
0.000059
0.000059
0.000059
0.000059
0.000059
0.000059
0.000059
0.000059
0.000059
0.000059
0.000059
0.000059
0.000059
0.000059
0.000059
0.000059
0.000059
0.000058
0.000058
0.000058
0.000058
0.000058
0.000058
0.000058
0.000058
0.000058
0.000058
0.000058
0.000058
0.000058
0.000058
0.000058
0.000058
0.000058
0.000058
0.000058
0.000058
0.000058
0.000058
0.000058
0.000058
0.000058
0.000058
0.000058
0.000058
0.000058
0.000058
0.000058
0.000058
0.000058
0.000058
0.000058
0.000058
0.000058
0.000058
0.000058
0.000058
0.000058
0.000058
0.000058
0.000058
0.000058
0.000058
0.000058
0.000058
0.000058
0.000058
0.000058
0.000058
0.000058
0.000058
0.000058
0.000058
0.000058
0.000058
0.000058
0.000058
0.000058
0.000058
0.000058
0.000058
0.000058
0.000058
0.000058
0.000058
0.000058
0.000058
0.000058
0.000058
0.000058
0.000058
0.000058
0.000058
0.000058
0.000058
0.000058
0.000058
0.000058
0.000058
0.000058
0.000058
0.000058
0.000058
0.000058
0.000058
0.000058
0.000058
0.000058
0.000058
0.000058
0.000058
0.000058
0.000058
0.000058
0.000058
0.000057
0.000057
0.000057
0.000057
0.000057
0.000057
0.000057
0.000057
0.000057
0.000057
0.000057
0.000057
0.000057
0.000057
0.000057
0.000057
0.000057
0.000057
0.000057
0.000057
0.000057
0.000057
0.000057
0.000057
0.000057
0.000057
0.000057
0.000057
0.000057
0.000057
0.000057
0.000057
0.000057
0.000057
0.000057
0.000057
0.000057
0.000057
0.000057
0.000057
0.000057
0.000057
0.000057
0.000057
0.000057
0.000057
0.000057
0.000057
0.000057
0.000057
0.000057
0.000057
0.000057
0.000057
0.000057
0.000057
0.000057
0.000057
0.000057
0.000057
0.000057
0.000057
0.000057
0.000057
0.000057
0.000057
0.000057
0.000057
0.000057
0.000057
0.000057
0.000057
0.000057
0.000057
0.000057
0.000057
0.000057
0.000057
0.000057
0.000057
0.000057
0.000057
0.000057
0.000057
0.000057
0.000057
0.000057
0.000057
0.000057
0.000057
0.000057
0.000057
0.000057
0.000057
0.000057
0.000057
0.000057
0.000057
0.000057
0.000057
0.000057
0.000056
0.000056
0.000056
0.000056
0.000056
0.000056
0.000056
0.000056
0.000056
0.000056
0.000056
0.000056
0.000056
0.000056
0.000056
0.000056
0.000056
0.000056
0.000056
0.000056
0.000056
0.000056
0.000056
0.000056
0.000056
0.000056
0.000056
0.000056
0.000056
0.000056
0.000056
0.000056
0.000056
0.000056
0.000056
0.000056
0.000056
0.000056
0.000056
0.000056
0.000056
0.000056
0.000056
0.000056
0.000056
0.000056
0.000056
0.000056
0.000056
0.000056
0.000056
0.000056
0.000056
0.000056
0.000056
0.000056
0.000056
0.000056
0.000056
0.000056
0.000056
0.000056
0.000056
0.000056
0.000056
0.000056
0.000056
0.000056
0.000056
0.000056
0.000056
0.000056
0.000056
0.000056
0.000056
0.000056
0.000056
0.000056
0.000056
0.000056
0.000056
0.000056
0.000056
0.000056
0.000056
0.000056
0.000056
0.000056
0.000056
0.000056
0.000056
0.000056
0.000056
0.000056
0.000056
0.000056
0.000056
0.000056
0.000056
0.000056
0.000056
0.000056
0.000056
0.000056
0.000056
0.000055
0.000055
0.000055
0.000055
0.000055
0.000055
0.000055
0.000055
0.000055
0.000055
0.000055
0.000055
0.000055
0.000055
0.000055
0.000055
0.000055
0.000055
0.000055
0.000055
0.000055
0.000055
0.000055
0.000055
0.000055
0.000055
0.000055
0.000055
0.000055
0.000055
0.000055
0.000055
0.000055
0.000055
0.000055
0.000055
0.000055
0.000055
0.000055
0.000055
0.000055
0.000055
0.000055
0.000055
0.000055
0.000055
0.000055
0.000055
0.000055
0.000055
0.000055
0.000055
0.000055
0.000055
0.000055
0.000055
0.000055
0.000055
0.000055
0.000055
0.000055
0.000055
0.000055
0.000055
0.000055
0.000055
0.000055
0.000055
0.000055
0.000055
0.000055
0.000055
0.000055
0.000055
0.000055
0.000055
0.000055
0.000055
0.000055
0.000055
0.000055
0.000055
0.000055
0.000055
0.000055
0.000055
0.000055
0.000055
0.000055
0.000055
0.000055
0.000055
0.000055
0.000055
0.000055
0.000055
0.000055
0.000055
0.000055
0.000055
0.000055
0.000055
0.000055
0.000055
0.000055
0.000055
0.000055
0.000055
0.000054
0.000054
0.000054
0.000054
0.000054
0.000054
0.000054
0.000054
0.000054
0.000054
0.000054
0.000054
0.000054
0.000054
0.000054
0.000054
0.000054
0.000054
0.000054
0.000054
0.000054
0.000054
0.000054
0.000054
0.000054
0.000054
0.000054
0.000054
0.000054
0.000054
0.000054
0.000054
0.000054
0.000054
0.000054
0.000054
0.000054
0.000054
0.000054
0.000054
0.000054
0.000054
0.000054
0.000054
0.000054
0.000054
0.000054
0.000054
0.000054
0.000054
0.000054
0.000054
0.000054
0.000054
0.000054
0.000054
0.000054
0.000054
0.000054
0.000054
0.000054
0.000054
0.000054
0.000054
0.000054
0.000054
0.000054
0.000054
0.000054
0.000054
0.000054
0.000054
0.000054
0.000054
0.000054
0.000054
0.000054
0.000054
0.000054
0.000054
0.000054
0.000054
0.000054
0.000054
0.000054
0.000054
0.000054
0.000054
0.000054
0.000054
0.000054
0.000054
0.000054
0.000054
0.000054
0.000054
0.000054
0.000054
0.000054
0.000054
0.000054
0.000054
0.000054
0.000054
0.000054
0.000054
0.000054
0.000054
0.000054
0.000054
0.000054
0.000054
0.000054
0.000053
0.000053
0.000053
0.000053
0.000053
0.000053
0.000053
0.000053
0.000053
0.000053
0.000053
0.000053
0.000053
0.000053
0.000053
0.000053
0.000053
0.000053
0.000053
0.000053
0.000053
0.000053
0.000053
0.000053
0.000053
0.000053
0.000053
0.000053
0.000053
0.000053
0.000053
0.000053
0.000053
0.000053
0.000053
0.000053
0.000053
0.000053
0.000053
0.000053
0.000053
0.000053
0.000053
0.000053
0.000053
0.000053
0.000053
0.000053
0.000053
0.000053
0.000053
0.000053
0.000053
0.000053
0.000053
0.000053
0.000053
0.000053
0.000053
0.000053
0.000053
0.000053
0.000053
0.000053
0.000053
0.000053
0.000053
0.000053
0.000053
0.000053
0.000053
0.000053
0.000053
0.000053
0.000053
0.000053
0.000053
0.000053
0.000053
0.000053
0.000053
0.000053
0.000053
0.000053
0.000053
0.000053
0.000053
0.000053
0.000053
0.000053
0.000053
0.000053
0.000053
0.000053
0.000053
0.000053
0.000053
0.000053
0.000053
0.000053
0.000053
0.000053
0.000053
0.000053
0.000053
0.000053
0.000053
0.000053
0.000053
0.000053
0.000053
0.000053
0.000053
0.000053
0.000053
0.000053
0.000052
0.000052
0.000052
0.000052
0.000052
0.000052
0.000052
0.000052
0.000052
0.000052
0.000052
0.000052
0.000052
0.000052
0.000052
0.000052
0.000052
0.000052
0.000052
0.000052
0.000052
0.000052
0.000052
0.000052
0.000052
0.000052
0.000052
0.000052
0.000052
0.000052
0.000052
0.000052
0.000052
0.000052
0.000052
0.000052
0.000052
0.000052
0.000052
0.000052
0.000052
0.000052
0.000052
0.000052
0.000052
0.000052
0.000052
0.000052
0.000052
0.000052
0.000052
0.000052
0.000052
0.000052
0.000052
0.000052
0.000052
0.000052
0.000052
0.000052
0.000052
0.000052
0.000052
0.000052
0.000052
0.000052
0.000052
0.000052
0.000052
0.000052
0.000052
0.000052
0.000052
0.000052
0.000052
0.000052
0.000052
0.000052
0.000052
0.000052
0.000052
0.000052
0.000052
0.000052
0.000052
0.000052
0.000052
0.000052
0.000052
0.000052
0.000052
0.000052
0.000052
0.000052
0.000052
0.000052
0.000052
0.000052
0.000052
0.000052
0.000052
0.000052
0.000052
0.000052
0.000052
0.000052
0.000052
0.000052
0.000052
0.000052
0.000052
0.000052
0.000052
0.000052
0.000052
0.000052
0.000052
0.000052
0.000052
0.000052
0.000052
0.000052
0.000051
0.000051
0.000051
0.000051
0.000051
0.000051
0.000051
0.000051
0.000051
0.000051
0.000051
0.000051
0.000051
0.000051
0.000051
0.000051
0.000051
0.000051
0.000051
0.000051
0.000051
0.000051
0.000051
0.000051
0.000051
0.000051
0.000051
0.000051
0.000051
0.000051
0.000051
0.000051
0.000051
0.000051
0.000051
0.000051
0.000051
0.000051
0.000051
0.000051
0.000051
0.000051
0.000051
0.000051
0.000051
0.000051
0.000051
0.000051
0.000051
0.000051
0.000051
0.000051
0.000051
0.000051
0.000051
0.000051
0.000051
0.000051
0.000051
0.000051
0.000051
0.000051
0.000051
0.000051
0.000051
0.000051
0.000051
0.000051
0.000051
0.000051
0.000051
0.000051
0.000051
0.000051
0.000051
0.000051
0.000051
0.000051
0.000051
0.000051
0.000051
0.000051
0.000051
0.000051
0.000051
0.000051
0.000051
0.000051
0.000051
0.000051
0.000051
0.000051
0.000051
0.000051
0.000051
0.000051
0.000051
0.000051
0.000051
0.000051
0.000051
0.000051
0.000051
0.000051
0.000051
0.000051
0.000051
0.000051
0.000051
0.000051
0.000051
0.000051
0.000051
0.000051
0.000051
0.000051
0.000051
0.000051
0.000051
0.000051
0.000051
0.000051
0.000051
0.000051
0.000051
0.000051
0.000050
0.000050
0.000050
0.000050
0.000050
0.000050
0.000050
0.000050
0.000050
0.000050
0.000050
0.000050
0.000050
0.000050
0.000050
0.000050
0.000050
0.000050
0.000050
0.000050
0.000050
0.000050
0.000050
0.000050
0.000050
0.000050
0.000050
0.000050
0.000050
0.000050
0.000050
0.000050
0.000050
0.000050
0.000050
0.000050
0.000050
0.000050
0.000050
0.000050
0.000050
0.000050
0.000050
0.000050
0.000050
0.000050
0.000050
0.000050
0.000050
0.000050
0.000050
0.000050
0.000050
0.000050
0.000050
0.000050
0.000050
0.000050
0.000050
0.000050
0.000050
0.000050
0.000050
0.000050
0.000050
0.000050
0.000050
0.000050
0.000050
0.000050
0.000050
0.000050
0.000050
0.000050
0.000050
0.000050
0.000050
0.000050
0.000050
0.000050
0.000050
0.000050
0.000050
0.000050
0.000050
0.000050
0.000050
0.000050
0.000050
0.000050
0.000050
0.000050
0.000050
0.000050
0.000050
0.000050
0.000050
0.000050
0.000050
0.000050
0.000050
0.000050
0.000050
0.000050
0.000050
0.000050
0.000050
0.000050
0.000050
0.000050
0.000050
0.000050
0.000050
0.000050
0.000050
0.000050
0.000050
0.000050
0.000050
0.000050
0.000050
0.000050
0.000050
0.000050
0.000050
0.000050
0.000050
0.000050
0.000050
0.000050
0.000050
0.000049
0.000049
0.000049
0.000049
0.000049
0.000049
0.000049
0.000049
0.000049
0.000049
0.000049
0.000049
0.000049
0.000049
0.000049
0.000049
0.000049
0.000049
0.000049
0.000049
0.000049
0.000049
0.000049
0.000049
0.000049
0.000049
0.000049
0.000049
0.000049
0.000049
0.000049
0.000049
0.000049
0.000049
0.000049
0.000049
0.000049
0.000049
0.000049
0.000049
0.000049
0.000049
0.000049
0.000049
0.000049
0.000049
0.000049
0.000049
0.000049
0.000049
0.000049
0.000049
0.000049
0.000049
0.000049
0.000049
0.000049
0.000049
0.000049
0.000049
0.000049
0.000049
0.000049
0.000049
0.000049
0.000049
0.000049
0.000049
0.000049
0.000049
0.000049
0.000049
0.000049
0.000049
0.000049
0.000049
0.000049
0.000049
0.000049
0.000049
0.000049
0.000049
0.000049
0.000049
0.000049
0.000049
0.000049
0.000049
0.000049
0.000049
0.000049
0.000049
0.000049
0.000049
0.000049
0.000049
0.000049
0.000049
0.000049
0.000049
0.000049
0.000049
0.000049
0.000049
0.000049
0.000049
0.000049
0.000049
0.000049
0.000049
0.000049
0.000049
0.000049
0.000049
0.000049
0.000049
0.000049
0.000049
0.000049
0.000049
0.000049
0.000049
0.000049
0.000049
0.000049
0.000049
0.000049
0.000049
0.000049
0.000049
0.000049
0.000049
0.000049
0.000049
0.000049
0.000049
0.000048
0.000048
0.000048
0.000048
0.000048
0.000048
0.000048
0.000048
0.000048
0.000048
0.000048
0.000048
0.000048
0.000048
0.000048
0.000048
0.000048
0.000048
0.000048
0.000048
0.000048
0.000048
0.000048
0.000048
0.000048
0.000048
0.000048
0.000048
0.000048
0.000048
0.000048
0.000048
0.000048
0.000048
0.000048
0.000048
0.000048
0.000048
0.000048
0.000048
0.000048
0.000048
0.000048
0.000048
0.000048
0.000048
0.000048
0.000048
0.000048
0.000048
0.000048
0.000048
0.000048
0.000048
0.000048
0.000048
0.000048
0.000048
0.000048
0.000048
0.000048
0.000048
0.000048
0.000048
0.000048
0.000048
0.000048
0.000048
0.000048
0.000048
0.000048
0.000048
0.000048
0.000048
0.000048
0.000048
0.000048
0.000048
0.000048
0.000048
0.000048
