14.256821
14.067694
13.897108
13.713799
13.521384
13.322785
13.121594
12.912695
12.671153
12.382998
12.094664
11.890106
11.766605
11.696123
11.624921
11.443432
11.131863
10.786711
10.429141
10.051987
9.663225
9.275164
8.898530
8.542358
8.213341
7.915349
7.649638
7.414981
7.207406
7.020718
6.848320
6.685604
6.532167
6.389740
6.257415
6.131766
6.009200
5.886123
5.759217
5.627975
5.496893
5.374066
5.267382
5.182629
5.123216
5.090244
5.082680
5.086494
5.094759
5.113150
5.146482
5.208702
5.233831
5.244436
5.312330
5.216343
5.857492
5.237311
5.789627
5.225706
5.185341
5.910422
5.361090
5.125971
5.154577
5.767947
6.537931
5.564839
5.444789
5.501199
5.510842
5.545827
5.540281
5.737663
5.385378
5.420378
5.563502
8.436860
9.526839
12.300503
6.861055
7.015914
6.023547
5.861503
7.706717
6.106783
5.842747
5.585402
7.247759
6.755533
6.246946
6.372792
5.981190
5.917618
6.003755
5.899278
5.998979
6.157633
5.558556
5.602704
6.994023
6.316171
9.438884
7.185673
6.535441
6.193786
7.159492
6.274240
6.652143
5.950520
5.623805
5.502746
6.279126
5.795233
7.404944
6.319768
5.783232
5.430143
5.603834
7.112673
5.392603
6.256087
5.805244
5.710694
5.222421
5.552559
5.826732
6.221502
6.781811
5.770395
5.889598
5.262246
5.620676
5.755357
5.491308
5.795166
6.272125
6.029043
5.574285
5.826618
5.265644
5.746753
5.880398
5.889920
5.187940
5.733074
5.700301
5.710281
5.193764
5.583385
5.047949
5.568215
4.977142
5.569019
4.933707
5.529626
4.886972
5.517682
4.852159
5.464157
4.806101
5.376415
4.758704
5.192742
5.069071
5.075212
4.520630
4.683813
4.662148
4.437980
4.413689
4.530816
4.622408
4.141981
4.803086
4.794794
4.394535
5.173180
4.372152
3.916057
4.019967
3.587578
4.338799
4.130570
4.029747
3.968184
3.830201
3.530894
3.512349
4.617455
5.289636
4.722104
3.750233
3.482457
3.381688
3.254581
4.053680
5.356971
3.984653
4.716943
4.442733
4.204900
3.271408
4.313783
5.236070
4.432645
4.821898
3.988711
3.756989
3.585777
3.888272
3.283269
4.097815
3.351587
4.065429
4.150705
3.506078
3.636592
3.803924
3.851774
3.896383
3.841253
4.582247
4.394334
4.402504
3.712517
4.860721
4.393505
4.625620
4.129483
4.632961
4.556846
3.672648
4.073363
3.629241
3.455638
5.149115
4.794018
5.062198
4.336768
5.307087
5.332429
4.480432
4.652787
4.383252
4.546645
3.922599
4.538143
3.624278
4.111988
3.484581
3.749683
3.542912
4.566021
4.124243
4.577713
4.655954
5.156632
5.904800
4.878629
4.665719
5.868790
4.794351
3.460857
3.558913
3.591132
3.069337
3.852374
2.672893
3.801544
2.801720
2.729492
2.547796
2.517825
2.528525
2.502925
3.400401
2.864230
2.675816
4.250440
4.034121
3.097943
2.147850
3.834464
4.401506
4.008426
2.896469
4.791734
4.364602
4.738941
4.157269
2.880520
2.259030
2.591093
2.654856
2.499081
2.466947
3.202444
2.428461
3.285244
4.880951
3.154801
5.349438
6.096851
4.413438
4.254126
4.202919
5.447274
5.857260
4.673287
5.212145
5.319702
2.801319
2.820977
3.016424
5.753311
3.763909
3.248682
4.460981
4.425125
3.670870
4.681167
4.376920
4.558450
4.268419
3.252582
4.594308
3.816966
3.772628
2.787430
2.496519
2.265048
2.353021
2.387349
2.382396
2.587144
2.266685
2.112289
2.061505
2.073393
2.419086
2.619952
2.193047
2.395559
5.898910
4.742634
3.192316
3.082609
4.429745
2.445068
3.346307
3.570596
3.849114
3.030906
2.207734
2.338242
2.536556
2.268832
2.160388
3.406026
2.065329
2.370308
3.286158
2.424301
2.753170
2.458061
2.812992
1.977012
2.798389
3.742065
3.502039
4.627778
2.676228
2.418004
2.138692
2.468944
2.549198
5.771507
5.026031
6.668414
4.181645
3.236971
2.598550
3.402919
2.062226
2.328687
2.562451
2.277291
2.093344
2.055738
1.972133
3.424142
3.213747
3.213048
4.251482
2.606934
2.178626
2.594388
2.421557
3.304938
3.187934
4.806817
3.037450
2.920533
2.960418
4.402798
2.372858
2.749730
1.999987
2.846975
1.847257
2.137127
2.057431
2.049976
2.178299
2.101433
2.859127
1.797878
1.776232
1.765599
1.775237
1.705621
1.707989
1.693672
1.695205
1.681469
1.690796
1.664827
1.697950
1.633254
1.713391
1.600604
1.705500
1.615259
1.692137
1.602865
1.688628
1.609250
1.678946
1.610000
1.668612
1.614780
1.657094
1.618991
1.645670
1.622485
1.633994
1.622686
1.623005
1.617258
1.612402
1.605821
1.596828
1.582357
1.553549
1.485401
1.399840
1.396424
1.393961
1.394426
1.401100
1.419062
1.471455
1.490157
1.499043
1.462504
1.418835
1.413841
1.421902
1.435501
1.445218
1.456721
1.479000
1.607155
2.266665
1.862744
4.111607
4.511456
2.466364
3.822678
2.729701
4.562180
5.817180
3.289104
4.263001
8.358360
3.907255
3.598343
4.237186
4.145888
2.125404
3.219124
5.091212
3.536768
2.158817
3.058293
3.360800
2.536253
4.681848
2.478776
1.815925
1.998743
4.299626
1.935135
2.233626
2.043433
2.912295
1.729318
1.712798
3.160314
3.538157
1.621598
1.550708
1.781846
1.721980
1.707116
2.091529
1.989878
2.015737
4.748881
6.347061
11.461627
11.691562
6.578278
2.355259
6.375793
3.823309
3.001283
5.347729
5.813953
3.882933
7.654667
2.540470
5.617903
4.528822
4.240703
2.454277
2.456176
3.459506
2.044084
4.737463
8.770754
3.850204
3.775176
3.058681
4.464490
2.024863
3.786521
3.058254
3.145586
4.376858
1.999748
2.017153
1.715580
1.792034
1.887907
1.815397
1.636334
1.790449
1.749504
1.765808
1.674817
1.845689
2.634513
1.869455
1.592934
4.994723
4.299058
3.989803
4.217015
5.308541
4.359212
2.301015
2.982587
2.858253
6.363352
5.779959
5.426801
6.016557
4.575774
3.258290
2.194248
1.745173
1.792731
1.667752
1.611894
1.604962
1.545350
1.479930
1.415642
1.399244
1.379386
1.368695
1.362566
1.357909
1.354382
1.352059
1.351077
1.351461
1.353132
1.355972
1.359856
1.364612
1.369915
1.375184
1.379617
1.382351
1.382581
1.379447
1.371713
1.357685
1.337651
1.320073
1.305304
1.302909
1.329437
1.376128
1.389605
1.355994
1.354347
1.353708
1.352477
1.350666
1.349172
1.347231
1.345329
1.343314
1.341578
1.339960
1.338768
1.337812
1.337379
1.337180
1.337521
1.337948
1.338848
1.339544
1.340619
1.341121
1.341989
1.341916
1.342368
1.341525
1.341604
1.339957
1.339945
1.337486
1.337912
1.334487
1.336282
1.331390
1.336422
1.329093
1.341007
1.330446
1.348039
1.337201
1.340244
1.330134
1.337724
1.330104
1.335641
1.333268
1.327965
1.327499
1.327745
1.337443
1.313334
1.319322
1.325614
1.356603
1.294639
1.292601
1.298047
1.328376
1.335706
1.409643
1.290974
1.268465
1.309915
1.307041
1.385182
1.272626
1.258787
1.345064
1.249182
1.308275
1.321876
1.465597
1.309834
1.329229
1.221403
1.294948
1.465744
1.265104
1.388563
1.452254
4.296421
13.827347
5.413259
10.807263
4.801824
7.063597
6.433771
6.478055
4.423851
5.607414
2.177346
1.529340
1.390695
1.702114
1.686604
1.475334
2.566697
5.453326
8.691133
2.714346
2.343915
2.366521
2.946032
1.686981
1.677375
1.525743
1.526007
1.671438
1.261684
4.706836
6.071271
9.600147
4.978438
3.055848
5.594705
4.487528
1.863179
3.786457
3.249413
5.741899
2.590850
4.752155
4.146071
3.109875
2.154397
2.079455
1.520637
1.489133
2.121987
3.745234
2.433683
2.253194
10.010282
4.347027
2.468349
2.023532
2.032923
5.821356
2.718409
2.773172
4.187669
3.333994
3.538548
4.381549
3.388079
1.818348
2.155400
1.752526
1.849285
1.970273
1.733657
2.158194
1.713973
3.246252
2.968856
5.684653
3.520597
5.149799
9.062046
6.182197
2.655732
2.181892
9.064279
4.950244
2.966954
3.150278
1.740288
1.897422
1.749081
1.674446
1.900816
1.956738
5.160622
1.786536
2.046648
1.408177
1.262964
1.109987
1.171734
1.157623
1.144711
1.366797
3.699276
2.750477
1.848443
1.931816
4.006850
4.531795
2.448895
1.514380
1.264049
1.469584
3.076071
7.135203
9.368007
3.492623
3.552754
6.066899
3.421485
2.540661
2.234318
2.549908
1.791250
2.215053
2.270119
1.559778
1.215404
6.864280
9.055031
3.623979
3.867249
3.381001
2.132138
1.836193
1.745990
1.593614
1.448845
1.240321
1.237018
1.210602
1.186202
1.174915
1.124592
1.180644
1.286860
1.231743
1.185728
1.217875
1.288703
1.490639
3.709955
5.765614
7.611670
6.645481
4.784514
2.018882
1.985310
1.498642
5.431109
4.949598
2.453296
1.560657
2.140567
2.778493
2.500821
1.265264
1.434508
3.189474
3.395255
5.470147
3.737264
4.618081
3.133860
2.959412
1.616183
2.124804
3.198108
5.875345
4.002625
2.876868
1.939412
2.871692
1.611382
2.491492
1.504165
1.651607
1.400368
3.858470
5.943404
9.016808
5.705137
3.442305
2.796206
2.127563
2.282541
2.505101
4.309714
5.735244
5.228737
5.210590
2.220353
4.476811
1.689705
1.951405
1.540230
1.327322
1.894880
4.331800
2.876850
1.549385
3.805126
7.694394
4.394161
2.390529
2.177313
4.244394
5.496373
3.360506
3.846076
5.351482
1.746792
3.356429
2.492133
1.664545
1.929631
2.637797
1.749254
1.906586
2.244894
5.164852
7.689608
7.688486
6.467088
2.350847
1.958986
2.458782
2.772458
1.797778
1.911677
4.002649
4.161670
1.857703
9.294643
6.172730
4.143393
4.882592
2.345856
1.731978
2.676189
1.792586
1.706515
7.502409
5.690713
5.015877
5.506122
2.171469
5.236929
5.414687
2.397536
4.937396
3.222474
2.198109
2.196708
1.703906
1.978611
2.808447
3.207658
2.081585
4.348542
5.177831
2.099871
2.075241
1.475519
1.562693
2.052258
1.723515
1.402459
1.287982
1.202685
1.146714
1.044046
1.194051
1.404520
1.608850
1.357317
1.312387
1.257484
1.181677
1.082208
1.037613
2.576801
1.205189
5.763111
6.977427
8.315425
2.949978
4.491835
2.289935
1.775634
2.772284
1.612860
1.277871
1.072028
1.118343
1.674243
1.354486
1.338951
1.342551
1.277518
1.182331
1.130232
1.101665
1.066735
2.340609
6.404678
11.046441
3.082771
3.238432
4.632057
4.208510
1.940347
6.369817
4.201419
1.798835
2.894696
5.054022
5.872960
6.064605
4.430159
3.913244
3.520215
3.323483
2.036043
1.637044
3.357882
4.271842
2.379203
2.388096
1.022849
2.674270
2.073793
8.491032
5.850785
4.622447
2.585405
2.768259
2.651693
1.484733
2.071694
4.296520
1.453124
1.239387
1.059915
1.014633
0.980303
0.977986
1.002596
1.022227
1.075763
1.051821
1.091287
1.078232
1.088576
1.116860
1.173747
1.199086
2.409596
1.826652
4.442227
4.853916
3.143581
5.344456
5.470297
4.965375
2.316618
4.550085
5.369674
2.026480
1.303621
3.102291
4.171661
2.063551
2.802600
1.897808
6.373707
5.805005
5.767844
1.528551
2.213938
4.801994
4.418310
7.636248
3.876044
2.181749
4.513334
1.711696
1.548900
5.079410
2.951624
3.796689
1.765865
1.376329
1.578392
4.341505
2.096303
3.501877
2.339104
3.376430
4.542911
3.462168
1.703837
2.130116
3.090734
5.450586
1.782337
2.938561
1.838604
5.414716
4.216034
6.307056
2.835028
2.433477
1.344929
1.223735
1.138312
1.004145
1.352857
3.145224
2.808490
1.039451
2.277569
1.138039
1.115256
2.921076
3.469902
4.624322
6.209092
3.782757
5.172717
2.607908
4.369391
2.102074
2.024851
1.346704
1.460396
2.669306
3.191110
3.109695
2.004035
1.263876
2.346368
2.199915
2.412634
3.680579
9.004247
7.440534
5.554593
5.834920
2.423141
4.013039
2.318626
1.211961
1.143356
1.508337
5.624445
4.273851
5.211329
1.699062
3.983021
6.999125
3.035100
1.639644
1.226771
2.039479
1.544153
1.526908
6.064756
5.034370
2.163895
2.496849
6.265308
2.139439
1.163287
1.485268
0.987590
3.276545
2.709545
3.741955
1.815130
1.917442
1.738750
1.574957
1.504427
1.317323
1.158778
1.134621
1.664555
3.936427
3.100074
7.154067
6.384033
4.772172
5.977975
4.387681
3.606939
2.007010
2.132666
3.205588
1.180365
1.019563
1.686676
0.970925
1.831453
1.492202
1.832486
1.274810
1.321788
1.463704
1.354012
1.228359
1.114263
1.159748
1.076517
1.010984
1.127208
1.363310
1.023457
1.064991
1.067363
1.085662
3.669593
7.619395
2.431417
11.128797
7.556910
6.102942
3.898542
2.298070
4.961538
6.124720
5.762463
5.671963
1.692288
1.513888
2.217212
1.904996
3.354629
6.029954
4.171919
3.466004
5.109839
6.132502
6.844430
4.584135
1.913883
1.353154
2.188232
1.293839
1.266317
1.570104
2.164733
1.016774
1.639716
0.822167
0.836495
0.900727
0.912972
0.967585
1.557552
1.212707
1.532318
1.048338
1.775067
0.977505
0.921001
0.953764
1.113601
1.002353
1.555514
3.459273
2.968850
4.766603
6.276089
1.288592
3.562671
2.901228
9.297341
2.784767
4.990984
2.863013
6.592698
3.124755
1.861960
3.140380
1.427662
1.220436
1.126089
1.805222
5.493028
5.798205
3.208855
1.609462
1.586212
2.680686
1.820124
1.130250
0.985722
6.338503
6.460780
2.899391
7.096354
2.256527
1.743074
1.987304
0.957954
1.659382
3.189404
2.008548
3.373567
5.207446
3.442413
1.444594
8.026736
2.711636
1.369764
2.015259
1.687647
1.647024
1.631608
1.427904
2.778558
3.256056
2.910887
4.031674
3.912386
5.843891
5.588400
5.906109
4.076438
4.161355
3.989099
2.252893
4.163134
2.580641
1.905077
2.368940
1.245383
1.531550
1.827396
3.366014
1.947274
1.695024
4.980521
2.957819
3.412125
3.986128
5.133378
4.973097
3.865252
1.494004
1.993230
1.685552
1.382708
1.777872
1.389624
1.439908
3.617647
3.088991
1.444578
2.267898
2.319651
6.192406
2.329535
2.269955
1.982141
1.587968
1.596317
1.781415
1.197859
1.057464
7.796975
3.703830
2.672761
3.906555
4.471321
4.915887
1.468671
1.372773
2.568081
2.128684
1.188186
1.297619
4.175158
1.409978
6.544042
6.655641
3.196466
2.580608
1.733973
2.792960
2.874764
2.460660
1.693416
5.208644
1.888599
4.902420
2.549199
1.866637
1.616335
1.434010
1.785601
1.691944
1.491907
1.200396
1.298363
1.213082
0.999075
1.147514
1.152450
0.987467
1.065353
1.402042
1.381483
0.903339
1.164736
3.557046
4.546298
4.750770
7.394015
1.464932
1.582374
1.066137
1.273587
3.441857
1.473515
1.830917
3.530884
2.662239
5.067985
6.954607
3.347357
3.568286
4.629375
4.640066
2.366987
1.363667
0.919186
1.051355
1.717492
3.495480
2.098642
1.958681
3.462756
6.909418
1.636477
1.296596
2.075167
1.052920
3.832201
3.361740
4.474463
2.012510
1.253753
1.272600
2.958685
5.477198
7.906118
5.935843
4.696200
4.901916
4.436545
2.050128
3.286320
3.159669
2.090581
2.076333
2.270545
0.932924
1.888522
2.168780
2.808867
1.336072
1.350924
1.233588
1.298696
0.941360
1.585532
1.444037
1.208531
1.193004
1.009947
0.863599
0.883477
1.249345
1.943650
4.945809
5.793321
5.601859
1.786573
1.918512
1.463012
1.443915
1.680294
2.207489
4.209865
2.871558
1.792774
1.952521
1.732304
1.388143
1.237972
1.415849
1.720362
1.094357
0.979399
1.078597
1.619420
3.280970
1.834117
3.325737
3.511961
1.466852
1.343383
1.036703
1.313183
1.723209
1.779633
1.582286
1.293833
1.421482
1.902307
1.593871
2.688670
1.226220
1.325144
1.685850
0.942000
0.818802
1.436339
2.560409
7.286790
2.638033
2.264308
4.227034
2.175068
1.763486
1.490872
1.194084
1.123036
1.226682
1.021338
1.198463
1.541031
4.456828
1.139087
2.941153
2.662950
3.411904
2.231496
4.983750
6.350660
4.904496
3.610036
3.417787
1.271383
0.847096
0.986268
0.644491
0.594406
1.025821
0.905330
1.283355
1.053222
1.036675
1.684803
3.560998
2.041212
3.240333
5.771928
1.682325
1.024622
0.853321
0.747594
0.701459
0.700735
1.310631
2.333668
3.993200
3.742062
1.958919
1.591262
4.666099
0.856192
1.012581
0.769312
0.976772
1.251784
1.354516
1.511258
1.284453
4.766200
4.879283
4.532664
2.517173
2.686591
2.300336
1.671677
1.346095
1.264257
3.757838
3.453748
3.137810
2.117318
2.297045
4.172607
1.365746
0.738680
2.096706
2.616740
6.031968
2.498184
2.226492
1.560936
2.992316
7.177941
4.444574
4.939733
2.512274
3.541080
1.937752
2.339106
2.916736
1.838806
1.187916
1.801589
7.303188
4.279687
2.631129
2.446962
5.308750
4.951038
2.595742
2.504087
1.726273
1.542175
0.928819
0.933833
0.914773
2.331018
1.381697
0.981986
1.040097
1.129951
2.646078
2.559348
2.081495
1.758585
1.313337
1.154683
5.414539
2.634158
2.251090
3.209408
6.477178
2.463948
1.474319
0.867561
2.618312
1.264185
1.831879
2.085601
1.167034
2.093050
1.766204
1.514545
1.711355
4.931013
4.627174
2.101982
1.412222
2.146425
1.137644
2.206747
0.990088
0.653423
5.012124
2.949816
2.314082
3.773312
4.423588
3.239504
1.763092
2.852827
0.770979
4.405159
1.978608
1.742694
1.022612
0.890783
2.374966
4.080394
1.197707
1.166144
1.023130
3.551009
3.363787
1.524537
1.821158
1.109159
1.058596
1.006382
1.073221
3.376684
3.427746
1.918516
1.837333
1.726523
3.313574
4.135559
3.732059
2.382466
2.082530
2.589071
1.335880
1.678868
4.187120
5.348673
1.778938
1.262175
2.272092
1.471075
1.321998
4.603039
2.243814
3.420630
1.831974
1.280851
0.785005
0.921418
1.519830
1.219435
1.134921
2.292061
1.321682
3.361102
4.514737
7.374266
3.386953
2.585296
2.356098
2.239273
1.726686
2.335172
2.491293
1.626189
0.956573
0.672474
0.506931
0.437945
2.213022
1.944453
1.887191
2.412697
1.340044
2.024966
1.791748
1.275591
1.623912
1.223868
1.547696
1.781728
1.947185
1.642523
1.321979
0.992726
2.921732
2.875418
3.025248
2.131003
3.732225
1.704915
3.204474
1.163955
1.073414
1.400232
1.518843
1.376945
2.860389
2.018661
1.806868
4.210306
1.973892
3.329401
5.293413
3.718131
3.454560
1.686569
2.915460
1.864129
1.037559
1.145573
0.909684
1.103285
0.895881
4.691125
3.089527
3.377332
0.907342
3.599802
3.886965
1.275320
2.101903
3.734031
2.469784
6.819990
7.798516
4.017667
1.869320
1.515018
2.055255
1.948237
1.250525
2.365215
0.943294
0.769279
3.153031
2.844851
2.719266
2.323779
1.355495
0.914650
0.909424
2.939245
2.243211
1.484806
0.912082
0.826856
1.797248
5.644568
10.611417
7.557065
4.681021
1.792582
4.563383
2.160255
1.397128
1.065228
1.232897
0.943828
3.029923
1.960516
0.997609
3.019771
3.315495
1.508693
3.479257
4.751954
3.525526
5.806915
5.541759
4.166011
2.354701
2.145595
1.591214
1.402697
2.614396
2.343897
1.549417
1.056279
0.869978
0.986024
0.649055
0.674217
4.921547
10.453618
4.887518
2.765175
1.041946
1.358015
2.016464
1.212132
1.662561
1.200172
0.857513
0.747530
0.708066
2.099456
2.274343
2.795836
3.096370
4.840031
5.358595
1.944120
1.666448
0.756536
1.423184
1.048848
2.139603
0.832378
1.622901
1.528151
1.201102
1.308308
0.798966
2.020098
2.781579
4.392068
3.556942
2.384111
1.148560
1.481673
1.637247
0.719273
0.701007
1.006306
6.053217
3.556648
1.975066
3.221967
1.052261
1.177819
1.376464
0.661266
0.415871
3.921499
1.398668
0.665574
0.753868
0.607148
0.526160
0.467752
3.210869
4.087485
9.226783
7.062471
3.966122
1.531438
1.616885
2.344099
5.777069
2.431581
1.685727
2.275831
2.919655
1.082599
0.775916
2.301007
0.841546
0.783080
0.534491
0.614157
0.628788
3.171001
2.232956
4.607470
4.283629
2.770840
3.191877
2.604234
3.074434
3.890689
3.717156
1.715617
2.042952
1.297521
0.945891
1.756032
0.948708
1.343972
0.919749
2.060032
0.647280
1.083391
0.552305
0.637535
1.815858
3.597828
1.160554
2.770672
3.596014
3.965415
5.717796
7.722929
6.992616
3.616671
1.179610
1.319645
1.706371
1.749365
3.217631
2.209497
3.734172
2.788857
5.842299
12.854423
10.234814
5.016283
4.797878
4.636580
3.465342
3.526741
2.211912
2.805882
2.477010
2.049602
3.802716
1.674868
1.644586
3.491565
2.446880
4.058903
2.476224
1.040639
1.256915
1.378705
2.585227
3.264276
2.488112
1.405237
2.810609
6.752542
2.163485
2.234099
4.139864
1.500760
2.469119
3.169373
2.182456
0.620504
1.916093
0.459024
1.038008
1.274776
0.370113
0.711531
3.018177
6.922790
4.309540
1.516588
2.817443
2.057619
2.249018
3.129360
4.182931
4.818431
1.906199
1.955462
1.649319
1.366163
2.794043
1.965707
2.572321
1.347448
1.101077
0.751651
1.200919
0.788881
0.876564
0.575494
0.966068
0.616366
2.987475
1.511732
2.311327
1.695049
5.769008
1.422017
5.531225
7.814145
6.935173
10.162729
1.667350
6.015445
2.508885
2.064134
4.999687
6.017856
2.806996
2.645019
2.247140
4.347330
2.579644
1.102739
2.038727
1.789800
1.183866
0.957789
0.600057
2.059738
1.954192
2.246545
2.681445
2.741945
2.141276
3.985202
0.991367
2.142829
1.206108
0.756186
0.381277
1.962491
1.773586
0.626269
1.039374
0.821975
0.660344
0.891423
0.576709
4.171436
5.057012
5.124866
4.709993
3.033592
2.940892
1.660608
1.470017
3.055939
1.582233
1.510619
1.524070
1.257384
0.571454
0.568693
0.708671
1.686886
1.369171
0.628274
4.587785
2.716188
2.359326
1.399492
1.176056
0.729808
2.049441
0.896809
1.910720
1.854342
1.671366
0.695627
0.691757
0.859960
3.523470
1.815418
2.132775
0.645806
0.678622
4.929019
5.849228
6.657528
6.483169
2.963861
4.377199
2.168627
2.367889
1.304860
0.971872
1.274709
0.753734
0.673000
0.583869
0.569277
2.937131
4.812476
1.569659
1.236228
1.573634
1.583408
2.434788
1.000468
0.609766
0.658910
2.197783
1.618546
1.146785
1.322173
1.328000
0.702763
1.078134
4.113270
5.197018
5.329408
3.366689
2.136114
1.612232
2.764271
2.471136
1.724634
1.224221
2.181853
1.267795
3.307313
1.050842
1.375295
3.547516
3.060897
4.098436
2.285481
3.997375
3.421579
3.378441
2.106224
1.550090
2.134331
5.157143
1.840482
1.534236
2.824757
1.982309
1.981272
1.186301
0.833621
1.964239
2.388924
1.524068
1.835468
2.297216
0.688886
0.848140
1.105640
1.939065
0.675022
2.360445
1.620840
3.837258
3.598956
1.993601
1.254638
1.001638
1.065692
2.673155
1.093035
0.921583
1.731318
1.107954
1.369707
2.277782
3.786523
1.534699
0.875292
0.791310
1.282004
0.548601
1.034845
2.223937
0.954079
0.655954
0.608253
1.758346
1.788621
6.072339
5.004535
3.639154
4.529344
6.259119
6.274241
2.121294
2.514746
1.822500
1.782410
1.250709
3.098866
3.085056
1.991836
3.016608
1.577668
3.111478
3.172865
4.318623
1.656016
1.873609
1.901913
1.574110
2.154182
0.609965
1.341527
1.008674
0.547364
1.669741
1.874397
2.275842
4.896458
3.675419
3.991767
0.710348
0.616932
0.697664
0.528548
1.060774
1.067716
0.640663
2.138362
5.400750
3.737080
1.957996
1.653203
1.654430
5.377698
0.978621
3.951406
3.458088
1.975537
4.551302
1.175609
1.074121
2.006182
0.864719
0.446369
1.020837
2.665680
2.771109
2.699262
2.368847
1.523911
2.184233
1.176911
3.797081
0.945213
3.605554
1.047143
0.784920
0.755313
0.832886
0.630828
0.696544
5.971150
3.323048
2.358603
1.191026
1.767542
0.683178
4.435813
0.792606
0.556216
1.800326
1.590457
3.956996
1.965117
1.752848
3.551151
0.975864
3.313569
1.611218
0.837770
3.974254
0.634014
0.562615
0.602858
2.279391
1.936926
4.909328
1.611697
4.696294
1.472663
2.159685
2.571804
1.726759
3.597345
2.652248
2.551319
2.438798
2.409569
3.507791
3.887333
1.961422
1.502099
5.711325
3.455246
1.901538
3.791673
1.183060
1.111219
0.705257
1.745092
0.930236
0.646441
1.499864
3.179277
2.697088
3.660693
2.167167
3.554476
1.472467
1.269343
1.347801
1.699107
0.469653
1.954975
1.147976
2.795518
1.816840
0.707358
0.460847
2.123230
1.941930
2.025291
2.612026
2.047591
5.901587
3.799485
4.678175
2.292951
2.554522
0.958885
1.075903
1.298502
0.654128
0.757874
0.691264
1.156013
1.697931
4.685221
11.439168
4.468025
4.473774
2.728326
1.190757
3.481271
3.775311
5.120644
2.226130
0.590825
2.957592
5.747565
5.100566
2.722951
2.658161
1.746475
2.312541
1.627155
1.201269
2.610539
1.595139
1.424457
1.722609
1.773404
3.343721
3.873123
0.860896
2.337170
2.159653
1.992917
2.083235
0.958164
1.636427
2.073232
1.463181
0.944816
3.109628
3.006082
2.998625
2.250984
2.028576
1.683834
3.526396
1.182615
3.689413
1.591542
1.225980
2.231272
1.179641
1.444296
0.749140
1.810605
0.814102
2.455468
1.641279
2.559461
1.426835
2.995023
0.867418
2.690316
4.019433
7.138878
5.273434
2.075093
2.388137
1.449477
2.009363
3.406137
5.053063
2.664586
1.654543
2.627144
4.033498
3.532689
2.068480
1.106595
2.355761
1.174047
1.643423
3.448102
1.269498
0.936987
1.751826
0.869324
1.703712
0.823219
0.627755
2.039911
1.096337
1.554447
9.112792
9.015427
4.769681
1.440140
2.097552
6.579984
2.600561
3.387024
1.815752
1.891616
7.802772
5.548144
2.584789
0.970338
0.628429
0.480369
0.413146
0.445516
0.348860
0.405122
0.343420
0.305009
0.374401
0.285107
1.745042
0.430234
0.330515
0.297977
0.594510
1.392546
6.741846
5.779893
5.951223
4.013690
3.881891
7.285624
4.538536
1.880823
1.052135
0.638489
1.187009
5.234748
4.181627
4.311864
3.631892
4.311281
3.413301
5.138366
4.835373
2.668163
1.873439
1.309741
6.427180
3.363586
2.801967
0.564934
1.500056
0.988631
0.898779
0.843558
0.539274
0.584698
1.153320
2.917326
3.398155
0.999850
4.962798
3.866189
5.083626
3.519169
1.158206
3.135340
0.961966
2.274920
2.551603
1.692032
1.595264
2.583160
2.364281
2.117731
2.226953
1.198211
4.856842
2.191128
3.141936
1.870859
2.108378
2.614064
3.469247
2.158542
2.629672
2.230083
1.026756
1.829561
1.514799
2.138260
1.101999
0.816498
1.425100
1.867049
1.083498
1.054494
1.901230
4.580922
6.667882
2.261243
2.566362
2.125213
1.159036
1.221702
1.641633
0.818321
2.609363
2.283713
3.056063
0.989772
1.428952
0.557042
0.604119
0.303597
1.725520
1.075097
4.020565
10.657588
9.367005
8.428105
5.143671
2.177414
1.224792
1.172346
1.332898
0.814981
1.230065
0.806280
2.194726
2.724244
0.744615
1.720329
4.736243
1.668409
3.624060
2.455036
3.056299
1.350122
0.974639
0.547556
0.806948
2.805185
2.425085
1.310768
4.074098
3.816184
4.117447
1.163635
0.873519
3.587696
2.204757
2.020771
1.438043
2.311685
2.800195
2.318915
0.920769
0.828322
0.824935
1.742999
0.855434
1.308091
0.529961
3.451034
3.055532
5.231440
5.720325
9.050844
5.984420
9.133991
6.067873
4.174818
5.599950
3.218165
2.199309
1.415304
1.003055
1.254612
1.654552
1.103332
1.636175
0.682583
0.577901
0.500422
0.429909
0.374130
0.345554
0.315858
0.277145
0.261002
2.814582
0.658083
0.546599
0.254806
0.136366
0.186800
1.144869
0.616112
4.656366
8.708866
10.076265
6.480159
2.646579
1.087489
0.273404
0.357155
0.308404
0.346789
0.240592
0.598889
0.728537
3.402863
2.852923
2.030218
1.153129
2.158801
0.951444
0.387958
0.385489
0.300157
3.252151
3.189708
7.602550
6.833690
4.116900
2.768074
8.827286
9.094511
4.974885
7.470145
2.602786
1.446924
2.211473
1.314827
0.832080
3.545721
0.585031
0.440763
0.552055
0.529039
0.694769
3.027408
1.039081
1.844673
3.630294
3.805532
8.538198
3.388690
3.496653
4.254852
1.941283
2.469690
1.402494
1.510617
2.456032
1.084583
2.146939
0.634299
0.523775
0.533192
0.462567
0.523040
1.942378
0.990992
1.137404
2.042876
1.065773
0.705399
0.700437
0.412927
5.332023
2.517036
2.336861
1.910707
0.686754
0.539868
2.045951
3.270312
2.190528
0.833567
2.069705
0.872873
0.406335
1.663660
0.575736
5.041694
2.319717
3.955395
1.710119
1.274496
2.554528
2.737166
3.407269
4.002498
3.553068
1.010029
4.491637
5.186980
2.656074
2.238934
1.726442
1.452324
4.509063
1.098649
1.108820
0.687677
0.632717
0.584905
0.693819
1.085647
0.689380
0.459143
0.316981
1.085839
2.985879
5.385001
6.516311
4.679352
2.401524
2.334009
0.781362
0.844790
0.408717
0.442643
0.371508
0.192855
0.347347
0.366445
0.499670
0.450424
0.562177
2.689735
7.479359
6.449080
2.373990
2.022579
2.496630
3.953679
2.025731
0.622552
4.382700
0.976942
5.253941
1.650620
4.823825
3.085733
3.611583
6.800443
2.833294
2.880581
2.346481
5.529933
2.025932
0.884850
0.678483
0.832025
3.106763
1.801069
1.704805
2.838713
1.267349
3.454856
1.553171
1.260207
2.640107
1.433918
4.576962
3.923697
5.618676
7.977931
5.709387
2.640129
4.540336
4.453302
6.000417
4.453533
3.014803
1.711986
1.542181
0.915507
4.153366
1.120585
1.176057
1.344781
0.884960
0.744083
0.528560
0.210461
0.190545
0.187076
0.415372
3.463848
3.925209
5.999717
5.026641
5.263886
4.789005
6.110955
5.088231
6.754172
3.123452
2.290377
0.303142
0.320080
0.759806
0.371715
0.349073
0.235003
0.211326
1.017021
0.165334
0.181792
3.443388
2.991398
2.721487
1.704045
1.097096
1.840361
4.824752
5.144530
3.935698
4.337033
3.150778
0.981657
1.785123
1.268543
3.575533
1.918099
5.370688
3.265379
3.041886
1.275538
2.314821
2.796671
1.732568
1.132499
6.358545
2.982835
4.591048
2.977121
2.257516
2.100619
1.828488
2.333731
1.435657
2.978025
0.953035
0.579088
0.512984
0.517769
0.484098
0.646224
0.701625
3.922622
2.362381
0.807579
1.059147
2.434437
2.661563
5.182583
5.515125
3.545718
2.968382
2.216210
2.542845
0.553415
0.652298
0.491429
1.598542
3.671478
1.803653
3.915236
1.416976
1.393202
0.973062
4.384425
3.298646
2.170487
4.024356
4.124370
2.851516
2.644838
6.091839
4.187075
2.366698
1.524554
0.995724
7.182979
11.668358
5.211616
2.425562
4.069341
1.878666
1.072669
0.338368
0.461119
0.484862
0.330738
0.421934
0.216672
0.428497
0.260780
0.457753
0.203982
0.221338
0.163603
0.109588
0.086484
0.072298
0.062482
0.054050
0.049299
0.046012
0.043340
0.041060
0.039065
0.037292
0.035698
0.034254
0.032935
0.031724
0.030607
0.029573
0.028611
0.027714
0.026875
0.026088
0.025348
0.024651
0.023993
0.023371
0.022782
0.022222
0.021691
0.021185
0.020703
0.020243
0.019804
0.019384
0.018982
0.018597
0.018227
0.017873
0.017532
0.017204
0.016889
0.016586
0.016293
0.016011
0.015739
0.015476
0.015222
0.014977
0.014739
0.014509
0.014287
0.014071
0.013862
0.013659
0.013462
0.013271
0.013086
0.012905
0.012730
0.012560
0.012394
0.012233
0.012076
0.011923
0.011774
0.011628
0.011487
0.011349
0.011214
0.011082
0.010954
0.010829
0.010706
0.010587
0.010470
0.010356
0.010244
0.010135
0.010028
0.009923
0.009821
0.009721
0.009622
0.009526
0.009432
0.009340
0.009249
0.009161
0.009074
0.008988
0.008905
0.008823
0.008742
0.008663
0.008585
0.008509
0.008434
0.008361
0.008289
0.008218
0.008148
0.008080
0.008012
0.007946
0.007881
0.007817
0.007754
0.007692
0.007631
0.007571
0.007512
0.007454
0.007397
0.007341
0.007286
0.007231
0.007177
0.007124
0.007072
0.007021
0.006970
0.006920
0.006871
0.006823
0.006775
0.006728
0.006681
0.006636
0.006590
0.006546
0.006502
0.006459
0.006416
0.006374
0.006332
0.006291
0.006251
0.006211
0.006171
0.006132
0.006094
0.006056
0.006018
0.005981
0.005944
0.005908
0.005872
0.005837
0.005802
0.005768
0.005734
0.005700
0.005667
0.005634
0.005602
0.005570
0.005538
0.005506
0.005475
0.005445
0.005415
0.005385
0.005355
0.005326
0.005297
0.005268
0.005240
0.005211
0.005184
0.005156
0.005129
0.005102
0.005076
0.005049
0.005023
0.004997
0.004972
0.004947
0.004922
0.004897
0.004872
0.004848
0.004824
0.004800
0.004777
0.004753
0.004730
0.004708
0.004685
0.004662
0.004640
0.004618
0.004596
0.004575
0.004553
0.004532
0.004511
0.004490
0.004470
0.004449
0.004429
0.004409
0.004389
0.004370
0.004350
0.004331
0.004312
0.004293
0.004274
0.004255
0.004237
0.004218
0.004200
0.004182
0.004164
0.004146
0.004129
0.004111
0.004094
0.004077
0.004060
0.004043
0.004026
0.004010
0.003993
0.003977
0.003961
0.003945
0.003929
0.003913
0.003897
0.003882
0.003866
0.003851
0.003836
0.003821
0.003806
0.003791
0.003776
0.003762
0.003747
0.003733
0.003719
0.003704
0.003690
0.003676
0.003663
0.003649
0.003635
0.003622
0.003608
0.003595
0.003582
0.003569
0.003555
0.003543
0.003530
0.003517
0.003504
0.003492
0.003479
0.003467
0.003454
0.003442
0.003430
0.003418
0.003406
0.003394
0.003382
0.003371
0.003359
0.003347
0.003336
0.003324
0.003313
0.003302
0.003291
0.003279
0.003268
0.003257
0.003247
0.003236
0.003225
0.003214
0.003204
0.003193
0.003183
0.003172
0.003162
0.003152
0.003142
0.003131
0.003121
0.003111
0.003101
0.003091
0.003082
0.003072
0.003062
0.003053
0.003043
0.003033
0.003024
0.003015
0.003005
0.002996
0.002987
0.002978
0.002968
0.002959
0.002950
0.002941
0.002932
0.002924
0.002915
0.002906
0.002897
0.002889
0.002880
0.002872
0.002863
0.002855
0.002846
0.002838
0.002830
0.002821
0.002813
0.002805
0.002797
0.002789
0.002781
0.002773
0.002765
0.002757
0.002749
0.002741
0.002734
0.002726
0.002718
0.002711
0.002703
0.002696
0.002688
0.002681
0.002673
0.002666
0.002659
0.002651
0.002644
0.002637
0.002630
0.002622
0.002615
0.002608
0.002601
0.002594
0.002587
0.002580
0.002574
0.002567
0.002560
0.002553
0.002546
0.002540
0.002533
0.002526
0.002520
0.002513
0.002507
0.002500
0.002494
0.002487
0.002481
0.002475
0.002468
0.002462
0.002456
0.002449
0.002443
0.002437
0.002431
0.002425
0.002419
0.002413
0.002407
0.002401
0.002395
0.002389
0.002383
0.002377
0.002371
0.002365
0.002359
0.002354
0.002348
0.002342
0.002337
0.002331
0.002325
0.002320
0.002314
0.002309
0.002303
0.002298
0.002292
0.002287
0.002281
0.002276
0.002270
0.002265
0.002260
0.002254
0.002249
0.002244
0.002239
0.002234
0.002228
0.002223
0.002218
0.002213
0.002208
0.002203
0.002198
0.002193
0.002188
0.002183
0.002178
0.002173
0.002168
0.002163
0.002158
0.002153
0.002149
0.002144
0.002139
0.002134
0.002130
0.002125
0.002120
0.002116
0.002111
0.002106
0.002102
0.002097
0.002092
0.002088
0.002083
0.002079
0.002074
0.002070
0.002065
0.002061
0.002057
0.002052
0.002048
0.002043
0.002039
0.002035
0.002030
0.002026
0.002022
0.002018
0.002013
0.002009
0.002005
0.002001
0.001997
0.001992
0.001988
0.001984
0.001980
0.001976
0.001972
0.001968
0.001964
0.001960
0.001956
0.001952
0.001948
0.001944
0.001940
0.001936
0.001932
0.001928
0.001924
0.001921
0.001917
0.001913
0.001909
0.001905
0.001901
0.001898
0.001894
0.001890
0.001886
0.001883
0.001879
0.001875
0.001872
0.001868
0.001864
0.001861
0.001857
0.001853
0.001850
0.001846
0.001843
0.001839
0.001836
0.001832
0.001829
0.001825
0.001822
0.001818
0.001815
0.001811
0.001808
0.001804
0.001801
0.001798
0.001794
0.001791
0.001788
0.001784
0.001781
0.001778
0.001774
0.001771
0.001768
0.001764
0.001761
0.001758
0.001755
0.001751
0.001748
0.001745
0.001742
0.001739
0.001736
0.001732
0.001729
0.001726
0.001723
0.001720
0.001717
0.001714
0.001711
0.001708
0.001704
0.001701
0.001698
0.001695
0.001692
0.001689
0.001686
0.001683
0.001680
0.001677
0.001675
0.001672
0.001669
0.001666
0.001663
0.001660
0.001657
0.001654
0.001651
0.001648
0.001646
0.001643
0.001640
0.001637
0.001634
0.001631
0.001629
0.001626
0.001623
0.001620
0.001618
0.001615
0.001612
0.001609
0.001607
0.001604
0.001601
0.001599
0.001596
0.001593
0.001591
0.001588
0.001585
0.001583
0.001580
0.001577
0.001575
0.001572
0.001569
0.001567
0.001564
0.001562
0.001559
0.001557
0.001554
0.001552
0.001549
0.001546
0.001544
0.001541
0.001539
0.001536
0.001534
0.001532
0.001529
0.001527
0.001524
0.001522
0.001519
0.001517
0.001514
0.001512
0.001510
0.001507
0.001505
0.001502
0.001500
0.001498
0.001495
0.001493
0.001491
0.001488
0.001486
0.001484
0.001481
0.001479
0.001477
0.001474
0.001472
0.001470
0.001468
0.001465
0.001463
0.001461
0.001458
0.001456
0.001454
0.001452
0.001450
0.001447
0.001445
0.001443
0.001441
0.001439
0.001436
0.001434
0.001432
0.001430
0.001428
0.001426
0.001423
0.001421
0.001419
0.001417
0.001415
0.001413
0.001411
0.001409
0.001406
0.001404
0.001402
0.001400
0.001398
0.001396
0.001394
0.001392
0.001390
0.001388
0.001386
0.001384
0.001382
0.001380
0.001378
0.001376
0.001374
0.001372
0.001370
0.001368
0.001366
0.001364
0.001362
0.001360
0.001358
0.001356
0.001354
0.001352
0.001350
0.001348
0.001346
0.001344
0.001342
0.001341
0.001339
0.001337
0.001335
0.001333
0.001331
0.001329
0.001327
0.001326
0.001324
0.001322
0.001320
0.001318
0.001316
0.001314
0.001313
0.001311
0.001309
0.001307
0.001305
0.001304
0.001302
0.001300
0.001298
0.001296
0.001295
0.001293
0.001291
0.001289
0.001288
0.001286
0.001284
0.001282
0.001281
0.001279
0.001277
0.001275
0.001274
0.001272
0.001270
0.001268
0.001267
0.001265
0.001263
0.001262
0.001260
0.001258
0.001257
0.001255
0.001253
0.001252
0.001250
0.001248
0.001247
0.001245
0.001243
0.001242
0.001240
0.001238
0.001237
0.001235
0.001234
0.001232
0.001230
0.001229
0.001227
0.001225
0.001224
0.001222
0.001221
0.001219
0.001218
0.001216
0.001214
0.001213
0.001211
0.001210
0.001208
0.001207
0.001205
0.001204
0.001202
0.001200
0.001199
0.001197
0.001196
0.001194
0.001193
0.001191
0.001190
0.001188
0.001187
0.001185
0.001184
0.001182
0.001181
0.001179
0.001178
0.001176
0.001175
0.001173
0.001172
0.001171
0.001169
0.001168
0.001166
0.001165
0.001163
0.001162
0.001160
0.001159
0.001158
0.001156
0.001155
0.001153
0.001152
0.001150
0.001149
0.001148
0.001146
0.001145
0.001143
0.001142
0.001141
0.001139
0.001138
0.001136
0.001135
0.001134
0.001132
0.001131
0.001130
0.001128
0.001127
0.001126
0.001124
0.001123
0.001122
0.001120
0.001119
0.001118
0.001116
0.001115
0.001114
0.001112
0.001111
0.001110
0.001108
0.001107
0.001106
0.001104
0.001103
0.001102
0.001100
0.001099
0.001098
0.001097
0.001095
0.001094
0.001093
0.001091
0.001090
0.001089
0.001088
0.001086
0.001085
0.001084
0.001083
0.001081
0.001080
0.001079
0.001078
0.001076
0.001075
0.001074
0.001073
0.001071
0.001070
0.001069
0.001068
0.001067
0.001065
0.001064
0.001063
0.001062
0.001061
0.001059
0.001058
0.001057
0.001056
0.001055
0.001053
0.001052
0.001051
0.001050
0.001049
0.001047
0.001046
0.001045
0.001044
0.001043
0.001042
0.001040
0.001039
0.001038
0.001037
0.001036
0.001035
0.001034
0.001032
0.001031
0.001030
0.001029
0.001028
0.001027
0.001026
0.001024
0.001023
0.001022
0.001021
0.001020
0.001019
0.001018
0.001017
0.001016
0.001014
0.001013
0.001012
0.001011
0.001010
0.001009
0.001008
0.001007
0.001006
0.001005
0.001004
0.001002
0.001001
0.001000
0.000999
0.000998
0.000997
0.000996
0.000995
0.000994
0.000993
0.000992
0.000991
0.000990
0.000989
0.000988
0.000987
0.000985
0.000984
0.000983
0.000982
0.000981
0.000980
0.000979
0.000978
0.000977
0.000976
0.000975
0.000974
0.000973
0.000972
0.000971
0.000970
0.000969
0.000968
0.000967
0.000966
0.000965
0.000964
0.000963
0.000962
0.000961
0.000960
0.000959
0.000958
0.000957
0.000956
0.000955
0.000954
0.000953
0.000952
0.000951
0.000950
0.000949
0.000948
0.000947
0.000946
0.000945
0.000944
0.000944
0.000943
0.000942
0.000941
0.000940
0.000939
0.000938
0.000937
0.000936
0.000935
0.000934
0.000933
0.000932
0.000931
0.000930
0.000929
0.000928
0.000928
0.000927
0.000926
0.000925
0.000924
0.000923
0.000922
0.000921
0.000920
0.000919
0.000918
0.000917
0.000917
0.000916
0.000915
0.000914
0.000913
0.000912
0.000911
0.000910
0.000909
0.000908
0.000908
0.000907
0.000906
0.000905
0.000904
0.000903
0.000902
0.000901
0.000901
0.000900
0.000899
0.000898
0.000897
0.000896
0.000895
0.000894
0.000894
0.000893
0.000892
0.000891
0.000890
0.000889
0.000888
0.000888
0.000887
0.000886
0.000885
0.000884
0.000883
0.000883
0.000882
0.000881
0.000880
0.000879
0.000878
0.000878
0.000877
0.000876
0.000875
0.000874
0.000873
0.000873
0.000872
0.000871
0.000870
0.000869
0.000868
0.000868
0.000867
0.000866
0.000865
0.000864
0.000864
0.000863
0.000862
0.000861
0.000860
0.000860
0.000859
0.000858
0.000857
0.000856
0.000856
0.000855
0.000854
0.000853
0.000852
0.000852
0.000851
0.000850
0.000849
0.000849
0.000848
0.000847
0.000846
0.000845
0.000845
0.000844
0.000843
0.000842
0.000842
0.000841
0.000840
0.000839
0.000839
0.000838
0.000837
0.000836
0.000836
0.000835
0.000834
0.000833
0.000833
0.000832
0.000831
0.000830
0.000830
0.000829
0.000828
0.000827
0.000827
0.000826
0.000825
0.000824
0.000824
0.000823
0.000822
0.000821
0.000821
0.000820
0.000819
0.000819
0.000818
0.000817
0.000816
0.000816
0.000815
0.000814
0.000813
0.000813
0.000812
0.000811
0.000811
0.000810
0.000809
0.000809
0.000808
0.000807
0.000806
0.000806
0.000805
0.000804
0.000804
0.000803
0.000802
0.000801
0.000801
0.000800
0.000799
0.000799
0.000798
0.000797
0.000797
0.000796
0.000795
0.000795
0.000794
0.000793
0.000793
0.000792
0.000791
0.000791
0.000790
0.000789
0.000788
0.000788
0.000787
0.000786
0.000786
0.000785
0.000784
0.000784
0.000783
0.000782
0.000782
0.000781
0.000780
0.000780
0.000779
0.000778
0.000778
0.000777
0.000777
0.000776
0.000775
0.000775
0.000774
0.000773
0.000773
0.000772
0.000771
0.000771
0.000770
0.000769
0.000769
0.000768
0.000767
0.000767
0.000766
0.000766
0.000765
0.000764
0.000764
0.000763
0.000762
0.000762
0.000761
0.000761
0.000760
0.000759
0.000759
0.000758
0.000757
0.000757
0.000756
0.000756
0.000755
0.000754
0.000754
0.000753
0.000752
0.000752
0.000751
0.000751
0.000750
0.000749
0.000749
0.000748
0.000748
0.000747
0.000746
0.000746
0.000745
0.000745
0.000744
0.000743
0.000743
0.000742
0.000742
0.000741
0.000740
0.000740
0.000739
0.000739
0.000738
0.000737
0.000737
0.000736
0.000736
0.000735
0.000734
0.000734
0.000733
0.000733
0.000732
0.000731
0.000731
0.000730
0.000730
0.000729
0.000729
0.000728
0.000727
0.000727
0.000726
0.000726
0.000725
0.000725
0.000724
0.000723
0.000723
0.000722
0.000722
0.000721
0.000721
0.000720
0.000719
0.000719
0.000718
0.000718
0.000717
0.000717
0.000716
0.000716
0.000715
0.000714
0.000714
0.000713
0.000713
0.000712
0.000712
0.000711
0.000711
0.000710
0.000709
0.000709
0.000708
0.000708
0.000707
0.000707
0.000706
0.000706
0.000705
0.000705
0.000704
0.000703
0.000703
0.000702
0.000702
0.000701
0.000701
0.000700
0.000700
0.000699
0.000699
0.000698
0.000698
0.000697
0.000697
0.000696
0.000695
0.000695
0.000694
0.000694
0.000693
0.000693
0.000692
0.000692
0.000691
0.000691
0.000690
0.000690
0.000689
0.000689
0.000688
0.000688
0.000687
0.000687
0.000686
0.000686
0.000685
0.000685
0.000684
0.000684
0.000683
0.000683
0.000682
0.000682
0.000681
0.000681
0.000680
0.000680
0.000679
0.000679
0.000678
0.000677
0.000677
0.000676
0.000676
0.000675
0.000675
0.000675
0.000674
0.000674
0.000673
0.000673
0.000672
0.000672
0.000671
0.000671
0.000670
0.000670
0.000669
0.000669
0.000668
0.000668
0.000667
0.000667
0.000666
0.000666
0.000665
0.000665
0.000664
0.000664
0.000663
0.000663
0.000662
0.000662
0.000661
0.000661
0.000660
0.000660
0.000659
0.000659
0.000658
0.000658
0.000658
0.000657
0.000657
0.000656
0.000656
0.000655
0.000655
0.000654
0.000654
0.000653
0.000653
0.000652
0.000652
0.000651
0.000651
0.000651
0.000650
0.000650
0.000649
0.000649
0.000648
0.000648
0.000647
0.000647
0.000646
0.000646
0.000645
0.000645
0.000645
0.000644
0.000644
0.000643
0.000643
0.000642
0.000642
0.000641
0.000641
0.000641
0.000640
0.000640
0.000639
0.000639
0.000638
0.000638
0.000637
0.000637
0.000636
0.000636
0.000636
0.000635
0.000635
0.000634
0.000634
0.000633
0.000633
0.000633
0.000632
0.000632
0.000631
0.000631
0.000630
0.000630
0.000629
0.000629
0.000629
0.000628
0.000628
0.000627
0.000627
0.000626
0.000626
0.000626
0.000625
0.000625
0.000624
0.000624
0.000623
0.000623
0.000623
0.000622
0.000622
0.000621
0.000621
0.000620
0.000620
0.000620
0.000619
0.000619
0.000618
0.000618
0.000618
0.000617
0.000617
0.000616
0.000616
0.000615
0.000615
0.000615
0.000614
0.000614
0.000613
0.000613
0.000613
0.000612
0.000612
0.000611
0.000611
0.000611
0.000610
0.000610
0.000609
0.000609
0.000608
0.000608
0.000608
0.000607
0.000607
0.000606
0.000606
0.000606
0.000605
0.000605
0.000604
0.000604
0.000604
0.000603
0.000603
0.000602
0.000602
0.000602
0.000601
0.000601
0.000600
0.000600
0.000600
0.000599
0.000599
0.000598
0.000598
0.000598
0.000597
0.000597
0.000597
0.000596
0.000596
0.000595
0.000595
0.000595
0.000594
0.000594
0.000593
0.000593
0.000593
0.000592
0.000592
0.000592
0.000591
0.000591
0.000590
0.000590
0.000590
0.000589
0.000589
0.000588
0.000588
0.000588
0.000587
0.000587
0.000587
0.000586
0.000586
0.000585
0.000585
0.000585
0.000584
0.000584
0.000584
0.000583
0.000583
0.000582
0.000582
0.000582
0.000581
0.000581
0.000581
0.000580
0.000580
0.000579
0.000579
0.000579
0.000578
0.000578
0.000578
0.000577
0.000577
0.000577
0.000576
0.000576
0.000575
0.000575
0.000575
0.000574
0.000574
0.000574
0.000573
0.000573
0.000573
0.000572
0.000572
0.000571
0.000571
0.000571
0.000570
0.000570
0.000570
0.000569
0.000569
0.000569
0.000568
0.000568
0.000568
0.000567
0.000567
0.000566
0.000566
0.000566
0.000565
0.000565
0.000565
0.000564
0.000564
0.000564
0.000563
0.000563
0.000563
0.000562
0.000562
0.000562
0.000561
0.000561
0.000561
0.000560
0.000560
0.000559
0.000559
0.000559
0.000558
0.000558
0.000558
0.000557
0.000557
0.000557
0.000556
0.000556
0.000556
0.000555
0.000555
0.000555
0.000554
0.000554
0.000554
0.000553
0.000553
0.000553
0.000552
0.000552
0.000552
0.000551
0.000551
0.000551
0.000550
0.000550
0.000550
0.000549
0.000549
0.000549
0.000548
0.000548
0.000548
0.000547
0.000547
0.000547
0.000546
0.000546
0.000546
0.000545
0.000545
0.000545
0.000544
0.000544
0.000544
0.000543
0.000543
0.000543
0.000542
0.000542
0.000542
0.000541
0.000541
0.000541
0.000540
0.000540
0.000540
0.000540
0.000539
0.000539
0.000539
0.000538
0.000538
0.000538
0.000537
0.000537
0.000537
0.000536
0.000536
0.000536
0.000535
0.000535
0.000535
0.000534
0.000534
0.000534
0.000533
0.000533
0.000533
0.000533
0.000532
0.000532
0.000532
0.000531
0.000531
0.000531
0.000530
0.000530
0.000530
0.000529
0.000529
0.000529
0.000529
0.000528
0.000528
0.000528
0.000527
0.000527
0.000527
0.000526
0.000526
0.000526
0.000525
0.000525
0.000525
0.000525
0.000524
0.000524
0.000524
0.000523
0.000523
0.000523
0.000522
0.000522
0.000522
0.000522
0.000521
0.000521
0.000521
0.000520
0.000520
0.000520
0.000519
0.000519
0.000519
0.000519
0.000518
0.000518
0.000518
0.000517
0.000517
0.000517
0.000516
0.000516
0.000516
0.000516
0.000515
0.000515
0.000515
0.000514
0.000514
0.000514
0.000514
0.000513
0.000513
0.000513
0.000512
0.000512
0.000512
0.000511
0.000511
0.000511
0.000511
0.000510
0.000510
0.000510
0.000509
0.000509
0.000509
0.000509
0.000508
0.000508
0.000508
0.000507
0.000507
0.000507
0.000507
0.000506
0.000506
0.000506
0.000505
0.000505
0.000505
0.000505
0.000504
0.000504
0.000504
0.000504
0.000503
0.000503
0.000503
0.000502
0.000502
0.000502
0.000502
0.000501
0.000501
0.000501
0.000500
0.000500
0.000500
0.000500
0.000499
0.000499
0.000499
0.000499
0.000498
0.000498
0.000498
0.000497
0.000497
0.000497
0.000497
0.000496
0.000496
0.000496
0.000496
0.000495
0.000495
0.000495
0.000494
0.000494
0.000494
0.000494
0.000493
0.000493
0.000493
0.000493
0.000492
0.000492
0.000492
0.000491
0.000491
0.000491
0.000491
0.000490
0.000490
0.000490
0.000490
0.000489
0.000489
0.000489
0.000489
0.000488
0.000488
0.000488
0.000487
0.000487
0.000487
0.000487
0.000486
0.000486
0.000486
0.000486
0.000485
0.000485
0.000485
0.000485
0.000484
0.000484
0.000484
0.000484
0.000483
0.000483
0.000483
0.000483
0.000482
0.000482
0.000482
0.000481
0.000481
0.000481
0.000481
0.000480
0.000480
0.000480
0.000480
0.000479
0.000479
0.000479
0.000479
0.000478
0.000478
0.000478
0.000478
0.000477
0.000477
0.000477
0.000477
0.000476
0.000476
0.000476
0.000476
0.000475
0.000475
0.000475
0.000475
0.000474
0.000474
0.000474
0.000474
0.000473
0.000473
0.000473
0.000473
0.000472
0.000472
0.000472
0.000472
0.000471
0.000471
0.000471
0.000471
0.000470
0.000470
0.000470
0.000470
0.000469
0.000469
0.000469
0.000469
0.000468
0.000468
0.000468
0.000468
0.000468
0.000467
0.000467
0.000467
0.000467
0.000466
0.000466
0.000466
0.000466
0.000465
0.000465
0.000465
0.000465
0.000464
0.000464
0.000464
0.000464
0.000463
0.000463
0.000463
0.000463
0.000462
0.000462
0.000462
0.000462
0.000462
0.000461
0.000461
0.000461
0.000461
0.000460
0.000460
0.000460
0.000460
0.000459
0.000459
0.000459
0.000459
0.000458
0.000458
0.000458
0.000458
0.000458
0.000457
0.000457
0.000457
0.000457
0.000456
0.000456
0.000456
0.000456
0.000455
0.000455
0.000455
0.000455
0.000455
0.000454
0.000454
0.000454
0.000454
0.000453
0.000453
0.000453
0.000453
0.000452
0.000452
0.000452
0.000452
0.000452
0.000451
0.000451
0.000451
0.000451
0.000450
0.000450
0.000450
0.000450
0.000450
0.000449
0.000449
0.000449
0.000449
0.000448
0.000448
0.000448
0.000448
0.000448
0.000447
0.000447
0.000447
0.000447
0.000446
0.000446
0.000446
0.000446
0.000446
0.000445
0.000445
0.000445
0.000445
0.000444
0.000444
0.000444
0.000444
0.000444
0.000443
0.000443
0.000443
0.000443
0.000442
0.000442
0.000442
0.000442
0.000442
0.000441
0.000441
0.000441
0.000441
0.000440
0.000440
0.000440
0.000440
0.000440
0.000439
0.000439
0.000439
0.000439
0.000439
0.000438
0.000438
0.000438
0.000438
0.000437
0.000437
0.000437
0.000437
0.000437
0.000436
0.000436
0.000436
0.000436
0.000436
0.000435
0.000435
0.000435
0.000435
0.000435
0.000434
0.000434
0.000434
0.000434
0.000433
0.000433
0.000433
0.000433
0.000433
0.000432
0.000432
0.000432
0.000432
0.000432
0.000431
0.000431
0.000431
0.000431
0.000431
0.000430
0.000430
0.000430
0.000430
0.000430
0.000429
0.000429
0.000429
0.000429
0.000429
0.000428
0.000428
0.000428
0.000428
0.000427
0.000427
0.000427
0.000427
0.000427
0.000426
0.000426
0.000426
0.000426
0.000426
0.000425
0.000425
0.000425
0.000425
0.000425
0.000424
0.000424
0.000424
0.000424
0.000424
0.000423
0.000423
0.000423
0.000423
0.000423
0.000422
0.000422
0.000422
0.000422
0.000422
0.000421
0.000421
0.000421
0.000421
0.000421
0.000420
0.000420
0.000420
0.000420
0.000420
0.000419
0.000419
0.000419
0.000419
0.000419
0.000419
0.000418
0.000418
0.000418
0.000418
0.000418
0.000417
0.000417
0.000417
0.000417
0.000417
0.000416
0.000416
0.000416
0.000416
0.000416
0.000415
0.000415
0.000415
0.000415
0.000415
0.000414
0.000414
0.000414
0.000414
0.000414
0.000413
0.000413
0.000413
0.000413
0.000413
0.000413
0.000412
0.000412
0.000412
0.000412
0.000412
0.000411
0.000411
0.000411
0.000411
0.000411
0.000410
0.000410
0.000410
0.000410
0.000410
0.000410
0.000409
0.000409
0.000409
0.000409
0.000409
0.000408
0.000408
0.000408
0.000408
0.000408
0.000407
0.000407
0.000407
0.000407
0.000407
0.000407
0.000406
0.000406
0.000406
0.000406
0.000406
0.000405
0.000405
0.000405
0.000405
0.000405
0.000405
0.000404
0.000404
0.000404
0.000404
0.000404
0.000403
0.000403
0.000403
0.000403
0.000403
0.000403
0.000402
0.000402
0.000402
0.000402
0.000402
0.000401
0.000401
0.000401
0.000401
0.000401
0.000401
0.000400
0.000400
0.000400
0.000400
0.000400
0.000399
0.000399
0.000399
0.000399
0.000399
0.000399
0.000398
0.000398
0.000398
0.000398
0.000398
0.000397
0.000397
0.000397
0.000397
0.000397
0.000397
0.000396
0.000396
0.000396
0.000396
0.000396
0.000396
0.000395
0.000395
0.000395
0.000395
0.000395
0.000395
0.000394
0.000394
0.000394
0.000394
0.000394
0.000393
0.000393
0.000393
0.000393
0.000393
0.000393
0.000392
0.000392
0.000392
0.000392
0.000392
0.000392
0.000391
0.000391
0.000391
0.000391
0.000391
0.000391
0.000390
0.000390
0.000390
0.000390
0.000390
0.000390
0.000389
0.000389
0.000389
0.000389
0.000389
0.000389
0.000388
0.000388
0.000388
0.000388
0.000388
0.000387
0.000387
0.000387
0.000387
0.000387
0.000387
0.000386
0.000386
0.000386
0.000386
0.000386
0.000386
0.000385
0.000385
0.000385
0.000385
0.000385
0.000385
0.000384
0.000384
0.000384
0.000384
0.000384
0.000384
0.000383
0.000383
0.000383
0.000383
0.000383
0.000383
0.000383
0.000382
0.000382
0.000382
0.000382
0.000382
0.000382
0.000381
0.000381
0.000381
0.000381
0.000381
0.000381
0.000380
0.000380
0.000380
0.000380
0.000380
0.000380
0.000379
0.000379
0.000379
0.000379
0.000379
0.000379
0.000378
0.000378
0.000378
0.000378
0.000378
0.000378
0.000377
0.000377
0.000377
0.000377
0.000377
0.000377
0.000377
0.000376
0.000376
0.000376
0.000376
0.000376
0.000376
0.000375
0.000375
0.000375
0.000375
0.000375
0.000375
0.000374
0.000374
0.000374
0.000374
0.000374
0.000374
0.000374
0.000373
0.000373
0.000373
0.000373
0.000373
0.000373
0.000372
0.000372
0.000372
0.000372
0.000372
0.000372
0.000372
0.000371
0.000371
0.000371
0.000371
0.000371
0.000371
0.000370
0.000370
0.000370
0.000370
0.000370
0.000370
0.000370
0.000369
0.000369
0.000369
0.000369
0.000369
0.000369
0.000368
0.000368
0.000368
0.000368
0.000368
0.000368
0.000368
0.000367
0.000367
0.000367
0.000367
0.000367
0.000367
0.000366
0.000366
0.000366
0.000366
0.000366
0.000366
0.000366
0.000365
0.000365
0.000365
0.000365
0.000365
0.000365
0.000365
0.000364
0.000364
0.000364
0.000364
0.000364
0.000364
0.000363
0.000363
0.000363
0.000363
0.000363
0.000363
0.000363
0.000362
0.000362
0.000362
0.000362
0.000362
0.000362
0.000362
0.000361
0.000361
0.000361
0.000361
0.000361
0.000361
0.000361
0.000360
0.000360
0.000360
0.000360
0.000360
0.000360
0.000360
0.000359
0.000359
0.000359
0.000359
0.000359
0.000359
0.000358
0.000358
0.000358
0.000358
0.000358
0.000358
0.000358
0.000357
0.000357
0.000357
0.000357
0.000357
0.000357
0.000357
0.000356
0.000356
0.000356
0.000356
0.000356
0.000356
0.000356
0.000355
0.000355
0.000355
0.000355
0.000355
0.000355
0.000355
0.000354
0.000354
0.000354
0.000354
0.000354
0.000354
0.000354
0.000354
0.000353
0.000353
0.000353
0.000353
0.000353
0.000353
0.000353
0.000352
0.000352
0.000352
0.000352
0.000352
0.000352
0.000352
0.000351
0.000351
0.000351
0.000351
0.000351
0.000351
0.000351
0.000350
0.000350
0.000350
0.000350
0.000350
0.000350
0.000350
0.000349
0.000349
0.000349
0.000349
0.000349
0.000349
0.000349
0.000349
0.000348
0.000348
0.000348
0.000348
0.000348
0.000348
0.000348
0.000347
0.000347
0.000347
0.000347
0.000347
0.000347
0.000347
0.000346
0.000346
0.000346
0.000346
0.000346
0.000346
0.000346
0.000346
0.000345
0.000345
0.000345
0.000345
0.000345
0.000345
0.000345
0.000344
0.000344
0.000344
0.000344
0.000344
0.000344
0.000344
0.000344
0.000343
0.000343
0.000343
0.000343
0.000343
0.000343
0.000343
0.000342
0.000342
0.000342
0.000342
0.000342
0.000342
0.000342
0.000342
0.000341
0.000341
0.000341
0.000341
0.000341
0.000341
0.000341
0.000340
0.000340
0.000340
0.000340
0.000340
0.000340
0.000340
0.000340
0.000339
0.000339
0.000339
0.000339
0.000339
0.000339
0.000339
0.000339
0.000338
0.000338
0.000338
0.000338
0.000338
0.000338
0.000338
0.000338
0.000337
0.000337
0.000337
0.000337
0.000337
0.000337
0.000337
0.000336
0.000336
0.000336
0.000336
0.000336
0.000336
0.000336
0.000336
0.000335
0.000335
0.000335
0.000335
0.000335
0.000335
0.000335
0.000335
0.000334
0.000334
0.000334
0.000334
0.000334
0.000334
0.000334
0.000334
0.000333
0.000333
0.000333
0.000333
0.000333
0.000333
0.000333
0.000333
0.000332
0.000332
0.000332
0.000332
0.000332
0.000332
0.000332
0.000332
0.000331
0.000331
0.000331
0.000331
0.000331
0.000331
0.000331
0.000331
0.000330
0.000330
0.000330
0.000330
0.000330
0.000330
0.000330
0.000330
0.000329
0.000329
0.000329
0.000329
0.000329
0.000329
0.000329
0.000329
0.000329
0.000328
0.000328
0.000328
0.000328
0.000328
0.000328
0.000328
0.000328
0.000327
0.000327
0.000327
0.000327
0.000327
0.000327
0.000327
0.000327
0.000326
0.000326
0.000326
0.000326
0.000326
0.000326
0.000326
0.000326
0.000325
0.000325
0.000325
0.000325
0.000325
0.000325
0.000325
0.000325
0.000325
0.000324
0.000324
0.000324
0.000324
0.000324
0.000324
0.000324
0.000324
0.000323
0.000323
0.000323
0.000323
0.000323
0.000323
0.000323
0.000323
0.000323
0.000322
0.000322
0.000322
0.000322
0.000322
0.000322
0.000322
0.000322
0.000321
0.000321
0.000321
0.000321
0.000321
0.000321
0.000321
0.000321
0.000321
0.000320
0.000320
0.000320
0.000320
0.000320
0.000320
0.000320
0.000320
0.000319
0.000319
0.000319
0.000319
0.000319
0.000319
0.000319
0.000319
0.000319
0.000318
0.000318
0.000318
0.000318
0.000318
0.000318
0.000318
0.000318
0.000318
0.000317
0.000317
0.000317
0.000317
0.000317
0.000317
0.000317
0.000317
0.000317
0.000316
0.000316
0.000316
0.000316
0.000316
0.000316
0.000316
0.000316
0.000316
0.000315
0.000315
0.000315
0.000315
0.000315
0.000315
0.000315
0.000315
0.000314
0.000314
0.000314
0.000314
0.000314
0.000314
0.000314
0.000314
0.000314
0.000313
0.000313
0.000313
0.000313
0.000313
0.000313
0.000313
0.000313
0.000313
0.000312
0.000312
0.000312
0.000312
0.000312
0.000312
0.000312
0.000312
0.000312
0.000312
0.000311
0.000311
0.000311
0.000311
0.000311
0.000311
0.000311
0.000311
0.000311
0.000310
0.000310
0.000310
0.000310
0.000310
0.000310
0.000310
0.000310
0.000310
0.000309
0.000309
0.000309
0.000309
0.000309
0.000309
0.000309
0.000309
0.000309
0.000308
0.000308
0.000308
0.000308
0.000308
0.000308
0.000308
0.000308
0.000308
0.000307
0.000307
0.000307
0.000307
0.000307
0.000307
0.000307
0.000307
0.000307
0.000307
0.000306
0.000306
0.000306
0.000306
0.000306
0.000306
0.000306
0.000306
0.000306
0.000305
0.000305
0.000305
0.000305
0.000305
0.000305
0.000305
0.000305
0.000305
0.000305
0.000304
0.000304
0.000304
0.000304
0.000304
0.000304
0.000304
0.000304
0.000304
0.000303
0.000303
0.000303
0.000303
0.000303
0.000303
0.000303
0.000303
0.000303
0.000303
0.000302
0.000302
0.000302
0.000302
0.000302
0.000302
0.000302
0.000302
0.000302
0.000302
0.000301
0.000301
0.000301
0.000301
0.000301
0.000301
0.000301
0.000301
0.000301
0.000300
0.000300
0.000300
0.000300
0.000300
0.000300
0.000300
0.000300
0.000300
0.000300
0.000299
0.000299
0.000299
0.000299
0.000299
0.000299
0.000299
0.000299
0.000299
0.000299
0.000298
0.000298
0.000298
0.000298
0.000298
0.000298
0.000298
0.000298
0.000298
0.000298
0.000297
0.000297
0.000297
0.000297
0.000297
0.000297
0.000297
0.000297
0.000297
0.000297
0.000296
0.000296
0.000296
0.000296
0.000296
0.000296
0.000296
0.000296
0.000296
0.000296
0.000295
0.000295
0.000295
0.000295
0.000295
0.000295
0.000295
0.000295
0.000295
0.000295
0.000294
0.000294
0.000294
0.000294
0.000294
0.000294
0.000294
0.000294
0.000294
0.000294
0.000293
0.000293
0.000293
0.000293
0.000293
0.000293
0.000293
0.000293
0.000293
0.000293
0.000293
0.000292
0.000292
0.000292
0.000292
0.000292
0.000292
0.000292
0.000292
0.000292
0.000292
0.000291
0.000291
0.000291
0.000291
0.000291
0.000291
0.000291
0.000291
0.000291
0.000291
0.000290
0.000290
0.000290
0.000290
0.000290
0.000290
0.000290
0.000290
0.000290
0.000290
0.000290
0.000289
0.000289
0.000289
0.000289
0.000289
0.000289
0.000289
0.000289
0.000289
0.000289
0.000288
0.000288
0.000288
0.000288
0.000288
0.000288
0.000288
0.000288
0.000288
0.000288
0.000288
0.000287
0.000287
0.000287
0.000287
0.000287
0.000287
0.000287
0.000287
0.000287
0.000287
0.000287
0.000286
0.000286
0.000286
0.000286
0.000286
0.000286
0.000286
0.000286
0.000286
0.000286
0.000285
0.000285
0.000285
0.000285
0.000285
0.000285
0.000285
0.000285
0.000285
0.000285
0.000285
0.000284
0.000284
0.000284
0.000284
0.000284
0.000284
0.000284
0.000284
0.000284
0.000284
0.000284
0.000283
0.000283
0.000283
0.000283
0.000283
0.000283
0.000283
0.000283
0.000283
0.000283
0.000283
0.000282
0.000282
0.000282
0.000282
0.000282
0.000282
0.000282
0.000282
0.000282
0.000282
0.000282
0.000281
0.000281
0.000281
0.000281
0.000281
0.000281
0.000281
0.000281
0.000281
0.000281
0.000281
0.000280
0.000280
0.000280
0.000280
0.000280
0.000280
0.000280
0.000280
0.000280
0.000280
0.000280
0.000279
0.000279
0.000279
0.000279
0.000279
0.000279
0.000279
0.000279
0.000279
0.000279
0.000279
0.000279
0.000278
0.000278
0.000278
0.000278
0.000278
0.000278
0.000278
0.000278
0.000278
0.000278
0.000278
0.000277
0.000277
0.000277
0.000277
0.000277
0.000277
0.000277
0.000277
0.000277
0.000277
0.000277
0.000277
0.000276
0.000276
0.000276
0.000276
0.000276
0.000276
0.000276
0.000276
0.000276
0.000276
0.000276
0.000275
0.000275
0.000275
0.000275
0.000275
0.000275
0.000275
0.000275
0.000275
0.000275
0.000275
0.000275
0.000274
0.000274
0.000274
0.000274
0.000274
0.000274
0.000274
0.000274
0.000274
0.000274
0.000274
0.000273
0.000273
0.000273
0.000273
0.000273
0.000273
0.000273
0.000273
0.000273
0.000273
0.000273
0.000273
0.000272
0.000272
0.000272
0.000272
0.000272
0.000272
0.000272
0.000272
0.000272
0.000272
0.000272
0.000272
0.000271
0.000271
0.000271
0.000271
0.000271
0.000271
0.000271
0.000271
0.000271
0.000271
0.000271
0.000271
0.000270
0.000270
0.000270
0.000270
0.000270
0.000270
0.000270
0.000270
0.000270
0.000270
0.000270
0.000270
0.000269
0.000269
0.000269
0.000269
0.000269
0.000269
0.000269
0.000269
0.000269
0.000269
0.000269
0.000269
0.000268
0.000268
0.000268
0.000268
0.000268
0.000268
0.000268
0.000268
0.000268
0.000268
0.000268
0.000268
0.000267
0.000267
0.000267
0.000267
0.000267
0.000267
0.000267
0.000267
0.000267
0.000267
0.000267
0.000267
0.000267
0.000266
0.000266
0.000266
0.000266
0.000266
0.000266
0.000266
0.000266
0.000266
0.000266
0.000266
0.000266
0.000265
0.000265
0.000265
0.000265
0.000265
0.000265
0.000265
0.000265
0.000265
0.000265
0.000265
0.000265
0.000265
0.000264
0.000264
0.000264
0.000264
0.000264
0.000264
0.000264
0.000264
0.000264
0.000264
0.000264
0.000264
0.000263
0.000263
0.000263
0.000263
0.000263
0.000263
0.000263
0.000263
0.000263
0.000263
0.000263
0.000263
0.000263
0.000262
0.000262
0.000262
0.000262
0.000262
0.000262
0.000262
0.000262
0.000262
0.000262
0.000262
0.000262
0.000262
0.000261
0.000261
0.000261
0.000261
0.000261
0.000261
0.000261
0.000261
0.000261
0.000261
0.000261
0.000261
0.000260
0.000260
0.000260
0.000260
0.000260
0.000260
0.000260
0.000260
0.000260
0.000260
0.000260
0.000260
0.000260
0.000259
0.000259
0.000259
0.000259
0.000259
0.000259
0.000259
0.000259
0.000259
0.000259
0.000259
0.000259
0.000259
0.000258
0.000258
0.000258
0.000258
0.000258
0.000258
0.000258
0.000258
0.000258
0.000258
0.000258
0.000258
0.000258
0.000258
0.000257
0.000257
0.000257
0.000257
0.000257
0.000257
0.000257
0.000257
0.000257
0.000257
0.000257
0.000257
0.000257
0.000256
0.000256
0.000256
0.000256
0.000256
0.000256
0.000256
0.000256
0.000256
0.000256
0.000256
0.000256
0.000256
0.000255
0.000255
0.000255
0.000255
0.000255
0.000255
0.000255
0.000255
0.000255
0.000255
0.000255
0.000255
0.000255
0.000255
0.000254
0.000254
0.000254
0.000254
0.000254
0.000254
0.000254
0.000254
0.000254
0.000254
0.000254
0.000254
0.000254
0.000253
0.000253
0.000253
0.000253
0.000253
0.000253
0.000253
0.000253
0.000253
0.000253
0.000253
0.000253
0.000253
0.000253
0.000252
0.000252
0.000252
0.000252
0.000252
0.000252
0.000252
0.000252
0.000252
0.000252
0.000252
0.000252
0.000252
0.000252
0.000251
0.000251
0.000251
0.000251
0.000251
0.000251
0.000251
0.000251
0.000251
0.000251
0.000251
0.000251
0.000251
0.000251
0.000250
0.000250
0.000250
0.000250
0.000250
0.000250
0.000250
0.000250
0.000250
0.000250
0.000250
0.000250
0.000250
0.000249
0.000249
0.000249
0.000249
0.000249
0.000249
0.000249
0.000249
0.000249
0.000249
0.000249
0.000249
0.000249
0.000249
0.000249
0.000248
0.000248
0.000248
0.000248
0.000248
0.000248
0.000248
0.000248
0.000248
0.000248
0.000248
0.000248
0.000248
0.000248
0.000247
0.000247
0.000247
0.000247
0.000247
0.000247
0.000247
0.000247
0.000247
0.000247
0.000247
0.000247
0.000247
0.000247
0.000246
0.000246
0.000246
0.000246
0.000246
0.000246
0.000246
0.000246
0.000246
0.000246
0.000246
0.000246
0.000246
0.000246
0.000246
0.000245
0.000245
0.000245
0.000245
0.000245
0.000245
0.000245
0.000245
0.000245
0.000245
0.000245
0.000245
0.000245
0.000245
0.000244
0.000244
0.000244
0.000244
0.000244
0.000244
0.000244
0.000244
0.000244
0.000244
0.000244
0.000244
0.000244
0.000244
0.000244
0.000243
0.000243
0.000243
0.000243
0.000243
0.000243
0.000243
0.000243
0.000243
0.000243
0.000243
0.000243
0.000243
0.000243
0.000243
0.000242
0.000242
0.000242
0.000242
0.000242
0.000242
0.000242
0.000242
0.000242
0.000242
0.000242
0.000242
0.000242
0.000242
0.000241
0.000241
0.000241
0.000241
0.000241
0.000241
0.000241
0.000241
0.000241
0.000241
0.000241
0.000241
0.000241
0.000241
0.000241
0.000240
0.000240
0.000240
0.000240
0.000240
0.000240
0.000240
0.000240
0.000240
0.000240
0.000240
0.000240
0.000240
0.000240
0.000240
0.000240
0.000239
0.000239
0.000239
0.000239
0.000239
0.000239
0.000239
0.000239
0.000239
0.000239
0.000239
0.000239
0.000239
0.000239
0.000239
0.000238
0.000238
0.000238
0.000238
0.000238
0.000238
0.000238
0.000238
0.000238
0.000238
0.000238
0.000238
0.000238
0.000238
0.000238
0.000237
0.000237
0.000237
0.000237
0.000237
0.000237
0.000237
0.000237
0.000237
0.000237
0.000237
0.000237
0.000237
0.000237
0.000237
0.000237
0.000236
0.000236
0.000236
0.000236
0.000236
0.000236
0.000236
0.000236
0.000236
0.000236
0.000236
0.000236
0.000236
0.000236
0.000236
0.000235
0.000235
0.000235
0.000235
0.000235
0.000235
0.000235
0.000235
0.000235
0.000235
0.000235
0.000235
0.000235
0.000235
0.000235
0.000235
0.000234
0.000234
0.000234
0.000234
0.000234
0.000234
0.000234
0.000234
0.000234
0.000234
0.000234
0.000234
0.000234
0.000234
0.000234
0.000234
0.000233
0.000233
0.000233
0.000233
0.000233
0.000233
0.000233
0.000233
0.000233
0.000233
0.000233
0.000233
0.000233
0.000233
0.000233
0.000233
0.000232
0.000232
0.000232
0.000232
0.000232
0.000232
0.000232
0.000232
0.000232
0.000232
0.000232
0.000232
0.000232
0.000232
0.000232
0.000232
0.000231
0.000231
0.000231
0.000231
0.000231
0.000231
0.000231
0.000231
0.000231
0.000231
0.000231
0.000231
0.000231
0.000231
0.000231
0.000231
0.000231
0.000230
0.000230
0.000230
0.000230
0.000230
0.000230
0.000230
0.000230
0.000230
0.000230
0.000230
0.000230
0.000230
0.000230
0.000230
0.000230
0.000229
0.000229
0.000229
0.000229
0.000229
0.000229
0.000229
0.000229
0.000229
0.000229
0.000229
0.000229
0.000229
0.000229
0.000229
0.000229
0.000229
0.000228
0.000228
0.000228
0.000228
0.000228
0.000228
0.000228
0.000228
0.000228
0.000228
0.000228
0.000228
0.000228
0.000228
0.000228
0.000228
0.000228
0.000227
0.000227
0.000227
0.000227
0.000227
0.000227
0.000227
0.000227
0.000227
0.000227
0.000227
0.000227
0.000227
0.000227
0.000227
0.000227
0.000226
0.000226
0.000226
0.000226
0.000226
0.000226
0.000226
0.000226
0.000226
0.000226
0.000226
0.000226
0.000226
0.000226
0.000226
0.000226
0.000226
0.000225
0.000225
0.000225
0.000225
0.000225
0.000225
0.000225
0.000225
0.000225
0.000225
0.000225
0.000225
0.000225
0.000225
0.000225
0.000225
0.000225
0.000225
0.000224
0.000224
0.000224
0.000224
0.000224
0.000224
0.000224
0.000224
0.000224
0.000224
0.000224
0.000224
0.000224
0.000224
0.000224
0.000224
0.000224
0.000223
0.000223
0.000223
0.000223
0.000223
0.000223
0.000223
0.000223
0.000223
0.000223
0.000223
0.000223
0.000223
0.000223
0.000223
0.000223
0.000223
0.000222
0.000222
0.000222
0.000222
0.000222
0.000222
0.000222
0.000222
0.000222
0.000222
0.000222
0.000222
0.000222
0.000222
0.000222
0.000222
0.000222
0.000222
0.000221
0.000221
0.000221
0.000221
0.000221
0.000221
0.000221
0.000221
0.000221
0.000221
0.000221
0.000221
0.000221
0.000221
0.000221
0.000221
0.000221
0.000221
0.000220
0.000220
0.000220
0.000220
0.000220
0.000220
0.000220
0.000220
0.000220
0.000220
0.000220
0.000220
0.000220
0.000220
0.000220
0.000220
0.000220
0.000220
0.000219
0.000219
0.000219
0.000219
0.000219
0.000219
0.000219
0.000219
0.000219
0.000219
0.000219
0.000219
0.000219
0.000219
0.000219
0.000219
0.000219
0.000219
0.000218
0.000218
0.000218
0.000218
0.000218
0.000218
0.000218
0.000218
0.000218
0.000218
0.000218
0.000218
0.000218
0.000218
0.000218
0.000218
0.000218
0.000218
0.000217
0.000217
0.000217
0.000217
0.000217
0.000217
0.000217
0.000217
0.000217
0.000217
0.000217
0.000217
0.000217
0.000217
0.000217
0.000217
0.000217
0.000217
0.000217
0.000216
0.000216
0.000216
0.000216
0.000216
0.000216
0.000216
0.000216
0.000216
0.000216
0.000216
0.000216
0.000216
0.000216
0.000216
0.000216
0.000216
0.000216
0.000215
0.000215
0.000215
0.000215
0.000215
0.000215
0.000215
0.000215
0.000215
0.000215
0.000215
0.000215
0.000215
0.000215
0.000215
0.000215
0.000215
0.000215
0.000215
0.000214
0.000214
0.000214
0.000214
0.000214
0.000214
0.000214
0.000214
0.000214
0.000214
0.000214
0.000214
0.000214
0.000214
0.000214
0.000214
0.000214
0.000214
0.000214
0.000213
0.000213
0.000213
0.000213
0.000213
0.000213
0.000213
0.000213
0.000213
0.000213
0.000213
0.000213
0.000213
0.000213
0.000213
0.000213
0.000213
0.000213
0.000213
0.000212
0.000212
0.000212
0.000212
0.000212
0.000212
0.000212
0.000212
0.000212
0.000212
0.000212
0.000212
0.000212
0.000212
0.000212
0.000212
0.000212
0.000212
0.000212
0.000211
0.000211
0.000211
0.000211
0.000211
0.000211
0.000211
0.000211
0.000211
0.000211
0.000211
0.000211
0.000211
0.000211
0.000211
0.000211
0.000211
0.000211
0.000211
0.000211
0.000210
0.000210
0.000210
0.000210
0.000210
0.000210
0.000210
0.000210
0.000210
0.000210
0.000210
0.000210
0.000210
0.000210
0.000210
0.000210
0.000210
0.000210
0.000210
0.000210
0.000209
0.000209
0.000209
0.000209
0.000209
0.000209
0.000209
0.000209
0.000209
0.000209
0.000209
0.000209
0.000209
0.000209
0.000209
0.000209
0.000209
0.000209
0.000209
0.000208
0.000208
0.000208
0.000208
0.000208
0.000208
0.000208
0.000208
0.000208
0.000208
0.000208
0.000208
0.000208
0.000208
0.000208
0.000208
0.000208
0.000208
0.000208
0.000208
0.000207
0.000207
0.000207
0.000207
0.000207
0.000207
0.000207
0.000207
0.000207
0.000207
0.000207
0.000207
0.000207
0.000207
0.000207
0.000207
0.000207
0.000207
0.000207
0.000207
0.000207
0.000206
0.000206
0.000206
0.000206
0.000206
0.000206
0.000206
0.000206
0.000206
0.000206
0.000206
0.000206
0.000206
0.000206
0.000206
0.000206
0.000206
0.000206
0.000206
0.000206
0.000205
0.000205
0.000205
0.000205
0.000205
0.000205
0.000205
0.000205
0.000205
0.000205
0.000205
0.000205
0.000205
0.000205
0.000205
0.000205
0.000205
0.000205
0.000205
0.000205
0.000205
0.000204
0.000204
0.000204
0.000204
0.000204
0.000204
0.000204
0.000204
0.000204
0.000204
0.000204
0.000204
0.000204
0.000204
0.000204
0.000204
0.000204
0.000204
0.000204
0.000204
0.000203
0.000203
0.000203
0.000203
0.000203
0.000203
0.000203
0.000203
0.000203
0.000203
0.000203
0.000203
0.000203
0.000203
0.000203
0.000203
0.000203
0.000203
0.000203
0.000203
0.000203
0.000202
0.000202
0.000202
0.000202
0.000202
0.000202
0.000202
0.000202
0.000202
0.000202
0.000202
0.000202
0.000202
0.000202
0.000202
0.000202
0.000202
0.000202
0.000202
0.000202
0.000202
0.000202
0.000201
0.000201
0.000201
0.000201
0.000201
0.000201
0.000201
0.000201
0.000201
0.000201
0.000201
0.000201
0.000201
0.000201
0.000201
0.000201
0.000201
0.000201
0.000201
0.000201
0.000201
0.000200
0.000200
0.000200
0.000200
0.000200
0.000200
0.000200
0.000200
0.000200
0.000200
0.000200
0.000200
0.000200
0.000200
0.000200
0.000200
0.000200
0.000200
0.000200
0.000200
0.000200
0.000200
0.000199
0.000199
0.000199
0.000199
0.000199
0.000199
0.000199
0.000199
0.000199
0.000199
0.000199
0.000199
0.000199
0.000199
0.000199
0.000199
0.000199
0.000199
0.000199
0.000199
0.000199
0.000199
0.000198
0.000198
0.000198
0.000198
0.000198
0.000198
0.000198
0.000198
0.000198
0.000198
0.000198
0.000198
0.000198
0.000198
0.000198
0.000198
0.000198
0.000198
0.000198
0.000198
0.000198
0.000198
0.000197
0.000197
0.000197
0.000197
0.000197
0.000197
0.000197
0.000197
0.000197
0.000197
0.000197
0.000197
0.000197
0.000197
0.000197
0.000197
0.000197
0.000197
0.000197
0.000197
0.000197
0.000197
0.000196
0.000196
0.000196
0.000196
0.000196
0.000196
0.000196
0.000196
0.000196
0.000196
0.000196
0.000196
0.000196
0.000196
0.000196
0.000196
0.000196
0.000196
0.000196
0.000196
0.000196
0.000196
0.000195
0.000195
0.000195
0.000195
0.000195
0.000195
0.000195
0.000195
0.000195
0.000195
0.000195
0.000195
0.000195
0.000195
0.000195
0.000195
0.000195
0.000195
0.000195
0.000195
0.000195
0.000195
0.000195
0.000194
0.000194
0.000194
0.000194
0.000194
0.000194
0.000194
0.000194
0.000194
0.000194
0.000194
0.000194
0.000194
0.000194
0.000194
0.000194
0.000194
0.000194
0.000194
0.000194
0.000194
0.000194
0.000194
0.000193
0.000193
0.000193
0.000193
0.000193
0.000193
0.000193
0.000193
0.000193
0.000193
0.000193
0.000193
0.000193
0.000193
0.000193
0.000193
0.000193
0.000193
0.000193
0.000193
0.000193
0.000193
0.000193
0.000192
0.000192
0.000192
0.000192
0.000192
0.000192
0.000192
0.000192
0.000192
0.000192
0.000192
0.000192
0.000192
0.000192
0.000192
0.000192
0.000192
0.000192
0.000192
0.000192
0.000192
0.000192
0.000192
0.000192
0.000191
0.000191
0.000191
0.000191
0.000191
0.000191
0.000191
0.000191
0.000191
0.000191
0.000191
0.000191
0.000191
0.000191
0.000191
0.000191
0.000191
0.000191
0.000191
0.000191
0.000191
0.000191
0.000191
0.000190
0.000190
0.000190
0.000190
0.000190
0.000190
0.000190
0.000190
0.000190
0.000190
0.000190
0.000190
0.000190
0.000190
0.000190
0.000190
0.000190
0.000190
0.000190
0.000190
0.000190
0.000190
0.000190
0.000190
0.000189
0.000189
0.000189
0.000189
0.000189
0.000189
0.000189
0.000189
0.000189
0.000189
0.000189
0.000189
0.000189
0.000189
0.000189
0.000189
0.000189
0.000189
0.000189
0.000189
0.000189
0.000189
0.000189
0.000189
0.000188
0.000188
0.000188
0.000188
0.000188
0.000188
0.000188
0.000188
0.000188
0.000188
0.000188
0.000188
0.000188
0.000188
0.000188
0.000188
0.000188
0.000188
0.000188
0.000188
0.000188
0.000188
0.000188
0.000188
0.000188
0.000187
0.000187
0.000187
0.000187
0.000187
0.000187
0.000187
0.000187
0.000187
0.000187
0.000187
0.000187
0.000187
0.000187
0.000187
0.000187
0.000187
0.000187
0.000187
0.000187
0.000187
0.000187
0.000187
0.000187
0.000186
0.000186
0.000186
0.000186
0.000186
0.000186
0.000186
0.000186
0.000186
0.000186
0.000186
0.000186
0.000186
0.000186
0.000186
0.000186
0.000186
0.000186
0.000186
0.000186
0.000186
0.000186
0.000186
0.000186
0.000186
0.000185
0.000185
0.000185
0.000185
0.000185
0.000185
0.000185
0.000185
0.000185
0.000185
0.000185
0.000185
0.000185
0.000185
0.000185
0.000185
0.000185
0.000185
0.000185
0.000185
0.000185
0.000185
0.000185
0.000185
0.000185
0.000184
0.000184
0.000184
0.000184
0.000184
0.000184
0.000184
0.000184
0.000184
0.000184
0.000184
0.000184
0.000184
0.000184
0.000184
0.000184
0.000184
0.000184
0.000184
0.000184
0.000184
0.000184
0.000184
0.000184
0.000184
0.000184
0.000183
0.000183
0.000183
0.000183
0.000183
0.000183
0.000183
0.000183
0.000183
0.000183
0.000183
0.000183
0.000183
0.000183
0.000183
0.000183
0.000183
0.000183
0.000183
0.000183
0.000183
0.000183
0.000183
0.000183
0.000183
0.000183
0.000182
0.000182
0.000182
0.000182
0.000182
0.000182
0.000182
0.000182
0.000182
0.000182
0.000182
0.000182
0.000182
0.000182
0.000182
0.000182
0.000182
0.000182
0.000182
0.000182
0.000182
0.000182
0.000182
0.000182
0.000182
0.000182
0.000181
0.000181
0.000181
0.000181
0.000181
0.000181
0.000181
0.000181
0.000181
0.000181
0.000181
0.000181
0.000181
0.000181
0.000181
0.000181
0.000181
0.000181
0.000181
0.000181
0.000181
0.000181
0.000181
0.000181
0.000181
0.000181
0.000180
0.000180
0.000180
0.000180
0.000180
0.000180
0.000180
0.000180
0.000180
0.000180
0.000180
0.000180
0.000180
0.000180
0.000180
0.000180
0.000180
0.000180
0.000180
0.000180
0.000180
0.000180
0.000180
0.000180
0.000180
0.000180
0.000179
0.000179
0.000179
0.000179
0.000179
0.000179
0.000179
0.000179
0.000179
0.000179
0.000179
0.000179
0.000179
0.000179
0.000179
0.000179
0.000179
0.000179
0.000179
0.000179
0.000179
0.000179
0.000179
0.000179
0.000179
0.000179
0.000179
0.000178
0.000178
0.000178
0.000178
0.000178
0.000178
0.000178
0.000178
0.000178
0.000178
0.000178
0.000178
0.000178
0.000178
0.000178
0.000178
0.000178
0.000178
0.000178
0.000178
0.000178
0.000178
0.000178
0.000178
0.000178
0.000178
0.000178
0.000177
0.000177
0.000177
0.000177
0.000177
0.000177
0.000177
0.000177
0.000177
0.000177
0.000177
0.000177
0.000177
0.000177
0.000177
0.000177
0.000177
0.000177
0.000177
0.000177
0.000177
0.000177
0.000177
0.000177
0.000177
0.000177
0.000177
0.000177
0.000176
0.000176
0.000176
0.000176
0.000176
0.000176
0.000176
0.000176
0.000176
0.000176
0.000176
0.000176
0.000176
0.000176
0.000176
0.000176
0.000176
0.000176
0.000176
0.000176
0.000176
0.000176
0.000176
0.000176
0.000176
0.000176
0.000176
0.000176
0.000175
0.000175
0.000175
0.000175
0.000175
0.000175
0.000175
0.000175
0.000175
0.000175
0.000175
0.000175
0.000175
0.000175
0.000175
0.000175
0.000175
0.000175
0.000175
0.000175
0.000175
0.000175
0.000175
0.000175
0.000175
0.000175
0.000175
0.000175
0.000174
0.000174
0.000174
0.000174
0.000174
0.000174
0.000174
0.000174
0.000174
0.000174
0.000174
0.000174
0.000174
0.000174
0.000174
0.000174
0.000174
0.000174
0.000174
0.000174
0.000174
0.000174
0.000174
0.000174
0.000174
0.000174
0.000174
0.000174
0.000173
0.000173
0.000173
0.000173
0.000173
0.000173
0.000173
0.000173
0.000173
0.000173
0.000173
0.000173
0.000173
0.000173
0.000173
0.000173
0.000173
0.000173
0.000173
0.000173
0.000173
0.000173
0.000173
0.000173
0.000173
0.000173
0.000173
0.000173
0.000173
0.000172
0.000172
0.000172
0.000172
0.000172
0.000172
0.000172
0.000172
0.000172
0.000172
0.000172
0.000172
0.000172
0.000172
0.000172
0.000172
0.000172
0.000172
0.000172
0.000172
0.000172
0.000172
0.000172
0.000172
0.000172
0.000172
0.000172
0.000172
0.000172
0.000171
0.000171
0.000171
0.000171
0.000171
0.000171
0.000171
0.000171
0.000171
0.000171
0.000171
0.000171
0.000171
0.000171
0.000171
0.000171
0.000171
0.000171
0.000171
0.000171
0.000171
0.000171
0.000171
0.000171
0.000171
0.000171
0.000171
0.000171
0.000171
0.000170
0.000170
0.000170
0.000170
0.000170
0.000170
0.000170
0.000170
0.000170
0.000170
0.000170
0.000170
0.000170
0.000170
0.000170
0.000170
0.000170
0.000170
0.000170
0.000170
0.000170
0.000170
0.000170
0.000170
0.000170
0.000170
0.000170
0.000170
0.000170
0.000170
0.000169
0.000169
0.000169
0.000169
0.000169
0.000169
0.000169
0.000169
0.000169
0.000169
0.000169
0.000169
0.000169
0.000169
0.000169
0.000169
0.000169
0.000169
0.000169
0.000169
0.000169
0.000169
0.000169
0.000169
0.000169
0.000169
0.000169
0.000169
0.000169
0.000169
0.000168
0.000168
0.000168
0.000168
0.000168
0.000168
0.000168
0.000168
0.000168
0.000168
0.000168
0.000168
0.000168
0.000168
0.000168
0.000168
0.000168
0.000168
0.000168
0.000168
0.000168
0.000168
0.000168
0.000168
0.000168
0.000168
0.000168
0.000168
0.000168
0.000168
0.000167
0.000167
0.000167
0.000167
0.000167
0.000167
0.000167
0.000167
0.000167
0.000167
0.000167
0.000167
0.000167
0.000167
0.000167
0.000167
0.000167
0.000167
0.000167
0.000167
0.000167
0.000167
0.000167
0.000167
0.000167
0.000167
0.000167
0.000167
0.000167
0.000167
0.000167
0.000166
0.000166
0.000166
0.000166
0.000166
0.000166
0.000166
0.000166
0.000166
0.000166
0.000166
0.000166
0.000166
0.000166
0.000166
0.000166
0.000166
0.000166
0.000166
0.000166
0.000166
0.000166
0.000166
0.000166
0.000166
0.000166
0.000166
0.000166
0.000166
0.000166
0.000166
0.000165
0.000165
0.000165
0.000165
0.000165
0.000165
0.000165
0.000165
0.000165
0.000165
0.000165
0.000165
0.000165
0.000165
0.000165
0.000165
0.000165
0.000165
0.000165
0.000165
0.000165
0.000165
0.000165
0.000165
0.000165
0.000165
0.000165
0.000165
0.000165
0.000165
0.000165
0.000165
0.000164
0.000164
0.000164
0.000164
0.000164
0.000164
0.000164
0.000164
0.000164
0.000164
0.000164
0.000164
0.000164
0.000164
0.000164
0.000164
0.000164
0.000164
0.000164
0.000164
0.000164
0.000164
0.000164
0.000164
0.000164
0.000164
0.000164
0.000164
0.000164
0.000164
0.000164
0.000163
0.000163
0.000163
0.000163
0.000163
0.000163
0.000163
0.000163
0.000163
0.000163
0.000163
0.000163
0.000163
0.000163
0.000163
0.000163
0.000163
0.000163
0.000163
0.000163
0.000163
0.000163
0.000163
0.000163
0.000163
0.000163
0.000163
0.000163
0.000163
0.000163
0.000163
0.000163
0.000163
0.000162
0.000162
0.000162
0.000162
0.000162
0.000162
0.000162
0.000162
0.000162
0.000162
0.000162
0.000162
0.000162
0.000162
0.000162
0.000162
0.000162
0.000162
0.000162
0.000162
0.000162
0.000162
0.000162
0.000162
0.000162
0.000162
0.000162
0.000162
0.000162
0.000162
0.000162
0.000162
0.000161
0.000161
0.000161
0.000161
0.000161
0.000161
0.000161
0.000161
0.000161
0.000161
0.000161
0.000161
0.000161
0.000161
0.000161
0.000161
0.000161
0.000161
0.000161
0.000161
0.000161
0.000161
0.000161
0.000161
0.000161
0.000161
0.000161
0.000161
0.000161
0.000161
0.000161
0.000161
0.000161
0.000160
0.000160
0.000160
0.000160
0.000160
0.000160
0.000160
0.000160
0.000160
0.000160
0.000160
0.000160
0.000160
0.000160
0.000160
0.000160
0.000160
0.000160
0.000160
0.000160
0.000160
0.000160
0.000160
0.000160
0.000160
0.000160
0.000160
0.000160
0.000160
0.000160
0.000160
0.000160
0.000160
0.000160
0.000159
0.000159
0.000159
0.000159
0.000159
0.000159
0.000159
0.000159
0.000159
0.000159
0.000159
0.000159
0.000159
0.000159
0.000159
0.000159
0.000159
0.000159
0.000159
0.000159
0.000159
0.000159
0.000159
0.000159
0.000159
0.000159
0.000159
0.000159
0.000159
0.000159
0.000159
0.000159
0.000159
0.000159
0.000158
0.000158
0.000158
0.000158
0.000158
0.000158
0.000158
0.000158
0.000158
0.000158
0.000158
0.000158
0.000158
0.000158
0.000158
0.000158
0.000158
0.000158
0.000158
0.000158
0.000158
0.000158
0.000158
0.000158
0.000158
0.000158
0.000158
0.000158
0.000158
0.000158
0.000158
0.000158
0.000158
0.000158
0.000157
0.000157
0.000157
0.000157
0.000157
0.000157
0.000157
0.000157
0.000157
0.000157
0.000157
0.000157
0.000157
0.000157
0.000157
0.000157
0.000157
0.000157
0.000157
0.000157
0.000157
0.000157
0.000157
0.000157
0.000157
0.000157
0.000157
0.000157
0.000157
0.000157
0.000157
0.000157
0.000157
0.000157
0.000156
0.000156
0.000156
0.000156
0.000156
0.000156
0.000156
0.000156
0.000156
0.000156
0.000156
0.000156
0.000156
0.000156
0.000156
0.000156
0.000156
0.000156
0.000156
0.000156
0.000156
0.000156
0.000156
0.000156
0.000156
0.000156
0.000156
0.000156
0.000156
0.000156
0.000156
0.000156
0.000156
0.000156
0.000156
0.000156
0.000155
0.000155
0.000155
0.000155
0.000155
0.000155
0.000155
0.000155
0.000155
0.000155
0.000155
0.000155
0.000155
0.000155
0.000155
0.000155
0.000155
0.000155
0.000155
0.000155
0.000155
0.000155
0.000155
0.000155
0.000155
0.000155
0.000155
0.000155
0.000155
0.000155
0.000155
0.000155
0.000155
0.000155
0.000155
0.000154
0.000154
0.000154
0.000154
0.000154
0.000154
0.000154
0.000154
0.000154
0.000154
0.000154
0.000154
0.000154
0.000154
0.000154
0.000154
0.000154
0.000154
0.000154
0.000154
0.000154
0.000154
0.000154
0.000154
0.000154
0.000154
0.000154
0.000154
0.000154
0.000154
0.000154
0.000154
0.000154
0.000154
0.000154
0.000154
0.000153
0.000153
0.000153
0.000153
0.000153
0.000153
0.000153
0.000153
0.000153
0.000153
0.000153
0.000153
0.000153
0.000153
0.000153
0.000153
0.000153
0.000153
0.000153
0.000153
0.000153
0.000153
0.000153
0.000153
0.000153
0.000153
0.000153
0.000153
0.000153
0.000153
0.000153
0.000153
0.000153
0.000153
0.000153
0.000153
0.000153
0.000152
0.000152
0.000152
0.000152
0.000152
0.000152
0.000152
0.000152
0.000152
0.000152
0.000152
0.000152
0.000152
0.000152
0.000152
0.000152
0.000152
0.000152
0.000152
0.000152
0.000152
0.000152
0.000152
0.000152
0.000152
0.000152
0.000152
0.000152
0.000152
0.000152
0.000152
0.000152
0.000152
0.000152
0.000152
0.000152
0.000152
0.000151
0.000151
0.000151
0.000151
0.000151
0.000151
0.000151
0.000151
0.000151
0.000151
0.000151
0.000151
0.000151
0.000151
0.000151
0.000151
0.000151
0.000151
0.000151
0.000151
0.000151
0.000151
0.000151
0.000151
0.000151
0.000151
0.000151
0.000151
0.000151
0.000151
0.000151
0.000151
0.000151
0.000151
0.000151
0.000151
0.000151
0.000150
0.000150
0.000150
0.000150
0.000150
0.000150
0.000150
0.000150
0.000150
0.000150
0.000150
0.000150
0.000150
0.000150
0.000150
0.000150
0.000150
0.000150
0.000150
0.000150
0.000150
0.000150
0.000150
0.000150
0.000150
0.000150
0.000150
0.000150
0.000150
0.000150
0.000150
0.000150
0.000150
0.000150
0.000150
0.000150
0.000150
0.000150
0.000149
0.000149
0.000149
0.000149
0.000149
0.000149
0.000149
0.000149
0.000149
0.000149
0.000149
0.000149
0.000149
0.000149
0.000149
0.000149
0.000149
0.000149
0.000149
0.000149
0.000149
0.000149
0.000149
0.000149
0.000149
0.000149
0.000149
0.000149
0.000149
0.000149
0.000149
0.000149
0.000149
0.000149
0.000149
0.000149
0.000149
0.000149
0.000148
0.000148
0.000148
0.000148
0.000148
0.000148
0.000148
0.000148
0.000148
0.000148
0.000148
0.000148
0.000148
0.000148
0.000148
0.000148
0.000148
0.000148
0.000148
0.000148
0.000148
0.000148
0.000148
0.000148
0.000148
0.000148
0.000148
0.000148
0.000148
0.000148
0.000148
0.000148
0.000148
0.000148
0.000148
0.000148
0.000148
0.000148
0.000148
0.000147
0.000147
0.000147
0.000147
0.000147
0.000147
0.000147
0.000147
0.000147
0.000147
0.000147
0.000147
0.000147
0.000147
0.000147
0.000147
0.000147
0.000147
0.000147
0.000147
0.000147
0.000147
0.000147
0.000147
0.000147
0.000147
0.000147
0.000147
0.000147
0.000147
0.000147
0.000147
0.000147
0.000147
0.000147
0.000147
0.000147
0.000147
0.000147
0.000147
0.000146
0.000146
0.000146
0.000146
0.000146
0.000146
0.000146
0.000146
0.000146
0.000146
0.000146
0.000146
0.000146
0.000146
0.000146
0.000146
0.000146
0.000146
0.000146
0.000146
0.000146
0.000146
0.000146
0.000146
0.000146
0.000146
0.000146
0.000146
0.000146
0.000146
0.000146
0.000146
0.000146
0.000146
0.000146
0.000146
0.000146
0.000146
0.000146
0.000146
0.000145
0.000145
0.000145
0.000145
0.000145
0.000145
0.000145
0.000145
0.000145
0.000145
0.000145
0.000145
0.000145
0.000145
0.000145
0.000145
0.000145
0.000145
0.000145
0.000145
0.000145
0.000145
0.000145
0.000145
0.000145
0.000145
0.000145
0.000145
0.000145
0.000145
0.000145
0.000145
0.000145
0.000145
0.000145
0.000145
0.000145
0.000145
0.000145
0.000145
0.000144
0.000144
0.000144
0.000144
0.000144
0.000144
0.000144
0.000144
0.000144
0.000144
0.000144
0.000144
0.000144
0.000144
0.000144
0.000144
0.000144
0.000144
0.000144
0.000144
0.000144
0.000144
0.000144
0.000144
0.000144
0.000144
0.000144
0.000144
0.000144
0.000144
0.000144
0.000144
0.000144
0.000144
0.000144
0.000144
0.000144
0.000144
0.000144
0.000144
0.000144
0.000143
0.000143
0.000143
0.000143
0.000143
0.000143
0.000143
0.000143
0.000143
0.000143
0.000143
0.000143
0.000143
0.000143
0.000143
0.000143
0.000143
0.000143
0.000143
0.000143
0.000143
0.000143
0.000143
0.000143
0.000143
0.000143
0.000143
0.000143
0.000143
0.000143
0.000143
0.000143
0.000143
0.000143
0.000143
0.000143
0.000143
0.000143
0.000143
0.000143
0.000143
0.000143
0.000142
0.000142
0.000142
0.000142
0.000142
0.000142
0.000142
0.000142
0.000142
0.000142
0.000142
0.000142
0.000142
0.000142
0.000142
0.000142
0.000142
0.000142
0.000142
0.000142
0.000142
0.000142
0.000142
0.000142
0.000142
0.000142
0.000142
0.000142
0.000142
0.000142
0.000142
0.000142
0.000142
0.000142
0.000142
0.000142
0.000142
0.000142
0.000142
0.000142
0.000142
0.000142
0.000141
0.000141
0.000141
0.000141
0.000141
0.000141
0.000141
0.000141
0.000141
0.000141
0.000141
0.000141
0.000141
0.000141
0.000141
0.000141
0.000141
0.000141
0.000141
0.000141
0.000141
0.000141
0.000141
0.000141
0.000141
0.000141
0.000141
0.000141
0.000141
0.000141
0.000141
0.000141
0.000141
0.000141
0.000141
0.000141
0.000141
0.000141
0.000141
0.000141
0.000141
0.000141
0.000141
0.000140
0.000140
0.000140
0.000140
0.000140
0.000140
0.000140
0.000140
0.000140
0.000140
0.000140
0.000140
0.000140
0.000140
0.000140
0.000140
0.000140
0.000140
0.000140
0.000140
0.000140
0.000140
0.000140
0.000140
0.000140
0.000140
0.000140
0.000140
0.000140
0.000140
0.000140
0.000140
0.000140
0.000140
0.000140
0.000140
0.000140
0.000140
0.000140
0.000140
0.000140
0.000140
0.000140
0.000139
0.000139
0.000139
0.000139
0.000139
0.000139
0.000139
0.000139
0.000139
0.000139
0.000139
0.000139
0.000139
0.000139
0.000139
0.000139
0.000139
0.000139
0.000139
0.000139
0.000139
0.000139
0.000139
0.000139
0.000139
0.000139
0.000139
0.000139
0.000139
0.000139
0.000139
0.000139
0.000139
0.000139
0.000139
0.000139
0.000139
0.000139
0.000139
0.000139
0.000139
0.000139
0.000139
0.000139
0.000138
0.000138
0.000138
0.000138
0.000138
0.000138
0.000138
0.000138
0.000138
0.000138
0.000138
0.000138
0.000138
0.000138
0.000138
0.000138
0.000138
0.000138
0.000138
0.000138
0.000138
0.000138
0.000138
0.000138
0.000138
0.000138
0.000138
0.000138
0.000138
0.000138
0.000138
0.000138
0.000138
0.000138
0.000138
0.000138
0.000138
0.000138
0.000138
0.000138
0.000138
0.000138
0.000138
0.000138
0.000138
0.000137
0.000137
0.000137
0.000137
0.000137
0.000137
0.000137
0.000137
0.000137
0.000137
0.000137
0.000137
0.000137
0.000137
0.000137
0.000137
0.000137
0.000137
0.000137
0.000137
0.000137
0.000137
0.000137
0.000137
0.000137
0.000137
0.000137
0.000137
0.000137
0.000137
0.000137
0.000137
0.000137
0.000137
0.000137
0.000137
0.000137
0.000137
0.000137
0.000137
0.000137
0.000137
0.000137
0.000137
0.000137
0.000136
0.000136
0.000136
0.000136
0.000136
0.000136
0.000136
0.000136
0.000136
0.000136
0.000136
0.000136
0.000136
0.000136
0.000136
0.000136
0.000136
0.000136
0.000136
0.000136
0.000136
0.000136
0.000136
0.000136
0.000136
0.000136
0.000136
0.000136
0.000136
0.000136
0.000136
0.000136
0.000136
0.000136
0.000136
0.000136
0.000136
0.000136
0.000136
0.000136
0.000136
0.000136
0.000136
0.000136
0.000136
0.000136
0.000135
0.000135
0.000135
0.000135
0.000135
0.000135
0.000135
0.000135
0.000135
0.000135
0.000135
0.000135
0.000135
0.000135
0.000135
0.000135
0.000135
0.000135
0.000135
0.000135
0.000135
0.000135
0.000135
0.000135
0.000135
0.000135
0.000135
0.000135
0.000135
0.000135
0.000135
0.000135
0.000135
0.000135
0.000135
0.000135
0.000135
0.000135
0.000135
0.000135
0.000135
0.000135
0.000135
0.000135
0.000135
0.000135
0.000135
0.000134
0.000134
0.000134
0.000134
0.000134
0.000134
0.000134
0.000134
0.000134
0.000134
0.000134
0.000134
0.000134
0.000134
0.000134
0.000134
0.000134
0.000134
0.000134
0.000134
0.000134
0.000134
0.000134
0.000134
0.000134
0.000134
0.000134
0.000134
0.000134
0.000134
0.000134
0.000134
0.000134
0.000134
0.000134
0.000134
0.000134
0.000134
0.000134
0.000134
0.000134
0.000134
0.000134
0.000134
0.000134
0.000134
0.000134
0.000133
0.000133
0.000133
0.000133
0.000133
0.000133
0.000133
0.000133
0.000133
0.000133
0.000133
0.000133
0.000133
0.000133
0.000133
0.000133
0.000133
0.000133
0.000133
0.000133
0.000133
0.000133
0.000133
0.000133
0.000133
0.000133
0.000133
0.000133
0.000133
0.000133
0.000133
0.000133
0.000133
0.000133
0.000133
0.000133
0.000133
0.000133
0.000133
0.000133
0.000133
0.000133
0.000133
0.000133
0.000133
0.000133
0.000133
0.000133
0.000132
0.000132
0.000132
0.000132
0.000132
0.000132
0.000132
0.000132
0.000132
0.000132
0.000132
0.000132
0.000132
0.000132
0.000132
0.000132
0.000132
0.000132
0.000132
0.000132
0.000132
0.000132
0.000132
0.000132
0.000132
0.000132
0.000132
0.000132
0.000132
0.000132
0.000132
0.000132
0.000132
0.000132
0.000132
0.000132
0.000132
0.000132
0.000132
0.000132
0.000132
0.000132
0.000132
0.000132
0.000132
0.000132
0.000132
0.000132
0.000131
0.000131
0.000131
0.000131
0.000131
0.000131
0.000131
0.000131
0.000131
0.000131
0.000131
0.000131
0.000131
0.000131
0.000131
0.000131
0.000131
0.000131
0.000131
0.000131
0.000131
0.000131
0.000131
0.000131
0.000131
0.000131
0.000131
0.000131
0.000131
0.000131
0.000131
0.000131
0.000131
0.000131
0.000131
0.000131
0.000131
0.000131
0.000131
0.000131
0.000131
0.000131
0.000131
0.000131
0.000131
0.000131
0.000131
0.000131
0.000131
0.000131
0.000130
0.000130
0.000130
0.000130
0.000130
0.000130
0.000130
0.000130
0.000130
0.000130
0.000130
0.000130
0.000130
0.000130
0.000130
0.000130
0.000130
0.000130
0.000130
0.000130
0.000130
0.000130
0.000130
0.000130
0.000130
0.000130
0.000130
0.000130
0.000130
0.000130
0.000130
0.000130
0.000130
0.000130
0.000130
0.000130
0.000130
0.000130
0.000130
0.000130
0.000130
0.000130
0.000130
0.000130
0.000130
0.000130
0.000130
0.000130
0.000130
0.000130
0.000129
0.000129
0.000129
0.000129
0.000129
0.000129
0.000129
0.000129
0.000129
0.000129
0.000129
0.000129
0.000129
0.000129
0.000129
0.000129
0.000129
0.000129
0.000129
0.000129
0.000129
0.000129
0.000129
0.000129
0.000129
0.000129
0.000129
0.000129
0.000129
0.000129
0.000129
0.000129
0.000129
0.000129
0.000129
0.000129
0.000129
0.000129
0.000129
0.000129
0.000129
0.000129
0.000129
0.000129
0.000129
0.000129
0.000129
0.000129
0.000129
0.000129
0.000129
0.000128
0.000128
0.000128
0.000128
0.000128
0.000128
0.000128
0.000128
0.000128
0.000128
0.000128
0.000128
0.000128
0.000128
0.000128
0.000128
0.000128
0.000128
0.000128
0.000128
0.000128
0.000128
0.000128
0.000128
0.000128
0.000128
0.000128
0.000128
0.000128
0.000128
0.000128
0.000128
0.000128
0.000128
0.000128
0.000128
0.000128
0.000128
0.000128
0.000128
0.000128
0.000128
0.000128
0.000128
0.000128
0.000128
0.000128
0.000128
0.000128
0.000128
0.000128
0.000127
0.000127
0.000127
0.000127
0.000127
0.000127
0.000127
0.000127
0.000127
0.000127
0.000127
0.000127
0.000127
0.000127
0.000127
0.000127
0.000127
0.000127
0.000127
0.000127
0.000127
0.000127
0.000127
0.000127
0.000127
0.000127
0.000127
0.000127
0.000127
0.000127
0.000127
0.000127
0.000127
0.000127
0.000127
0.000127
0.000127
0.000127
0.000127
0.000127
0.000127
0.000127
0.000127
0.000127
0.000127
0.000127
0.000127
0.000127
0.000127
0.000127
0.000127
0.000127
0.000127
0.000126
0.000126
0.000126
0.000126
0.000126
0.000126
0.000126
0.000126
0.000126
0.000126
