24.037559
15.234887
14.219943
14.216562
14.214430
14.212346
14.210306
14.208310
14.206358
14.204448
14.202580
14.200754
14.198967
14.197219
14.195510
14.193838
14.192201
14.190600
14.189032
14.187497
14.185993
14.184520
14.183076
14.181661
14.180274
14.178913
14.177578
14.176267
14.174980
14.173717
14.172475
14.171255
14.170056
14.168877
14.167717
14.166576
14.165453
14.164348
14.163259
14.162187
14.161130
14.160089
14.159063
14.158051
14.157053
14.156069
14.155098
14.154139
14.153193
14.152259
14.151336
14.150425
14.149525
14.148635
14.147755
14.146886
14.146026
14.145175
14.144334
14.143501
14.142678
14.141862
14.141055
14.140255
14.139463
14.138678
14.137901
14.137130
14.136367
14.135609
14.134858
14.134113
14.133374
14.132641
14.131913
14.131191
14.130473
14.129761
14.129053
14.128349
14.127651
14.126956
14.126265
14.125578
14.124895
14.124215
14.123539
14.122865
14.122195
14.121527
14.120863
14.120200
14.119540
14.118882
14.118225
14.117571
14.116918
14.116267
14.115617
14.114968
14.114319
14.113672
14.113025
14.112378
14.111732
14.111086
14.110439
14.109792
14.109144
14.108496
14.107847
14.107196
14.106544
14.105891
14.105236
14.104578
14.103919
14.103257
14.102592
14.101925
14.101254
14.100580
14.099902
14.099220
14.098534
14.097844
14.097148
14.096448
14.095742
14.095031
14.094314
14.093591
14.092861
14.092124
14.091379
14.090627
14.089867
14.089099
14.088322
14.087535
14.086739
14.085933
14.085117
14.084289
14.083450
14.082599
14.081735
14.080858
14.079968
14.079064
14.078145
14.077210
14.076260
14.075293
14.074309
14.073306
14.072285
14.071244
14.070184
14.069102
14.067998
14.066871
14.065720
14.064545
14.063345
14.062117
14.060862
14.059579
14.058265
14.056920
14.055543
14.054133
14.052688
14.051206
14.049687
14.048129
14.046530
14.044890
14.043205
14.041475
14.039698
14.037871
14.035994
14.034064
14.032078
14.030036
14.027933
14.025769
14.023541
14.021246
14.018881
14.016445
14.013933
14.011343
14.008671
14.005915
14.003071
14.000135
13.997103
13.993972
13.990737
13.987395
13.983939
13.980366
13.976670
13.972846
13.968889
13.964792
13.960550
13.956155
13.951602
13.946883
13.941991
13.936918
13.931655
13.926196
13.920530
13.914649
13.908544
13.902205
13.895622
13.888786
13.881685
13.874310
13.866650
13.858695
13.850435
13.841859
13.832958
13.823723
13.814145
13.804215
13.793928
13.783277
13.772257
13.760865
13.749100
13.736962
13.724453
13.711577
13.698342
13.684757
13.670832
13.656582
13.642023
13.627174
13.612056
13.596690
13.581099
13.565310
13.549345
13.533231
13.516991
13.500647
13.484222
13.467732
13.451193
13.434617
13.418012
13.401380
13.384722
13.368029
13.351293
13.334497
13.317620
13.300638
13.283521
13.266234
13.248742
13.231004
13.212977
13.194617
13.175879
13.156718
13.137091
13.116956
13.096271
13.074998
13.053100
13.030539
13.007279
12.983282
12.958508
12.932917
12.906468
12.879118
12.850827
12.821549
12.791243
12.759864
12.727364
12.693694
12.658801
12.622624
12.585098
12.546146
12.505682
12.463606
12.419802
12.374134
12.326448
12.276561
12.224265
12.169325
12.111478
12.050438
11.985909
11.917600
11.845252
11.768683
11.687827
11.602790
11.513890
11.421680
11.326930
11.230580
11.133653
11.037138
10.941864
10.848352
10.756686
10.666422
10.576595
10.485864
10.392817
10.296385
10.196209
10.092833
9.987639
9.882454
9.778434
9.674325
9.566935
9.455821
9.345142
9.239236
9.139416
9.044419
8.951772
8.859621
8.768574
8.681399
8.601133
8.530805
8.474097
8.434371
8.412198
8.404087
8.404515
8.402100
8.382841
8.343389
8.284381
8.208777
8.119945
8.018786
7.908151
7.792448
7.669360
7.549748
7.459639
7.404487
7.363373
7.297828
7.190931
7.045834
6.876439
6.692843
6.509433
6.362001
6.303033
6.321905
6.383436
6.439276
6.411911
6.303136
6.146915
6.020270
5.943615
5.871645
5.805075
5.748256
5.720910
5.877785
6.171283
5.533866
5.338148
5.923923
5.669880
5.269118
6.322106
5.656425
5.557022
5.749400
5.633571
6.437389
5.643891
6.355216
6.490615
5.948679
5.563801
6.707736
5.845444
5.550299
5.760909
5.879603
5.700958
5.669984
5.813176
5.314237
5.289029
5.929380
5.253615
5.691591
5.035297
5.415571
5.972802
5.164596
5.437063
5.550548
5.313568
5.632974
5.750612
5.598884
5.118114
5.253107
5.459407
4.909672
5.278830
5.253589
5.133619
5.258104
5.209780
5.000272
5.664305
5.637660
4.624211
5.711563
5.130639
5.153408
5.376856
5.558192
5.029422
5.358706
4.975333
5.823488
4.916742
5.557471
4.863361
5.113752
4.574637
5.225498
5.106761
5.172268
5.657669
6.160299
5.678026
6.242578
5.270278
5.629234
5.519227
5.472478
5.402602
5.269460
5.209902
5.432058
5.469416
5.055450
5.237119
5.039647
5.275800
4.903536
5.084527
5.029774
4.973717
4.787217
4.843563
4.578589
4.639491
4.613375
4.513057
4.634566
4.605719
4.503752
4.520609
4.458642
4.445527
4.398532
4.324676
4.386208
4.332674
4.266018
4.237151
4.021326
4.059426
4.128290
3.931890
4.051188
3.967532
4.239199
4.033741
4.428688
4.605271
4.984714
4.798174
3.554843
3.775504
3.646887
3.409065
3.444095
3.400257
3.344911
3.339879
3.352975
3.975340
4.133016
3.484847
3.183514
3.585949
3.355061
3.193367
3.084866
3.914618
3.717388
3.430430
3.599141
5.008820
5.304695
3.870492
3.274638
2.821970
3.487124
4.538806
3.270283
2.927361
3.044599
3.581110
3.291459
2.347553
2.239182
3.516926
3.216412
4.721809
3.205552
3.800260
2.427667
2.692076
3.050685
2.432031
3.247736
2.973990
2.454807
3.984742
2.912207
4.252501
3.175762
3.327920
2.689958
2.726110
3.337130
1.943813
2.465309
3.343875
2.817984
1.994882
2.058193
1.928698
2.219567
1.963303
1.846530
3.018400
3.573041
3.111353
2.845733
1.912570
2.083678
3.309015
2.058295
2.114227
2.123819
1.959636
2.965681
1.767244
2.389339
4.653950
2.318719
2.314971
2.030151
2.201252
1.795007
1.597871
1.817360
3.626896
2.853654
2.222816
2.629161
3.930589
1.222597
1.633683
2.237985
2.251778
2.053612
2.171968
2.093094
1.483541
2.080832
1.500018
1.888682
1.545518
1.348021
1.117267
1.038874
1.055288
1.153322
1.709926
2.272609
3.223044
3.004198
2.124327
7.285482
3.138473
2.999790
2.632194
2.620678
2.124913
1.751922
1.294812
1.163677
1.728365
1.385759
1.519423
2.026323
2.064425
1.747286
3.099497
2.175579
2.116647
1.975183
1.619406
0.991238
0.998582
1.016842
1.144935
2.023133
3.500767
1.916086
2.055790
1.823997
1.941389
1.703604
1.971000
1.425374
0.917090
1.555104
0.985900
1.657300
1.070657
1.347915
2.366583
3.004795
1.771923
1.153007
1.459457
2.021060
2.079408
2.513006
1.045646
1.870056
1.070052
1.371206
0.828884
0.875007
0.636111
0.666145
0.693316
0.888787
0.703531
2.217812
0.955597
2.706431
0.653846
1.019759
2.282732
1.740345
0.991104
1.667518
0.673971
0.858215
0.977221
1.426665
0.860019
0.874799
0.700452
1.735230
2.095310
1.411613
1.881232
1.592233
1.293608
0.729228
0.772965
1.487532
0.580582
0.884858
0.726590
0.489642
0.455168
1.935184
1.781318
2.276671
0.969038
1.243128
0.530857
0.530326
0.221151
0.442453
0.128847
0.639245
0.857387
0.104814
0.056549
0.059871
0.053714
0.042334
0.037508
0.035769
0.034414
0.033256
0.032233
0.031311
0.030470
0.029696
0.028979
0.028311
0.027685
0.027097
0.026543
0.026018
0.025520
0.025047
0.024596
0.024166
0.023754
0.023360
0.022982
0.022619
0.022269
0.021933
0.021608
0.021295
0.020993
0.020701
0.020418
0.020144
0.019879
0.019622
0.019372
0.019130
0.018894
0.018665
0.018442
0.018226
0.018015
0.017809
0.017609
0.017413
0.017223
0.017037
0.016855
0.016678
0.016505
0.016335
0.016170
0.016008
0.015850
0.015695
0.015543
0.015395
0.015249
0.015107
0.014967
0.014830
0.014696
0.014565
0.014436
0.014309
0.014185
0.014063
0.013943
0.013826
0.013710
0.013597
0.013485
0.013376
0.013268
0.013163
0.013059
0.012956
0.012856
0.012757
0.012659
0.012564
0.012469
0.012376
0.012285
0.012195
0.012107
0.012019
0.011933
0.011849
0.011765
0.011683
0.011602
0.011522
0.011444
0.011366
0.011290
0.011214
0.011140
0.011066
0.010994
0.010923
0.010852
0.010783
0.010714
0.010646
0.010580
0.010514
0.010449
0.010384
0.010321
0.010258
0.010196
0.010135
0.010075
0.010015
0.009956
0.009898
0.009841
0.009784
0.009728
0.009672
0.009617
0.009563
0.009509
0.009456
0.009404
0.009352
0.009301
0.009250
0.009200
0.009151
0.009102
0.009053
0.009006
0.008958
0.008911
0.008865
0.008819
0.008773
0.008729
0.008684
0.008640
0.008596
0.008553
0.008511
0.008468
0.008426
0.008385
0.008344
0.008303
0.008263
0.008223
0.008184
0.008145
0.008106
0.008068
0.008030
0.007992
0.007955
0.007918
0.007882
0.007846
0.007810
0.007774
0.007739
0.007704
0.007670
0.007635
0.007601
0.007568
0.007534
0.007501
0.007469
0.007436
0.007404
0.007372
0.007340
0.007309
0.007278
0.007247
0.007217
0.007186
0.007156
0.007126
0.007097
0.007068
0.007038
0.007010
0.006981
0.006953
0.006925
0.006897
0.006869
0.006842
0.006814
0.006787
0.006761
0.006734
0.006708
0.006681
0.006655
0.006630
0.006604
0.006579
0.006554
0.006529
0.006504
0.006479
0.006455
0.006430
0.006406
0.006383
0.006359
0.006335
0.006312
0.006289
0.006266
0.006243
0.006220
0.006198
0.006175
0.006153
0.006131
0.006109
0.006088
0.006066
0.006045
0.006023
0.006002
0.005981
0.005960
0.005940
0.005919
0.005899
0.005879
0.005858
0.005838
0.005819
0.005799
0.005779
0.005760
0.005741
0.005721
0.005702
0.005683
0.005665
0.005646
0.005627
0.005609
0.005591
0.005572
0.005554
0.005536
0.005518
0.005501
0.005483
0.005466
0.005448
0.005431
0.005414
0.005397
0.005380
0.005363
0.005346
0.005329
0.005313
0.005296
0.005280
0.005264
0.005248
0.005231
0.005216
0.005200
0.005184
0.005168
0.005153
0.005137
0.005122
0.005106
0.005091
0.005076
0.005061
0.005046
0.005031
0.005017
0.005002
0.004987
0.004973
0.004958
0.004944
0.004930
0.004915
0.004901
0.004887
0.004873
0.004860
0.004846
0.004832
0.004818
0.004805
0.004791
0.004778
0.004765
0.004751
0.004738
0.004725
0.004712
0.004699
0.004686
0.004673
0.004660
0.004648
0.004635
0.004623
0.004610
0.004598
0.004585
0.004573
0.004561
0.004549
0.004537
0.004524
0.004513
0.004501
0.004489
0.004477
0.004465
0.004454
0.004442
0.004430
0.004419
0.004407
0.004396
0.004385
0.004374
0.004362
0.004351
0.004340
0.004329
0.004318
0.004307
0.004296
0.004286
0.004275
0.004264
0.004253
0.004243
0.004232
0.004222
0.004211
0.004201
0.004191
0.004180
0.004170
0.004160
0.004150
0.004140
0.004130
0.004120
0.004110
0.004100
0.004090
0.004080
0.004070
0.004061
0.004051
0.004041
0.004032
0.004022
0.004013
0.004003
0.003994
0.003984
0.003975
0.003966
0.003957
0.003947
0.003938
0.003929
0.003920
0.003911
0.003902
0.003893
0.003884
0.003875
0.003866
0.003858
0.003849
0.003840
0.003832
0.003823
0.003814
0.003806
0.003797
0.003789
0.003780
0.003772
0.003764
0.003755
0.003747
0.003739
0.003730
0.003722
0.003714
0.003706
0.003698
0.003690
0.003682
0.003674
0.003666
0.003658
0.003650
0.003642
0.003634
0.003627
0.003619
0.003611
0.003604
0.003596
0.003588
0.003581
0.003573
0.003566
0.003558
0.003551
0.003543
0.003536
0.003528
0.003521
0.003514
0.003507
0.003499
0.003492
0.003485
0.003478
0.003471
0.003463
0.003456
0.003449
0.003442
0.003435
0.003428
0.003421
0.003415
0.003408
0.003401
0.003394
0.003387
0.003380
0.003374
0.003367
0.003360
0.003354
0.003347
0.003340
0.003334
0.003327
0.003321
0.003314
0.003308
0.003301
0.003295
0.003288
0.003282
0.003276
0.003269
0.003263
0.003257
0.003250
0.003244
0.003238
0.003232
0.003225
0.003219
0.003213
0.003207
0.003201
0.003195
0.003189
0.003183
0.003177
0.003171
0.003165
0.003159
0.003153
0.003147
0.003141
0.003135
0.003130
0.003124
0.003118
0.003112
0.003107
0.003101
0.003095
0.003090
0.003084
0.003078
0.003073
0.003067
0.003061
0.003056
0.003050
0.003045
0.003039
0.003034
0.003028
0.003023
0.003018
0.003012
0.003007
0.003001
0.002996
0.002991
0.002985
0.002980
0.002975
0.002970
0.002964
0.002959
0.002954
0.002949
0.002944
0.002938
0.002933
0.002928
0.002923
0.002918
0.002913
0.002908
0.002903
0.002898
0.002893
0.002888
0.002883
0.002878
0.002873
0.002868
0.002863
0.002859
0.002854
0.002849
0.002844
0.002839
0.002834
0.002830
0.002825
0.002820
0.002815
0.002811
0.002806
0.002801
0.002797
0.002792
0.002787
0.002783
0.002778
0.002774
0.002769
0.002764
0.002760
0.002755
0.002751
0.002746
0.002742
0.002737
0.002733
0.002728
0.002724
0.002720
0.002715
0.002711
0.002706
0.002702
0.002698
0.002693
0.002689
0.002685
0.002680
0.002676
0.002672
0.002668
0.002663
0.002659
0.002655
0.002651
0.002647
0.002642
0.002638
0.002634
0.002630
0.002626
0.002622
0.002618
0.002613
0.002609
0.002605
0.002601
0.002597
0.002593
0.002589
0.002585
0.002581
0.002577
0.002573
0.002569
0.002565
0.002561
0.002558
0.002554
0.002550
0.002546
0.002542
0.002538
0.002534
0.002530
0.002527
0.002523
0.002519
0.002515
0.002511
0.002508
0.002504
0.002500
0.002496
0.002493
0.002489
0.002485
0.002482
0.002478
0.002474
0.002471
0.002467
0.002463
0.002460
0.002456
0.002452
0.002449
0.002445
0.002442
0.002438
0.002435
0.002431
0.002427
0.002424
0.002420
0.002417
0.002413
0.002410
0.002406
0.002403
0.002399
0.002396
0.002393
0.002389
0.002386
0.002382
0.002379
0.002376
0.002372
0.002369
0.002365
0.002362
0.002359
0.002355
0.002352
0.002349
0.002345
0.002342
0.002339
0.002336
0.002332
0.002329
0.002326
0.002323
0.002319
0.002316
0.002313
0.002310
0.002306
0.002303
0.002300
0.002297
0.002294
0.002291
0.002287
0.002284
0.002281
0.002278
0.002275
0.002272
0.002269
0.002266
0.002263
0.002260
0.002256
0.002253
0.002250
0.002247
0.002244
0.002241
0.002238
0.002235
0.002232
0.002229
0.002226
0.002223
0.002220
0.002217
0.002214
0.002211
0.002208
0.002206
0.002203
0.002200
0.002197
0.002194
0.002191
0.002188
0.002185
0.002182
0.002179
0.002177
0.002174
0.002171
0.002168
0.002165
0.002162
0.002160
0.002157
0.002154
0.002151
0.002148
0.002146
0.002143
0.002140
0.002137
0.002135
0.002132
0.002129
0.002126
0.002124
0.002121
0.002118
0.002116
0.002113
0.002110
0.002108
0.002105
0.002102
0.002100
0.002097
0.002094
0.002092
0.002089
0.002086
0.002084
0.002081
0.002078
0.002076
0.002073
0.002071
0.002068
0.002065
0.002063
0.002060
0.002058
0.002055
0.002053
0.002050
0.002048
0.002045
0.002043
0.002040
0.002038
0.002035
0.002033
0.002030
0.002028
0.002025
0.002023
0.002020
0.002018
0.002015
0.002013
0.002010
0.002008
0.002005
0.002003
0.002001
0.001998
0.001996
0.001993
0.001991
0.001989
0.001986
0.001984
0.001981
0.001979
0.001977
0.001974
0.001972
0.001970
0.001967
0.001965
0.001963
0.001960
0.001958
0.001956
0.001953
0.001951
0.001949
0.001946
0.001944
0.001942
0.001940
0.001937
0.001935
0.001933
0.001930
0.001928
0.001926
0.001924
0.001922
0.001919
0.001917
0.001915
0.001913
0.001910
0.001908
0.001906
0.001904
0.001902
0.001899
0.001897
0.001895
0.001893
0.001891
0.001889
0.001886
0.001884
0.001882
0.001880
0.001878
0.001876
0.001874
0.001871
0.001869
0.001867
0.001865
0.001863
0.001861
0.001859
0.001857
0.001855
0.001852
0.001850
0.001848
0.001846
0.001844
0.001842
0.001840
0.001838
0.001836
0.001834
0.001832
0.001830
0.001828
0.001826
0.001824
0.001822
0.001820
0.001818
0.001816
0.001814
0.001812
0.001810
0.001808
0.001806
0.001804
0.001802
0.001800
0.001798
0.001796
0.001794
0.001792
0.001790
0.001788
0.001786
0.001784
0.001782
0.001780
0.001778
0.001777
0.001775
0.001773
0.001771
0.001769
0.001767
0.001765
0.001763
0.001761
0.001759
0.001758
0.001756
0.001754
0.001752
0.001750
0.001748
0.001746
0.001744
0.001743
0.001741
0.001739
0.001737
0.001735
0.001733
0.001732
0.001730
0.001728
0.001726
0.001724
0.001723
0.001721
0.001719
0.001717
0.001715
0.001714
0.001712
0.001710
0.001708
0.001706
0.001705
0.001703
0.001701
0.001699
0.001698
0.001696
0.001694
0.001692
0.001691
0.001689
0.001687
0.001685
0.001684
0.001682
0.001680
0.001679
0.001677
0.001675
0.001673
0.001672
0.001670
0.001668
0.001667
0.001665
0.001663
0.001662
0.001660
0.001658
0.001656
0.001655
0.001653
0.001651
0.001650
0.001648
0.001646
0.001645
0.001643
0.001642
0.001640
0.001638
0.001637
0.001635
0.001633
0.001632
0.001630
0.001629
0.001627
0.001625
0.001624
0.001622
0.001620
0.001619
0.001617
0.001616
0.001614
0.001612
0.001611
0.001609
0.001608
0.001606
0.001605
0.001603
0.001601
0.001600
0.001598
0.001597
0.001595
0.001594
0.001592
0.001591
0.001589
0.001587
0.001586
0.001584
0.001583
0.001581
0.001580
0.001578
0.001577
0.001575
0.001574
0.001572
0.001571
0.001569
0.001568
0.001566
0.001565
0.001563
0.001562
0.001560
0.001559
0.001557
0.001556
0.001554
0.001553
0.001551
0.001550
0.001548
0.001547
0.001545
0.001544
0.001543
0.001541
0.001540
0.001538
0.001537
0.001535
0.001534
0.001532
0.001531
0.001530
0.001528
0.001527
0.001525
0.001524
0.001522
0.001521
0.001520
0.001518
0.001517
0.001515
0.001514
0.001513
0.001511
0.001510
0.001508
0.001507
0.001506
0.001504
0.001503
0.001501
0.001500
0.001499
0.001497
0.001496
0.001495
0.001493
0.001492
0.001490
0.001489
0.001488
0.001486
0.001485
0.001484
0.001482
0.001481
0.001480
0.001478
0.001477
0.001476
0.001474
0.001473
0.001472
0.001470
0.001469
0.001468
0.001466
0.001465
0.001464
0.001462
0.001461
0.001460
0.001458
0.001457
0.001456
0.001455
0.001453
0.001452
0.001451
0.001449
0.001448
0.001447
0.001446
0.001444
0.001443
0.001442
0.001440
0.001439
0.001438
0.001437
0.001435
0.001434
0.001433
0.001432
0.001430
0.001429
0.001428
0.001427
0.001425
0.001424
0.001423
0.001422
0.001420
0.001419
0.001418
0.001417
0.001415
0.001414
0.001413
0.001412
0.001410
0.001409
0.001408
0.001407
0.001406
0.001404
0.001403
0.001402
0.001401
0.001400
0.001398
0.001397
0.001396
0.001395
0.001394
0.001392
0.001391
0.001390
0.001389
0.001388
0.001386
0.001385
0.001384
0.001383
0.001382
0.001381
0.001379
0.001378
0.001377
0.001376
0.001375
0.001374
0.001372
0.001371
0.001370
0.001369
0.001368
0.001367
0.001365
0.001364
0.001363
0.001362
0.001361
0.001360
0.001359
0.001357
0.001356
0.001355
0.001354
0.001353
0.001352
0.001351
0.001350
0.001348
0.001347
0.001346
0.001345
0.001344
0.001343
0.001342
0.001341
0.001340
0.001338
0.001337
0.001336
0.001335
0.001334
0.001333
0.001332
0.001331
0.001330
0.001329
0.001327
0.001326
0.001325
0.001324
0.001323
0.001322
0.001321
0.001320
0.001319
0.001318
0.001317
0.001316
0.001315
0.001314
0.001312
0.001311
0.001310
0.001309
0.001308
0.001307
0.001306
0.001305
0.001304
0.001303
0.001302
0.001301
0.001300
0.001299
0.001298
0.001297
0.001296
0.001295
0.001294
0.001293
0.001292
0.001290
0.001289
0.001288
0.001287
0.001286
0.001285
0.001284
0.001283
0.001282
0.001281
0.001280
0.001279
0.001278
0.001277
0.001276
0.001275
0.001274
0.001273
0.001272
0.001271
0.001270
0.001269
0.001268
0.001267
0.001266
0.001265
0.001264
0.001263
0.001262
0.001261
0.001260
0.001259
0.001258
0.001257
0.001256
0.001255
0.001254
0.001254
0.001253
0.001252
0.001251
0.001250
0.001249
0.001248
0.001247
0.001246
0.001245
0.001244
0.001243
0.001242
0.001241
0.001240
0.001239
0.001238
0.001237
0.001236
0.001235
0.001234
0.001233
0.001233
0.001232
0.001231
0.001230
0.001229
0.001228
0.001227
0.001226
0.001225
0.001224
0.001223
0.001222
0.001221
0.001220
0.001219
0.001219
0.001218
0.001217
0.001216
0.001215
0.001214
0.001213
0.001212
0.001211
0.001210
0.001209
0.001209
0.001208
0.001207
0.001206
0.001205
0.001204
0.001203
0.001202
0.001201
0.001200
0.001200
0.001199
0.001198
0.001197
0.001196
0.001195
0.001194
0.001193
0.001192
0.001192
0.001191
0.001190
0.001189
0.001188
0.001187
0.001186
0.001185
0.001185
0.001184
0.001183
0.001182
0.001181
0.001180
0.001179
0.001179
0.001178
0.001177
0.001176
0.001175
0.001174
0.001173
0.001173
0.001172
0.001171
0.001170
0.001169
0.001168
0.001167
0.001167
0.001166
0.001165
0.001164
0.001163
0.001162
0.001162
0.001161
0.001160
0.001159
0.001158
0.001157
0.001157
0.001156
0.001155
0.001154
0.001153
0.001152
0.001152
0.001151
0.001150
0.001149
0.001148
0.001148
0.001147
0.001146
0.001145
0.001144
0.001143
0.001143
0.001142
0.001141
0.001140
0.001139
0.001139
0.001138
0.001137
0.001136
0.001135
0.001135
0.001134
0.001133
0.001132
0.001131
0.001131
0.001130
0.001129
0.001128
0.001127
0.001127
0.001126
0.001125
0.001124
0.001123
0.001123
0.001122
0.001121
0.001120
0.001120
0.001119
0.001118
0.001117
0.001116
0.001116
0.001115
0.001114
0.001113
0.001113
0.001112
0.001111
0.001110
0.001110
0.001109
0.001108
0.001107
0.001106
0.001106
0.001105
0.001104
0.001103
0.001103
0.001102
0.001101
0.001100
0.001100
0.001099
0.001098
0.001097
0.001097
0.001096
0.001095
0.001094
0.001094
0.001093
0.001092
0.001091
0.001091
0.001090
0.001089
0.001088
0.001088
0.001087
0.001086
0.001086
0.001085
0.001084
0.001083
0.001083
0.001082
0.001081
0.001080
0.001080
0.001079
0.001078
0.001078
0.001077
0.001076
0.001075
0.001075
0.001074
0.001073
0.001073
0.001072
0.001071
0.001070
0.001070
0.001069
0.001068
0.001068
0.001067
0.001066
0.001065
0.001065
0.001064
0.001063
0.001063
0.001062
0.001061
0.001060
0.001060
0.001059
0.001058
0.001058
0.001057
0.001056
0.001056
0.001055
0.001054
0.001054
0.001053
0.001052
0.001051
0.001051
0.001050
0.001049
0.001049
0.001048
0.001047
0.001047
0.001046
0.001045
0.001045
0.001044
0.001043
0.001043
0.001042
0.001041
0.001041
0.001040
0.001039
0.001038
0.001038
0.001037
0.001036
0.001036
0.001035
0.001034
0.001034
0.001033
0.001032
0.001032
0.001031
0.001030
0.001030
0.001029
0.001028
0.001028
0.001027
0.001027
0.001026
0.001025
0.001025
0.001024
0.001023
0.001023
0.001022
0.001021
0.001021
0.001020
0.001019
0.001019
0.001018
0.001017
0.001017
0.001016
0.001015
0.001015
0.001014
0.001014
0.001013
0.001012
0.001012
0.001011
0.001010
0.001010
0.001009
0.001008
0.001008
0.001007
0.001007
0.001006
0.001005
0.001005
0.001004
0.001003
0.001003
0.001002
0.001001
0.001001
0.001000
0.001000
0.000999
0.000998
0.000998
0.000997
0.000996
0.000996
0.000995
0.000995
0.000994
0.000993
0.000993
0.000992
0.000992
0.000991
0.000990
0.000990
0.000989
0.000988
0.000988
0.000987
0.000987
0.000986
0.000985
0.000985
0.000984
0.000984
0.000983
0.000982
0.000982
0.000981
0.000981
0.000980
0.000979
0.000979
0.000978
0.000978
0.000977
0.000976
0.000976
0.000975
0.000975
0.000974
0.000973
0.000973
0.000972
0.000972
0.000971
0.000970
0.000970
0.000969
0.000969
0.000968
0.000968
0.000967
0.000966
0.000966
0.000965
0.000965
0.000964
0.000963
0.000963
0.000962
0.000962
0.000961
0.000961
0.000960
0.000959
0.000959
0.000958
0.000958
0.000957
0.000957
0.000956
0.000955
0.000955
0.000954
0.000954
0.000953
0.000953
0.000952
0.000951
0.000951
0.000950
0.000950
0.000949
0.000949
0.000948
0.000947
0.000947
0.000946
0.000946
0.000945
0.000945
0.000944
0.000944
0.000943
0.000942
0.000942
0.000941
0.000941
0.000940
0.000940
0.000939
0.000939
0.000938
0.000937
0.000937
0.000936
0.000936
0.000935
0.000935
0.000934
0.000934
0.000933
0.000932
0.000932
0.000931
0.000931
0.000930
0.000930
0.000929
0.000929
0.000928
0.000928
0.000927
0.000927
0.000926
0.000925
0.000925
0.000924
0.000924
0.000923
0.000923
0.000922
0.000922
0.000921
0.000921
0.000920
0.000920
0.000919
0.000919
0.000918
0.000917
0.000917
0.000916
0.000916
0.000915
0.000915
0.000914
0.000914
0.000913
0.000913
0.000912
0.000912
0.000911
0.000911
0.000910
0.000910
0.000909
0.000909
0.000908
0.000908
0.000907
0.000907
0.000906
0.000905
0.000905
0.000904
0.000904
0.000903
0.000903
0.000902
0.000902
0.000901
0.000901
0.000900
0.000900
0.000899
0.000899
0.000898
0.000898
0.000897
0.000897
0.000896
0.000896
0.000895
0.000895
0.000894
0.000894
0.000893
0.000893
0.000892
0.000892
0.000891
0.000891
0.000890
0.000890
0.000889
0.000889
0.000888
0.000888
0.000887
0.000887
0.000886
0.000886
0.000885
0.000885
0.000884
0.000884
0.000883
0.000883
0.000882
0.000882
0.000881
0.000881
0.000880
0.000880
0.000879
0.000879
0.000878
0.000878
0.000878
0.000877
0.000877
0.000876
0.000876
0.000875
0.000875
0.000874
0.000874
0.000873
0.000873
0.000872
0.000872
0.000871
0.000871
0.000870
0.000870
0.000869
0.000869
0.000868
0.000868
0.000867
0.000867
0.000867
0.000866
0.000866
0.000865
0.000865
0.000864
0.000864
0.000863
0.000863
0.000862
0.000862
0.000861
0.000861
0.000860
0.000860
0.000859
0.000859
0.000859
0.000858
0.000858
0.000857
0.000857
0.000856
0.000856
0.000855
0.000855
0.000854
0.000854
0.000853
0.000853
0.000853
0.000852
0.000852
0.000851
0.000851
0.000850
0.000850
0.000849
0.000849
0.000848
0.000848
0.000848
0.000847
0.000847
0.000846
0.000846
0.000845
0.000845
0.000844
0.000844
0.000843
0.000843
0.000843
0.000842
0.000842
0.000841
0.000841
0.000840
0.000840
0.000839
0.000839
0.000839
0.000838
0.000838
0.000837
0.000837
0.000836
0.000836
0.000836
0.000835
0.000835
0.000834
0.000834
0.000833
0.000833
0.000832
0.000832
0.000832
0.000831
0.000831
0.000830
0.000830
0.000829
0.000829
0.000829
0.000828
0.000828
0.000827
0.000827
0.000826
0.000826
0.000825
0.000825
0.000825
0.000824
0.000824
0.000823
0.000823
0.000822
0.000822
0.000822
0.000821
0.000821
0.000820
0.000820
0.000820
0.000819
0.000819
0.000818
0.000818
0.000817
0.000817
0.000817
0.000816
0.000816
0.000815
0.000815
0.000814
0.000814
0.000814
0.000813
0.000813
0.000812
0.000812
0.000812
0.000811
0.000811
0.000810
0.000810
0.000809
0.000809
0.000809
0.000808
0.000808
0.000807
0.000807
0.000807
0.000806
0.000806
0.000805
0.000805
0.000805
0.000804
0.000804
0.000803
0.000803
0.000802
0.000802
0.000802
0.000801
0.000801
0.000800
0.000800
0.000800
0.000799
0.000799
0.000798
0.000798
0.000798
0.000797
0.000797
0.000796
0.000796
0.000796
0.000795
0.000795
0.000794
0.000794
0.000794
0.000793
0.000793
0.000792
0.000792
0.000792
0.000791
0.000791
0.000790
0.000790
0.000790
0.000789
0.000789
0.000789
0.000788
0.000788
0.000787
0.000787
0.000787
0.000786
0.000786
0.000785
0.000785
0.000785
0.000784
0.000784
0.000783
0.000783
0.000783
0.000782
0.000782
0.000781
0.000781
0.000781
0.000780
0.000780
0.000780
0.000779
0.000779
0.000778
0.000778
0.000778
0.000777
0.000777
0.000776
0.000776
0.000776
0.000775
0.000775
0.000775
0.000774
0.000774
0.000773
0.000773
0.000773
0.000772
0.000772
0.000772
0.000771
0.000771
0.000770
0.000770
0.000770
0.000769
0.000769
0.000769
0.000768
0.000768
0.000767
0.000767
0.000767
0.000766
0.000766
0.000766
0.000765
0.000765
0.000764
0.000764
0.000764
0.000763
0.000763
0.000763
0.000762
0.000762
0.000762
0.000761
0.000761
0.000760
0.000760
0.000760
0.000759
0.000759
0.000759
0.000758
0.000758
0.000758
0.000757
0.000757
0.000756
0.000756
0.000756
0.000755
0.000755
0.000755
0.000754
0.000754
0.000754
0.000753
0.000753
0.000752
0.000752
0.000752
0.000751
0.000751
0.000751
0.000750
0.000750
0.000750
0.000749
0.000749
0.000749
0.000748
0.000748
0.000747
0.000747
0.000747
0.000746
0.000746
0.000746
0.000745
0.000745
0.000745
0.000744
0.000744
0.000744
0.000743
0.000743
0.000743
0.000742
0.000742
0.000741
0.000741
0.000741
0.000740
0.000740
0.000740
0.000739
0.000739
0.000739
0.000738
0.000738
0.000738
0.000737
0.000737
0.000737
0.000736
0.000736
0.000736
0.000735
0.000735
0.000735
0.000734
0.000734
0.000734
0.000733
0.000733
0.000733
0.000732
0.000732
0.000732
0.000731
0.000731
0.000730
0.000730
0.000730
0.000729
0.000729
0.000729
0.000728
0.000728
0.000728
0.000727
0.000727
0.000727
0.000726
0.000726
0.000726
0.000725
0.000725
0.000725
0.000724
0.000724
0.000724
0.000723
0.000723
0.000723
0.000722
0.000722
0.000722
0.000721
0.000721
0.000721
0.000720
0.000720
0.000720
0.000719
0.000719
0.000719
0.000718
0.000718
0.000718
0.000718
0.000717
0.000717
0.000717
0.000716
0.000716
0.000716
0.000715
0.000715
0.000715
0.000714
0.000714
0.000714
0.000713
0.000713
0.000713
0.000712
0.000712
0.000712
0.000711
0.000711
0.000711
0.000710
0.000710
0.000710
0.000709
0.000709
0.000709
0.000708
0.000708
0.000708
0.000708
0.000707
0.000707
0.000707
0.000706
0.000706
0.000706
0.000705
0.000705
0.000705
0.000704
0.000704
0.000704
0.000703
0.000703
0.000703
0.000702
0.000702
0.000702
0.000702
0.000701
0.000701
0.000701
0.000700
0.000700
0.000700
0.000699
0.000699
0.000699
0.000698
0.000698
0.000698
0.000697
0.000697
0.000697
0.000697
0.000696
0.000696
0.000696
0.000695
0.000695
0.000695
0.000694
0.000694
0.000694
0.000693
0.000693
0.000693
0.000693
0.000692
0.000692
0.000692
0.000691
0.000691
0.000691
0.000690
0.000690
0.000690
0.000690
0.000689
0.000689
0.000689
0.000688
0.000688
0.000688
0.000687
0.000687
0.000687
0.000687
0.000686
0.000686
0.000686
0.000685
0.000685
0.000685
0.000684
0.000684
0.000684
0.000684
0.000683
0.000683
0.000683
0.000682
0.000682
0.000682
0.000681
0.000681
0.000681
0.000681
0.000680
0.000680
0.000680
0.000679
0.000679
0.000679
0.000678
0.000678
0.000678
0.000678
0.000677
0.000677
0.000677
0.000676
0.000676
0.000676
0.000676
0.000675
0.000675
0.000675
0.000674
0.000674
0.000674
0.000674
0.000673
0.000673
0.000673
0.000672
0.000672
0.000672
0.000672
0.000671
0.000671
0.000671
0.000670
0.000670
0.000670
0.000670
0.000669
0.000669
0.000669
0.000668
0.000668
0.000668
0.000668
0.000667
0.000667
0.000667
0.000666
0.000666
0.000666
0.000666
0.000665
0.000665
0.000665
0.000664
0.000664
0.000664
0.000664
0.000663
0.000663
0.000663
0.000662
0.000662
0.000662
0.000662
0.000661
0.000661
0.000661
0.000661
0.000660
0.000660
0.000660
0.000659
0.000659
0.000659
0.000659
0.000658
0.000658
0.000658
0.000657
0.000657
0.000657
0.000657
0.000656
0.000656
0.000656
0.000656
0.000655
0.000655
0.000655
0.000654
0.000654
0.000654
0.000654
0.000653
0.000653
0.000653
0.000653
0.000652
0.000652
0.000652
0.000651
0.000651
0.000651
0.000651
0.000650
0.000650
0.000650
0.000650
0.000649
0.000649
0.000649
0.000648
0.000648
0.000648
0.000648
0.000647
0.000647
0.000647
0.000647
0.000646
0.000646
0.000646
0.000646
0.000645
0.000645
0.000645
0.000644
0.000644
0.000644
0.000644
0.000643
0.000643
0.000643
0.000643
0.000642
0.000642
0.000642
0.000642
0.000641
0.000641
0.000641
0.000641
0.000640
0.000640
0.000640
0.000639
0.000639
0.000639
0.000639
0.000638
0.000638
0.000638
0.000638
0.000637
0.000637
0.000637
0.000637
0.000636
0.000636
0.000636
0.000636
0.000635
0.000635
0.000635
0.000635
0.000634
0.000634
0.000634
0.000634
0.000633
0.000633
0.000633
0.000632
0.000632
0.000632
0.000632
0.000631
0.000631
0.000631
0.000631
0.000630
0.000630
0.000630
0.000630
0.000629
0.000629
0.000629
0.000629
0.000628
0.000628
0.000628
0.000628
0.000627
0.000627
0.000627
0.000627
0.000626
0.000626
0.000626
0.000626
0.000625
0.000625
0.000625
0.000625
0.000624
0.000624
0.000624
0.000624
0.000623
0.000623
0.000623
0.000623
0.000622
0.000622
0.000622
0.000622
0.000621
0.000621
0.000621
0.000621
0.000620
0.000620
0.000620
0.000620
0.000619
0.000619
0.000619
0.000619
0.000618
0.000618
0.000618
0.000618
0.000618
0.000617
0.000617
0.000617
0.000617
0.000616
0.000616
0.000616
0.000616
0.000615
0.000615
0.000615
0.000615
0.000614
0.000614
0.000614
0.000614
0.000613
0.000613
0.000613
0.000613
0.000612
0.000612
0.000612
0.000612
0.000611
0.000611
0.000611
0.000611
0.000611
0.000610
0.000610
0.000610
0.000610
0.000609
0.000609
0.000609
0.000609
0.000608
0.000608
0.000608
0.000608
0.000607
0.000607
0.000607
0.000607
0.000606
0.000606
0.000606
0.000606
0.000606
0.000605
0.000605
0.000605
0.000605
0.000604
0.000604
0.000604
0.000604
0.000603
0.000603
0.000603
0.000603
0.000603
0.000602
0.000602
0.000602
0.000602
0.000601
0.000601
0.000601
0.000601
0.000600
0.000600
0.000600
0.000600
0.000600
0.000599
0.000599
0.000599
0.000599
0.000598
0.000598
0.000598
0.000598
0.000597
0.000597
0.000597
0.000597
0.000597
0.000596
0.000596
0.000596
0.000596
0.000595
0.000595
0.000595
0.000595
0.000594
0.000594
0.000594
0.000594
0.000594
0.000593
0.000593
0.000593
0.000593
0.000592
0.000592
0.000592
0.000592
0.000592
0.000591
0.000591
0.000591
0.000591
0.000590
0.000590
0.000590
0.000590
0.000590
0.000589
0.000589
0.000589
0.000589
0.000588
0.000588
0.000588
0.000588
0.000588
0.000587
0.000587
0.000587
0.000587
0.000586
0.000586
0.000586
0.000586
0.000586
0.000585
0.000585
0.000585
0.000585
0.000584
0.000584
0.000584
0.000584
0.000584
0.000583
0.000583
0.000583
0.000583
0.000582
0.000582
0.000582
0.000582
0.000582
0.000581
0.000581
0.000581
0.000581
0.000581
0.000580
0.000580
0.000580
0.000580
0.000579
0.000579
0.000579
0.000579
0.000579
0.000578
0.000578
0.000578
0.000578
0.000578
0.000577
0.000577
0.000577
0.000577
0.000576
0.000576
0.000576
0.000576
0.000576
0.000575
0.000575
0.000575
0.000575
0.000575
0.000574
0.000574
0.000574
0.000574
0.000573
0.000573
0.000573
0.000573
0.000573
0.000572
0.000572
0.000572
0.000572
0.000572
0.000571
0.000571
0.000571
0.000571
0.000571
0.000570
0.000570
0.000570
0.000570
0.000569
0.000569
0.000569
0.000569
0.000569
0.000568
0.000568
0.000568
0.000568
0.000568
0.000567
0.000567
0.000567
0.000567
0.000567
0.000566
0.000566
0.000566
0.000566
0.000566
0.000565
0.000565
0.000565
0.000565
0.000565
0.000564
0.000564
0.000564
0.000564
0.000564
0.000563
0.000563
0.000563
0.000563
0.000562
0.000562
0.000562
0.000562
0.000562
0.000561
0.000561
0.000561
0.000561
0.000561
0.000560
0.000560
0.000560
0.000560
0.000560
0.000559
0.000559
0.000559
0.000559
0.000559
0.000558
0.000558
0.000558
0.000558
0.000558
0.000557
0.000557
0.000557
0.000557
0.000557
0.000556
0.000556
0.000556
0.000556
0.000556
0.000555
0.000555
0.000555
0.000555
0.000555
0.000554
0.000554
0.000554
0.000554
0.000554
0.000553
0.000553
0.000553
0.000553
0.000553
0.000553
0.000552
0.000552
0.000552
0.000552
0.000552
0.000551
0.000551
0.000551
0.000551
0.000551
0.000550
0.000550
0.000550
0.000550
0.000550
0.000549
0.000549
0.000549
0.000549
0.000549
0.000548
0.000548
0.000548
0.000548
0.000548
0.000547
0.000547
0.000547
0.000547
0.000547
0.000546
0.000546
0.000546
0.000546
0.000546
0.000546
0.000545
0.000545
0.000545
0.000545
0.000545
0.000544
0.000544
0.000544
0.000544
0.000544
0.000543
0.000543
0.000543
0.000543
0.000543
0.000542
0.000542
0.000542
0.000542
0.000542
0.000542
0.000541
0.000541
0.000541
0.000541
0.000541
0.000540
0.000540
0.000540
0.000540
0.000540
0.000539
0.000539
0.000539
0.000539
0.000539
0.000539
0.000538
0.000538
0.000538
0.000538
0.000538
0.000537
0.000537
0.000537
0.000537
0.000537
0.000536
0.000536
0.000536
0.000536
0.000536
0.000536
0.000535
0.000535
0.000535
0.000535
0.000535
0.000534
0.000534
0.000534
0.000534
0.000534
0.000534
0.000533
0.000533
0.000533
0.000533
0.000533
0.000532
0.000532
0.000532
0.000532
0.000532
0.000532
0.000531
0.000531
0.000531
0.000531
0.000531
0.000530
0.000530
0.000530
0.000530
0.000530
0.000530
0.000529
0.000529
0.000529
0.000529
0.000529
0.000528
0.000528
0.000528
0.000528
0.000528
0.000528
0.000527
0.000527
0.000527
0.000527
0.000527
0.000526
0.000526
0.000526
0.000526
0.000526
0.000526
0.000525
0.000525
0.000525
0.000525
0.000525
0.000525
0.000524
0.000524
0.000524
0.000524
0.000524
0.000523
0.000523
0.000523
0.000523
0.000523
0.000523
0.000522
0.000522
0.000522
0.000522
0.000522
0.000522
0.000521
0.000521
0.000521
0.000521
0.000521
0.000520
0.000520
0.000520
0.000520
0.000520
0.000520
0.000519
0.000519
0.000519
0.000519
0.000519
0.000519
0.000518
0.000518
0.000518
0.000518
0.000518
0.000518
0.000517
0.000517
0.000517
0.000517
0.000517
0.000516
0.000516
0.000516
0.000516
0.000516
0.000516
0.000515
0.000515
0.000515
0.000515
0.000515
0.000515
0.000514
0.000514
0.000514
0.000514
0.000514
0.000514
0.000513
0.000513
0.000513
0.000513
0.000513
0.000513
0.000512
0.000512
0.000512
0.000512
0.000512
0.000512
0.000511
0.000511
0.000511
0.000511
0.000511
0.000511
0.000510
0.000510
0.000510
0.000510
0.000510
0.000510
0.000509
0.000509
0.000509
0.000509
0.000509
0.000509
0.000508
0.000508
0.000508
0.000508
0.000508
0.000508
0.000507
0.000507
0.000507
0.000507
0.000507
0.000507
0.000506
0.000506
0.000506
0.000506
0.000506
0.000506
0.000505
0.000505
0.000505
0.000505
0.000505
0.000505
0.000504
0.000504
0.000504
0.000504
0.000504
0.000504
0.000503
0.000503
0.000503
0.000503
0.000503
0.000503
0.000502
0.000502
0.000502
0.000502
0.000502
0.000502
0.000501
0.000501
0.000501
0.000501
0.000501
0.000501
0.000500
0.000500
0.000500
0.000500
0.000500
0.000500
0.000499
0.000499
0.000499
0.000499
0.000499
0.000499
0.000499
0.000498
0.000498
0.000498
0.000498
0.000498
0.000498
0.000497
0.000497
0.000497
0.000497
0.000497
0.000497
0.000496
0.000496
0.000496
0.000496
0.000496
0.000496
0.000495
0.000495
0.000495
0.000495
0.000495
0.000495
0.000495
0.000494
0.000494
0.000494
0.000494
0.000494
0.000494
0.000493
0.000493
0.000493
0.000493
0.000493
0.000493
0.000492
0.000492
0.000492
0.000492
0.000492
0.000492
0.000492
0.000491
0.000491
0.000491
0.000491
0.000491
0.000491
0.000490
0.000490
0.000490
0.000490
0.000490
0.000490
0.000490
0.000489
0.000489
0.000489
0.000489
0.000489
0.000489
0.000488
0.000488
0.000488
0.000488
0.000488
0.000488
0.000488
0.000487
0.000487
0.000487
0.000487
0.000487
0.000487
0.000486
0.000486
0.000486
0.000486
0.000486
0.000486
0.000486
0.000485
0.000485
0.000485
0.000485
0.000485
0.000485
0.000484
0.000484
0.000484
0.000484
0.000484
0.000484
0.000484
0.000483
0.000483
0.000483
0.000483
0.000483
0.000483
0.000482
0.000482
0.000482
0.000482
0.000482
0.000482
0.000482
0.000481
0.000481
0.000481
0.000481
0.000481
0.000481
0.000481
0.000480
0.000480
0.000480
0.000480
0.000480
0.000480
0.000479
0.000479
0.000479
0.000479
0.000479
0.000479
0.000479
0.000478
0.000478
0.000478
0.000478
0.000478
0.000478
0.000478
0.000477
0.000477
0.000477
0.000477
0.000477
0.000477
0.000477
0.000476
0.000476
0.000476
0.000476
0.000476
0.000476
0.000475
0.000475
0.000475
0.000475
0.000475
0.000475
0.000475
0.000474
0.000474
0.000474
0.000474
0.000474
0.000474
0.000474
0.000473
0.000473
0.000473
0.000473
0.000473
0.000473
0.000473
0.000472
0.000472
0.000472
0.000472
0.000472
0.000472
0.000472
0.000471
0.000471
0.000471
0.000471
0.000471
0.000471
0.000471
0.000470
0.000470
0.000470
0.000470
0.000470
0.000470
0.000470
0.000469
0.000469
0.000469
0.000469
0.000469
0.000469
0.000469
0.000468
0.000468
0.000468
0.000468
0.000468
0.000468
0.000468
0.000467
0.000467
0.000467
0.000467
0.000467
0.000467
0.000467
0.000466
0.000466
0.000466
0.000466
0.000466
0.000466
0.000466
0.000465
0.000465
0.000465
0.000465
0.000465
0.000465
0.000465
0.000464
0.000464
0.000464
0.000464
0.000464
0.000464
0.000464
0.000463
0.000463
0.000463
0.000463
0.000463
0.000463
0.000463
0.000463
0.000462
0.000462
0.000462
0.000462
0.000462
0.000462
0.000462
0.000461
0.000461
0.000461
0.000461
0.000461
0.000461
0.000461
0.000460
0.000460
0.000460
0.000460
0.000460
0.000460
0.000460
0.000459
0.000459
0.000459
0.000459
0.000459
0.000459
0.000459
0.000459
0.000458
0.000458
0.000458
0.000458
0.000458
0.000458
0.000458
0.000457
0.000457
0.000457
0.000457
0.000457
0.000457
0.000457
0.000456
0.000456
0.000456
0.000456
0.000456
0.000456
0.000456
0.000456
0.000455
0.000455
0.000455
0.000455
0.000455
0.000455
0.000455
0.000454
0.000454
0.000454
0.000454
0.000454
0.000454
0.000454
0.000454
0.000453
0.000453
0.000453
0.000453
0.000453
0.000453
0.000453
0.000452
0.000452
0.000452
0.000452
0.000452
0.000452
0.000452
0.000452
0.000451
0.000451
0.000451
0.000451
0.000451
0.000451
0.000451
0.000450
0.000450
0.000450
0.000450
0.000450
0.000450
0.000450
0.000450
0.000449
0.000449
0.000449
0.000449
0.000449
0.000449
0.000449
0.000449
0.000448
0.000448
0.000448
0.000448
0.000448
0.000448
0.000448
0.000447
0.000447
0.000447
0.000447
0.000447
0.000447
0.000447
0.000447
0.000446
0.000446
0.000446
0.000446
0.000446
0.000446
0.000446
0.000446
0.000445
0.000445
0.000445
0.000445
0.000445
0.000445
0.000445
0.000445
0.000444
0.000444
0.000444
0.000444
0.000444
0.000444
0.000444
0.000443
0.000443
0.000443
0.000443
0.000443
0.000443
0.000443
0.000443
0.000442
0.000442
0.000442
0.000442
0.000442
0.000442
0.000442
0.000442
0.000441
0.000441
0.000441
0.000441
0.000441
0.000441
0.000441
0.000441
0.000440
0.000440
0.000440
0.000440
0.000440
0.000440
0.000440
0.000440
0.000439
0.000439
0.000439
0.000439
0.000439
0.000439
0.000439
0.000439
0.000438
0.000438
0.000438
0.000438
0.000438
0.000438
0.000438
0.000438
0.000437
0.000437
0.000437
0.000437
0.000437
0.000437
0.000437
0.000437
0.000436
0.000436
0.000436
0.000436
0.000436
0.000436
0.000436
0.000436
0.000435
0.000435
0.000435
0.000435
0.000435
0.000435
0.000435
0.000435
0.000434
0.000434
0.000434
0.000434
0.000434
0.000434
0.000434
0.000434
0.000433
0.000433
0.000433
0.000433
0.000433
0.000433
0.000433
0.000433
0.000432
0.000432
0.000432
0.000432
0.000432
0.000432
0.000432
0.000432
0.000432
0.000431
0.000431
0.000431
0.000431
0.000431
0.000431
0.000431
0.000431
0.000430
0.000430
0.000430
0.000430
0.000430
0.000430
0.000430
0.000430
0.000429
0.000429
0.000429
0.000429
0.000429
0.000429
0.000429
0.000429
0.000429
0.000428
0.000428
0.000428
0.000428
0.000428
0.000428
0.000428
0.000428
0.000427
0.000427
0.000427
0.000427
0.000427
0.000427
0.000427
0.000427
0.000426
0.000426
0.000426
0.000426
0.000426
0.000426
0.000426
0.000426
0.000426
0.000425
0.000425
0.000425
0.000425
0.000425
0.000425
0.000425
0.000425
0.000424
0.000424
0.000424
0.000424
0.000424
0.000424
0.000424
0.000424
0.000424
0.000423
0.000423
0.000423
0.000423
0.000423
0.000423
0.000423
0.000423
0.000423
0.000422
0.000422
0.000422
0.000422
0.000422
0.000422
0.000422
0.000422
0.000421
0.000421
0.000421
0.000421
0.000421
0.000421
0.000421
0.000421
0.000421
0.000420
0.000420
0.000420
0.000420
0.000420
0.000420
0.000420
0.000420
0.000419
0.000419
0.000419
0.000419
0.000419
0.000419
0.000419
0.000419
0.000419
0.000418
0.000418
0.000418
0.000418
0.000418
0.000418
0.000418
0.000418
0.000418
0.000417
0.000417
0.000417
0.000417
0.000417
0.000417
0.000417
0.000417
0.000417
0.000416
0.000416
0.000416
0.000416
0.000416
0.000416
0.000416
0.000416
0.000416
0.000415
0.000415
0.000415
0.000415
0.000415
0.000415
0.000415
0.000415
0.000415
0.000414
0.000414
0.000414
0.000414
0.000414
0.000414
0.000414
0.000414
0.000414
0.000413
0.000413
0.000413
0.000413
0.000413
0.000413
0.000413
0.000413
0.000413
0.000412
0.000412
0.000412
0.000412
0.000412
0.000412
0.000412
0.000412
0.000412
0.000411
0.000411
0.000411
0.000411
0.000411
0.000411
0.000411
0.000411
0.000411
0.000410
0.000410
0.000410
0.000410
0.000410
0.000410
0.000410
0.000410
0.000410
0.000409
0.000409
0.000409
0.000409
0.000409
0.000409
0.000409
0.000409
0.000409
0.000408
0.000408
0.000408
0.000408
0.000408
0.000408
0.000408
0.000408
0.000408
0.000407
0.000407
0.000407
0.000407
0.000407
0.000407
0.000407
0.000407
0.000407
0.000406
0.000406
0.000406
0.000406
0.000406
0.000406
0.000406
0.000406
0.000406
0.000406
0.000405
0.000405
0.000405
0.000405
0.000405
0.000405
0.000405
0.000405
0.000405
0.000404
0.000404
0.000404
0.000404
0.000404
0.000404
0.000404
0.000404
0.000404
0.000403
0.000403
0.000403
0.000403
0.000403
0.000403
0.000403
0.000403
0.000403
0.000403
0.000402
0.000402
0.000402
0.000402
0.000402
0.000402
0.000402
0.000402
0.000402
0.000401
0.000401
0.000401
0.000401
0.000401
0.000401
0.000401
0.000401
0.000401
0.000401
0.000400
0.000400
0.000400
0.000400
0.000400
0.000400
0.000400
0.000400
0.000400
0.000399
0.000399
0.000399
0.000399
0.000399
0.000399
0.000399
0.000399
0.000399
0.000399
0.000398
0.000398
0.000398
0.000398
0.000398
0.000398
0.000398
0.000398
0.000398
0.000398
0.000397
0.000397
0.000397
0.000397
0.000397
0.000397
0.000397
0.000397
0.000397
0.000396
0.000396
0.000396
0.000396
0.000396
0.000396
0.000396
0.000396
0.000396
0.000396
0.000395
0.000395
0.000395
0.000395
0.000395
0.000395
0.000395
0.000395
0.000395
0.000395
0.000394
0.000394
0.000394
0.000394
0.000394
0.000394
0.000394
0.000394
0.000394
0.000394
0.000393
0.000393
0.000393
0.000393
0.000393
0.000393
0.000393
0.000393
0.000393
0.000393
0.000392
0.000392
0.000392
0.000392
0.000392
0.000392
0.000392
0.000392
0.000392
0.000392
0.000391
0.000391
0.000391
0.000391
0.000391
0.000391
0.000391
0.000391
0.000391
0.000391
0.000390
0.000390
0.000390
0.000390
0.000390
0.000390
0.000390
0.000390
0.000390
0.000390
0.000389
0.000389
0.000389
0.000389
0.000389
0.000389
0.000389
0.000389
0.000389
0.000389
0.000388
0.000388
0.000388
0.000388
0.000388
0.000388
0.000388
0.000388
0.000388
0.000388
0.000387
0.000387
0.000387
0.000387
0.000387
0.000387
0.000387
0.000387
0.000387
0.000387
0.000386
0.000386
0.000386
0.000386
0.000386
0.000386
0.000386
0.000386
0.000386
0.000386
0.000385
0.000385
0.000385
0.000385
0.000385
0.000385
0.000385
0.000385
0.000385
0.000385
0.000385
0.000384
0.000384
0.000384
0.000384
0.000384
0.000384
0.000384
0.000384
0.000384
0.000384
0.000383
0.000383
0.000383
0.000383
0.000383
0.000383
0.000383
0.000383
0.000383
0.000383
0.000383
0.000382
0.000382
0.000382
0.000382
0.000382
0.000382
0.000382
0.000382
0.000382
0.000382
0.000381
0.000381
0.000381
0.000381
0.000381
0.000381
0.000381
0.000381
0.000381
0.000381
0.000381
0.000380
0.000380
0.000380
0.000380
0.000380
0.000380
0.000380
0.000380
0.000380
0.000380
0.000379
0.000379
0.000379
0.000379
0.000379
0.000379
0.000379
0.000379
0.000379
0.000379
0.000379
0.000378
0.000378
0.000378
0.000378
0.000378
0.000378
0.000378
0.000378
0.000378
0.000378
0.000377
0.000377
0.000377
0.000377
0.000377
0.000377
0.000377
0.000377
0.000377
0.000377
0.000377
0.000376
0.000376
0.000376
0.000376
0.000376
0.000376
0.000376
0.000376
0.000376
0.000376
0.000376
0.000375
0.000375
0.000375
0.000375
0.000375
0.000375
0.000375
0.000375
0.000375
0.000375
0.000375
0.000374
0.000374
0.000374
0.000374
0.000374
0.000374
0.000374
0.000374
0.000374
0.000374
0.000374
0.000373
0.000373
0.000373
0.000373
0.000373
0.000373
0.000373
0.000373
0.000373
0.000373
0.000373
0.000372
0.000372
0.000372
0.000372
0.000372
0.000372
0.000372
0.000372
0.000372
0.000372
0.000372
0.000371
0.000371
0.000371
0.000371
0.000371
0.000371
0.000371
0.000371
0.000371
0.000371
0.000371
0.000370
0.000370
0.000370
0.000370
0.000370
0.000370
0.000370
0.000370
0.000370
0.000370
0.000370
0.000369
0.000369
0.000369
0.000369
0.000369
0.000369
0.000369
0.000369
0.000369
0.000369
0.000369
0.000368
0.000368
0.000368
0.000368
0.000368
0.000368
0.000368
0.000368
0.000368
0.000368
0.000368
0.000367
0.000367
0.000367
0.000367
0.000367
0.000367
0.000367
0.000367
0.000367
0.000367
0.000367
0.000367
0.000366
0.000366
0.000366
0.000366
0.000366
0.000366
0.000366
0.000366
0.000366
0.000366
0.000366
0.000365
0.000365
0.000365
0.000365
0.000365
0.000365
0.000365
0.000365
0.000365
0.000365
0.000365
0.000365
0.000364
0.000364
0.000364
0.000364
0.000364
0.000364
0.000364
0.000364
0.000364
0.000364
0.000364
0.000363
0.000363
0.000363
0.000363
0.000363
0.000363
0.000363
0.000363
0.000363
0.000363
0.000363
0.000363
0.000362
0.000362
0.000362
0.000362
0.000362
0.000362
0.000362
0.000362
0.000362
0.000362
0.000362
0.000361
0.000361
0.000361
0.000361
0.000361
0.000361
0.000361
0.000361
0.000361
0.000361
0.000361
0.000361
0.000360
0.000360
0.000360
0.000360
0.000360
0.000360
0.000360
0.000360
0.000360
0.000360
0.000360
0.000360
0.000359
0.000359
0.000359
0.000359
0.000359
0.000359
0.000359
0.000359
0.000359
0.000359
0.000359
0.000358
0.000358
0.000358
0.000358
0.000358
0.000358
0.000358
0.000358
0.000358
0.000358
0.000358
0.000358
0.000357
0.000357
0.000357
0.000357
0.000357
0.000357
0.000357
0.000357
0.000357
0.000357
0.000357
0.000357
0.000356
0.000356
0.000356
0.000356
0.000356
0.000356
0.000356
0.000356
0.000356
0.000356
0.000356
0.000356
0.000355
0.000355
0.000355
0.000355
0.000355
0.000355
0.000355
0.000355
0.000355
0.000355
0.000355
0.000355
0.000354
0.000354
0.000354
0.000354
0.000354
0.000354
0.000354
0.000354
0.000354
0.000354
0.000354
0.000354
0.000354
0.000353
0.000353
0.000353
0.000353
0.000353
0.000353
0.000353
0.000353
0.000353
0.000353
0.000353
0.000353
0.000352
0.000352
0.000352
0.000352
0.000352
0.000352
0.000352
0.000352
0.000352
0.000352
0.000352
0.000352
0.000351
0.000351
0.000351
0.000351
0.000351
0.000351
0.000351
0.000351
0.000351
0.000351
0.000351
0.000351
0.000350
0.000350
0.000350
0.000350
0.000350
0.000350
0.000350
0.000350
0.000350
0.000350
0.000350
0.000350
0.000350
0.000349
0.000349
0.000349
0.000349
0.000349
0.000349
0.000349
0.000349
0.000349
0.000349
0.000349
0.000349
0.000348
0.000348
0.000348
0.000348
0.000348
0.000348
0.000348
0.000348
0.000348
0.000348
0.000348
0.000348
0.000348
0.000347
0.000347
0.000347
0.000347
0.000347
0.000347
0.000347
0.000347
0.000347
0.000347
0.000347
0.000347
0.000347
0.000346
0.000346
0.000346
0.000346
0.000346
0.000346
0.000346
0.000346
0.000346
0.000346
0.000346
0.000346
0.000345
0.000345
0.000345
0.000345
0.000345
0.000345
0.000345
0.000345
0.000345
0.000345
0.000345
0.000345
0.000345
0.000344
0.000344
0.000344
0.000344
0.000344
0.000344
0.000344
0.000344
0.000344
0.000344
0.000344
0.000344
0.000344
0.000343
0.000343
0.000343
0.000343
0.000343
0.000343
0.000343
0.000343
0.000343
0.000343
0.000343
0.000343
0.000343
0.000342
0.000342
0.000342
0.000342
0.000342
0.000342
0.000342
0.000342
0.000342
0.000342
0.000342
0.000342
0.000342
0.000341
0.000341
0.000341
0.000341
0.000341
0.000341
0.000341
0.000341
0.000341
0.000341
0.000341
0.000341
0.000341
0.000340
0.000340
0.000340
0.000340
0.000340
0.000340
0.000340
0.000340
0.000340
0.000340
0.000340
0.000340
0.000340
0.000339
0.000339
0.000339
0.000339
0.000339
0.000339
0.000339
0.000339
0.000339
0.000339
0.000339
0.000339
0.000339
0.000338
0.000338
0.000338
0.000338
0.000338
0.000338
0.000338
0.000338
0.000338
0.000338
0.000338
0.000338
0.000338
0.000337
0.000337
0.000337
0.000337
0.000337
0.000337
0.000337
0.000337
0.000337
0.000337
0.000337
0.000337
0.000337
0.000337
0.000336
0.000336
0.000336
0.000336
0.000336
0.000336
0.000336
0.000336
0.000336
0.000336
0.000336
0.000336
0.000336
0.000335
0.000335
0.000335
0.000335
0.000335
0.000335
0.000335
0.000335
0.000335
0.000335
0.000335
0.000335
0.000335
0.000335
0.000334
0.000334
0.000334
0.000334
0.000334
0.000334
0.000334
0.000334
0.000334
0.000334
0.000334
0.000334
0.000334
0.000333
0.000333
0.000333
0.000333
0.000333
0.000333
0.000333
0.000333
0.000333
0.000333
0.000333
0.000333
0.000333
0.000333
0.000332
0.000332
0.000332
0.000332
0.000332
0.000332
0.000332
0.000332
0.000332
0.000332
0.000332
0.000332
0.000332
0.000332
0.000331
0.000331
0.000331
0.000331
0.000331
0.000331
0.000331
0.000331
0.000331
0.000331
0.000331
0.000331
0.000331
0.000331
0.000330
0.000330
0.000330
0.000330
0.000330
0.000330
0.000330
0.000330
0.000330
0.000330
0.000330
0.000330
0.000330
0.000330
0.000329
0.000329
0.000329
0.000329
0.000329
0.000329
0.000329
0.000329
0.000329
0.000329
0.000329
0.000329
0.000329
0.000329
0.000328
0.000328
0.000328
0.000328
0.000328
0.000328
0.000328
0.000328
0.000328
0.000328
0.000328
0.000328
0.000328
0.000328
0.000327
0.000327
0.000327
0.000327
0.000327
0.000327
0.000327
0.000327
0.000327
0.000327
0.000327
0.000327
0.000327
0.000327
0.000326
0.000326
0.000326
0.000326
0.000326
0.000326
0.000326
0.000326
0.000326
0.000326
0.000326
0.000326
0.000326
0.000326
0.000325
0.000325
0.000325
0.000325
0.000325
0.000325
0.000325
0.000325
0.000325
0.000325
0.000325
0.000325
0.000325
0.000325
0.000325
0.000324
0.000324
0.000324
0.000324
0.000324
0.000324
0.000324
0.000324
0.000324
0.000324
0.000324
0.000324
0.000324
0.000324
0.000323
0.000323
0.000323
0.000323
0.000323
0.000323
0.000323
0.000323
0.000323
0.000323
0.000323
0.000323
0.000323
0.000323
0.000323
0.000322
0.000322
0.000322
0.000322
0.000322
0.000322
0.000322
0.000322
0.000322
0.000322
0.000322
0.000322
0.000322
0.000322
0.000321
0.000321
0.000321
0.000321
0.000321
0.000321
0.000321
0.000321
0.000321
0.000321
0.000321
0.000321
0.000321
0.000321
0.000321
0.000320
0.000320
0.000320
0.000320
0.000320
0.000320
0.000320
0.000320
0.000320
0.000320
0.000320
0.000320
0.000320
0.000320
0.000320
0.000319
0.000319
0.000319
0.000319
0.000319
0.000319
0.000319
0.000319
0.000319
0.000319
0.000319
0.000319
0.000319
0.000319
0.000319
0.000318
0.000318
0.000318
0.000318
0.000318
0.000318
0.000318
0.000318
0.000318
0.000318
0.000318
0.000318
0.000318
0.000318
0.000318
0.000317
0.000317
0.000317
0.000317
0.000317
0.000317
0.000317
0.000317
0.000317
0.000317
0.000317
0.000317
0.000317
0.000317
0.000317
0.000316
0.000316
0.000316
0.000316
0.000316
0.000316
0.000316
0.000316
0.000316
0.000316
0.000316
0.000316
0.000316
0.000316
0.000316
0.000315
0.000315
0.000315
0.000315
0.000315
0.000315
0.000315
0.000315
0.000315
0.000315
0.000315
0.000315
0.000315
0.000315
0.000315
0.000314
0.000314
0.000314
0.000314
0.000314
0.000314
0.000314
0.000314
0.000314
0.000314
0.000314
0.000314
0.000314
0.000314
0.000314
0.000313
0.000313
0.000313
0.000313
0.000313
0.000313
0.000313
0.000313
0.000313
0.000313
0.000313
0.000313
0.000313
0.000313
0.000313
0.000313
0.000312
0.000312
0.000312
0.000312
0.000312
0.000312
0.000312
0.000312
0.000312
0.000312
0.000312
0.000312
0.000312
0.000312
0.000312
0.000311
0.000311
0.000311
0.000311
0.000311
0.000311
0.000311
0.000311
0.000311
0.000311
0.000311
0.000311
0.000311
0.000311
0.000311
0.000311
0.000310
0.000310
0.000310
0.000310
0.000310
0.000310
0.000310
0.000310
0.000310
0.000310
0.000310
0.000310
0.000310
0.000310
0.000310
0.000310
0.000309
0.000309
0.000309
0.000309
0.000309
0.000309
0.000309
0.000309
0.000309
0.000309
0.000309
0.000309
0.000309
0.000309
0.000309
0.000309
0.000308
0.000308
0.000308
0.000308
0.000308
0.000308
0.000308
0.000308
0.000308
0.000308
0.000308
0.000308
0.000308
0.000308
0.000308
0.000308
0.000307
0.000307
0.000307
0.000307
0.000307
0.000307
0.000307
0.000307
0.000307
0.000307
0.000307
0.000307
0.000307
0.000307
0.000307
0.000307
0.000306
0.000306
0.000306
0.000306
0.000306
0.000306
0.000306
0.000306
0.000306
0.000306
0.000306
0.000306
0.000306
0.000306
0.000306
0.000306
0.000305
0.000305
0.000305
0.000305
0.000305
0.000305
0.000305
0.000305
0.000305
0.000305
0.000305
0.000305
0.000305
0.000305
0.000305
0.000305
0.000304
0.000304
0.000304
0.000304
0.000304
0.000304
0.000304
0.000304
0.000304
0.000304
0.000304
0.000304
0.000304
0.000304
0.000304
0.000304
0.000303
0.000303
0.000303
0.000303
0.000303
0.000303
0.000303
0.000303
0.000303
0.000303
0.000303
0.000303
0.000303
0.000303
0.000303
0.000303
0.000303
0.000302
0.000302
0.000302
0.000302
0.000302
0.000302
0.000302
0.000302
0.000302
0.000302
0.000302
0.000302
0.000302
0.000302
0.000302
0.000302
0.000301
0.000301
0.000301
0.000301
0.000301
0.000301
0.000301
0.000301
0.000301
0.000301
0.000301
0.000301
0.000301
0.000301
0.000301
0.000301
0.000301
0.000300
0.000300
0.000300
0.000300
0.000300
0.000300
0.000300
0.000300
0.000300
0.000300
0.000300
0.000300
0.000300
0.000300
0.000300
0.000300
0.000300
0.000299
0.000299
0.000299
0.000299
0.000299
0.000299
0.000299
0.000299
0.000299
0.000299
0.000299
0.000299
0.000299
0.000299
0.000299
0.000299
0.000299
0.000298
0.000298
0.000298
0.000298
0.000298
0.000298
0.000298
0.000298
0.000298
0.000298
0.000298
0.000298
0.000298
0.000298
0.000298
0.000298
0.000298
0.000297
0.000297
0.000297
0.000297
0.000297
0.000297
0.000297
0.000297
0.000297
0.000297
0.000297
0.000297
0.000297
0.000297
0.000297
0.000297
0.000297
0.000296
0.000296
0.000296
0.000296
0.000296
0.000296
0.000296
0.000296
0.000296
0.000296
0.000296
0.000296
0.000296
0.000296
0.000296
0.000296
0.000296
0.000295
0.000295
0.000295
0.000295
0.000295
0.000295
0.000295
0.000295
0.000295
0.000295
0.000295
0.000295
0.000295
0.000295
0.000295
0.000295
0.000295
0.000294
0.000294
0.000294
0.000294
0.000294
0.000294
0.000294
0.000294
0.000294
0.000294
0.000294
0.000294
0.000294
0.000294
0.000294
0.000294
0.000294
0.000294
0.000293
0.000293
0.000293
0.000293
0.000293
0.000293
0.000293
0.000293
0.000293
0.000293
0.000293
0.000293
0.000293
0.000293
0.000293
0.000293
0.000293
0.000292
0.000292
0.000292
0.000292
0.000292
0.000292
0.000292
0.000292
0.000292
0.000292
0.000292
0.000292
0.000292
0.000292
0.000292
0.000292
0.000292
0.000292
0.000291
0.000291
0.000291
0.000291
0.000291
0.000291
0.000291
0.000291
0.000291
0.000291
0.000291
0.000291
0.000291
0.000291
0.000291
0.000291
0.000291
0.000291
0.000290
0.000290
0.000290
0.000290
0.000290
0.000290
0.000290
0.000290
0.000290
0.000290
0.000290
0.000290
0.000290
0.000290
0.000290
0.000290
0.000290
0.000290
0.000289
0.000289
0.000289
0.000289
0.000289
0.000289
0.000289
0.000289
0.000289
0.000289
0.000289
0.000289
0.000289
0.000289
0.000289
0.000289
0.000289
0.000289
0.000288
0.000288
0.000288
0.000288
0.000288
0.000288
0.000288
0.000288
0.000288
0.000288
0.000288
0.000288
0.000288
0.000288
0.000288
0.000288
0.000288
0.000288
0.000287
0.000287
0.000287
0.000287
0.000287
0.000287
0.000287
0.000287
0.000287
0.000287
0.000287
0.000287
0.000287
0.000287
0.000287
0.000287
0.000287
0.000287
0.000286
0.000286
0.000286
0.000286
0.000286
0.000286
0.000286
0.000286
0.000286
0.000286
0.000286
0.000286
0.000286
0.000286
0.000286
0.000286
0.000286
0.000286
0.000286
0.000285
0.000285
0.000285
0.000285
0.000285
0.000285
0.000285
0.000285
0.000285
0.000285
0.000285
0.000285
0.000285
0.000285
0.000285
0.000285
0.000285
0.000285
0.000284
0.000284
0.000284
0.000284
0.000284
0.000284
0.000284
0.000284
0.000284
0.000284
0.000284
0.000284
0.000284
0.000284
0.000284
0.000284
0.000284
0.000284
0.000284
0.000283
0.000283
0.000283
0.000283
0.000283
0.000283
0.000283
0.000283
0.000283
0.000283
0.000283
0.000283
0.000283
0.000283
0.000283
0.000283
0.000283
0.000283
0.000283
0.000282
0.000282
0.000282
0.000282
0.000282
0.000282
0.000282
0.000282
0.000282
0.000282
0.000282
0.000282
0.000282
0.000282
0.000282
0.000282
0.000282
0.000282
0.000282
0.000281
0.000281
0.000281
0.000281
0.000281
0.000281
0.000281
0.000281
0.000281
0.000281
0.000281
0.000281
0.000281
0.000281
0.000281
0.000281
0.000281
0.000281
0.000281
0.000280
0.000280
0.000280
0.000280
0.000280
0.000280
0.000280
0.000280
0.000280
0.000280
0.000280
0.000280
0.000280
0.000280
0.000280
0.000280
0.000280
0.000280
0.000280
0.000279
0.000279
0.000279
0.000279
0.000279
0.000279
0.000279
0.000279
0.000279
0.000279
0.000279
0.000279
0.000279
0.000279
0.000279
0.000279
0.000279
0.000279
0.000279
0.000279
0.000278
0.000278
0.000278
0.000278
0.000278
0.000278
0.000278
0.000278
0.000278
0.000278
0.000278
0.000278
0.000278
0.000278
0.000278
0.000278
0.000278
0.000278
0.000278
0.000277
0.000277
0.000277
0.000277
0.000277
0.000277
0.000277
0.000277
0.000277
0.000277
0.000277
0.000277
0.000277
0.000277
0.000277
0.000277
0.000277
0.000277
0.000277
0.000277
0.000276
0.000276
0.000276
0.000276
0.000276
0.000276
0.000276
0.000276
0.000276
0.000276
0.000276
0.000276
0.000276
0.000276
0.000276
0.000276
0.000276
0.000276
0.000276
0.000275
0.000275
0.000275
0.000275
0.000275
0.000275
0.000275
0.000275
0.000275
0.000275
0.000275
0.000275
0.000275
0.000275
0.000275
0.000275
0.000275
0.000275
0.000275
0.000275
0.000274
0.000274
0.000274
0.000274
0.000274
0.000274
0.000274
0.000274
0.000274
0.000274
0.000274
0.000274
0.000274
0.000274
0.000274
0.000274
0.000274
0.000274
0.000274
0.000274
0.000273
0.000273
0.000273
0.000273
0.000273
0.000273
0.000273
0.000273
0.000273
0.000273
0.000273
0.000273
0.000273
0.000273
0.000273
0.000273
0.000273
0.000273
0.000273
0.000273
0.000272
0.000272
0.000272
0.000272
0.000272
0.000272
0.000272
0.000272
0.000272
0.000272
0.000272
0.000272
0.000272
0.000272
0.000272
0.000272
0.000272
0.000272
0.000272
0.000272
0.000272
0.000271
0.000271
0.000271
0.000271
0.000271
0.000271
0.000271
0.000271
0.000271
0.000271
0.000271
0.000271
0.000271
0.000271
0.000271
0.000271
0.000271
0.000271
0.000271
0.000271
0.000270
0.000270
0.000270
0.000270
0.000270
0.000270
0.000270
0.000270
0.000270
0.000270
0.000270
0.000270
0.000270
0.000270
0.000270
0.000270
0.000270
0.000270
0.000270
0.000270
0.000270
0.000269
0.000269
0.000269
0.000269
0.000269
0.000269
0.000269
0.000269
0.000269
0.000269
0.000269
0.000269
0.000269
0.000269
0.000269
0.000269
0.000269
0.000269
0.000269
0.000269
0.000269
0.000268
0.000268
0.000268
0.000268
0.000268
0.000268
0.000268
0.000268
0.000268
0.000268
0.000268
0.000268
0.000268
0.000268
0.000268
0.000268
0.000268
0.000268
0.000268
0.000268
0.000268
0.000267
0.000267
0.000267
0.000267
0.000267
0.000267
0.000267
0.000267
0.000267
0.000267
0.000267
0.000267
0.000267
0.000267
0.000267
0.000267
0.000267
0.000267
0.000267
0.000267
0.000267
0.000266
0.000266
0.000266
0.000266
0.000266
0.000266
0.000266
0.000266
0.000266
0.000266
0.000266
0.000266
0.000266
0.000266
0.000266
0.000266
0.000266
0.000266
0.000266
0.000266
0.000266
0.000265
0.000265
0.000265
0.000265
0.000265
0.000265
0.000265
0.000265
0.000265
0.000265
0.000265
0.000265
0.000265
0.000265
0.000265
0.000265
0.000265
0.000265
0.000265
0.000265
0.000265
0.000264
0.000264
0.000264
0.000264
0.000264
0.000264
0.000264
0.000264
0.000264
0.000264
0.000264
0.000264
0.000264
0.000264
0.000264
0.000264
0.000264
0.000264
0.000264
0.000264
0.000264
0.000264
0.000263
0.000263
0.000263
0.000263
0.000263
0.000263
0.000263
0.000263
0.000263
0.000263
0.000263
0.000263
0.000263
0.000263
0.000263
0.000263
0.000263
0.000263
0.000263
0.000263
0.000263
0.000263
0.000262
0.000262
0.000262
0.000262
0.000262
0.000262
0.000262
0.000262
0.000262
0.000262
0.000262
0.000262
0.000262
0.000262
0.000262
0.000262
0.000262
0.000262
0.000262
0.000262
0.000262
0.000261
0.000261
0.000261
0.000261
0.000261
0.000261
0.000261
0.000261
0.000261
0.000261
0.000261
0.000261
0.000261
0.000261
0.000261
0.000261
0.000261
0.000261
0.000261
0.000261
0.000261
0.000261
0.000260
0.000260
0.000260
0.000260
0.000260
0.000260
0.000260
0.000260
0.000260
0.000260
0.000260
0.000260
0.000260
0.000260
0.000260
0.000260
0.000260
0.000260
0.000260
0.000260
0.000260
0.000260
0.000260
0.000259
0.000259
0.000259
0.000259
0.000259
0.000259
0.000259
0.000259
0.000259
0.000259
0.000259
0.000259
0.000259
0.000259
0.000259
0.000259
0.000259
0.000259
0.000259
0.000259
0.000259
0.000259
0.000258
0.000258
0.000258
0.000258
0.000258
0.000258
0.000258
0.000258
0.000258
0.000258
0.000258
0.000258
0.000258
0.000258
0.000258
0.000258
0.000258
0.000258
0.000258
0.000258
0.000258
0.000258
0.000258
0.000257
0.000257
0.000257
0.000257
0.000257
0.000257
0.000257
0.000257
0.000257
0.000257
0.000257
0.000257
0.000257
0.000257
0.000257
0.000257
0.000257
0.000257
0.000257
0.000257
0.000257
0.000257
0.000256
0.000256
0.000256
0.000256
0.000256
0.000256
0.000256
0.000256
0.000256
0.000256
0.000256
0.000256
0.000256
0.000256
0.000256
0.000256
0.000256
0.000256
0.000256
0.000256
0.000256
0.000256
0.000256
0.000255
0.000255
0.000255
0.000255
0.000255
0.000255
0.000255
0.000255
0.000255
0.000255
0.000255
0.000255
0.000255
0.000255
0.000255
0.000255
0.000255
0.000255
0.000255
0.000255
0.000255
0.000255
0.000255
0.000254
0.000254
0.000254
0.000254
0.000254
0.000254
0.000254
0.000254
0.000254
0.000254
0.000254
0.000254
0.000254
0.000254
0.000254
0.000254
0.000254
0.000254
0.000254
0.000254
0.000254
0.000254
0.000254
0.000253
0.000253
0.000253
0.000253
0.000253
0.000253
0.000253
0.000253
0.000253
0.000253
0.000253
0.000253
0.000253
0.000253
0.000253
0.000253
0.000253
0.000253
0.000253
0.000253
0.000253
0.000253
0.000253
0.000253
0.000252
0.000252
0.000252
0.000252
0.000252
0.000252
0.000252
0.000252
0.000252
0.000252
0.000252
0.000252
0.000252
0.000252
0.000252
0.000252
0.000252
0.000252
0.000252
0.000252
0.000252
0.000252
0.000252
0.000251
0.000251
0.000251
0.000251
0.000251
0.000251
0.000251
0.000251
0.000251
0.000251
0.000251
0.000251
0.000251
0.000251
0.000251
0.000251
0.000251
0.000251
0.000251
0.000251
0.000251
0.000251
0.000251
0.000251
0.000250
0.000250
0.000250
0.000250
0.000250
0.000250
0.000250
0.000250
0.000250
0.000250
0.000250
0.000250
0.000250
0.000250
0.000250
0.000250
0.000250
0.000250
0.000250
0.000250
0.000250
0.000250
0.000250
0.000250
0.000249
0.000249
0.000249
0.000249
0.000249
0.000249
0.000249
0.000249
0.000249
0.000249
0.000249
0.000249
0.000249
0.000249
0.000249
0.000249
0.000249
0.000249
0.000249
0.000249
0.000249
0.000249
0.000249
0.000249
0.000248
0.000248
0.000248
0.000248
0.000248
0.000248
0.000248
0.000248
0.000248
0.000248
0.000248
0.000248
0.000248
0.000248
0.000248
0.000248
0.000248
0.000248
0.000248
0.000248
0.000248
0.000248
0.000248
0.000248
0.000248
0.000247
0.000247
0.000247
0.000247
0.000247
0.000247
0.000247
0.000247
0.000247
0.000247
0.000247
0.000247
0.000247
0.000247
0.000247
0.000247
0.000247
0.000247
0.000247
0.000247
0.000247
0.000247
0.000247
0.000247
0.000246
0.000246
0.000246
0.000246
0.000246
0.000246
0.000246
0.000246
0.000246
0.000246
0.000246
0.000246
0.000246
0.000246
0.000246
0.000246
0.000246
0.000246
0.000246
0.000246
0.000246
0.000246
0.000246
0.000246
0.000246
0.000245
0.000245
0.000245
0.000245
0.000245
0.000245
0.000245
0.000245
0.000245
0.000245
0.000245
0.000245
0.000245
0.000245
0.000245
0.000245
0.000245
0.000245
0.000245
0.000245
0.000245
0.000245
0.000245
0.000245
0.000245
0.000244
0.000244
0.000244
0.000244
0.000244
0.000244
0.000244
0.000244
0.000244
0.000244
0.000244
0.000244
0.000244
0.000244
0.000244
0.000244
0.000244
0.000244
0.000244
0.000244
0.000244
0.000244
0.000244
0.000244
0.000244
0.000243
0.000243
0.000243
0.000243
0.000243
0.000243
0.000243
0.000243
0.000243
0.000243
0.000243
0.000243
0.000243
0.000243
0.000243
0.000243
0.000243
0.000243
0.000243
0.000243
0.000243
0.000243
0.000243
0.000243
0.000243
0.000242
0.000242
0.000242
0.000242
0.000242
0.000242
0.000242
0.000242
0.000242
0.000242
0.000242
0.000242
0.000242
0.000242
0.000242
0.000242
0.000242
0.000242
0.000242
0.000242
0.000242
0.000242
0.000242
0.000242
0.000242
0.000242
0.000241
0.000241
0.000241
0.000241
0.000241
0.000241
0.000241
0.000241
0.000241
0.000241
0.000241
0.000241
0.000241
0.000241
0.000241
0.000241
0.000241
0.000241
0.000241
0.000241
0.000241
0.000241
0.000241
0.000241
0.000241
0.000241
0.000240
0.000240
0.000240
0.000240
0.000240
0.000240
0.000240
0.000240
0.000240
0.000240
0.000240
0.000240
0.000240
0.000240
0.000240
0.000240
0.000240
0.000240
0.000240
0.000240
0.000240
0.000240
0.000240
0.000240
0.000240
0.000240
0.000239
0.000239
0.000239
0.000239
0.000239
0.000239
0.000239
0.000239
0.000239
0.000239
0.000239
0.000239
0.000239
0.000239
0.000239
0.000239
0.000239
0.000239
0.000239
0.000239
0.000239
0.000239
0.000239
0.000239
0.000239
0.000239
0.000238
0.000238
0.000238
0.000238
0.000238
0.000238
0.000238
0.000238
0.000238
0.000238
0.000238
0.000238
0.000238
0.000238
0.000238
0.000238
0.000238
0.000238
0.000238
0.000238
0.000238
0.000238
0.000238
0.000238
0.000238
0.000238
0.000237
0.000237
0.000237
0.000237
0.000237
0.000237
0.000237
0.000237
0.000237
0.000237
0.000237
0.000237
0.000237
0.000237
0.000237
0.000237
0.000237
0.000237
0.000237
0.000237
0.000237
0.000237
0.000237
0.000237
0.000237
0.000237
0.000237
0.000236
0.000236
0.000236
0.000236
0.000236
0.000236
0.000236
0.000236
0.000236
0.000236
0.000236
0.000236
0.000236
0.000236
0.000236
0.000236
0.000236
0.000236
0.000236
0.000236
0.000236
0.000236
0.000236
0.000236
0.000236
0.000236
0.000236
0.000235
0.000235
0.000235
0.000235
0.000235
0.000235
0.000235
0.000235
0.000235
0.000235
0.000235
0.000235
0.000235
0.000235
0.000235
0.000235
0.000235
0.000235
0.000235
0.000235
0.000235
0.000235
0.000235
0.000235
0.000235
0.000235
0.000235
0.000234
0.000234
0.000234
0.000234
0.000234
0.000234
0.000234
0.000234
0.000234
0.000234
0.000234
0.000234
0.000234
0.000234
0.000234
0.000234
0.000234
0.000234
0.000234
0.000234
0.000234
0.000234
0.000234
0.000234
0.000234
0.000234
0.000234
0.000233
0.000233
0.000233
0.000233
0.000233
0.000233
0.000233
0.000233
0.000233
0.000233
0.000233
0.000233
0.000233
0.000233
0.000233
0.000233
0.000233
0.000233
0.000233
0.000233
0.000233
0.000233
0.000233
0.000233
0.000233
0.000233
0.000233
0.000233
0.000232
0.000232
0.000232
0.000232
0.000232
0.000232
0.000232
0.000232
0.000232
0.000232
0.000232
0.000232
0.000232
0.000232
0.000232
0.000232
0.000232
0.000232
0.000232
0.000232
0.000232
0.000232
0.000232
0.000232
0.000232
0.000232
0.000232
0.000231
0.000231
0.000231
0.000231
0.000231
0.000231
0.000231
0.000231
0.000231
0.000231
0.000231
0.000231
0.000231
0.000231
0.000231
0.000231
0.000231
0.000231
0.000231
0.000231
0.000231
0.000231
0.000231
0.000231
0.000231
0.000231
0.000231
0.000231
0.000230
0.000230
0.000230
0.000230
0.000230
0.000230
0.000230
0.000230
0.000230
0.000230
0.000230
0.000230
0.000230
0.000230
0.000230
0.000230
0.000230
0.000230
0.000230
0.000230
0.000230
0.000230
0.000230
0.000230
0.000230
0.000230
0.000230
0.000230
0.000230
0.000229
0.000229
0.000229
0.000229
0.000229
0.000229
0.000229
0.000229
0.000229
0.000229
0.000229
0.000229
0.000229
0.000229
0.000229
0.000229
0.000229
0.000229
0.000229
0.000229
0.000229
0.000229
0.000229
0.000229
0.000229
0.000229
0.000229
0.000229
0.000228
0.000228
0.000228
0.000228
0.000228
0.000228
0.000228
0.000228
0.000228
0.000228
0.000228
0.000228
0.000228
0.000228
0.000228
0.000228
0.000228
0.000228
0.000228
0.000228
0.000228
0.000228
0.000228
0.000228
0.000228
0.000228
0.000228
0.000228
0.000228
0.000227
0.000227
0.000227
0.000227
0.000227
0.000227
0.000227
0.000227
0.000227
0.000227
0.000227
0.000227
0.000227
0.000227
0.000227
0.000227
0.000227
0.000227
0.000227
0.000227
0.000227
0.000227
0.000227
0.000227
0.000227
0.000227
0.000227
0.000227
0.000227
0.000226
0.000226
0.000226
0.000226
0.000226
0.000226
0.000226
0.000226
0.000226
0.000226
0.000226
0.000226
0.000226
0.000226
0.000226
0.000226
0.000226
0.000226
0.000226
0.000226
0.000226
0.000226
0.000226
0.000226
0.000226
0.000226
0.000226
0.000226
0.000226
0.000225
0.000225
0.000225
0.000225
0.000225
0.000225
0.000225
0.000225
0.000225
0.000225
0.000225
0.000225
0.000225
0.000225
0.000225
0.000225
0.000225
0.000225
0.000225
0.000225
0.000225
0.000225
0.000225
0.000225
0.000225
0.000225
0.000225
0.000225
0.000225
0.000224
0.000224
0.000224
0.000224
0.000224
0.000224
0.000224
0.000224
0.000224
0.000224
0.000224
0.000224
0.000224
0.000224
0.000224
0.000224
0.000224
0.000224
0.000224
0.000224
0.000224
0.000224
0.000224
0.000224
0.000224
0.000224
0.000224
0.000224
0.000224
0.000224
0.000223
0.000223
0.000223
0.000223
0.000223
0.000223
0.000223
0.000223
0.000223
0.000223
0.000223
0.000223
0.000223
0.000223
0.000223
0.000223
0.000223
0.000223
0.000223
0.000223
0.000223
0.000223
0.000223
0.000223
0.000223
0.000223
0.000223
0.000223
0.000223
0.000223
0.000222
0.000222
0.000222
0.000222
0.000222
0.000222
0.000222
0.000222
0.000222
0.000222
0.000222
0.000222
0.000222
0.000222
0.000222
0.000222
0.000222
0.000222
0.000222
0.000222
0.000222
0.000222
0.000222
0.000222
0.000222
0.000222
0.000222
0.000222
0.000222
0.000222
0.000221
0.000221
0.000221
0.000221
0.000221
0.000221
0.000221
0.000221
0.000221
0.000221
0.000221
0.000221
0.000221
0.000221
0.000221
0.000221
0.000221
0.000221
0.000221
0.000221
0.000221
0.000221
0.000221
0.000221
0.000221
0.000221
0.000221
0.000221
0.000221
0.000221
0.000221
0.000220
0.000220
0.000220
0.000220
0.000220
0.000220
0.000220
0.000220
0.000220
0.000220
0.000220
0.000220
0.000220
0.000220
0.000220
0.000220
0.000220
0.000220
0.000220
0.000220
0.000220
0.000220
0.000220
0.000220
0.000220
0.000220
0.000220
0.000220
0.000220
0.000220
0.000219
0.000219
0.000219
0.000219
0.000219
0.000219
0.000219
0.000219
0.000219
0.000219
0.000219
0.000219
0.000219
0.000219
0.000219
0.000219
0.000219
0.000219
0.000219
0.000219
0.000219
0.000219
0.000219
0.000219
0.000219
0.000219
0.000219
0.000219
0.000219
0.000219
0.000219
0.000219
0.000218
0.000218
0.000218
0.000218
0.000218
0.000218
0.000218
0.000218
0.000218
0.000218
0.000218
0.000218
0.000218
0.000218
0.000218
0.000218
0.000218
0.000218
0.000218
0.000218
0.000218
0.000218
0.000218
0.000218
0.000218
0.000218
0.000218
0.000218
0.000218
0.000218
0.000218
0.000217
0.000217
0.000217
0.000217
0.000217
0.000217
0.000217
0.000217
0.000217
0.000217
0.000217
0.000217
0.000217
0.000217
0.000217
0.000217
0.000217
0.000217
0.000217
0.000217
0.000217
0.000217
0.000217
0.000217
0.000217
0.000217
0.000217
0.000217
0.000217
0.000217
0.000217
0.000216
0.000216
0.000216
0.000216
0.000216
0.000216
0.000216
0.000216
0.000216
0.000216
0.000216
0.000216
0.000216
0.000216
0.000216
0.000216
0.000216
0.000216
0.000216
0.000216
0.000216
0.000216
0.000216
0.000216
0.000216
0.000216
0.000216
0.000216
0.000216
0.000216
0.000216
0.000216
0.000215
0.000215
0.000215
0.000215
0.000215
0.000215
0.000215
0.000215
0.000215
0.000215
0.000215
0.000215
0.000215
0.000215
0.000215
0.000215
0.000215
0.000215
0.000215
0.000215
0.000215
0.000215
0.000215
0.000215
0.000215
0.000215
0.000215
0.000215
0.000215
0.000215
0.000215
0.000215
0.000215
0.000214
0.000214
0.000214
0.000214
0.000214
0.000214
0.000214
0.000214
0.000214
0.000214
0.000214
0.000214
0.000214
0.000214
0.000214
0.000214
0.000214
0.000214
0.000214
0.000214
0.000214
0.000214
0.000214
0.000214
0.000214
0.000214
0.000214
0.000214
0.000214
0.000214
0.000214
0.000214
0.000213
0.000213
0.000213
0.000213
0.000213
0.000213
0.000213
0.000213
0.000213
0.000213
0.000213
0.000213
0.000213
0.000213
0.000213
0.000213
0.000213
0.000213
0.000213
0.000213
0.000213
0.000213
0.000213
0.000213
0.000213
0.000213
0.000213
0.000213
0.000213
0.000213
0.000213
0.000213
0.000213
0.000212
0.000212
0.000212
0.000212
0.000212
0.000212
0.000212
0.000212
0.000212
0.000212
0.000212
0.000212
0.000212
0.000212
0.000212
0.000212
0.000212
0.000212
0.000212
0.000212
0.000212
0.000212
0.000212
0.000212
0.000212
0.000212
0.000212
0.000212
0.000212
0.000212
0.000212
0.000212
0.000212
0.000211
0.000211
0.000211
0.000211
0.000211
0.000211
0.000211
0.000211
0.000211
0.000211
0.000211
0.000211
0.000211
0.000211
0.000211
0.000211
0.000211
0.000211
0.000211
0.000211
0.000211
0.000211
0.000211
0.000211
0.000211
0.000211
0.000211
0.000211
0.000211
0.000211
0.000211
0.000211
0.000211
0.000210
0.000210
0.000210
0.000210
0.000210
0.000210
0.000210
0.000210
0.000210
0.000210
0.000210
0.000210
0.000210
0.000210
0.000210
0.000210
0.000210
0.000210
0.000210
0.000210
0.000210
0.000210
0.000210
0.000210
0.000210
0.000210
0.000210
0.000210
0.000210
0.000210
0.000210
0.000210
0.000210
0.000210
0.000209
0.000209
0.000209
0.000209
0.000209
0.000209
0.000209
0.000209
0.000209
0.000209
0.000209
0.000209
0.000209
0.000209
0.000209
0.000209
0.000209
0.000209
0.000209
0.000209
0.000209
0.000209
0.000209
0.000209
0.000209
0.000209
0.000209
0.000209
0.000209
0.000209
0.000209
0.000209
0.000209
0.000209
0.000208
0.000208
0.000208
0.000208
0.000208
0.000208
0.000208
0.000208
0.000208
0.000208
0.000208
0.000208
0.000208
0.000208
0.000208
0.000208
0.000208
0.000208
0.000208
0.000208
0.000208
0.000208
0.000208
0.000208
0.000208
0.000208
0.000208
0.000208
0.000208
0.000208
0.000208
0.000208
0.000208
0.000208
0.000207
0.000207
0.000207
0.000207
0.000207
0.000207
0.000207
0.000207
0.000207
0.000207
0.000207
0.000207
0.000207
0.000207
0.000207
0.000207
0.000207
0.000207
0.000207
0.000207
0.000207
0.000207
0.000207
0.000207
0.000207
0.000207
0.000207
0.000207
0.000207
0.000207
0.000207
0.000207
0.000207
0.000207
0.000207
0.000206
0.000206
0.000206
0.000206
0.000206
0.000206
0.000206
0.000206
0.000206
0.000206
0.000206
0.000206
0.000206
0.000206
0.000206
0.000206
0.000206
0.000206
0.000206
0.000206
0.000206
0.000206
0.000206
0.000206
0.000206
0.000206
0.000206
0.000206
0.000206
0.000206
0.000206
0.000206
0.000206
0.000206
0.000206
0.000205
0.000205
0.000205
0.000205
0.000205
0.000205
0.000205
0.000205
0.000205
0.000205
0.000205
0.000205
0.000205
0.000205
0.000205
0.000205
0.000205
0.000205
0.000205
0.000205
0.000205
0.000205
0.000205
0.000205
0.000205
0.000205
0.000205
0.000205
0.000205
0.000205
0.000205
0.000205
0.000205
0.000205
0.000205
0.000204
0.000204
0.000204
0.000204
0.000204
0.000204
0.000204
0.000204
0.000204
0.000204
0.000204
0.000204
0.000204
0.000204
0.000204
0.000204
0.000204
0.000204
0.000204
0.000204
0.000204
0.000204
0.000204
0.000204
0.000204
0.000204
0.000204
0.000204
0.000204
0.000204
0.000204
0.000204
0.000204
0.000204
0.000204
0.000204
0.000203
0.000203
0.000203
0.000203
0.000203
0.000203
0.000203
0.000203
0.000203
0.000203
0.000203
0.000203
0.000203
0.000203
0.000203
0.000203
0.000203
0.000203
0.000203
0.000203
0.000203
0.000203
0.000203
0.000203
0.000203
0.000203
0.000203
0.000203
0.000203
0.000203
0.000203
0.000203
0.000203
0.000203
0.000203
0.000203
0.000202
0.000202
0.000202
0.000202
0.000202
0.000202
0.000202
0.000202
0.000202
0.000202
0.000202
0.000202
0.000202
0.000202
0.000202
0.000202
0.000202
0.000202
0.000202
0.000202
0.000202
0.000202
0.000202
0.000202
0.000202
0.000202
0.000202
0.000202
0.000202
0.000202
0.000202
0.000202
0.000202
0.000202
0.000202
0.000202
0.000202
0.000201
0.000201
0.000201
0.000201
0.000201
0.000201
0.000201
0.000201
0.000201
0.000201
0.000201
0.000201
0.000201
0.000201
0.000201
0.000201
0.000201
0.000201
0.000201
0.000201
0.000201
0.000201
0.000201
0.000201
0.000201
0.000201
0.000201
0.000201
0.000201
0.000201
0.000201
0.000201
0.000201
0.000201
0.000201
0.000201
0.000200
0.000200
0.000200
0.000200
0.000200
0.000200
0.000200
0.000200
0.000200
0.000200
0.000200
0.000200
0.000200
0.000200
0.000200
0.000200
0.000200
0.000200
0.000200
0.000200
0.000200
0.000200
0.000200
0.000200
0.000200
0.000200
0.000200
0.000200
0.000200
0.000200
0.000200
0.000200
0.000200
0.000200
0.000200
0.000200
0.000200
0.000199
0.000199
0.000199
0.000199
0.000199
0.000199
0.000199
0.000199
0.000199
0.000199
0.000199
0.000199
0.000199
0.000199
0.000199
0.000199
0.000199
0.000199
0.000199
0.000199
0.000199
0.000199
0.000199
0.000199
0.000199
0.000199
0.000199
0.000199
0.000199
0.000199
0.000199
0.000199
0.000199
0.000199
0.000199
0.000199
0.000199
0.000199
0.000198
0.000198
0.000198
0.000198
0.000198
0.000198
0.000198
0.000198
0.000198
0.000198
0.000198
0.000198
0.000198
0.000198
0.000198
0.000198
0.000198
0.000198
0.000198
0.000198
0.000198
0.000198
0.000198
0.000198
0.000198
0.000198
0.000198
0.000198
0.000198
0.000198
0.000198
0.000198
0.000198
0.000198
0.000198
0.000198
0.000198
0.000198
0.000197
0.000197
0.000197
0.000197
0.000197
0.000197
0.000197
0.000197
0.000197
0.000197
0.000197
0.000197
0.000197
0.000197
0.000197
0.000197
0.000197
0.000197
0.000197
0.000197
0.000197
0.000197
0.000197
0.000197
0.000197
0.000197
0.000197
0.000197
0.000197
0.000197
0.000197
0.000197
0.000197
0.000197
0.000197
0.000197
0.000197
0.000197
0.000196
0.000196
0.000196
0.000196
0.000196
0.000196
0.000196
0.000196
0.000196
0.000196
0.000196
0.000196
0.000196
0.000196
0.000196
0.000196
0.000196
0.000196
0.000196
0.000196
0.000196
0.000196
0.000196
0.000196
0.000196
0.000196
0.000196
0.000196
0.000196
0.000196
0.000196
0.000196
0.000196
0.000196
0.000196
0.000196
0.000196
0.000196
0.000195
0.000195
0.000195
0.000195
0.000195
0.000195
0.000195
0.000195
0.000195
0.000195
0.000195
0.000195
0.000195
0.000195
0.000195
0.000195
0.000195
0.000195
0.000195
0.000195
0.000195
0.000195
0.000195
0.000195
0.000195
0.000195
0.000195
0.000195
0.000195
0.000195
0.000195
0.000195
0.000195
0.000195
0.000195
0.000195
0.000195
0.000195
0.000195
0.000194
0.000194
0.000194
0.000194
0.000194
0.000194
0.000194
0.000194
0.000194
0.000194
0.000194
0.000194
0.000194
0.000194
0.000194
0.000194
0.000194
0.000194
0.000194
0.000194
0.000194
0.000194
0.000194
0.000194
0.000194
0.000194
0.000194
0.000194
0.000194
0.000194
0.000194
0.000194
0.000194
0.000194
0.000194
0.000194
0.000194
0.000194
0.000194
0.000194
0.000193
0.000193
0.000193
0.000193
0.000193
0.000193
0.000193
0.000193
0.000193
0.000193
0.000193
0.000193
0.000193
0.000193
0.000193
0.000193
0.000193
0.000193
0.000193
0.000193
0.000193
0.000193
0.000193
0.000193
0.000193
0.000193
0.000193
0.000193
0.000193
0.000193
0.000193
0.000193
0.000193
0.000193
0.000193
0.000193
0.000193
0.000193
0.000193
0.000192
0.000192
0.000192
0.000192
0.000192
0.000192
0.000192
0.000192
0.000192
0.000192
0.000192
0.000192
0.000192
0.000192
0.000192
0.000192
0.000192
0.000192
0.000192
0.000192
0.000192
0.000192
0.000192
0.000192
0.000192
0.000192
0.000192
0.000192
0.000192
0.000192
0.000192
0.000192
0.000192
0.000192
0.000192
0.000192
0.000192
0.000192
0.000192
0.000192
0.000192
0.000191
0.000191
0.000191
0.000191
0.000191
0.000191
0.000191
0.000191
0.000191
0.000191
0.000191
0.000191
0.000191
0.000191
0.000191
0.000191
0.000191
0.000191
0.000191
0.000191
0.000191
0.000191
0.000191
0.000191
0.000191
0.000191
0.000191
0.000191
0.000191
0.000191
0.000191
0.000191
0.000191
0.000191
0.000191
0.000191
0.000191
0.000191
0.000191
0.000191
0.000190
0.000190
0.000190
0.000190
0.000190
0.000190
0.000190
0.000190
0.000190
0.000190
0.000190
0.000190
0.000190
0.000190
0.000190
0.000190
0.000190
0.000190
0.000190
0.000190
0.000190
0.000190
0.000190
0.000190
0.000190
0.000190
0.000190
0.000190
0.000190
0.000190
0.000190
0.000190
0.000190
0.000190
0.000190
0.000190
0.000190
0.000190
0.000190
0.000190
0.000190
0.000189
0.000189
0.000189
0.000189
0.000189
0.000189
0.000189
0.000189
0.000189
0.000189
0.000189
0.000189
0.000189
0.000189
0.000189
0.000189
0.000189
0.000189
0.000189
0.000189
0.000189
0.000189
0.000189
0.000189
0.000189
0.000189
0.000189
0.000189
0.000189
0.000189
0.000189
0.000189
0.000189
0.000189
0.000189
0.000189
0.000189
0.000189
0.000189
0.000189
0.000189
0.000189
0.000188
0.000188
0.000188
0.000188
0.000188
0.000188
0.000188
0.000188
0.000188
0.000188
0.000188
0.000188
0.000188
0.000188
0.000188
0.000188
0.000188
0.000188
0.000188
0.000188
0.000188
0.000188
0.000188
0.000188
0.000188
0.000188
0.000188
0.000188
0.000188
0.000188
0.000188
0.000188
0.000188
0.000188
0.000188
0.000188
0.000188
0.000188
0.000188
0.000188
0.000188
0.000188
0.000187
0.000187
0.000187
0.000187
0.000187
0.000187
0.000187
0.000187
0.000187
0.000187
0.000187
0.000187
0.000187
0.000187
0.000187
0.000187
0.000187
0.000187
0.000187
0.000187
0.000187
0.000187
0.000187
0.000187
0.000187
0.000187
0.000187
0.000187
0.000187
0.000187
0.000187
0.000187
0.000187
0.000187
0.000187
0.000187
0.000187
0.000187
0.000187
0.000187
0.000187
0.000187
0.000186
0.000186
0.000186
0.000186
0.000186
0.000186
0.000186
0.000186
0.000186
0.000186
0.000186
0.000186
0.000186
0.000186
0.000186
0.000186
0.000186
0.000186
0.000186
0.000186
0.000186
0.000186
0.000186
0.000186
0.000186
0.000186
0.000186
0.000186
0.000186
0.000186
0.000186
0.000186
0.000186
0.000186
0.000186
0.000186
0.000186
0.000186
0.000186
0.000186
0.000186
0.000186
0.000186
0.000185
0.000185
0.000185
0.000185
0.000185
0.000185
0.000185
0.000185
0.000185
0.000185
0.000185
0.000185
0.000185
0.000185
0.000185
0.000185
0.000185
0.000185
0.000185
0.000185
0.000185
0.000185
0.000185
0.000185
0.000185
0.000185
0.000185
0.000185
0.000185
0.000185
0.000185
0.000185
0.000185
0.000185
0.000185
0.000185
0.000185
0.000185
0.000185
0.000185
0.000185
0.000185
0.000185
0.000184
0.000184
0.000184
0.000184
0.000184
0.000184
0.000184
0.000184
0.000184
0.000184
0.000184
0.000184
0.000184
0.000184
0.000184
0.000184
0.000184
0.000184
0.000184
0.000184
0.000184
0.000184
0.000184
0.000184
0.000184
0.000184
0.000184
0.000184
0.000184
0.000184
0.000184
0.000184
0.000184
0.000184
0.000184
0.000184
0.000184
0.000184
0.000184
0.000184
0.000184
0.000184
0.000184
0.000183
0.000183
0.000183
0.000183
0.000183
0.000183
0.000183
0.000183
0.000183
0.000183
0.000183
0.000183
0.000183
0.000183
0.000183
0.000183
0.000183
0.000183
0.000183
0.000183
0.000183
0.000183
0.000183
0.000183
0.000183
0.000183
0.000183
0.000183
0.000183
0.000183
0.000183
0.000183
0.000183
0.000183
0.000183
0.000183
0.000183
0.000183
0.000183
0.000183
0.000183
0.000183
0.000183
0.000183
0.000183
0.000182
0.000182
0.000182
0.000182
0.000182
0.000182
0.000182
0.000182
0.000182
0.000182
0.000182
0.000182
0.000182
0.000182
0.000182
0.000182
0.000182
0.000182
0.000182
0.000182
0.000182
0.000182
0.000182
0.000182
0.000182
0.000182
0.000182
0.000182
0.000182
0.000182
0.000182
0.000182
0.000182
0.000182
0.000182
0.000182
0.000182
0.000182
0.000182
0.000182
0.000182
0.000182
0.000182
0.000182
0.000181
0.000181
0.000181
0.000181
0.000181
0.000181
0.000181
0.000181
0.000181
0.000181
0.000181
0.000181
0.000181
0.000181
0.000181
0.000181
0.000181
0.000181
0.000181
0.000181
0.000181
0.000181
0.000181
0.000181
0.000181
0.000181
0.000181
0.000181
0.000181
0.000181
0.000181
0.000181
0.000181
0.000181
0.000181
0.000181
0.000181
0.000181
0.000181
0.000181
0.000181
0.000181
0.000181
0.000181
0.000181
0.000180
0.000180
0.000180
0.000180
0.000180
0.000180
0.000180
0.000180
0.000180
0.000180
0.000180
0.000180
0.000180
0.000180
0.000180
0.000180
0.000180
0.000180
0.000180
0.000180
0.000180
0.000180
0.000180
0.000180
0.000180
0.000180
0.000180
0.000180
0.000180
0.000180
0.000180
0.000180
0.000180
0.000180
0.000180
0.000180
0.000180
0.000180
0.000180
0.000180
0.000180
0.000180
0.000180
0.000180
0.000180
0.000180
0.000179
0.000179
0.000179
0.000179
0.000179
0.000179
0.000179
0.000179
0.000179
0.000179
0.000179
0.000179
0.000179
0.000179
0.000179
0.000179
0.000179
0.000179
0.000179
0.000179
0.000179
0.000179
0.000179
0.000179
0.000179
0.000179
0.000179
0.000179
0.000179
0.000179
0.000179
0.000179
0.000179
0.000179
0.000179
0.000179
0.000179
0.000179
0.000179
0.000179
0.000179
0.000179
0.000179
0.000179
0.000179
0.000179
0.000178
0.000178
0.000178
0.000178
0.000178
0.000178
0.000178
0.000178
0.000178
0.000178
0.000178
0.000178
0.000178
0.000178
0.000178
0.000178
0.000178
0.000178
0.000178
0.000178
0.000178
0.000178
0.000178
0.000178
0.000178
0.000178
0.000178
0.000178
0.000178
0.000178
0.000178
0.000178
0.000178
0.000178
0.000178
0.000178
0.000178
0.000178
0.000178
0.000178
0.000178
0.000178
0.000178
0.000178
0.000178
0.000178
0.000177
0.000177
0.000177
0.000177
0.000177
0.000177
0.000177
0.000177
0.000177
0.000177
0.000177
0.000177
0.000177
0.000177
0.000177
0.000177
0.000177
0.000177
0.000177
0.000177
0.000177
0.000177
0.000177
0.000177
0.000177
0.000177
0.000177
0.000177
0.000177
0.000177
0.000177
0.000177
0.000177
0.000177
0.000177
0.000177
0.000177
0.000177
0.000177
0.000177
0.000177
0.000177
0.000177
0.000177
0.000177
0.000177
0.000177
0.000177
0.000176
0.000176
0.000176
0.000176
0.000176
0.000176
0.000176
0.000176
0.000176
0.000176
0.000176
0.000176
0.000176
0.000176
0.000176
0.000176
0.000176
0.000176
0.000176
0.000176
0.000176
0.000176
0.000176
0.000176
0.000176
0.000176
0.000176
0.000176
0.000176
0.000176
0.000176
0.000176
0.000176
0.000176
0.000176
0.000176
0.000176
0.000176
0.000176
0.000176
0.000176
0.000176
0.000176
0.000176
0.000176
0.000176
0.000176
0.000175
0.000175
0.000175
0.000175
0.000175
0.000175
0.000175
0.000175
0.000175
0.000175
0.000175
0.000175
0.000175
0.000175
0.000175
0.000175
0.000175
0.000175
0.000175
0.000175
0.000175
0.000175
0.000175
0.000175
0.000175
0.000175
0.000175
0.000175
0.000175
0.000175
0.000175
0.000175
0.000175
0.000175
0.000175
0.000175
0.000175
0.000175
0.000175
0.000175
0.000175
0.000175
0.000175
0.000175
0.000175
0.000175
0.000175
0.000175
0.000174
0.000174
0.000174
0.000174
0.000174
0.000174
0.000174
0.000174
0.000174
0.000174
0.000174
0.000174
0.000174
0.000174
0.000174
0.000174
0.000174
0.000174
0.000174
0.000174
0.000174
0.000174
0.000174
0.000174
0.000174
0.000174
0.000174
0.000174
0.000174
0.000174
0.000174
0.000174
0.000174
0.000174
0.000174
0.000174
0.000174
0.000174
0.000174
0.000174
0.000174
0.000174
0.000174
0.000174
0.000174
0.000174
0.000174
0.000174
0.000174
0.000173
0.000173
0.000173
0.000173
0.000173
0.000173
0.000173
0.000173
0.000173
0.000173
0.000173
0.000173
0.000173
0.000173
0.000173
0.000173
0.000173
0.000173
0.000173
0.000173
0.000173
0.000173
0.000173
0.000173
0.000173
0.000173
0.000173
0.000173
0.000173
0.000173
0.000173
0.000173
0.000173
0.000173
0.000173
0.000173
0.000173
0.000173
0.000173
0.000173
0.000173
0.000173
0.000173
0.000173
0.000173
0.000173
0.000173
0.000173
0.000173
0.000172
0.000172
0.000172
0.000172
0.000172
0.000172
0.000172
0.000172
0.000172
0.000172
0.000172
0.000172
0.000172
0.000172
0.000172
0.000172
0.000172
0.000172
0.000172
0.000172
0.000172
0.000172
0.000172
0.000172
0.000172
0.000172
0.000172
0.000172
0.000172
0.000172
0.000172
0.000172
0.000172
0.000172
0.000172
0.000172
0.000172
0.000172
0.000172
0.000172
0.000172
0.000172
0.000172
0.000172
0.000172
0.000172
0.000172
0.000172
0.000172
0.000172
0.000171
0.000171
0.000171
0.000171
0.000171
0.000171
0.000171
0.000171
0.000171
0.000171
0.000171
0.000171
0.000171
0.000171
0.000171
0.000171
0.000171
0.000171
0.000171
0.000171
0.000171
0.000171
0.000171
0.000171
0.000171
0.000171
0.000171
0.000171
0.000171
0.000171
0.000171
0.000171
0.000171
0.000171
0.000171
0.000171
0.000171
0.000171
0.000171
0.000171
0.000171
0.000171
0.000171
0.000171
0.000171
0.000171
0.000171
0.000171
0.000171
0.000171
0.000170
0.000170
0.000170
0.000170
0.000170
0.000170
0.000170
0.000170
0.000170
0.000170
0.000170
0.000170
0.000170
0.000170
0.000170
0.000170
0.000170
0.000170
0.000170
0.000170
0.000170
0.000170
0.000170
0.000170
0.000170
0.000170
0.000170
0.000170
0.000170
0.000170
0.000170
0.000170
0.000170
0.000170
0.000170
0.000170
0.000170
0.000170
0.000170
0.000170
0.000170
0.000170
0.000170
0.000170
0.000170
0.000170
0.000170
0.000170
0.000170
0.000170
0.000170
0.000169
0.000169
0.000169
0.000169
0.000169
0.000169
0.000169
0.000169
0.000169
0.000169
0.000169
0.000169
0.000169
0.000169
0.000169
0.000169
0.000169
0.000169
0.000169
0.000169
0.000169
0.000169
0.000169
0.000169
0.000169
0.000169
0.000169
0.000169
0.000169
0.000169
0.000169
0.000169
0.000169
0.000169
0.000169
0.000169
0.000169
0.000169
0.000169
0.000169
0.000169
0.000169
0.000169
0.000169
0.000169
0.000169
0.000169
0.000169
0.000169
0.000169
0.000169
0.000169
0.000168
0.000168
0.000168
0.000168
0.000168
0.000168
0.000168
0.000168
0.000168
0.000168
0.000168
0.000168
0.000168
0.000168
0.000168
0.000168
0.000168
0.000168
0.000168
0.000168
0.000168
0.000168
0.000168
0.000168
0.000168
0.000168
0.000168
0.000168
0.000168
0.000168
0.000168
0.000168
0.000168
0.000168
0.000168
0.000168
0.000168
0.000168
0.000168
0.000168
0.000168
0.000168
0.000168
0.000168
0.000168
0.000168
0.000168
0.000168
0.000168
0.000168
0.000168
0.000168
0.000167
0.000167
0.000167
0.000167
0.000167
0.000167
0.000167
0.000167
0.000167
0.000167
0.000167
0.000167
0.000167
0.000167
0.000167
0.000167
0.000167
0.000167
0.000167
0.000167
0.000167
0.000167
0.000167
0.000167
0.000167
0.000167
0.000167
0.000167
0.000167
0.000167
0.000167
0.000167
0.000167
0.000167
0.000167
0.000167
0.000167
0.000167
0.000167
0.000167
0.000167
0.000167
0.000167
0.000167
0.000167
0.000167
0.000167
0.000167
0.000167
0.000167
0.000167
0.000167
0.000167
0.000166
0.000166
0.000166
0.000166
0.000166
0.000166
0.000166
0.000166
0.000166
0.000166
0.000166
0.000166
0.000166
0.000166
0.000166
0.000166
0.000166
0.000166
0.000166
0.000166
0.000166
0.000166
0.000166
0.000166
0.000166
0.000166
0.000166
0.000166
0.000166
0.000166
0.000166
0.000166
0.000166
0.000166
0.000166
0.000166
0.000166
0.000166
0.000166
0.000166
0.000166
0.000166
0.000166
0.000166
0.000166
0.000166
0.000166
0.000166
0.000166
0.000166
0.000166
0.000166
0.000166
0.000165
0.000165
0.000165
0.000165
0.000165
0.000165
0.000165
0.000165
0.000165
0.000165
0.000165
0.000165
0.000165
0.000165
0.000165
0.000165
0.000165
0.000165
0.000165
0.000165
0.000165
0.000165
0.000165
0.000165
0.000165
0.000165
0.000165
0.000165
0.000165
0.000165
0.000165
0.000165
0.000165
0.000165
0.000165
0.000165
0.000165
0.000165
