15.084768
14.942737
14.811242
14.702102
14.592790
14.474058
14.341612
14.192015
14.022377
13.833347
13.629652
13.415374
13.193244
12.968311
12.747760
12.541666
12.367013
12.243790
12.177527
12.150199
12.133411
12.104941
12.053010
11.973647
11.868969
11.745111
11.607286
11.459974
11.310349
11.166154
11.035741
10.922886
10.825651
10.751412
10.693205
10.589416
10.400341
10.180746
9.968509
9.705340
9.452053
9.234547
9.025016
8.784435
8.495282
8.164699
7.830576
7.540405
6.985100
6.590049
6.406860
6.434634
6.599190
6.543550
6.232556
6.248251
5.994620
5.908222
6.234506
5.948788
5.990695
5.670226
5.945926
5.692982
5.728497
6.078392
5.751334
5.548898
5.445821
5.689091
5.351827
5.563573
5.451339
5.364047
5.338080
5.316070
5.280162
5.271731
5.236278
5.169431
5.134004
5.159467
5.084756
5.108814
4.941564
4.861974
5.227230
4.742767
5.553595
4.642725
4.626687
4.854916
4.567616
4.434812
4.256462
4.062523
3.865655
3.676822
3.569612
3.625906
3.844971
3.673092
3.461398
3.585346
3.227997
3.431664
4.065652
3.584024
3.267392
3.440038
3.293668
3.550299
2.987388
3.746444
3.344903
3.836978
4.314043
3.958621
3.760563
3.500465
3.066210
3.259718
3.067845
3.250731
3.225470
3.122323
3.045404
3.050234
3.026068
3.000239
2.979281
2.959354
2.939175
2.918028
2.895673
2.872126
2.847501
2.821949
2.795654
2.768810
2.741630
2.714339
2.687153
2.660244
2.633731
2.607673
2.582123
2.557112
2.532743
2.509019
2.486084
2.463402
2.440632
2.413572
2.374009
2.263911
2.161426
2.134427
2.470641
3.062505
2.270662
2.017794
2.502146
2.946403
2.934308
2.633442
2.726537
3.205154
2.676832
2.338085
2.719688
2.878226
1.868750
2.638895
2.200016
2.400200
2.088337
1.886764
1.821350
2.235793
3.179799
2.406362
2.801802
3.269665
2.457736
2.132496
2.394694
3.979673
1.648707
2.258822
1.723909
1.720024
1.464337
1.648377
1.187581
1.276673
1.208306
1.253922
1.104596
0.795509
1.253070
0.769712
0.692431
0.788451
0.749091
0.726996
0.705078
0.700620
0.689478
0.678445
0.671855
0.669860
0.670633
0.672283
0.673525
0.673618
0.672217
0.669423
0.665758
0.661961
0.658688
0.656313
0.654903
0.654329
0.654385
0.654883
0.655787
0.657596
0.662561
0.676337
0.689894
0.672610
0.657573
0.660115
0.658586
0.627596
0.664280
0.561009
0.644554
0.713217
0.449602
0.812863
5.725980
5.856466
2.770676
2.174392
6.724257
3.392421
2.708577
1.921462
2.511417
3.406008
3.741094
2.351018
2.829850
1.738514
2.710164
1.758996
2.443410
1.545073
1.322529
1.479849
0.919946
0.857845
0.902578
0.550811
0.650466
0.615125
0.473203
0.486539
0.521900
0.604645
0.584295
0.443897
0.232269
0.579319
1.272619
3.421382
3.804579
1.514854
2.179742
0.736673
1.824944
0.335266
0.392306
1.077506
1.238072
0.201628
0.401034
0.472299
0.505857
0.526441
0.484278
0.197646
0.243882
0.387339
1.120918
0.606582
0.473452
0.280705
0.511686
0.052987
0.136660
0.011251
0.009739
0.008762
0.008060
0.007519
0.007080
0.006713
0.006398
0.006124
0.005882
0.005665
0.005470
0.005293
0.005131
0.004983
0.004845
0.004718
0.004600
0.004490
0.004386
0.004289
0.004198
0.004111
0.004030
0.003953
0.003879
0.003809
0.003743
0.003679
0.003619
0.003560
0.003505
0.003452
0.003400
0.003351
0.003304
0.003258
0.003214
0.003172
0.003131
0.003091
0.003053
0.003015
0.002980
0.002945
0.002911
0.002878
0.002846
0.002815
0.002785
0.002756
0.002728
0.002700
0.002673
0.002646
0.002621
0.002596
0.002571
0.002547
0.002524
0.002501
0.002479
0.002457
0.002436
0.002415
0.002395
0.002375
0.002356
0.002336
0.002318
0.002299
0.002281
0.002264
0.002246
0.002229
0.002213
0.002196
0.002180
0.002165
0.002149
0.002134
0.002119
0.002104
0.002090
0.002076
0.002062
0.002048
0.002034
0.002021
0.002008
0.001995
0.001982
0.001970
0.001958
0.001945
0.001933
0.001922
0.001910
0.001899
0.001887
0.001876
0.001865
0.001855
0.001844
0.001833
0.001823
0.001813
0.001803
0.001793
0.001783
0.001773
0.001764
0.001754
0.001745
0.001736
0.001727
0.001718
0.001709
0.001700
0.001691
0.001683
0.001674
0.001666
0.001658
0.001649
0.001641
0.001633
0.001625
0.001618
0.001610
0.001602
0.001595
0.001587
0.001580
0.001572
0.001565
0.001558
0.001551
0.001544
0.001537
0.001530
0.001523
0.001517
0.001510
0.001503
0.001497
0.001490
0.001484
0.001478
0.001471
0.001465
0.001459
0.001453
0.001447
0.001441
0.001435
0.001429
0.001423
0.001418
0.001412
0.001406
0.001401
0.001395
0.001390
0.001384
0.001379
0.001373
0.001368
0.001363
0.001357
0.001352
0.001347
0.001342
0.001337
0.001332
0.001327
0.001322
0.001317
0.001312
0.001308
0.001303
0.001298
0.001293
0.001289
0.001284
0.001280
0.001275
0.001271
0.001266
0.001262
0.001257
0.001253
0.001249
0.001244
0.001240
0.001236
0.001232
0.001227
0.001223
0.001219
0.001215
0.001211
0.001207
0.001203
0.001199
0.001195
0.001191
0.001187
0.001184
0.001180
0.001176
0.001172
0.001168
0.001165
0.001161
0.001157
0.001154
0.001150
0.001147
0.001143
0.001139
0.001136
0.001132
0.001129
0.001126
0.001122
0.001119
0.001115
0.001112
0.001109
0.001105
0.001102
0.001099
0.001096
0.001092
0.001089
0.001086
0.001083
0.001080
0.001077
0.001073
0.001070
0.001067
0.001064
0.001061
0.001058
0.001055
0.001052
0.001049
0.001046
0.001043
0.001041
0.001038
0.001035
0.001032
0.001029
0.001026
0.001023
0.001021
0.001018
0.001015
0.001012
0.001010
0.001007
0.001004
0.001002
0.000999
0.000996
0.000994
0.000991
0.000989
0.000986
0.000983
0.000981
0.000978
0.000976
0.000973
0.000971
0.000968
0.000966
0.000963
0.000961
0.000959
0.000956
0.000954
0.000951
0.000949
0.000947
0.000944
0.000942
0.000940
0.000937
0.000935
0.000933
0.000930
0.000928
0.000926
0.000924
0.000921
0.000919
0.000917
0.000915
0.000913
0.000910
0.000908
0.000906
0.000904
0.000902
0.000900
0.000898
0.000896
0.000893
0.000891
0.000889
0.000887
0.000885
0.000883
0.000881
0.000879
0.000877
0.000875
0.000873
0.000871
0.000869
0.000867
0.000865
0.000863
0.000861
0.000860
0.000858
0.000856
0.000854
0.000852
0.000850
0.000848
0.000846
0.000845
0.000843
0.000841
0.000839
0.000837
0.000835
0.000834
0.000832
0.000830
0.000828
0.000826
0.000825
0.000823
0.000821
0.000820
0.000818
0.000816
0.000814
0.000813
0.000811
0.000809
0.000808
0.000806
0.000804
0.000803
0.000801
0.000799
0.000798
0.000796
0.000794
0.000793
0.000791
0.000790
0.000788
0.000786
0.000785
0.000783
0.000782
0.000780
0.000779
0.000777
0.000775
0.000774
0.000772
0.000771
0.000769
0.000768
0.000766
0.000765
0.000763
0.000762
0.000760
0.000759
0.000757
0.000756
0.000755
0.000753
0.000752
0.000750
0.000749
0.000747
0.000746
0.000745
0.000743
0.000742
0.000740
0.000739
0.000738
0.000736
0.000735
0.000733
0.000732
0.000731
0.000729
0.000728
0.000727
0.000725
0.000724
0.000723
0.000721
0.000720
0.000719
0.000717
0.000716
0.000715
0.000713
0.000712
0.000711
0.000710
0.000708
0.000707
0.000706
0.000705
0.000703
0.000702
0.000701
0.000700
0.000698
0.000697
0.000696
0.000695
0.000693
0.000692
0.000691
0.000690
0.000689
0.000687
0.000686
0.000685
0.000684
0.000683
0.000682
0.000680
0.000679
0.000678
0.000677
0.000676
0.000675
0.000673
0.000672
0.000671
0.000670
0.000669
0.000668
0.000667
0.000666
0.000664
0.000663
0.000662
0.000661
0.000660
0.000659
0.000658
0.000657
0.000656
0.000655
0.000654
0.000652
0.000651
0.000650
0.000649
0.000648
0.000647
0.000646
0.000645
0.000644
0.000643
0.000642
0.000641
0.000640
0.000639
0.000638
0.000637
0.000636
0.000635
0.000634
0.000633
0.000632
0.000631
0.000630
0.000629
0.000628
0.000627
0.000626
0.000625
0.000624
0.000623
0.000622
0.000621
0.000620
0.000619
0.000618
0.000617
0.000616
0.000615
0.000614
0.000613
0.000612
0.000611
0.000611
0.000610
0.000609
0.000608
0.000607
0.000606
0.000605
0.000604
0.000603
0.000602
0.000601
0.000601
0.000600
0.000599
0.000598
0.000597
0.000596
0.000595
0.000594
0.000593
0.000593
0.000592
0.000591
0.000590
0.000589
0.000588
0.000587
0.000586
0.000586
0.000585
0.000584
0.000583
0.000582
0.000581
0.000581
0.000580
0.000579
0.000578
0.000577
0.000576
0.000576
0.000575
0.000574
0.000573
0.000572
0.000571
0.000571
0.000570
0.000569
0.000568
0.000567
0.000567
0.000566
0.000565
0.000564
0.000564
0.000563
0.000562
0.000561
0.000560
0.000560
0.000559
0.000558
0.000557
0.000557
0.000556
0.000555
0.000554
0.000553
0.000553
0.000552
0.000551
0.000550
0.000550
0.000549
0.000548
0.000547
0.000547
0.000546
0.000545
0.000545
0.000544
0.000543
0.000542
0.000542
0.000541
0.000540
0.000539
0.000539
0.000538
0.000537
0.000537
0.000536
0.000535
0.000534
0.000534
0.000533
0.000532
0.000532
0.000531
0.000530
0.000530
0.000529
0.000528
0.000528
0.000527
0.000526
0.000525
0.000525
0.000524
0.000523
0.000523
0.000522
0.000521
0.000521
0.000520
0.000519
0.000519
0.000518
0.000517
0.000517
0.000516
0.000515
0.000515
0.000514
0.000514
0.000513
0.000512
0.000512
0.000511
0.000510
0.000510
0.000509
0.000508
0.000508
0.000507
0.000506
0.000506
0.000505
0.000505
0.000504
0.000503
0.000503
0.000502
0.000501
0.000501
0.000500
0.000500
0.000499
0.000498
0.000498
0.000497
0.000497
0.000496
0.000495
0.000495
0.000494
0.000494
0.000493
0.000492
0.000492
0.000491
0.000491
0.000490
0.000489
0.000489
0.000488
0.000488
0.000487
0.000487
0.000486
0.000485
0.000485
0.000484
0.000484
0.000483
0.000482
0.000482
0.000481
0.000481
0.000480
0.000480
0.000479
0.000479
0.000478
0.000477
0.000477
0.000476
0.000476
0.000475
0.000475
0.000474
0.000474
0.000473
0.000472
0.000472
0.000471
0.000471
0.000470
0.000470
0.000469
0.000469
0.000468
0.000468
0.000467
0.000467
0.000466
0.000465
0.000465
0.000464
0.000464
0.000463
0.000463
0.000462
0.000462
0.000461
0.000461
0.000460
0.000460
0.000459
0.000459
0.000458
0.000458
0.000457
0.000457
0.000456
0.000456
0.000455
0.000455
0.000454
0.000454
0.000453
0.000453
0.000452
0.000452
0.000451
0.000451
0.000450
0.000450
0.000449
0.000449
0.000448
0.000448
0.000447
0.000447
0.000446
0.000446
0.000445
0.000445
0.000444
0.000444
0.000443
0.000443
0.000442
0.000442
0.000441
0.000441
0.000440
0.000440
0.000440
0.000439
0.000439
0.000438
0.000438
0.000437
0.000437
0.000436
0.000436
0.000435
0.000435
0.000434
0.000434
0.000433
0.000433
0.000433
0.000432
0.000432
0.000431
0.000431
0.000430
0.000430
0.000429
0.000429
0.000429
0.000428
0.000428
0.000427
0.000427
0.000426
0.000426
0.000425
0.000425
0.000425
0.000424
0.000424
0.000423
0.000423
0.000422
0.000422
0.000422
0.000421
0.000421
0.000420
0.000420
0.000419
0.000419
0.000419
0.000418
0.000418
0.000417
0.000417
0.000416
0.000416
0.000416
0.000415
0.000415
0.000414
0.000414
0.000413
0.000413
0.000413
0.000412
0.000412
0.000411
0.000411
0.000411
0.000410
0.000410
0.000409
0.000409
0.000409
0.000408
0.000408
0.000407
0.000407
0.000407
0.000406
0.000406
0.000405
0.000405
0.000405
0.000404
0.000404
0.000403
0.000403
0.000403
0.000402
0.000402
0.000401
0.000401
0.000401
0.000400
0.000400
0.000399
0.000399
0.000399
0.000398
0.000398
0.000398
0.000397
0.000397
0.000396
0.000396
0.000396
0.000395
0.000395
0.000395
0.000394
0.000394
0.000393
0.000393
0.000393
0.000392
0.000392
0.000392
0.000391
0.000391
0.000390
0.000390
0.000390
0.000389
0.000389
0.000389
0.000388
0.000388
0.000387
0.000387
0.000387
0.000386
0.000386
0.000386
0.000385
0.000385
0.000385
0.000384
0.000384
0.000384
0.000383
0.000383
0.000382
0.000382
0.000382
0.000381
0.000381
0.000381
0.000380
0.000380
0.000380
0.000379
0.000379
0.000379
0.000378
0.000378
0.000378
0.000377
0.000377
0.000377
0.000376
0.000376
0.000376
0.000375
0.000375
0.000375
0.000374
0.000374
0.000374
0.000373
0.000373
0.000373
0.000372
0.000372
0.000371
0.000371
0.000371
0.000371
0.000370
0.000370
0.000370
0.000369
0.000369
0.000369
0.000368
0.000368
0.000368
0.000367
0.000367
0.000367
0.000366
0.000366
0.000366
0.000365
0.000365
0.000365
0.000364
0.000364
0.000364
0.000363
0.000363
0.000363
0.000362
0.000362
0.000362
0.000361
0.000361
0.000361
0.000361
0.000360
0.000360
0.000360
0.000359
0.000359
0.000359
0.000358
0.000358
0.000358
0.000357
0.000357
0.000357
0.000357
0.000356
0.000356
0.000356
0.000355
0.000355
0.000355
0.000354
0.000354
0.000354
0.000353
0.000353
0.000353
0.000353
0.000352
0.000352
0.000352
0.000351
0.000351
0.000351
0.000350
0.000350
0.000350
0.000350
0.000349
0.000349
0.000349
0.000348
0.000348
0.000348
0.000348
0.000347
0.000347
0.000347
0.000346
0.000346
0.000346
0.000346
0.000345
0.000345
0.000345
0.000344
0.000344
0.000344
0.000344
0.000343
0.000343
0.000343
0.000342
0.000342
0.000342
0.000342
0.000341
0.000341
0.000341
0.000340
0.000340
0.000340
0.000340
0.000339
0.000339
0.000339
0.000339
0.000338
0.000338
0.000338
0.000337
0.000337
0.000337
0.000337
0.000336
0.000336
0.000336
0.000336
0.000335
0.000335
0.000335
0.000334
0.000334
0.000334
0.000334
0.000333
0.000333
0.000333
0.000333
0.000332
0.000332
0.000332
0.000332
0.000331
0.000331
0.000331
0.000330
0.000330
0.000330
0.000330
0.000329
0.000329
0.000329
0.000329
0.000328
0.000328
0.000328
0.000328
0.000327
0.000327
0.000327
0.000327
0.000326
0.000326
0.000326
0.000326
0.000325
0.000325
0.000325
0.000325
0.000324
0.000324
0.000324
0.000324
0.000323
0.000323
0.000323
0.000323
0.000322
0.000322
0.000322
0.000322
0.000321
0.000321
0.000321
0.000321
0.000320
0.000320
0.000320
0.000320
0.000319
0.000319
0.000319
0.000319
0.000318
0.000318
0.000318
0.000318
0.000317
0.000317
0.000317
0.000317
0.000316
0.000316
0.000316
0.000316
0.000315
0.000315
0.000315
0.000315
0.000315
0.000314
0.000314
0.000314
0.000314
0.000313
0.000313
0.000313
0.000313
0.000312
0.000312
0.000312
0.000312
0.000311
0.000311
0.000311
0.000311
0.000311
0.000310
0.000310
0.000310
0.000310
0.000309
0.000309
0.000309
0.000309
0.000308
0.000308
0.000308
0.000308
0.000308
0.000307
0.000307
0.000307
0.000307
0.000306
0.000306
0.000306
0.000306
0.000306
0.000305
0.000305
0.000305
0.000305
0.000304
0.000304
0.000304
0.000304
0.000304
0.000303
0.000303
0.000303
0.000303
0.000302
0.000302
0.000302
0.000302
0.000302
0.000301
0.000301
0.000301
0.000301
0.000301
0.000300
0.000300
0.000300
0.000300
0.000299
0.000299
0.000299
0.000299
0.000299
0.000298
0.000298
0.000298
0.000298
0.000298
0.000297
0.000297
0.000297
0.000297
0.000296
0.000296
0.000296
0.000296
0.000296
0.000295
0.000295
0.000295
0.000295
0.000295
0.000294
0.000294
0.000294
0.000294
0.000294
0.000293
0.000293
0.000293
0.000293
0.000293
0.000292
0.000292
0.000292
0.000292
0.000292
0.000291
0.000291
0.000291
0.000291
0.000291
0.000290
0.000290
0.000290
0.000290
0.000290
0.000289
0.000289
0.000289
0.000289
0.000289
0.000288
0.000288
0.000288
0.000288
0.000288
0.000287
0.000287
0.000287
0.000287
0.000287
0.000286
0.000286
0.000286
0.000286
0.000286
0.000285
0.000285
0.000285
0.000285
0.000285
0.000284
0.000284
0.000284
0.000284
0.000284
0.000283
0.000283
0.000283
0.000283
0.000283
0.000282
0.000282
0.000282
0.000282
0.000282
0.000282
0.000281
0.000281
0.000281
0.000281
0.000281
0.000280
0.000280
0.000280
0.000280
0.000280
0.000279
0.000279
0.000279
0.000279
0.000279
0.000279
0.000278
0.000278
0.000278
0.000278
0.000278
0.000277
0.000277
0.000277
0.000277
0.000277
0.000277
0.000276
0.000276
0.000276
0.000276
0.000276
0.000275
0.000275
0.000275
0.000275
0.000275
0.000275
0.000274
0.000274
0.000274
0.000274
0.000274
0.000273
0.000273
0.000273
0.000273
0.000273
0.000273
0.000272
0.000272
0.000272
0.000272
0.000272
0.000272
0.000271
0.000271
0.000271
0.000271
0.000271
0.000270
0.000270
0.000270
0.000270
0.000270
0.000270
0.000269
0.000269
0.000269
0.000269
0.000269
0.000269
0.000268
0.000268
0.000268
0.000268
0.000268
0.000268
0.000267
0.000267
0.000267
0.000267
0.000267
0.000267
0.000266
0.000266
0.000266
0.000266
0.000266
0.000266
0.000265
0.000265
0.000265
0.000265
0.000265
0.000265
0.000264
0.000264
0.000264
0.000264
0.000264
0.000264
0.000263
0.000263
0.000263
0.000263
0.000263
0.000263
0.000262
0.000262
0.000262
0.000262
0.000262
0.000262
0.000261
0.000261
0.000261
0.000261
0.000261
0.000261
0.000260
0.000260
0.000260
0.000260
0.000260
0.000260
0.000259
0.000259
0.000259
0.000259
0.000259
0.000259
0.000258
0.000258
0.000258
0.000258
0.000258
0.000258
0.000258
0.000257
0.000257
0.000257
0.000257
0.000257
0.000257
0.000256
0.000256
0.000256
0.000256
0.000256
0.000256
0.000256
0.000255
0.000255
0.000255
0.000255
0.000255
0.000255
0.000254
0.000254
0.000254
0.000254
0.000254
0.000254
0.000254
0.000253
0.000253
0.000253
0.000253
0.000253
0.000253
0.000252
0.000252
0.000252
0.000252
0.000252
0.000252
0.000252
0.000251
0.000251
0.000251
0.000251
0.000251
0.000251
0.000250
0.000250
0.000250
0.000250
0.000250
0.000250
0.000250
0.000249
0.000249
0.000249
0.000249
0.000249
0.000249
0.000249
0.000248
0.000248
0.000248
0.000248
0.000248
0.000248
0.000248
0.000247
0.000247
0.000247
0.000247
0.000247
0.000247
0.000247
0.000246
0.000246
0.000246
0.000246
0.000246
0.000246
0.000246
0.000245
0.000245
0.000245
0.000245
0.000245
0.000245
0.000245
0.000244
0.000244
0.000244
0.000244
0.000244
0.000244
0.000244
0.000243
0.000243
0.000243
0.000243
0.000243
0.000243
0.000243
0.000242
0.000242
0.000242
0.000242
0.000242
0.000242
0.000242
0.000241
0.000241
0.000241
0.000241
0.000241
0.000241
0.000241
0.000240
0.000240
0.000240
0.000240
0.000240
0.000240
0.000240
0.000240
0.000239
0.000239
0.000239
0.000239
0.000239
0.000239
0.000239
0.000238
0.000238
0.000238
0.000238
0.000238
0.000238
0.000238
0.000237
0.000237
0.000237
0.000237
0.000237
0.000237
0.000237
0.000237
0.000236
0.000236
0.000236
0.000236
0.000236
0.000236
0.000236
0.000236
0.000235
0.000235
0.000235
0.000235
0.000235
0.000235
0.000235
0.000234
0.000234
0.000234
0.000234
0.000234
0.000234
0.000234
0.000234
0.000233
0.000233
0.000233
0.000233
0.000233
0.000233
0.000233
0.000233
0.000232
0.000232
0.000232
0.000232
0.000232
0.000232
0.000232
0.000232
0.000231
0.000231
0.000231
0.000231
0.000231
0.000231
0.000231
0.000230
0.000230
0.000230
0.000230
0.000230
0.000230
0.000230
0.000230
0.000229
0.000229
0.000229
0.000229
0.000229
0.000229
0.000229
0.000229
0.000228
0.000228
0.000228
0.000228
0.000228
0.000228
0.000228
0.000228
0.000228
0.000227
0.000227
0.000227
0.000227
0.000227
0.000227
0.000227
0.000227
0.000226
0.000226
0.000226
0.000226
0.000226
0.000226
0.000226
0.000226
0.000225
0.000225
0.000225
0.000225
0.000225
0.000225
0.000225
0.000225
0.000224
0.000224
0.000224
0.000224
0.000224
0.000224
0.000224
0.000224
0.000224
0.000223
0.000223
0.000223
0.000223
0.000223
0.000223
0.000223
0.000223
0.000222
0.000222
0.000222
0.000222
0.000222
0.000222
0.000222
0.000222
0.000222
0.000221
0.000221
0.000221
0.000221
0.000221
0.000221
0.000221
0.000221
0.000220
0.000220
0.000220
0.000220
0.000220
0.000220
0.000220
0.000220
0.000220
0.000219
0.000219
0.000219
0.000219
0.000219
0.000219
0.000219
0.000219
0.000219
0.000218
0.000218
0.000218
0.000218
0.000218
0.000218
0.000218
0.000218
0.000218
0.000217
0.000217
0.000217
0.000217
0.000217
0.000217
0.000217
0.000217
0.000217
0.000216
0.000216
0.000216
0.000216
0.000216
0.000216
0.000216
0.000216
0.000216
0.000215
0.000215
0.000215
0.000215
0.000215
0.000215
0.000215
0.000215
0.000215
0.000214
0.000214
0.000214
0.000214
0.000214
0.000214
0.000214
0.000214
0.000214
0.000213
0.000213
0.000213
0.000213
0.000213
0.000213
0.000213
0.000213
0.000213
0.000213
0.000212
0.000212
0.000212
0.000212
0.000212
0.000212
0.000212
0.000212
0.000212
0.000211
0.000211
0.000211
0.000211
0.000211
0.000211
0.000211
0.000211
0.000211
0.000211
0.000210
0.000210
0.000210
0.000210
0.000210
0.000210
0.000210
0.000210
0.000210
0.000209
0.000209
0.000209
0.000209
0.000209
0.000209
0.000209
0.000209
0.000209
0.000209
0.000208
0.000208
0.000208
0.000208
0.000208
0.000208
0.000208
0.000208
0.000208
0.000208
0.000207
0.000207
0.000207
0.000207
0.000207
0.000207
0.000207
0.000207
0.000207
0.000206
0.000206
0.000206
0.000206
0.000206
0.000206
0.000206
0.000206
0.000206
0.000206
0.000205
0.000205
0.000205
0.000205
0.000205
0.000205
0.000205
0.000205
0.000205
0.000205
0.000204
0.000204
0.000204
0.000204
0.000204
0.000204
0.000204
0.000204
0.000204
0.000204
0.000204
0.000203
0.000203
0.000203
0.000203
0.000203
0.000203
0.000203
0.000203
0.000203
0.000203
0.000202
0.000202
0.000202
0.000202
0.000202
0.000202
0.000202
0.000202
0.000202
0.000202
0.000201
0.000201
0.000201
0.000201
0.000201
0.000201
0.000201
0.000201
0.000201
0.000201
0.000201
0.000200
0.000200
0.000200
0.000200
0.000200
0.000200
0.000200
0.000200
0.000200
0.000200
0.000199
0.000199
0.000199
0.000199
0.000199
0.000199
0.000199
0.000199
0.000199
0.000199
0.000199
0.000198
0.000198
0.000198
0.000198
0.000198
0.000198
0.000198
0.000198
0.000198
0.000198
0.000198
0.000197
0.000197
0.000197
0.000197
0.000197
0.000197
0.000197
0.000197
0.000197
0.000197
0.000197
0.000196
0.000196
0.000196
0.000196
0.000196
0.000196
0.000196
0.000196
0.000196
0.000196
0.000196
0.000195
0.000195
0.000195
0.000195
0.000195
0.000195
0.000195
0.000195
0.000195
0.000195
0.000195
0.000194
0.000194
0.000194
0.000194
0.000194
0.000194
0.000194
0.000194
0.000194
0.000194
0.000194
0.000193
0.000193
0.000193
0.000193
0.000193
0.000193
0.000193
0.000193
0.000193
0.000193
0.000193
0.000193
0.000192
0.000192
0.000192
0.000192
0.000192
0.000192
0.000192
0.000192
0.000192
0.000192
0.000192
0.000191
0.000191
0.000191
0.000191
0.000191
0.000191
0.000191
0.000191
0.000191
0.000191
0.000191
0.000191
0.000190
0.000190
0.000190
0.000190
0.000190
0.000190
0.000190
0.000190
0.000190
0.000190
0.000190
0.000189
0.000189
0.000189
0.000189
0.000189
0.000189
0.000189
0.000189
0.000189
0.000189
0.000189
0.000189
0.000188
0.000188
0.000188
0.000188
0.000188
0.000188
0.000188
0.000188
0.000188
0.000188
0.000188
0.000188
0.000187
0.000187
0.000187
0.000187
0.000187
0.000187
0.000187
0.000187
0.000187
0.000187
0.000187
0.000187
0.000186
0.000186
0.000186
0.000186
0.000186
0.000186
0.000186
0.000186
0.000186
0.000186
0.000186
0.000186
0.000186
0.000185
0.000185
0.000185
0.000185
0.000185
0.000185
0.000185
0.000185
0.000185
0.000185
0.000185
0.000185
0.000184
0.000184
0.000184
0.000184
0.000184
0.000184
0.000184
0.000184
0.000184
0.000184
0.000184
0.000184
0.000183
0.000183
0.000183
0.000183
0.000183
0.000183
0.000183
0.000183
0.000183
0.000183
0.000183
0.000183
0.000183
0.000182
0.000182
0.000182
0.000182
0.000182
0.000182
0.000182
0.000182
0.000182
0.000182
0.000182
0.000182
0.000182
0.000181
0.000181
0.000181
0.000181
0.000181
0.000181
0.000181
0.000181
0.000181
0.000181
0.000181
0.000181
0.000181
0.000180
0.000180
0.000180
0.000180
0.000180
0.000180
0.000180
0.000180
0.000180
0.000180
0.000180
0.000180
0.000180
0.000179
0.000179
0.000179
0.000179
0.000179
0.000179
0.000179
0.000179
0.000179
0.000179
0.000179
0.000179
0.000179
0.000178
0.000178
0.000178
0.000178
0.000178
0.000178
0.000178
0.000178
0.000178
0.000178
0.000178
0.000178
0.000178
0.000178
0.000177
0.000177
0.000177
0.000177
0.000177
0.000177
0.000177
0.000177
0.000177
0.000177
0.000177
0.000177
0.000177
0.000176
0.000176
0.000176
0.000176
0.000176
0.000176
0.000176
0.000176
0.000176
0.000176
0.000176
0.000176
0.000176
0.000176
0.000175
0.000175
0.000175
0.000175
0.000175
0.000175
0.000175
0.000175
0.000175
0.000175
0.000175
0.000175
0.000175
0.000175
0.000174
0.000174
0.000174
0.000174
0.000174
0.000174
0.000174
0.000174
0.000174
0.000174
0.000174
0.000174
0.000174
0.000174
0.000173
0.000173
0.000173
0.000173
0.000173
0.000173
0.000173
0.000173
0.000173
0.000173
0.000173
0.000173
0.000173
0.000173
0.000172
0.000172
0.000172
0.000172
0.000172
0.000172
0.000172
0.000172
0.000172
0.000172
0.000172
0.000172
0.000172
0.000172
0.000171
0.000171
0.000171
0.000171
0.000171
0.000171
0.000171
0.000171
0.000171
0.000171
0.000171
0.000171
0.000171
0.000171
0.000171
0.000170
0.000170
0.000170
0.000170
0.000170
0.000170
0.000170
0.000170
0.000170
0.000170
0.000170
0.000170
0.000170
0.000170
0.000169
0.000169
0.000169
0.000169
0.000169
0.000169
0.000169
0.000169
0.000169
0.000169
0.000169
0.000169
0.000169
0.000169
0.000169
0.000168
0.000168
0.000168
0.000168
0.000168
0.000168
0.000168
0.000168
0.000168
0.000168
0.000168
0.000168
0.000168
0.000168
0.000168
0.000167
0.000167
0.000167
0.000167
0.000167
0.000167
0.000167
0.000167
0.000167
0.000167
0.000167
0.000167
0.000167
0.000167
0.000167
0.000166
0.000166
0.000166
0.000166
0.000166
0.000166
0.000166
0.000166
0.000166
0.000166
0.000166
0.000166
0.000166
0.000166
0.000166
0.000166
0.000165
0.000165
0.000165
0.000165
0.000165
0.000165
0.000165
0.000165
0.000165
0.000165
0.000165
0.000165
0.000165
0.000165
0.000165
0.000164
0.000164
0.000164
0.000164
0.000164
0.000164
0.000164
0.000164
0.000164
0.000164
0.000164
0.000164
0.000164
0.000164
0.000164
0.000164
0.000163
0.000163
0.000163
0.000163
0.000163
0.000163
0.000163
0.000163
0.000163
0.000163
0.000163
0.000163
0.000163
0.000163
0.000163
0.000163
0.000162
0.000162
0.000162
0.000162
0.000162
0.000162
0.000162
0.000162
0.000162
0.000162
0.000162
0.000162
0.000162
0.000162
0.000162
0.000162
0.000161
0.000161
0.000161
0.000161
0.000161
0.000161
0.000161
0.000161
0.000161
0.000161
0.000161
0.000161
0.000161
0.000161
0.000161
0.000161
0.000161
0.000160
0.000160
0.000160
0.000160
0.000160
0.000160
0.000160
0.000160
0.000160
0.000160
0.000160
0.000160
0.000160
0.000160
0.000160
0.000160
0.000159
0.000159
0.000159
0.000159
0.000159
0.000159
0.000159
0.000159
0.000159
0.000159
0.000159
0.000159
0.000159
0.000159
0.000159
0.000159
0.000159
0.000158
0.000158
0.000158
0.000158
0.000158
0.000158
0.000158
0.000158
0.000158
0.000158
0.000158
0.000158
0.000158
0.000158
0.000158
0.000158
0.000158
0.000157
0.000157
0.000157
0.000157
0.000157
0.000157
0.000157
0.000157
0.000157
0.000157
0.000157
0.000157
0.000157
0.000157
0.000157
0.000157
0.000157
0.000156
0.000156
0.000156
0.000156
0.000156
0.000156
0.000156
0.000156
0.000156
0.000156
0.000156
0.000156
0.000156
0.000156
0.000156
0.000156
0.000156
0.000156
0.000155
0.000155
0.000155
0.000155
0.000155
0.000155
0.000155
0.000155
0.000155
0.000155
0.000155
0.000155
0.000155
0.000155
0.000155
0.000155
0.000155
0.000155
0.000154
0.000154
0.000154
0.000154
0.000154
0.000154
0.000154
0.000154
0.000154
0.000154
0.000154
0.000154
0.000154
0.000154
0.000154
0.000154
0.000154
0.000153
0.000153
0.000153
0.000153
0.000153
0.000153
0.000153
0.000153
0.000153
0.000153
0.000153
0.000153
0.000153
0.000153
0.000153
0.000153
0.000153
0.000153
0.000153
0.000152
0.000152
0.000152
0.000152
0.000152
0.000152
0.000152
0.000152
0.000152
0.000152
0.000152
0.000152
0.000152
0.000152
0.000152
0.000152
0.000152
0.000152
0.000151
0.000151
0.000151
0.000151
0.000151
0.000151
0.000151
0.000151
0.000151
0.000151
0.000151
0.000151
0.000151
0.000151
0.000151
0.000151
0.000151
0.000151
0.000151
0.000150
0.000150
0.000150
0.000150
0.000150
0.000150
0.000150
0.000150
0.000150
0.000150
0.000150
0.000150
0.000150
0.000150
0.000150
0.000150
0.000150
0.000150
0.000150
0.000149
0.000149
0.000149
0.000149
0.000149
0.000149
0.000149
0.000149
0.000149
0.000149
0.000149
0.000149
0.000149
0.000149
0.000149
0.000149
0.000149
0.000149
0.000149
0.000148
0.000148
0.000148
0.000148
0.000148
0.000148
0.000148
0.000148
0.000148
0.000148
0.000148
0.000148
0.000148
0.000148
0.000148
0.000148
0.000148
0.000148
0.000148
0.000147
0.000147
0.000147
0.000147
0.000147
0.000147
0.000147
0.000147
0.000147
0.000147
0.000147
0.000147
0.000147
0.000147
0.000147
0.000147
0.000147
0.000147
0.000147
0.000147
0.000146
0.000146
0.000146
0.000146
0.000146
0.000146
0.000146
0.000146
0.000146
0.000146
0.000146
0.000146
0.000146
0.000146
0.000146
0.000146
0.000146
0.000146
0.000146
0.000146
0.000145
0.000145
0.000145
0.000145
0.000145
0.000145
0.000145
0.000145
0.000145
0.000145
0.000145
0.000145
0.000145
0.000145
0.000145
0.000145
0.000145
0.000145
0.000145
0.000145
0.000144
0.000144
0.000144
0.000144
0.000144
0.000144
0.000144
0.000144
0.000144
0.000144
0.000144
0.000144
0.000144
0.000144
0.000144
0.000144
0.000144
0.000144
0.000144
0.000144
0.000143
0.000143
0.000143
0.000143
0.000143
0.000143
0.000143
0.000143
0.000143
0.000143
0.000143
0.000143
0.000143
0.000143
0.000143
0.000143
0.000143
0.000143
0.000143
0.000143
0.000143
0.000142
0.000142
0.000142
0.000142
0.000142
0.000142
0.000142
0.000142
0.000142
0.000142
0.000142
0.000142
0.000142
0.000142
0.000142
0.000142
0.000142
0.000142
0.000142
0.000142
0.000142
0.000141
0.000141
0.000141
0.000141
0.000141
0.000141
0.000141
0.000141
0.000141
0.000141
0.000141
0.000141
0.000141
0.000141
0.000141
0.000141
0.000141
0.000141
0.000141
0.000141
0.000141
0.000141
0.000140
0.000140
0.000140
0.000140
0.000140
0.000140
0.000140
0.000140
0.000140
0.000140
0.000140
0.000140
0.000140
0.000140
0.000140
0.000140
0.000140
0.000140
0.000140
0.000140
0.000140
0.000139
0.000139
0.000139
0.000139
0.000139
0.000139
0.000139
0.000139
0.000139
0.000139
0.000139
0.000139
0.000139
0.000139
0.000139
0.000139
0.000139
0.000139
0.000139
0.000139
0.000139
0.000139
0.000138
0.000138
0.000138
0.000138
0.000138
0.000138
0.000138
0.000138
0.000138
0.000138
0.000138
0.000138
0.000138
0.000138
0.000138
0.000138
0.000138
0.000138
0.000138
0.000138
0.000138
0.000138
0.000138
0.000137
0.000137
0.000137
0.000137
0.000137
0.000137
0.000137
0.000137
0.000137
0.000137
0.000137
0.000137
0.000137
0.000137
0.000137
0.000137
0.000137
0.000137
0.000137
0.000137
0.000137
0.000137
0.000136
0.000136
0.000136
0.000136
0.000136
0.000136
0.000136
0.000136
0.000136
0.000136
0.000136
0.000136
0.000136
0.000136
0.000136
0.000136
0.000136
0.000136
0.000136
0.000136
0.000136
0.000136
0.000136
0.000135
0.000135
0.000135
0.000135
0.000135
0.000135
0.000135
0.000135
0.000135
0.000135
0.000135
0.000135
0.000135
0.000135
0.000135
0.000135
0.000135
0.000135
0.000135
0.000135
0.000135
0.000135
0.000135
0.000135
0.000134
0.000134
0.000134
0.000134
0.000134
0.000134
0.000134
0.000134
0.000134
0.000134
0.000134
0.000134
0.000134
0.000134
0.000134
0.000134
0.000134
0.000134
0.000134
0.000134
0.000134
0.000134
0.000134
0.000133
0.000133
0.000133
0.000133
0.000133
0.000133
0.000133
0.000133
0.000133
0.000133
0.000133
0.000133
0.000133
0.000133
0.000133
0.000133
0.000133
0.000133
0.000133
0.000133
0.000133
0.000133
0.000133
0.000133
0.000132
0.000132
0.000132
0.000132
0.000132
0.000132
0.000132
0.000132
0.000132
0.000132
0.000132
0.000132
0.000132
0.000132
0.000132
0.000132
0.000132
0.000132
0.000132
0.000132
0.000132
0.000132
0.000132
0.000132
0.000132
0.000131
0.000131
0.000131
0.000131
0.000131
0.000131
0.000131
0.000131
0.000131
0.000131
0.000131
0.000131
0.000131
0.000131
0.000131
0.000131
0.000131
0.000131
0.000131
0.000131
0.000131
0.000131
0.000131
0.000131
0.000131
0.000130
0.000130
0.000130
0.000130
0.000130
0.000130
0.000130
0.000130
0.000130
0.000130
0.000130
0.000130
0.000130
0.000130
0.000130
0.000130
0.000130
0.000130
0.000130
0.000130
0.000130
0.000130
0.000130
0.000130
0.000130
0.000129
0.000129
0.000129
0.000129
0.000129
0.000129
0.000129
0.000129
0.000129
0.000129
0.000129
0.000129
0.000129
0.000129
0.000129
0.000129
0.000129
0.000129
0.000129
0.000129
0.000129
0.000129
0.000129
0.000129
0.000129
0.000128
0.000128
0.000128
0.000128
0.000128
0.000128
0.000128
0.000128
0.000128
0.000128
0.000128
0.000128
0.000128
0.000128
0.000128
0.000128
0.000128
0.000128
0.000128
0.000128
0.000128
0.000128
0.000128
0.000128
0.000128
0.000128
0.000127
0.000127
0.000127
0.000127
0.000127
0.000127
0.000127
0.000127
0.000127
0.000127
0.000127
0.000127
0.000127
0.000127
0.000127
0.000127
0.000127
0.000127
0.000127
0.000127
0.000127
0.000127
0.000127
0.000127
0.000127
0.000127
0.000127
0.000126
0.000126
0.000126
0.000126
0.000126
0.000126
0.000126
0.000126
0.000126
0.000126
0.000126
0.000126
0.000126
0.000126
0.000126
0.000126
0.000126
0.000126
0.000126
0.000126
0.000126
0.000126
0.000126
0.000126
0.000126
0.000126
0.000125
0.000125
0.000125
0.000125
0.000125
0.000125
0.000125
0.000125
0.000125
0.000125
0.000125
0.000125
0.000125
0.000125
0.000125
0.000125
0.000125
0.000125
0.000125
0.000125
0.000125
0.000125
0.000125
0.000125
0.000125
0.000125
0.000125
0.000125
0.000124
0.000124
0.000124
0.000124
0.000124
0.000124
0.000124
0.000124
0.000124
0.000124
0.000124
0.000124
0.000124
0.000124
0.000124
0.000124
0.000124
0.000124
0.000124
0.000124
0.000124
0.000124
0.000124
0.000124
0.000124
0.000124
0.000124
0.000123
0.000123
0.000123
0.000123
0.000123
0.000123
0.000123
0.000123
0.000123
0.000123
0.000123
0.000123
0.000123
0.000123
0.000123
0.000123
0.000123
0.000123
0.000123
0.000123
0.000123
0.000123
0.000123
0.000123
0.000123
0.000123
0.000123
0.000123
0.000122
0.000122
0.000122
0.000122
0.000122
0.000122
0.000122
0.000122
0.000122
0.000122
0.000122
0.000122
0.000122
0.000122
0.000122
0.000122
0.000122
0.000122
0.000122
0.000122
0.000122
0.000122
0.000122
0.000122
0.000122
0.000122
0.000122
0.000122
0.000122
0.000121
0.000121
0.000121
0.000121
0.000121
0.000121
0.000121
0.000121
0.000121
0.000121
0.000121
0.000121
0.000121
0.000121
0.000121
0.000121
0.000121
0.000121
0.000121
0.000121
0.000121
0.000121
0.000121
0.000121
0.000121
0.000121
0.000121
0.000121
0.000121
0.000120
0.000120
0.000120
0.000120
0.000120
0.000120
0.000120
0.000120
0.000120
0.000120
0.000120
0.000120
0.000120
0.000120
0.000120
0.000120
0.000120
0.000120
0.000120
0.000120
0.000120
0.000120
0.000120
0.000120
0.000120
0.000120
0.000120
0.000120
0.000120
0.000120
0.000119
0.000119
0.000119
0.000119
0.000119
0.000119
0.000119
0.000119
0.000119
0.000119
0.000119
0.000119
0.000119
0.000119
0.000119
0.000119
0.000119
0.000119
0.000119
0.000119
0.000119
0.000119
0.000119
0.000119
0.000119
0.000119
0.000119
0.000119
0.000119
0.000119
0.000118
0.000118
0.000118
0.000118
0.000118
0.000118
0.000118
0.000118
0.000118
0.000118
0.000118
0.000118
0.000118
0.000118
0.000118
0.000118
0.000118
0.000118
0.000118
0.000118
0.000118
0.000118
0.000118
0.000118
0.000118
0.000118
0.000118
0.000118
0.000118
0.000118
0.000117
0.000117
0.000117
0.000117
0.000117
0.000117
0.000117
0.000117
0.000117
0.000117
0.000117
0.000117
0.000117
0.000117
0.000117
0.000117
0.000117
0.000117
0.000117
0.000117
0.000117
0.000117
0.000117
0.000117
0.000117
0.000117
0.000117
0.000117
0.000117
0.000117
0.000117
0.000116
0.000116
0.000116
0.000116
0.000116
0.000116
0.000116
0.000116
0.000116
0.000116
0.000116
0.000116
0.000116
0.000116
0.000116
0.000116
0.000116
0.000116
0.000116
0.000116
0.000116
0.000116
0.000116
0.000116
0.000116
0.000116
0.000116
0.000116
0.000116
0.000116
0.000116
0.000116
0.000115
0.000115
0.000115
0.000115
0.000115
0.000115
0.000115
0.000115
0.000115
0.000115
0.000115
0.000115
0.000115
0.000115
0.000115
0.000115
0.000115
0.000115
0.000115
0.000115
0.000115
0.000115
0.000115
0.000115
0.000115
0.000115
0.000115
0.000115
0.000115
0.000115
0.000115
0.000115
0.000114
0.000114
0.000114
0.000114
0.000114
0.000114
0.000114
0.000114
0.000114
0.000114
0.000114
0.000114
0.000114
0.000114
0.000114
0.000114
0.000114
0.000114
0.000114
0.000114
0.000114
0.000114
0.000114
0.000114
0.000114
0.000114
0.000114
0.000114
0.000114
0.000114
0.000114
0.000114
0.000114
0.000113
0.000113
0.000113
0.000113
0.000113
0.000113
0.000113
0.000113
0.000113
0.000113
0.000113
0.000113
0.000113
0.000113
0.000113
0.000113
0.000113
0.000113
0.000113
0.000113
0.000113
0.000113
0.000113
0.000113
0.000113
0.000113
0.000113
0.000113
0.000113
0.000113
0.000113
0.000113
0.000113
0.000112
0.000112
0.000112
0.000112
0.000112
0.000112
0.000112
0.000112
0.000112
0.000112
0.000112
0.000112
0.000112
0.000112
0.000112
0.000112
0.000112
0.000112
0.000112
0.000112
0.000112
0.000112
0.000112
0.000112
0.000112
0.000112
0.000112
0.000112
0.000112
0.000112
0.000112
0.000112
0.000112
0.000112
0.000111
0.000111
0.000111
0.000111
0.000111
0.000111
0.000111
0.000111
0.000111
0.000111
0.000111
0.000111
0.000111
0.000111
0.000111
0.000111
0.000111
0.000111
0.000111
0.000111
0.000111
0.000111
0.000111
0.000111
0.000111
0.000111
0.000111
0.000111
0.000111
0.000111
0.000111
0.000111
0.000111
0.000111
0.000111
0.000110
0.000110
0.000110
0.000110
0.000110
0.000110
0.000110
0.000110
0.000110
0.000110
0.000110
0.000110
0.000110
0.000110
0.000110
0.000110
0.000110
0.000110
0.000110
0.000110
0.000110
0.000110
0.000110
0.000110
0.000110
0.000110
0.000110
0.000110
0.000110
0.000110
0.000110
0.000110
0.000110
0.000110
0.000110
0.000109
0.000109
0.000109
0.000109
0.000109
0.000109
0.000109
0.000109
0.000109
0.000109
0.000109
0.000109
0.000109
0.000109
0.000109
0.000109
0.000109
0.000109
0.000109
0.000109
0.000109
0.000109
0.000109
0.000109
0.000109
0.000109
0.000109
0.000109
0.000109
0.000109
0.000109
0.000109
0.000109
0.000109
0.000109
0.000109
0.000108
0.000108
0.000108
0.000108
0.000108
0.000108
0.000108
0.000108
0.000108
0.000108
0.000108
0.000108
0.000108
0.000108
0.000108
0.000108
0.000108
0.000108
0.000108
0.000108
0.000108
0.000108
0.000108
0.000108
0.000108
0.000108
0.000108
0.000108
0.000108
0.000108
0.000108
0.000108
0.000108
0.000108
0.000108
0.000108
0.000107
0.000107
0.000107
0.000107
0.000107
0.000107
0.000107
0.000107
0.000107
0.000107
0.000107
0.000107
0.000107
0.000107
0.000107
0.000107
0.000107
0.000107
0.000107
0.000107
0.000107
0.000107
0.000107
0.000107
0.000107
0.000107
0.000107
0.000107
0.000107
0.000107
0.000107
0.000107
0.000107
0.000107
0.000107
0.000107
0.000107
0.000106
0.000106
0.000106
0.000106
0.000106
0.000106
0.000106
0.000106
0.000106
0.000106
0.000106
0.000106
0.000106
0.000106
0.000106
0.000106
0.000106
0.000106
0.000106
0.000106
0.000106
0.000106
0.000106
0.000106
0.000106
0.000106
0.000106
0.000106
0.000106
0.000106
0.000106
0.000106
0.000106
0.000106
0.000106
0.000106
0.000106
0.000106
0.000105
0.000105
0.000105
0.000105
0.000105
0.000105
0.000105
0.000105
0.000105
0.000105
0.000105
0.000105
0.000105
0.000105
0.000105
0.000105
0.000105
0.000105
0.000105
0.000105
0.000105
0.000105
0.000105
0.000105
0.000105
0.000105
0.000105
0.000105
0.000105
0.000105
0.000105
0.000105
0.000105
0.000105
0.000105
0.000105
0.000105
0.000105
0.000105
0.000104
0.000104
0.000104
0.000104
0.000104
0.000104
0.000104
0.000104
0.000104
0.000104
0.000104
0.000104
0.000104
0.000104
0.000104
0.000104
0.000104
0.000104
0.000104
0.000104
0.000104
0.000104
0.000104
0.000104
0.000104
0.000104
0.000104
0.000104
0.000104
0.000104
0.000104
0.000104
0.000104
0.000104
0.000104
0.000104
0.000104
0.000104
0.000104
0.000103
0.000103
0.000103
0.000103
0.000103
0.000103
0.000103
0.000103
0.000103
0.000103
0.000103
0.000103
0.000103
0.000103
0.000103
0.000103
0.000103
0.000103
0.000103
0.000103
0.000103
0.000103
0.000103
0.000103
0.000103
0.000103
0.000103
0.000103
0.000103
0.000103
0.000103
0.000103
0.000103
0.000103
0.000103
0.000103
0.000103
0.000103
0.000103
0.000103
0.000102
0.000102
0.000102
0.000102
0.000102
0.000102
0.000102
0.000102
0.000102
0.000102
0.000102
0.000102
0.000102
0.000102
0.000102
0.000102
0.000102
0.000102
0.000102
0.000102
0.000102
0.000102
0.000102
0.000102
0.000102
0.000102
0.000102
0.000102
0.000102
0.000102
0.000102
0.000102
0.000102
0.000102
0.000102
0.000102
0.000102
0.000102
0.000102
0.000102
0.000102
0.000101
0.000101
0.000101
0.000101
0.000101
0.000101
0.000101
0.000101
0.000101
0.000101
0.000101
0.000101
0.000101
0.000101
0.000101
0.000101
0.000101
0.000101
0.000101
0.000101
0.000101
0.000101
0.000101
0.000101
0.000101
0.000101
0.000101
0.000101
0.000101
0.000101
0.000101
0.000101
0.000101
0.000101
0.000101
0.000101
0.000101
0.000101
0.000101
0.000101
0.000101
0.000101
0.000100
0.000100
0.000100
0.000100
0.000100
0.000100
0.000100
0.000100
0.000100
0.000100
0.000100
0.000100
0.000100
0.000100
0.000100
0.000100
0.000100
0.000100
0.000100
0.000100
0.000100
0.000100
0.000100
0.000100
0.000100
0.000100
0.000100
0.000100
0.000100
0.000100
0.000100
0.000100
0.000100
0.000100
0.000100
0.000100
0.000100
0.000100
0.000100
0.000100
0.000100
0.000100
0.000099
0.000099
0.000099
0.000099
0.000099
0.000099
0.000099
0.000099
0.000099
0.000099
0.000099
0.000099
0.000099
0.000099
0.000099
0.000099
0.000099
0.000099
0.000099
0.000099
0.000099
0.000099
0.000099
0.000099
0.000099
0.000099
0.000099
0.000099
0.000099
0.000099
0.000099
0.000099
0.000099
0.000099
0.000099
0.000099
0.000099
0.000099
0.000099
0.000099
0.000099
0.000099
0.000099
0.000099
0.000098
0.000098
0.000098
0.000098
0.000098
0.000098
0.000098
0.000098
0.000098
0.000098
0.000098
0.000098
0.000098
0.000098
0.000098
0.000098
0.000098
0.000098
0.000098
0.000098
0.000098
0.000098
0.000098
0.000098
0.000098
0.000098
0.000098
0.000098
0.000098
0.000098
0.000098
0.000098
0.000098
0.000098
0.000098
0.000098
0.000098
0.000098
0.000098
0.000098
0.000098
0.000098
0.000098
0.000098
0.000097
0.000097
0.000097
0.000097
0.000097
0.000097
0.000097
0.000097
0.000097
0.000097
0.000097
0.000097
0.000097
0.000097
0.000097
0.000097
0.000097
0.000097
0.000097
0.000097
0.000097
0.000097
0.000097
0.000097
0.000097
0.000097
0.000097
0.000097
0.000097
0.000097
0.000097
0.000097
0.000097
0.000097
0.000097
0.000097
0.000097
0.000097
0.000097
0.000097
0.000097
0.000097
0.000097
0.000097
0.000097
0.000096
0.000096
0.000096
0.000096
0.000096
0.000096
0.000096
0.000096
0.000096
0.000096
0.000096
0.000096
0.000096
0.000096
0.000096
0.000096
0.000096
0.000096
0.000096
0.000096
0.000096
0.000096
0.000096
0.000096
0.000096
0.000096
0.000096
0.000096
0.000096
0.000096
0.000096
0.000096
0.000096
0.000096
0.000096
0.000096
0.000096
0.000096
0.000096
0.000096
0.000096
0.000096
0.000096
0.000096
0.000096
0.000096
0.000095
0.000095
0.000095
0.000095
0.000095
0.000095
0.000095
0.000095
0.000095
0.000095
0.000095
0.000095
0.000095
0.000095
0.000095
0.000095
0.000095
0.000095
0.000095
0.000095
0.000095
0.000095
0.000095
0.000095
0.000095
0.000095
0.000095
0.000095
0.000095
0.000095
0.000095
0.000095
0.000095
0.000095
0.000095
0.000095
0.000095
0.000095
0.000095
0.000095
0.000095
0.000095
0.000095
0.000095
0.000095
0.000095
0.000095
0.000094
0.000094
0.000094
0.000094
0.000094
0.000094
0.000094
0.000094
0.000094
0.000094
0.000094
0.000094
0.000094
0.000094
0.000094
0.000094
0.000094
0.000094
0.000094
0.000094
0.000094
0.000094
0.000094
0.000094
0.000094
0.000094
0.000094
0.000094
0.000094
0.000094
0.000094
0.000094
0.000094
0.000094
0.000094
0.000094
0.000094
0.000094
0.000094
0.000094
0.000094
0.000094
0.000094
0.000094
0.000094
0.000094
0.000094
0.000094
0.000094
0.000093
0.000093
0.000093
0.000093
0.000093
0.000093
0.000093
0.000093
0.000093
0.000093
0.000093
0.000093
0.000093
0.000093
0.000093
0.000093
0.000093
0.000093
0.000093
0.000093
0.000093
0.000093
0.000093
0.000093
0.000093
0.000093
0.000093
0.000093
0.000093
0.000093
0.000093
0.000093
0.000093
0.000093
0.000093
0.000093
0.000093
0.000093
0.000093
0.000093
0.000093
0.000093
0.000093
0.000093
0.000093
0.000093
0.000093
0.000093
0.000093
0.000092
0.000092
0.000092
0.000092
0.000092
0.000092
0.000092
0.000092
0.000092
0.000092
0.000092
0.000092
0.000092
0.000092
0.000092
0.000092
0.000092
0.000092
0.000092
0.000092
0.000092
0.000092
0.000092
0.000092
0.000092
0.000092
0.000092
0.000092
0.000092
0.000092
0.000092
0.000092
0.000092
0.000092
0.000092
0.000092
0.000092
0.000092
0.000092
0.000092
0.000092
0.000092
0.000092
0.000092
0.000092
0.000092
0.000092
0.000092
0.000092
0.000092
0.000091
0.000091
0.000091
0.000091
0.000091
0.000091
0.000091
0.000091
0.000091
0.000091
0.000091
0.000091
0.000091
0.000091
0.000091
0.000091
0.000091
0.000091
0.000091
0.000091
0.000091
0.000091
0.000091
0.000091
0.000091
0.000091
0.000091
0.000091
0.000091
0.000091
0.000091
0.000091
0.000091
0.000091
0.000091
0.000091
0.000091
0.000091
0.000091
0.000091
0.000091
0.000091
0.000091
0.000091
0.000091
0.000091
0.000091
0.000091
0.000091
0.000091
0.000091
0.000090
0.000090
0.000090
0.000090
0.000090
0.000090
0.000090
0.000090
0.000090
0.000090
0.000090
0.000090
0.000090
0.000090
0.000090
0.000090
0.000090
0.000090
0.000090
0.000090
0.000090
0.000090
0.000090
0.000090
0.000090
0.000090
0.000090
0.000090
0.000090
0.000090
0.000090
0.000090
0.000090
0.000090
0.000090
0.000090
0.000090
0.000090
0.000090
0.000090
0.000090
0.000090
0.000090
0.000090
0.000090
0.000090
0.000090
0.000090
0.000090
0.000090
0.000090
0.000090
0.000090
0.000089
0.000089
0.000089
0.000089
0.000089
0.000089
0.000089
0.000089
0.000089
0.000089
0.000089
0.000089
0.000089
0.000089
0.000089
0.000089
0.000089
0.000089
0.000089
0.000089
0.000089
0.000089
0.000089
0.000089
0.000089
0.000089
0.000089
0.000089
0.000089
0.000089
0.000089
0.000089
0.000089
0.000089
0.000089
0.000089
0.000089
0.000089
0.000089
0.000089
0.000089
0.000089
0.000089
0.000089
0.000089
0.000089
0.000089
0.000089
0.000089
0.000089
0.000089
0.000089
0.000089
0.000089
0.000088
0.000088
0.000088
0.000088
0.000088
0.000088
0.000088
0.000088
0.000088
0.000088
0.000088
0.000088
0.000088
0.000088
0.000088
0.000088
0.000088
0.000088
0.000088
0.000088
0.000088
0.000088
0.000088
0.000088
0.000088
0.000088
0.000088
0.000088
0.000088
0.000088
0.000088
0.000088
0.000088
0.000088
0.000088
0.000088
0.000088
0.000088
0.000088
0.000088
0.000088
0.000088
0.000088
0.000088
0.000088
0.000088
0.000088
0.000088
0.000088
0.000088
0.000088
0.000088
0.000088
0.000088
0.000087
0.000087
0.000087
0.000087
0.000087
0.000087
0.000087
0.000087
0.000087
0.000087
0.000087
0.000087
0.000087
0.000087
0.000087
0.000087
0.000087
0.000087
0.000087
0.000087
0.000087
0.000087
0.000087
0.000087
0.000087
0.000087
0.000087
0.000087
0.000087
0.000087
0.000087
0.000087
0.000087
0.000087
0.000087
0.000087
0.000087
0.000087
0.000087
0.000087
0.000087
0.000087
0.000087
0.000087
0.000087
0.000087
0.000087
0.000087
0.000087
0.000087
0.000087
0.000087
0.000087
0.000087
0.000087
0.000087
0.000087
0.000086
0.000086
0.000086
0.000086
0.000086
0.000086
0.000086
0.000086
0.000086
0.000086
0.000086
0.000086
0.000086
0.000086
0.000086
0.000086
0.000086
0.000086
0.000086
0.000086
0.000086
0.000086
0.000086
0.000086
0.000086
0.000086
0.000086
0.000086
0.000086
0.000086
0.000086
0.000086
0.000086
0.000086
0.000086
0.000086
0.000086
0.000086
0.000086
0.000086
0.000086
0.000086
0.000086
0.000086
0.000086
0.000086
0.000086
0.000086
0.000086
0.000086
0.000086
0.000086
0.000086
0.000086
0.000086
0.000086
0.000086
0.000085
0.000085
0.000085
0.000085
0.000085
0.000085
0.000085
0.000085
0.000085
0.000085
0.000085
0.000085
0.000085
0.000085
0.000085
0.000085
0.000085
0.000085
0.000085
0.000085
0.000085
0.000085
0.000085
0.000085
0.000085
0.000085
0.000085
0.000085
0.000085
0.000085
0.000085
0.000085
0.000085
0.000085
0.000085
0.000085
0.000085
0.000085
0.000085
0.000085
0.000085
0.000085
0.000085
0.000085
0.000085
0.000085
0.000085
0.000085
0.000085
0.000085
0.000085
0.000085
0.000085
0.000085
0.000085
0.000085
0.000085
0.000085
0.000085
0.000084
0.000084
0.000084
0.000084
0.000084
0.000084
0.000084
0.000084
0.000084
0.000084
0.000084
0.000084
0.000084
0.000084
0.000084
0.000084
0.000084
0.000084
0.000084
0.000084
0.000084
0.000084
0.000084
0.000084
0.000084
0.000084
0.000084
0.000084
0.000084
0.000084
0.000084
0.000084
0.000084
0.000084
0.000084
0.000084
0.000084
0.000084
0.000084
0.000084
0.000084
0.000084
0.000084
0.000084
0.000084
0.000084
0.000084
0.000084
0.000084
0.000084
0.000084
0.000084
0.000084
0.000084
0.000084
0.000084
0.000084
0.000084
0.000084
0.000084
0.000083
0.000083
0.000083
0.000083
0.000083
0.000083
0.000083
0.000083
0.000083
0.000083
0.000083
0.000083
0.000083
0.000083
0.000083
0.000083
0.000083
0.000083
0.000083
0.000083
0.000083
0.000083
0.000083
0.000083
0.000083
0.000083
0.000083
0.000083
0.000083
0.000083
0.000083
0.000083
0.000083
0.000083
0.000083
0.000083
0.000083
0.000083
0.000083
0.000083
0.000083
0.000083
0.000083
0.000083
0.000083
0.000083
0.000083
0.000083
0.000083
0.000083
0.000083
0.000083
0.000083
0.000083
0.000083
0.000083
0.000083
0.000083
0.000083
0.000083
0.000083
0.000083
0.000082
0.000082
0.000082
0.000082
0.000082
0.000082
0.000082
0.000082
0.000082
0.000082
0.000082
0.000082
0.000082
0.000082
0.000082
0.000082
0.000082
0.000082
0.000082
0.000082
0.000082
0.000082
0.000082
0.000082
0.000082
0.000082
0.000082
0.000082
0.000082
0.000082
0.000082
0.000082
0.000082
0.000082
0.000082
0.000082
0.000082
0.000082
0.000082
0.000082
0.000082
0.000082
0.000082
0.000082
0.000082
0.000082
0.000082
0.000082
0.000082
0.000082
0.000082
0.000082
0.000082
0.000082
0.000082
0.000082
0.000082
0.000082
0.000082
0.000082
0.000082
0.000082
0.000082
0.000081
0.000081
0.000081
0.000081
0.000081
0.000081
0.000081
0.000081
0.000081
0.000081
0.000081
0.000081
0.000081
0.000081
0.000081
0.000081
0.000081
0.000081
0.000081
0.000081
0.000081
0.000081
0.000081
0.000081
0.000081
0.000081
0.000081
0.000081
0.000081
0.000081
0.000081
0.000081
0.000081
0.000081
0.000081
0.000081
0.000081
0.000081
0.000081
0.000081
0.000081
0.000081
0.000081
0.000081
0.000081
0.000081
0.000081
0.000081
0.000081
0.000081
0.000081
0.000081
0.000081
0.000081
0.000081
0.000081
0.000081
0.000081
0.000081
0.000081
0.000081
0.000081
0.000081
0.000081
0.000081
0.000080
0.000080
0.000080
0.000080
0.000080
0.000080
0.000080
0.000080
0.000080
0.000080
0.000080
0.000080
0.000080
0.000080
0.000080
0.000080
0.000080
0.000080
0.000080
0.000080
0.000080
0.000080
0.000080
0.000080
0.000080
0.000080
0.000080
0.000080
0.000080
0.000080
0.000080
0.000080
0.000080
0.000080
0.000080
0.000080
0.000080
0.000080
0.000080
0.000080
0.000080
0.000080
0.000080
0.000080
0.000080
0.000080
0.000080
0.000080
0.000080
0.000080
0.000080
0.000080
0.000080
0.000080
0.000080
0.000080
0.000080
0.000080
0.000080
0.000080
0.000080
0.000080
0.000080
0.000080
0.000080
0.000080
0.000079
0.000079
0.000079
0.000079
0.000079
0.000079
0.000079
0.000079
0.000079
0.000079
0.000079
0.000079
0.000079
0.000079
0.000079
0.000079
0.000079
0.000079
0.000079
0.000079
0.000079
0.000079
0.000079
0.000079
0.000079
0.000079
0.000079
0.000079
0.000079
0.000079
0.000079
0.000079
0.000079
0.000079
0.000079
0.000079
0.000079
0.000079
0.000079
0.000079
0.000079
0.000079
0.000079
0.000079
0.000079
0.000079
0.000079
0.000079
0.000079
0.000079
0.000079
0.000079
0.000079
0.000079
0.000079
0.000079
0.000079
0.000079
0.000079
0.000079
0.000079
0.000079
0.000079
0.000079
0.000079
0.000079
0.000079
0.000079
0.000078
0.000078
0.000078
0.000078
0.000078
0.000078
0.000078
0.000078
0.000078
0.000078
0.000078
0.000078
0.000078
0.000078
0.000078
0.000078
0.000078
0.000078
0.000078
0.000078
0.000078
0.000078
0.000078
0.000078
0.000078
0.000078
0.000078
0.000078
0.000078
0.000078
0.000078
0.000078
0.000078
0.000078
0.000078
0.000078
0.000078
0.000078
0.000078
0.000078
0.000078
0.000078
0.000078
0.000078
0.000078
0.000078
0.000078
0.000078
0.000078
0.000078
0.000078
0.000078
0.000078
0.000078
0.000078
0.000078
0.000078
0.000078
0.000078
0.000078
0.000078
0.000078
0.000078
0.000078
0.000078
0.000078
0.000078
0.000078
0.000078
0.000078
0.000077
0.000077
0.000077
0.000077
0.000077
0.000077
0.000077
0.000077
0.000077
0.000077
0.000077
0.000077
0.000077
0.000077
0.000077
0.000077
0.000077
0.000077
0.000077
0.000077
0.000077
0.000077
0.000077
0.000077
0.000077
0.000077
0.000077
0.000077
0.000077
0.000077
0.000077
0.000077
0.000077
0.000077
0.000077
0.000077
0.000077
0.000077
0.000077
0.000077
0.000077
0.000077
0.000077
0.000077
0.000077
0.000077
0.000077
0.000077
0.000077
0.000077
0.000077
0.000077
0.000077
0.000077
0.000077
0.000077
0.000077
0.000077
0.000077
0.000077
0.000077
0.000077
0.000077
0.000077
0.000077
0.000077
0.000077
0.000077
0.000077
0.000077
0.000077
0.000077
0.000076
0.000076
0.000076
0.000076
0.000076
0.000076
0.000076
0.000076
0.000076
0.000076
0.000076
0.000076
0.000076
0.000076
0.000076
0.000076
0.000076
0.000076
0.000076
0.000076
0.000076
0.000076
0.000076
0.000076
0.000076
0.000076
0.000076
0.000076
0.000076
0.000076
0.000076
0.000076
0.000076
0.000076
0.000076
0.000076
0.000076
0.000076
0.000076
0.000076
0.000076
0.000076
0.000076
0.000076
0.000076
0.000076
0.000076
0.000076
0.000076
0.000076
0.000076
0.000076
0.000076
0.000076
0.000076
0.000076
0.000076
0.000076
0.000076
0.000076
0.000076
0.000076
0.000076
0.000076
0.000076
0.000076
0.000076
0.000076
0.000076
0.000076
0.000076
0.000076
0.000076
0.000076
0.000075
0.000075
0.000075
0.000075
0.000075
0.000075
0.000075
0.000075
0.000075
0.000075
0.000075
0.000075
0.000075
0.000075
0.000075
0.000075
0.000075
0.000075
0.000075
0.000075
0.000075
0.000075
0.000075
0.000075
0.000075
0.000075
0.000075
0.000075
0.000075
0.000075
0.000075
0.000075
0.000075
0.000075
0.000075
0.000075
0.000075
0.000075
0.000075
0.000075
0.000075
0.000075
0.000075
0.000075
0.000075
0.000075
0.000075
0.000075
0.000075
0.000075
0.000075
0.000075
0.000075
0.000075
0.000075
0.000075
0.000075
0.000075
0.000075
0.000075
0.000075
0.000075
0.000075
0.000075
0.000075
0.000075
0.000075
0.000075
0.000075
0.000075
0.000075
0.000075
0.000075
0.000075
0.000075
0.000074
0.000074
0.000074
0.000074
0.000074
0.000074
0.000074
0.000074
0.000074
0.000074
0.000074
0.000074
0.000074
0.000074
0.000074
0.000074
0.000074
0.000074
0.000074
0.000074
0.000074
0.000074
0.000074
0.000074
0.000074
0.000074
0.000074
0.000074
0.000074
0.000074
0.000074
0.000074
0.000074
0.000074
0.000074
0.000074
0.000074
0.000074
0.000074
0.000074
0.000074
0.000074
0.000074
0.000074
0.000074
0.000074
0.000074
0.000074
0.000074
0.000074
0.000074
0.000074
0.000074
0.000074
0.000074
0.000074
0.000074
0.000074
0.000074
0.000074
0.000074
0.000074
0.000074
0.000074
0.000074
0.000074
0.000074
0.000074
0.000074
0.000074
0.000074
0.000074
0.000074
0.000074
0.000074
0.000074
0.000074
0.000074
0.000073
0.000073
0.000073
0.000073
0.000073
0.000073
0.000073
0.000073
0.000073
0.000073
0.000073
0.000073
0.000073
0.000073
0.000073
0.000073
0.000073
0.000073
0.000073
0.000073
0.000073
0.000073
0.000073
0.000073
0.000073
0.000073
0.000073
0.000073
0.000073
0.000073
0.000073
0.000073
0.000073
0.000073
0.000073
0.000073
0.000073
0.000073
0.000073
0.000073
0.000073
0.000073
0.000073
0.000073
0.000073
0.000073
0.000073
0.000073
0.000073
0.000073
0.000073
0.000073
0.000073
0.000073
0.000073
0.000073
0.000073
0.000073
0.000073
0.000073
0.000073
0.000073
0.000073
0.000073
0.000073
0.000073
0.000073
0.000073
0.000073
0.000073
0.000073
0.000073
0.000073
0.000073
0.000073
0.000073
0.000073
0.000073
0.000073
0.000072
0.000072
0.000072
0.000072
0.000072
0.000072
0.000072
0.000072
0.000072
0.000072
0.000072
0.000072
0.000072
0.000072
0.000072
0.000072
0.000072
0.000072
0.000072
0.000072
0.000072
0.000072
0.000072
0.000072
0.000072
0.000072
0.000072
0.000072
0.000072
0.000072
0.000072
0.000072
0.000072
0.000072
0.000072
0.000072
0.000072
0.000072
0.000072
0.000072
0.000072
0.000072
0.000072
0.000072
0.000072
0.000072
0.000072
0.000072
0.000072
0.000072
0.000072
0.000072
0.000072
0.000072
0.000072
0.000072
0.000072
0.000072
0.000072
0.000072
0.000072
0.000072
0.000072
0.000072
0.000072
0.000072
0.000072
0.000072
0.000072
0.000072
0.000072
0.000072
0.000072
0.000072
0.000072
0.000072
0.000072
0.000072
0.000072
0.000072
0.000072
0.000072
0.000071
0.000071
0.000071
0.000071
0.000071
0.000071
0.000071
0.000071
0.000071
0.000071
0.000071
0.000071
0.000071
0.000071
0.000071
0.000071
0.000071
0.000071
0.000071
0.000071
0.000071
0.000071
0.000071
0.000071
0.000071
0.000071
0.000071
0.000071
0.000071
0.000071
0.000071
0.000071
0.000071
0.000071
0.000071
0.000071
0.000071
0.000071
0.000071
0.000071
0.000071
0.000071
0.000071
0.000071
0.000071
0.000071
0.000071
0.000071
0.000071
0.000071
0.000071
0.000071
0.000071
0.000071
0.000071
0.000071
0.000071
0.000071
0.000071
0.000071
0.000071
0.000071
0.000071
0.000071
0.000071
0.000071
0.000071
0.000071
0.000071
0.000071
0.000071
0.000071
0.000071
0.000071
0.000071
0.000071
0.000071
0.000071
0.000071
0.000071
0.000071
0.000071
0.000071
0.000071
0.000070
0.000070
0.000070
0.000070
0.000070
0.000070
0.000070
0.000070
0.000070
0.000070
0.000070
0.000070
0.000070
0.000070
0.000070
0.000070
0.000070
0.000070
0.000070
0.000070
0.000070
0.000070
0.000070
0.000070
0.000070
0.000070
0.000070
0.000070
0.000070
0.000070
0.000070
0.000070
0.000070
0.000070
0.000070
0.000070
0.000070
0.000070
0.000070
0.000070
0.000070
0.000070
0.000070
0.000070
0.000070
0.000070
0.000070
0.000070
0.000070
0.000070
0.000070
0.000070
0.000070
0.000070
0.000070
0.000070
0.000070
0.000070
0.000070
0.000070
0.000070
0.000070
0.000070
0.000070
0.000070
0.000070
0.000070
0.000070
0.000070
0.000070
0.000070
0.000070
0.000070
0.000070
0.000070
0.000070
0.000070
0.000070
0.000070
0.000070
0.000070
0.000070
0.000070
0.000070
0.000070
0.000070
0.000070
0.000069
0.000069
0.000069
0.000069
0.000069
0.000069
0.000069
0.000069
0.000069
0.000069
0.000069
0.000069
0.000069
0.000069
0.000069
0.000069
0.000069
0.000069
0.000069
0.000069
0.000069
0.000069
0.000069
0.000069
0.000069
0.000069
0.000069
0.000069
0.000069
0.000069
0.000069
0.000069
0.000069
0.000069
0.000069
0.000069
0.000069
0.000069
0.000069
0.000069
0.000069
0.000069
0.000069
0.000069
0.000069
0.000069
0.000069
0.000069
0.000069
0.000069
0.000069
0.000069
0.000069
0.000069
0.000069
0.000069
0.000069
0.000069
0.000069
0.000069
0.000069
0.000069
0.000069
0.000069
0.000069
0.000069
0.000069
0.000069
0.000069
0.000069
0.000069
0.000069
0.000069
0.000069
0.000069
0.000069
0.000069
0.000069
0.000069
0.000069
0.000069
0.000069
0.000069
0.000069
0.000069
0.000069
0.000069
0.000069
0.000069
0.000068
0.000068
0.000068
0.000068
0.000068
0.000068
0.000068
0.000068
0.000068
0.000068
0.000068
0.000068
0.000068
0.000068
0.000068
0.000068
0.000068
0.000068
0.000068
0.000068
0.000068
0.000068
0.000068
0.000068
0.000068
0.000068
0.000068
0.000068
0.000068
0.000068
0.000068
0.000068
0.000068
0.000068
0.000068
0.000068
0.000068
0.000068
0.000068
0.000068
0.000068
0.000068
0.000068
0.000068
0.000068
0.000068
0.000068
0.000068
0.000068
0.000068
0.000068
0.000068
0.000068
0.000068
0.000068
0.000068
0.000068
0.000068
0.000068
0.000068
0.000068
0.000068
0.000068
0.000068
0.000068
0.000068
0.000068
0.000068
0.000068
0.000068
0.000068
0.000068
0.000068
0.000068
0.000068
0.000068
0.000068
0.000068
0.000068
0.000068
0.000068
0.000068
0.000068
0.000068
0.000068
0.000068
0.000068
0.000068
0.000068
0.000068
0.000068
0.000068
0.000067
0.000067
0.000067
0.000067
0.000067
0.000067
0.000067
0.000067
0.000067
0.000067
0.000067
0.000067
0.000067
0.000067
0.000067
0.000067
0.000067
0.000067
0.000067
0.000067
0.000067
0.000067
0.000067
0.000067
0.000067
0.000067
0.000067
0.000067
0.000067
0.000067
0.000067
0.000067
0.000067
0.000067
0.000067
0.000067
0.000067
0.000067
0.000067
0.000067
0.000067
0.000067
0.000067
0.000067
0.000067
0.000067
0.000067
0.000067
0.000067
0.000067
0.000067
0.000067
0.000067
0.000067
0.000067
0.000067
0.000067
0.000067
0.000067
0.000067
0.000067
0.000067
0.000067
0.000067
0.000067
0.000067
0.000067
0.000067
0.000067
0.000067
0.000067
0.000067
0.000067
0.000067
0.000067
0.000067
0.000067
0.000067
0.000067
0.000067
0.000067
0.000067
0.000067
0.000067
0.000067
0.000067
0.000067
0.000067
0.000067
0.000067
0.000067
0.000067
0.000067
0.000067
0.000067
0.000066
0.000066
0.000066
0.000066
0.000066
0.000066
0.000066
0.000066
0.000066
0.000066
0.000066
0.000066
0.000066
0.000066
0.000066
0.000066
0.000066
0.000066
0.000066
0.000066
0.000066
0.000066
0.000066
0.000066
0.000066
0.000066
0.000066
0.000066
0.000066
0.000066
0.000066
0.000066
0.000066
0.000066
0.000066
0.000066
0.000066
0.000066
0.000066
0.000066
0.000066
0.000066
0.000066
0.000066
0.000066
0.000066
0.000066
0.000066
0.000066
0.000066
0.000066
0.000066
0.000066
0.000066
0.000066
0.000066
0.000066
0.000066
0.000066
0.000066
0.000066
0.000066
0.000066
0.000066
0.000066
0.000066
0.000066
0.000066
0.000066
0.000066
0.000066
0.000066
0.000066
0.000066
0.000066
0.000066
0.000066
0.000066
0.000066
0.000066
0.000066
0.000066
0.000066
0.000066
0.000066
0.000066
0.000066
0.000066
0.000066
0.000066
0.000066
0.000066
0.000066
0.000066
0.000066
0.000066
0.000066
0.000065
0.000065
0.000065
0.000065
0.000065
0.000065
0.000065
0.000065
0.000065
0.000065
0.000065
0.000065
0.000065
0.000065
0.000065
0.000065
0.000065
0.000065
0.000065
0.000065
0.000065
0.000065
0.000065
0.000065
0.000065
0.000065
0.000065
0.000065
0.000065
0.000065
0.000065
0.000065
0.000065
0.000065
0.000065
0.000065
0.000065
0.000065
0.000065
0.000065
0.000065
0.000065
0.000065
0.000065
0.000065
0.000065
0.000065
0.000065
0.000065
0.000065
0.000065
0.000065
0.000065
0.000065
0.000065
0.000065
0.000065
0.000065
0.000065
0.000065
0.000065
0.000065
0.000065
0.000065
0.000065
0.000065
0.000065
0.000065
0.000065
0.000065
0.000065
0.000065
0.000065
0.000065
0.000065
0.000065
0.000065
0.000065
0.000065
0.000065
0.000065
0.000065
0.000065
0.000065
0.000065
0.000065
0.000065
0.000065
0.000065
0.000065
0.000065
0.000065
0.000065
0.000065
0.000065
0.000065
0.000065
0.000065
0.000065
0.000065
0.000064
0.000064
0.000064
0.000064
0.000064
0.000064
0.000064
0.000064
0.000064
0.000064
0.000064
0.000064
0.000064
0.000064
0.000064
0.000064
0.000064
0.000064
0.000064
0.000064
0.000064
0.000064
0.000064
0.000064
0.000064
0.000064
0.000064
0.000064
0.000064
0.000064
0.000064
0.000064
0.000064
0.000064
0.000064
0.000064
0.000064
0.000064
0.000064
0.000064
0.000064
0.000064
0.000064
0.000064
0.000064
0.000064
0.000064
0.000064
0.000064
0.000064
0.000064
0.000064
0.000064
0.000064
0.000064
0.000064
0.000064
0.000064
0.000064
0.000064
0.000064
0.000064
0.000064
0.000064
0.000064
0.000064
0.000064
0.000064
0.000064
0.000064
0.000064
0.000064
0.000064
0.000064
0.000064
0.000064
0.000064
0.000064
0.000064
0.000064
0.000064
0.000064
0.000064
0.000064
0.000064
0.000064
0.000064
0.000064
0.000064
0.000064
0.000064
0.000064
0.000064
0.000064
0.000064
0.000064
0.000064
0.000064
0.000064
0.000064
0.000064
0.000064
0.000064
0.000064
0.000063
0.000063
0.000063
0.000063
0.000063
0.000063
0.000063
0.000063
0.000063
0.000063
0.000063
0.000063
0.000063
0.000063
0.000063
0.000063
0.000063
0.000063
0.000063
0.000063
0.000063
0.000063
0.000063
0.000063
0.000063
0.000063
0.000063
0.000063
0.000063
0.000063
0.000063
0.000063
0.000063
0.000063
0.000063
0.000063
0.000063
0.000063
0.000063
0.000063
0.000063
0.000063
0.000063
0.000063
0.000063
0.000063
0.000063
0.000063
0.000063
0.000063
0.000063
0.000063
0.000063
0.000063
0.000063
0.000063
0.000063
0.000063
0.000063
0.000063
0.000063
0.000063
0.000063
0.000063
0.000063
0.000063
0.000063
0.000063
0.000063
0.000063
0.000063
0.000063
0.000063
0.000063
0.000063
0.000063
0.000063
0.000063
0.000063
0.000063
0.000063
0.000063
0.000063
0.000063
0.000063
0.000063
0.000063
0.000063
0.000063
0.000063
0.000063
0.000063
0.000063
0.000063
0.000063
0.000063
0.000063
0.000063
0.000063
0.000063
0.000063
0.000063
0.000063
0.000063
0.000063
0.000063
0.000063
0.000062
0.000062
0.000062
0.000062
0.000062
0.000062
0.000062
0.000062
0.000062
0.000062
0.000062
0.000062
0.000062
0.000062
0.000062
0.000062
0.000062
0.000062
0.000062
0.000062
0.000062
0.000062
0.000062
0.000062
0.000062
0.000062
0.000062
0.000062
0.000062
0.000062
0.000062
0.000062
0.000062
0.000062
0.000062
0.000062
0.000062
0.000062
0.000062
0.000062
0.000062
0.000062
0.000062
0.000062
0.000062
0.000062
0.000062
0.000062
0.000062
0.000062
0.000062
0.000062
0.000062
0.000062
0.000062
0.000062
0.000062
0.000062
0.000062
0.000062
0.000062
0.000062
0.000062
0.000062
0.000062
0.000062
0.000062
0.000062
0.000062
0.000062
0.000062
0.000062
0.000062
0.000062
0.000062
0.000062
0.000062
0.000062
0.000062
0.000062
0.000062
0.000062
0.000062
0.000062
0.000062
0.000062
0.000062
0.000062
0.000062
0.000062
0.000062
0.000062
0.000062
0.000062
0.000062
0.000062
0.000062
0.000062
0.000062
0.000062
0.000062
0.000062
0.000062
0.000062
0.000062
0.000062
0.000062
0.000062
0.000062
0.000062
0.000061
0.000061
0.000061
0.000061
0.000061
0.000061
0.000061
0.000061
0.000061
0.000061
0.000061
0.000061
0.000061
0.000061
0.000061
0.000061
0.000061
0.000061
0.000061
0.000061
0.000061
0.000061
0.000061
0.000061
0.000061
0.000061
0.000061
0.000061
0.000061
0.000061
0.000061
0.000061
0.000061
0.000061
0.000061
0.000061
0.000061
0.000061
0.000061
0.000061
0.000061
0.000061
0.000061
0.000061
0.000061
0.000061
0.000061
0.000061
0.000061
0.000061
0.000061
0.000061
0.000061
0.000061
0.000061
0.000061
0.000061
0.000061
0.000061
0.000061
0.000061
0.000061
0.000061
0.000061
0.000061
0.000061
0.000061
0.000061
0.000061
0.000061
0.000061
0.000061
0.000061
0.000061
0.000061
0.000061
0.000061
0.000061
0.000061
0.000061
0.000061
0.000061
0.000061
0.000061
0.000061
0.000061
0.000061
0.000061
0.000061
0.000061
0.000061
0.000061
0.000061
0.000061
0.000061
0.000061
0.000061
0.000061
0.000061
0.000061
0.000061
0.000061
0.000061
0.000061
0.000061
0.000061
0.000061
0.000061
0.000061
0.000061
0.000061
0.000061
0.000061
0.000061
0.000060
0.000060
0.000060
0.000060
0.000060
0.000060
0.000060
0.000060
0.000060
0.000060
0.000060
0.000060
0.000060
0.000060
0.000060
0.000060
0.000060
0.000060
0.000060
0.000060
0.000060
0.000060
0.000060
0.000060
0.000060
0.000060
0.000060
0.000060
0.000060
0.000060
0.000060
0.000060
0.000060
0.000060
0.000060
0.000060
0.000060
0.000060
0.000060
0.000060
0.000060
0.000060
0.000060
0.000060
0.000060
0.000060
0.000060
0.000060
0.000060
0.000060
0.000060
0.000060
0.000060
0.000060
0.000060
0.000060
0.000060
0.000060
0.000060
0.000060
0.000060
0.000060
0.000060
0.000060
0.000060
0.000060
0.000060
0.000060
0.000060
0.000060
0.000060
0.000060
0.000060
0.000060
0.000060
0.000060
0.000060
0.000060
0.000060
0.000060
0.000060
0.000060
0.000060
0.000060
0.000060
0.000060
0.000060
0.000060
0.000060
0.000060
0.000060
0.000060
0.000060
0.000060
0.000060
0.000060
0.000060
0.000060
0.000060
0.000060
0.000060
0.000060
0.000060
0.000060
0.000060
0.000060
0.000060
0.000060
0.000060
0.000060
0.000060
0.000060
0.000060
0.000060
0.000060
0.000060
0.000060
0.000060
0.000059
0.000059
0.000059
0.000059
0.000059
0.000059
0.000059
0.000059
0.000059
0.000059
0.000059
0.000059
0.000059
0.000059
0.000059
0.000059
0.000059
0.000059
0.000059
0.000059
0.000059
0.000059
0.000059
0.000059
0.000059
0.000059
0.000059
0.000059
0.000059
0.000059
0.000059
0.000059
0.000059
0.000059
0.000059
0.000059
0.000059
0.000059
0.000059
0.000059
0.000059
0.000059
0.000059
0.000059
0.000059
0.000059
0.000059
0.000059
0.000059
0.000059
0.000059
0.000059
0.000059
0.000059
0.000059
0.000059
0.000059
0.000059
0.000059
0.000059
0.000059
0.000059
0.000059
0.000059
0.000059
0.000059
0.000059
0.000059
0.000059
0.000059
0.000059
0.000059
0.000059
0.000059
0.000059
0.000059
0.000059
0.000059
0.000059
0.000059
0.000059
0.000059
0.000059
0.000059
0.000059
0.000059
0.000059
0.000059
0.000059
0.000059
0.000059
0.000059
0.000059
0.000059
0.000059
0.000059
0.000059
0.000059
0.000059
0.000059
0.000059
0.000059
0.000059
0.000059
0.000059
0.000059
0.000059
0.000059
0.000059
0.000059
0.000059
0.000059
0.000059
0.000059
0.000059
0.000059
0.000059
0.000059
0.000059
0.000059
0.000059
0.000059
0.000058
0.000058
0.000058
0.000058
0.000058
0.000058
0.000058
0.000058
0.000058
0.000058
0.000058
0.000058
0.000058
0.000058
0.000058
0.000058
0.000058
0.000058
0.000058
0.000058
0.000058
0.000058
0.000058
0.000058
0.000058
0.000058
0.000058
0.000058
0.000058
0.000058
0.000058
0.000058
0.000058
0.000058
0.000058
0.000058
0.000058
0.000058
0.000058
0.000058
0.000058
0.000058
0.000058
0.000058
0.000058
0.000058
0.000058
0.000058
0.000058
0.000058
0.000058
0.000058
0.000058
0.000058
0.000058
0.000058
0.000058
0.000058
0.000058
0.000058
0.000058
0.000058
0.000058
0.000058
0.000058
0.000058
0.000058
0.000058
0.000058
0.000058
0.000058
0.000058
0.000058
0.000058
0.000058
0.000058
0.000058
0.000058
0.000058
0.000058
0.000058
0.000058
0.000058
0.000058
0.000058
0.000058
0.000058
0.000058
0.000058
0.000058
0.000058
0.000058
0.000058
0.000058
0.000058
0.000058
0.000058
0.000058
0.000058
0.000058
0.000058
0.000058
0.000058
0.000058
0.000058
0.000058
0.000058
0.000058
0.000058
0.000058
0.000058
0.000058
0.000058
0.000058
0.000058
0.000058
0.000058
0.000058
0.000058
0.000058
0.000058
0.000058
0.000058
0.000058
0.000058
0.000058
0.000057
0.000057
0.000057
0.000057
0.000057
0.000057
0.000057
0.000057
0.000057
0.000057
0.000057
0.000057
0.000057
0.000057
0.000057
0.000057
0.000057
0.000057
0.000057
0.000057
0.000057
0.000057
0.000057
0.000057
0.000057
0.000057
0.000057
0.000057
0.000057
0.000057
0.000057
0.000057
0.000057
0.000057
0.000057
0.000057
0.000057
0.000057
0.000057
0.000057
0.000057
0.000057
0.000057
0.000057
0.000057
0.000057
0.000057
0.000057
0.000057
0.000057
0.000057
0.000057
0.000057
0.000057
0.000057
0.000057
0.000057
0.000057
0.000057
0.000057
0.000057
0.000057
0.000057
0.000057
0.000057
0.000057
0.000057
0.000057
0.000057
0.000057
0.000057
0.000057
0.000057
0.000057
0.000057
0.000057
0.000057
0.000057
0.000057
0.000057
0.000057
0.000057
0.000057
0.000057
0.000057
0.000057
0.000057
0.000057
0.000057
0.000057
0.000057
0.000057
0.000057
0.000057
0.000057
0.000057
0.000057
0.000057
0.000057
0.000057
0.000057
0.000057
0.000057
0.000057
0.000057
0.000057
0.000057
0.000057
0.000057
0.000057
0.000057
0.000057
0.000057
0.000057
0.000057
0.000057
0.000057
0.000057
0.000057
0.000057
0.000057
0.000057
0.000057
0.000057
0.000057
0.000057
0.000057
0.000057
0.000057
0.000057
0.000056
0.000056
0.000056
0.000056
0.000056
0.000056
0.000056
0.000056
0.000056
0.000056
0.000056
0.000056
0.000056
0.000056
0.000056
0.000056
0.000056
0.000056
0.000056
0.000056
0.000056
0.000056
0.000056
0.000056
0.000056
0.000056
0.000056
0.000056
0.000056
0.000056
0.000056
0.000056
0.000056
0.000056
0.000056
0.000056
0.000056
0.000056
0.000056
0.000056
0.000056
0.000056
0.000056
0.000056
0.000056
0.000056
0.000056
0.000056
0.000056
0.000056
0.000056
0.000056
0.000056
0.000056
0.000056
0.000056
0.000056
0.000056
0.000056
0.000056
0.000056
0.000056
0.000056
0.000056
0.000056
0.000056
0.000056
0.000056
0.000056
0.000056
0.000056
0.000056
0.000056
0.000056
0.000056
0.000056
0.000056
0.000056
0.000056
0.000056
0.000056
0.000056
0.000056
0.000056
0.000056
0.000056
0.000056
0.000056
0.000056
0.000056
0.000056
0.000056
0.000056
0.000056
0.000056
0.000056
0.000056
0.000056
0.000056
0.000056
0.000056
0.000056
0.000056
0.000056
0.000056
0.000056
0.000056
0.000056
0.000056
0.000056
0.000056
0.000056
0.000056
0.000056
0.000056
0.000056
0.000056
0.000056
0.000056
0.000056
0.000056
0.000056
0.000056
0.000056
0.000056
0.000056
0.000056
0.000056
0.000056
0.000056
0.000056
0.000056
0.000056
0.000056
0.000056
0.000055
0.000055
0.000055
0.000055
0.000055
0.000055
0.000055
0.000055
0.000055
0.000055
0.000055
0.000055
0.000055
0.000055
0.000055
0.000055
0.000055
0.000055
0.000055
0.000055
0.000055
0.000055
0.000055
0.000055
0.000055
0.000055
0.000055
0.000055
0.000055
0.000055
0.000055
0.000055
0.000055
0.000055
0.000055
0.000055
0.000055
0.000055
0.000055
0.000055
0.000055
0.000055
0.000055
0.000055
0.000055
0.000055
0.000055
0.000055
0.000055
0.000055
0.000055
0.000055
0.000055
0.000055
0.000055
0.000055
0.000055
0.000055
0.000055
0.000055
0.000055
0.000055
0.000055
0.000055
0.000055
0.000055
0.000055
0.000055
0.000055
0.000055
0.000055
0.000055
0.000055
0.000055
0.000055
0.000055
0.000055
0.000055
0.000055
0.000055
0.000055
0.000055
0.000055
0.000055
0.000055
0.000055
0.000055
0.000055
0.000055
0.000055
0.000055
0.000055
0.000055
0.000055
0.000055
0.000055
0.000055
0.000055
0.000055
0.000055
0.000055
0.000055
0.000055
0.000055
0.000055
0.000055
0.000055
0.000055
0.000055
0.000055
0.000055
0.000055
0.000055
0.000055
0.000055
0.000055
0.000055
0.000055
0.000055
0.000055
0.000055
0.000055
0.000055
0.000055
0.000055
0.000055
0.000055
0.000055
0.000055
0.000055
0.000055
0.000055
0.000055
0.000055
0.000055
0.000055
0.000055
0.000055
0.000055
0.000055
0.000054
0.000054
0.000054
0.000054
0.000054
0.000054
0.000054
0.000054
0.000054
0.000054
0.000054
0.000054
0.000054
0.000054
0.000054
0.000054
0.000054
0.000054
0.000054
0.000054
0.000054
0.000054
0.000054
0.000054
0.000054
0.000054
0.000054
0.000054
0.000054
0.000054
0.000054
0.000054
0.000054
0.000054
0.000054
0.000054
0.000054
0.000054
0.000054
0.000054
0.000054
0.000054
0.000054
0.000054
0.000054
0.000054
0.000054
0.000054
0.000054
0.000054
0.000054
0.000054
0.000054
0.000054
0.000054
0.000054
0.000054
0.000054
0.000054
0.000054
0.000054
0.000054
0.000054
0.000054
0.000054
0.000054
0.000054
0.000054
0.000054
0.000054
0.000054
0.000054
0.000054
0.000054
0.000054
0.000054
0.000054
0.000054
0.000054
0.000054
0.000054
0.000054
0.000054
0.000054
0.000054
0.000054
0.000054
0.000054
0.000054
0.000054
0.000054
0.000054
0.000054
0.000054
0.000054
0.000054
0.000054
0.000054
0.000054
0.000054
0.000054
0.000054
0.000054
0.000054
0.000054
0.000054
0.000054
0.000054
0.000054
0.000054
0.000054
0.000054
0.000054
0.000054
0.000054
0.000054
0.000054
0.000054
0.000054
0.000054
0.000054
0.000054
0.000054
0.000054
0.000054
0.000054
0.000054
0.000054
0.000054
0.000054
0.000054
0.000054
0.000054
0.000054
0.000054
0.000054
0.000054
0.000054
0.000054
0.000054
0.000054
0.000054
0.000054
0.000054
0.000054
0.000053
0.000053
0.000053
0.000053
0.000053
0.000053
0.000053
0.000053
0.000053
0.000053
0.000053
0.000053
0.000053
0.000053
0.000053
0.000053
0.000053
0.000053
0.000053
0.000053
0.000053
0.000053
0.000053
0.000053
0.000053
0.000053
0.000053
0.000053
0.000053
0.000053
0.000053
0.000053
0.000053
0.000053
0.000053
0.000053
0.000053
0.000053
0.000053
0.000053
0.000053
0.000053
0.000053
0.000053
0.000053
0.000053
0.000053
0.000053
0.000053
0.000053
0.000053
0.000053
0.000053
0.000053
0.000053
0.000053
0.000053
0.000053
0.000053
0.000053
0.000053
0.000053
0.000053
0.000053
0.000053
0.000053
0.000053
0.000053
0.000053
0.000053
0.000053
0.000053
0.000053
0.000053
0.000053
0.000053
0.000053
0.000053
0.000053
0.000053
0.000053
0.000053
0.000053
0.000053
0.000053
0.000053
0.000053
0.000053
0.000053
0.000053
0.000053
0.000053
0.000053
0.000053
0.000053
0.000053
0.000053
0.000053
0.000053
0.000053
0.000053
0.000053
0.000053
0.000053
0.000053
0.000053
0.000053
0.000053
0.000053
0.000053
0.000053
0.000053
0.000053
0.000053
0.000053
0.000053
0.000053
0.000053
0.000053
0.000053
0.000053
0.000053
0.000053
0.000053
0.000053
0.000053
0.000053
0.000053
0.000053
0.000053
0.000053
0.000053
0.000053
0.000053
0.000053
0.000053
0.000053
0.000053
0.000053
0.000053
0.000053
0.000053
0.000053
0.000053
0.000053
0.000053
0.000053
0.000053
0.000053
0.000053
0.000053
0.000052
0.000052
0.000052
0.000052
0.000052
0.000052
0.000052
0.000052
0.000052
0.000052
0.000052
0.000052
0.000052
0.000052
0.000052
0.000052
0.000052
0.000052
0.000052
0.000052
0.000052
0.000052
0.000052
0.000052
0.000052
0.000052
0.000052
0.000052
0.000052
0.000052
0.000052
0.000052
0.000052
0.000052
0.000052
0.000052
0.000052
0.000052
0.000052
0.000052
0.000052
0.000052
0.000052
0.000052
0.000052
0.000052
0.000052
0.000052
0.000052
0.000052
0.000052
0.000052
0.000052
0.000052
0.000052
0.000052
0.000052
0.000052
0.000052
0.000052
0.000052
0.000052
0.000052
0.000052
0.000052
0.000052
0.000052
0.000052
0.000052
0.000052
0.000052
0.000052
0.000052
0.000052
0.000052
0.000052
0.000052
0.000052
0.000052
0.000052
0.000052
0.000052
0.000052
0.000052
0.000052
0.000052
0.000052
0.000052
0.000052
0.000052
0.000052
0.000052
0.000052
0.000052
0.000052
0.000052
0.000052
0.000052
0.000052
0.000052
0.000052
0.000052
0.000052
0.000052
0.000052
0.000052
0.000052
0.000052
0.000052
0.000052
0.000052
0.000052
0.000052
0.000052
0.000052
0.000052
0.000052
0.000052
0.000052
0.000052
0.000052
0.000052
0.000052
0.000052
0.000052
0.000052
0.000052
0.000052
0.000052
0.000052
0.000052
0.000052
0.000052
0.000052
0.000052
0.000052
0.000052
0.000052
0.000052
0.000052
0.000052
0.000052
0.000052
0.000052
0.000052
0.000052
0.000052
0.000052
0.000052
0.000052
0.000052
0.000052
0.000052
0.000052
0.000052
0.000052
0.000051
0.000051
0.000051
0.000051
0.000051
0.000051
0.000051
0.000051
0.000051
0.000051
0.000051
0.000051
0.000051
0.000051
0.000051
0.000051
0.000051
0.000051
0.000051
0.000051
0.000051
0.000051
0.000051
0.000051
0.000051
0.000051
0.000051
0.000051
0.000051
0.000051
0.000051
0.000051
0.000051
0.000051
0.000051
0.000051
0.000051
0.000051
0.000051
0.000051
0.000051
0.000051
0.000051
0.000051
0.000051
0.000051
0.000051
0.000051
0.000051
0.000051
0.000051
0.000051
0.000051
0.000051
0.000051
0.000051
0.000051
0.000051
0.000051
0.000051
0.000051
0.000051
0.000051
0.000051
0.000051
0.000051
0.000051
0.000051
0.000051
0.000051
0.000051
0.000051
0.000051
0.000051
0.000051
0.000051
0.000051
0.000051
0.000051
0.000051
0.000051
0.000051
0.000051
0.000051
0.000051
0.000051
0.000051
0.000051
0.000051
0.000051
0.000051
0.000051
0.000051
0.000051
0.000051
0.000051
0.000051
0.000051
0.000051
0.000051
0.000051
0.000051
0.000051
0.000051
0.000051
0.000051
0.000051
0.000051
0.000051
0.000051
0.000051
0.000051
0.000051
0.000051
0.000051
0.000051
0.000051
0.000051
0.000051
0.000051
0.000051
0.000051
0.000051
0.000051
0.000051
0.000051
0.000051
0.000051
0.000051
0.000051
0.000051
0.000051
0.000051
0.000051
0.000051
0.000051
0.000051
0.000051
0.000051
0.000051
0.000051
0.000051
0.000051
0.000051
0.000051
0.000051
0.000051
0.000051
0.000051
0.000051
0.000051
0.000051
0.000051
0.000051
0.000051
0.000051
0.000051
0.000051
0.000051
0.000051
0.000051
0.000051
0.000051
0.000050
0.000050
0.000050
0.000050
0.000050
0.000050
0.000050
0.000050
0.000050
0.000050
0.000050
0.000050
0.000050
0.000050
0.000050
0.000050
0.000050
0.000050
0.000050
0.000050
0.000050
0.000050
0.000050
0.000050
0.000050
0.000050
0.000050
0.000050
0.000050
0.000050
0.000050
0.000050
0.000050
0.000050
0.000050
0.000050
0.000050
0.000050
0.000050
0.000050
0.000050
0.000050
0.000050
0.000050
0.000050
0.000050
0.000050
0.000050
0.000050
0.000050
0.000050
0.000050
0.000050
0.000050
0.000050
0.000050
0.000050
0.000050
0.000050
0.000050
0.000050
0.000050
0.000050
0.000050
0.000050
0.000050
0.000050
0.000050
0.000050
0.000050
0.000050
0.000050
0.000050
0.000050
0.000050
0.000050
0.000050
0.000050
0.000050
0.000050
0.000050
0.000050
0.000050
0.000050
0.000050
0.000050
0.000050
0.000050
0.000050
0.000050
0.000050
0.000050
0.000050
0.000050
0.000050
0.000050
0.000050
0.000050
0.000050
0.000050
0.000050
0.000050
0.000050
0.000050
0.000050
0.000050
0.000050
0.000050
0.000050
0.000050
0.000050
0.000050
0.000050
0.000050
0.000050
0.000050
0.000050
0.000050
0.000050
0.000050
0.000050
0.000050
0.000050
0.000050
0.000050
0.000050
0.000050
0.000050
0.000050
0.000050
0.000050
0.000050
0.000050
0.000050
0.000050
0.000050
0.000050
0.000050
0.000050
0.000050
0.000050
0.000050
0.000050
0.000050
0.000050
0.000050
0.000050
0.000050
0.000050
0.000050
0.000050
0.000050
0.000050
0.000050
0.000050
0.000050
0.000050
0.000050
0.000050
0.000050
0.000050
0.000050
0.000050
0.000050
0.000050
0.000050
0.000050
0.000050
0.000050
0.000049
0.000049
0.000049
0.000049
0.000049
0.000049
0.000049
0.000049
0.000049
0.000049
0.000049
0.000049
0.000049
0.000049
0.000049
0.000049
0.000049
0.000049
0.000049
0.000049
0.000049
0.000049
0.000049
0.000049
0.000049
0.000049
0.000049
0.000049
0.000049
0.000049
0.000049
0.000049
0.000049
0.000049
0.000049
0.000049
0.000049
0.000049
0.000049
0.000049
0.000049
0.000049
0.000049
0.000049
0.000049
0.000049
0.000049
0.000049
0.000049
0.000049
0.000049
0.000049
0.000049
0.000049
0.000049
0.000049
0.000049
0.000049
0.000049
0.000049
0.000049
0.000049
0.000049
0.000049
0.000049
0.000049
0.000049
0.000049
0.000049
0.000049
0.000049
0.000049
0.000049
0.000049
0.000049
0.000049
0.000049
0.000049
0.000049
0.000049
0.000049
0.000049
0.000049
0.000049
0.000049
0.000049
0.000049
0.000049
0.000049
0.000049
0.000049
0.000049
0.000049
0.000049
0.000049
0.000049
0.000049
0.000049
0.000049
0.000049
0.000049
0.000049
0.000049
0.000049
0.000049
0.000049
0.000049
0.000049
0.000049
0.000049
0.000049
0.000049
0.000049
0.000049
0.000049
0.000049
0.000049
0.000049
0.000049
0.000049
0.000049
0.000049
0.000049
0.000049
0.000049
0.000049
0.000049
0.000049
0.000049
0.000049
0.000049
0.000049
0.000049
0.000049
0.000049
0.000049
0.000049
0.000049
0.000049
0.000049
0.000049
0.000049
0.000049
0.000049
0.000049
0.000049
0.000049
0.000049
0.000049
0.000049
0.000049
0.000049
0.000049
0.000049
0.000049
0.000049
0.000049
0.000049
0.000049
0.000049
0.000049
0.000049
0.000049
0.000049
0.000049
0.000049
0.000049
0.000049
0.000049
0.000049
0.000049
0.000049
0.000049
0.000049
0.000049
0.000049
0.000048
0.000048
0.000048
0.000048
0.000048
0.000048
0.000048
0.000048
0.000048
0.000048
0.000048
0.000048
0.000048
0.000048
0.000048
0.000048
0.000048
0.000048
0.000048
0.000048
0.000048
0.000048
0.000048
0.000048
0.000048
0.000048
0.000048
0.000048
0.000048
0.000048
0.000048
0.000048
0.000048
0.000048
0.000048
0.000048
0.000048
0.000048
0.000048
0.000048
0.000048
0.000048
0.000048
0.000048
0.000048
0.000048
0.000048
0.000048
0.000048
0.000048
0.000048
0.000048
0.000048
0.000048
0.000048
0.000048
0.000048
0.000048
0.000048
0.000048
0.000048
0.000048
0.000048
0.000048
0.000048
0.000048
0.000048
0.000048
0.000048
0.000048
0.000048
0.000048
0.000048
0.000048
0.000048
0.000048
0.000048
0.000048
0.000048
0.000048
0.000048
0.000048
0.000048
0.000048
0.000048
0.000048
0.000048
0.000048
0.000048
0.000048
0.000048
0.000048
0.000048
0.000048
0.000048
0.000048
0.000048
0.000048
0.000048
0.000048
0.000048
0.000048
0.000048
0.000048
0.000048
0.000048
0.000048
0.000048
0.000048
0.000048
0.000048
0.000048
0.000048
0.000048
0.000048
0.000048
0.000048
0.000048
0.000048
0.000048
0.000048
0.000048
0.000048
0.000048
0.000048
0.000048
0.000048
0.000048
0.000048
0.000048
0.000048
0.000048
0.000048
0.000048
0.000048
0.000048
0.000048
0.000048
0.000048
0.000048
0.000048
0.000048
0.000048
0.000048
0.000048
0.000048
0.000048
0.000048
0.000048
0.000048
0.000048
0.000048
0.000048
0.000048
0.000048
0.000048
0.000048
0.000048
0.000048
0.000048
0.000048
0.000048
0.000048
0.000048
0.000048
0.000048
0.000048
0.000048
0.000048
0.000048
0.000048
0.000048
0.000048
0.000048
0.000048
0.000048
0.000048
0.000048
0.000048
0.000048
0.000048
0.000048
0.000048
0.000048
0.000047
0.000047
0.000047
0.000047
0.000047
0.000047
0.000047
0.000047
0.000047
0.000047
0.000047
0.000047
0.000047
0.000047
0.000047
0.000047
0.000047
0.000047
0.000047
0.000047
0.000047
0.000047
0.000047
0.000047
0.000047
0.000047
0.000047
0.000047
0.000047
0.000047
0.000047
0.000047
0.000047
0.000047
0.000047
0.000047
0.000047
0.000047
0.000047
0.000047
0.000047
0.000047
0.000047
0.000047
0.000047
0.000047
0.000047
0.000047
0.000047
0.000047
0.000047
0.000047
0.000047
0.000047
0.000047
0.000047
0.000047
0.000047
0.000047
0.000047
0.000047
0.000047
0.000047
0.000047
0.000047
0.000047
0.000047
0.000047
0.000047
0.000047
0.000047
0.000047
0.000047
0.000047
0.000047
0.000047
0.000047
0.000047
0.000047
0.000047
0.000047
0.000047
0.000047
0.000047
0.000047
0.000047
0.000047
0.000047
0.000047
0.000047
0.000047
0.000047
0.000047
0.000047
0.000047
0.000047
0.000047
0.000047
0.000047
0.000047
0.000047
0.000047
0.000047
0.000047
0.000047
0.000047
0.000047
0.000047
0.000047
0.000047
0.000047
0.000047
0.000047
0.000047
0.000047
0.000047
0.000047
0.000047
0.000047
0.000047
0.000047
0.000047
0.000047
0.000047
0.000047
0.000047
0.000047
0.000047
0.000047
0.000047
0.000047
0.000047
0.000047
0.000047
0.000047
0.000047
0.000047
0.000047
0.000047
0.000047
0.000047
0.000047
0.000047
0.000047
0.000047
0.000047
0.000047
0.000047
0.000047
0.000047
0.000047
0.000047
0.000047
0.000047
0.000047
0.000047
0.000047
0.000047
0.000047
0.000047
0.000047
0.000047
0.000047
0.000047
0.000047
0.000047
0.000047
0.000047
0.000047
0.000047
0.000047
0.000047
0.000047
0.000047
0.000047
0.000047
0.000047
0.000047
0.000047
0.000047
0.000047
0.000047
0.000047
0.000047
0.000047
0.000047
0.000047
0.000047
0.000047
0.000047
0.000047
0.000046
0.000046
0.000046
0.000046
0.000046
0.000046
0.000046
0.000046
0.000046
0.000046
0.000046
0.000046
0.000046
0.000046
0.000046
0.000046
0.000046
0.000046
0.000046
0.000046
0.000046
0.000046
0.000046
0.000046
0.000046
0.000046
0.000046
0.000046
0.000046
0.000046
0.000046
0.000046
0.000046
0.000046
0.000046
0.000046
0.000046
0.000046
0.000046
0.000046
0.000046
0.000046
0.000046
0.000046
0.000046
0.000046
0.000046
0.000046
0.000046
0.000046
0.000046
0.000046
0.000046
0.000046
0.000046
0.000046
0.000046
0.000046
0.000046
0.000046
0.000046
0.000046
0.000046
0.000046
0.000046
0.000046
0.000046
0.000046
0.000046
0.000046
0.000046
0.000046
0.000046
0.000046
0.000046
0.000046
0.000046
0.000046
0.000046
0.000046
0.000046
0.000046
0.000046
0.000046
0.000046
0.000046
0.000046
0.000046
0.000046
0.000046
0.000046
0.000046
0.000046
0.000046
0.000046
0.000046
0.000046
0.000046
0.000046
0.000046
0.000046
0.000046
0.000046
0.000046
0.000046
0.000046
0.000046
0.000046
0.000046
0.000046
0.000046
0.000046
0.000046
0.000046
0.000046
0.000046
0.000046
0.000046
0.000046
0.000046
0.000046
0.000046
0.000046
0.000046
0.000046
0.000046
0.000046
0.000046
0.000046
0.000046
0.000046
0.000046
0.000046
0.000046
0.000046
0.000046
0.000046
0.000046
0.000046
0.000046
0.000046
0.000046
0.000046
0.000046
0.000046
0.000046
0.000046
0.000046
0.000046
0.000046
0.000046
0.000046
0.000046
0.000046
0.000046
0.000046
0.000046
0.000046
0.000046
0.000046
0.000046
0.000046
0.000046
0.000046
0.000046
0.000046
0.000046
0.000046
0.000046
0.000046
0.000046
0.000046
0.000046
0.000046
0.000046
0.000046
0.000046
0.000046
0.000046
0.000046
0.000046
0.000046
0.000046
0.000046
0.000046
0.000046
0.000046
0.000046
0.000046
0.000046
0.000046
0.000046
0.000046
0.000046
0.000046
0.000046
0.000046
0.000046
0.000046
0.000045
0.000045
0.000045
0.000045
0.000045
0.000045
0.000045
0.000045
0.000045
0.000045
0.000045
0.000045
0.000045
0.000045
0.000045
0.000045
0.000045
0.000045
0.000045
0.000045
0.000045
0.000045
0.000045
0.000045
0.000045
0.000045
0.000045
0.000045
0.000045
0.000045
0.000045
0.000045
0.000045
0.000045
0.000045
0.000045
0.000045
0.000045
0.000045
0.000045
0.000045
0.000045
0.000045
0.000045
0.000045
0.000045
0.000045
0.000045
0.000045
0.000045
0.000045
0.000045
0.000045
0.000045
0.000045
0.000045
0.000045
0.000045
0.000045
0.000045
0.000045
0.000045
0.000045
0.000045
0.000045
0.000045
0.000045
0.000045
0.000045
0.000045
0.000045
0.000045
0.000045
0.000045
0.000045
0.000045
0.000045
0.000045
0.000045
0.000045
0.000045
0.000045
0.000045
0.000045
0.000045
0.000045
0.000045
0.000045
0.000045
0.000045
0.000045
0.000045
0.000045
0.000045
0.000045
0.000045
0.000045
0.000045
0.000045
0.000045
0.000045
0.000045
0.000045
0.000045
0.000045
0.000045
0.000045
0.000045
0.000045
0.000045
0.000045
0.000045
0.000045
0.000045
0.000045
0.000045
0.000045
0.000045
0.000045
0.000045
0.000045
0.000045
0.000045
0.000045
0.000045
0.000045
0.000045
0.000045
0.000045
0.000045
0.000045
0.000045
0.000045
0.000045
0.000045
0.000045
0.000045
0.000045
0.000045
0.000045
0.000045
0.000045
0.000045
0.000045
0.000045
0.000045
0.000045
0.000045
0.000045
0.000045
0.000045
0.000045
0.000045
0.000045
0.000045
0.000045
0.000045
0.000045
0.000045
0.000045
0.000045
0.000045
0.000045
0.000045
0.000045
0.000045
0.000045
0.000045
0.000045
0.000045
0.000045
0.000045
0.000045
0.000045
0.000045
0.000045
0.000045
0.000045
0.000045
0.000045
0.000045
0.000045
0.000045
0.000045
0.000045
0.000045
0.000045
0.000045
0.000045
0.000045
0.000045
0.000045
0.000045
0.000045
0.000045
0.000045
0.000045
0.000045
0.000045
0.000045
0.000045
0.000045
0.000045
0.000045
0.000045
0.000045
0.000045
0.000045
0.000045
0.000044
0.000044
0.000044
0.000044
0.000044
0.000044
0.000044
0.000044
0.000044
0.000044
0.000044
0.000044
0.000044
0.000044
0.000044
0.000044
0.000044
0.000044
0.000044
0.000044
0.000044
0.000044
0.000044
0.000044
0.000044
0.000044
0.000044
0.000044
0.000044
0.000044
0.000044
0.000044
0.000044
0.000044
0.000044
0.000044
0.000044
0.000044
0.000044
0.000044
0.000044
0.000044
0.000044
0.000044
0.000044
0.000044
0.000044
0.000044
0.000044
0.000044
0.000044
0.000044
0.000044
0.000044
0.000044
0.000044
0.000044
0.000044
0.000044
0.000044
0.000044
0.000044
0.000044
0.000044
0.000044
0.000044
0.000044
0.000044
0.000044
0.000044
0.000044
0.000044
0.000044
0.000044
0.000044
0.000044
0.000044
0.000044
0.000044
0.000044
0.000044
0.000044
0.000044
0.000044
0.000044
0.000044
0.000044
0.000044
0.000044
0.000044
0.000044
0.000044
0.000044
0.000044
0.000044
0.000044
0.000044
0.000044
0.000044
0.000044
0.000044
0.000044
0.000044
0.000044
0.000044
0.000044
0.000044
0.000044
0.000044
0.000044
0.000044
0.000044
0.000044
0.000044
0.000044
0.000044
0.000044
0.000044
0.000044
0.000044
0.000044
0.000044
0.000044
0.000044
0.000044
0.000044
0.000044
0.000044
0.000044
0.000044
0.000044
0.000044
0.000044
0.000044
0.000044
0.000044
0.000044
0.000044
0.000044
0.000044
0.000044
0.000044
0.000044
0.000044
0.000044
0.000044
0.000044
0.000044
0.000044
0.000044
0.000044
0.000044
0.000044
0.000044
0.000044
0.000044
0.000044
0.000044
0.000044
0.000044
0.000044
0.000044
0.000044
0.000044
0.000044
0.000044
0.000044
0.000044
0.000044
0.000044
0.000044
0.000044
0.000044
0.000044
0.000044
0.000044
0.000044
0.000044
0.000044
0.000044
0.000044
0.000044
0.000044
0.000044
0.000044
0.000044
0.000044
0.000044
0.000044
0.000044
0.000044
0.000044
0.000044
0.000044
0.000044
0.000044
0.000044
0.000044
0.000044
0.000044
0.000044
0.000044
0.000044
0.000044
0.000044
0.000044
0.000044
0.000044
0.000044
0.000044
0.000044
0.000044
0.000044
0.000044
0.000044
0.000044
0.000044
0.000044
0.000043
0.000043
0.000043
0.000043
0.000043
0.000043
0.000043
0.000043
0.000043
0.000043
0.000043
0.000043
0.000043
0.000043
0.000043
0.000043
0.000043
0.000043
0.000043
0.000043
0.000043
0.000043
0.000043
0.000043
0.000043
0.000043
0.000043
0.000043
0.000043
0.000043
0.000043
0.000043
0.000043
0.000043
0.000043
0.000043
0.000043
0.000043
0.000043
0.000043
0.000043
0.000043
0.000043
0.000043
0.000043
0.000043
0.000043
0.000043
0.000043
0.000043
0.000043
0.000043
0.000043
0.000043
0.000043
0.000043
0.000043
0.000043
0.000043
0.000043
0.000043
0.000043
0.000043
0.000043
0.000043
0.000043
0.000043
0.000043
0.000043
0.000043
0.000043
0.000043
0.000043
0.000043
0.000043
0.000043
0.000043
0.000043
0.000043
0.000043
0.000043
0.000043
0.000043
0.000043
0.000043
0.000043
0.000043
0.000043
0.000043
0.000043
0.000043
0.000043
0.000043
0.000043
0.000043
0.000043
0.000043
0.000043
0.000043
0.000043
0.000043
0.000043
0.000043
0.000043
0.000043
0.000043
0.000043
0.000043
0.000043
0.000043
0.000043
0.000043
0.000043
0.000043
0.000043
0.000043
0.000043
0.000043
0.000043
0.000043
0.000043
0.000043
0.000043
0.000043
0.000043
0.000043
0.000043
0.000043
0.000043
0.000043
0.000043
0.000043
0.000043
0.000043
0.000043
0.000043
0.000043
0.000043
0.000043
0.000043
0.000043
0.000043
0.000043
0.000043
0.000043
0.000043
0.000043
0.000043
0.000043
0.000043
0.000043
