14.939441
14.841809
14.726590
14.642610
14.578837
14.528079
14.486351
14.451512
14.422085
14.396732
14.374188
14.353337
14.333253
14.313191
14.292572
14.270952
14.248017
14.223575
14.197552
14.169956
14.140828
14.110164
14.077836
14.043542
14.006770
13.966782
13.922601
13.872976
13.816325
13.750653
13.673453
13.581614
13.471436
13.339031
13.181708
12.999986
12.792083
12.549850
12.285586
11.985627
11.624026
11.196041
10.736437
10.299300
9.847599
9.399361
9.005248
8.643838
8.502878
8.380902
8.234445
8.233134
8.147513
8.153553
8.571134
7.668780
8.488528
7.780850
7.949369
8.030595
8.320187
7.466498
7.628467
7.765389
7.858787
7.501510
8.871374
8.576998
7.850961
7.892817
7.388405
7.190500
7.592730
7.482221
7.471348
7.533728
7.771578
6.940641
7.468028
7.850461
7.093572
7.804467
7.336994
7.263490
7.152361
7.069056
7.077674
6.993555
7.158700
7.211965
7.797928
7.078039
7.040359
7.164350
6.946397
7.392182
6.976712
6.550226
7.148261
7.510479
7.217974
6.646825
6.961360
6.727546
6.418889
6.670571
6.931731
7.127702
7.060951
7.397877
7.157128
7.173883
6.851804
6.880694
6.835639
6.865730
6.860023
6.852643
6.817017
6.755846
6.604173
6.613653
6.336817
6.372637
6.238342
6.137495
6.491146
6.707983
6.569041
6.490690
6.384405
6.270715
6.093387
6.102486
5.998484
6.030400
6.329471
6.241960
5.944562
5.714653
5.702537
5.731254
6.026966
5.706597
5.581204
5.534091
5.580620
5.550285
5.545860
5.502434
5.476045
5.425797
5.389434
5.347917
5.312423
5.274878
5.240192
5.208304
5.181597
5.160146
5.143729
5.131168
5.120912
5.111334
5.101273
5.090266
5.078377
5.065844
5.052858
5.039525
5.025896
5.012008
4.997893
4.983585
4.969115
4.954504
4.939764
4.924896
4.909893
4.894741
4.879417
4.863894
4.848142
4.832132
4.815829
4.799205
4.782229
4.764875
4.747119
4.728939
4.710316
4.691234
4.671678
4.651636
4.631096
4.610048
4.588481
4.566387
4.543754
4.520571
4.496824
4.472497
4.447573
4.422031
4.395850
4.369005
4.341474
4.313240
4.284295
4.254643
4.224312
4.193356
4.161859
4.129934
4.097718
4.065362
4.033016
4.000814
3.968863
3.937230
3.905944
3.875004
3.844392
3.814102
3.784168
3.754698
3.725895
3.698030
3.671362
3.646028
3.621950
3.598819
3.576127
3.553323
3.530608
3.512179
3.523147
3.608176
4.566980
3.860544
3.898991
3.652089
3.443667
3.899811
4.562557
4.018097
3.684547
4.408577
4.783297
4.265865
5.207489
3.494687
3.934833
3.625273
3.816689
3.995136
3.510057
3.863129
3.959436
5.084361
4.137272
4.145818
4.419603
4.173808
3.830555
3.567830
3.724883
4.145782
4.180302
4.080572
3.862865
3.795747
3.296613
3.913070
3.572317
4.041974
3.397446
3.627679
3.082403
4.175237
4.057003
3.891373
3.739755
3.601350
3.347306
3.309349
3.243724
3.230769
3.218822
3.303051
3.258663
3.381721
3.429470
3.333189
3.444434
3.045254
3.236768
3.162546
3.333753
3.138945
3.238338
3.045857
3.203547
3.104275
3.065730
3.630074
3.492647
4.567529
3.923864
3.319826
3.005266
3.179019
2.943376
2.910161
4.107317
3.115958
3.283460
3.180033
2.904922
3.100441
3.568493
2.916298
2.880836
2.850436
2.847168
3.000011
3.318411
3.368058
3.614232
3.750396
2.865380
3.679172
4.124570
3.896026
3.093120
3.768772
3.498165
3.094077
2.873052
2.809295
6.280009
5.081603
7.501980
6.095989
4.122175
3.393213
3.221386
3.137424
3.176559
2.739477
3.433462
3.273579
3.334114
3.350282
2.838052
3.576534
3.131651
3.588785
5.504537
3.335878
2.559830
3.283184
2.510309
2.737377
3.211846
2.981038
3.149277
2.714774
4.653878
3.993249
3.459295
3.445176
2.956195
3.036901
2.578830
3.232134
3.109280
2.916987
3.344187
2.997034
2.818842
4.679460
5.862329
4.781989
3.924944
4.745443
3.142633
3.819898
4.377525
3.655292
2.432287
2.635624
2.799091
2.457371
2.761956
4.186735
3.440664
3.068179
3.325191
2.560055
5.226800
3.412243
2.893484
2.761244
3.672703
4.844435
3.722099
3.740276
2.995206
2.988021
2.519595
3.414760
3.088439
2.710071
3.194389
5.679381
3.793032
6.900503
5.597313
3.884060
3.695102
6.863074
5.574276
2.722044
4.105513
4.703413
2.766397
3.715083
2.662902
2.484072
3.439417
4.571024
6.107630
5.466906
4.663628
2.910449
2.664432
2.558208
2.388550
2.499289
4.467672
4.544968
3.463931
3.162233
2.501220
2.822275
2.401516
2.700204
3.189179
3.848330
5.411145
3.155807
2.604087
2.946126
7.096735
8.088647
7.146348
7.489169
3.427511
2.806463
2.472419
3.134021
3.068703
2.875116
3.104687
2.532242
3.814641
2.327974
3.123810
2.693310
4.482264
5.655168
2.829517
2.583438
3.190069
3.312722
3.493653
3.778796
6.148928
4.041252
2.716669
3.277802
4.930172
2.658843
2.346996
2.516547
2.304942
2.551780
3.167204
2.280745
2.385133
3.429372
7.603439
4.977376
3.585442
6.953559
3.486297
3.112259
2.303833
2.474469
3.321876
3.616998
3.426854
2.878707
4.447449
5.127108
2.381521
2.627614
2.778197
5.340783
4.859875
3.619850
7.280062
7.762114
5.673209
4.216563
3.965855
2.898202
3.382057
3.370967
3.618137
2.623656
6.088644
3.004808
2.559597
2.452775
2.839375
2.830567
2.834497
2.694350
2.986616
2.162379
2.403479
2.335174
2.464573
3.713240
3.051896
2.150185
4.057572
3.354405
2.592403
2.823572
2.127521
3.805912
2.857785
2.348496
2.488876
1.688026
4.571525
6.622311
5.487753
3.821568
7.179251
3.636972
2.478992
5.860476
4.703833
6.824439
6.983348
6.556916
6.158082
3.828924
6.158052
3.955370
3.711598
4.764453
2.801766
4.594185
2.843391
3.168634
2.520602
3.550326
4.919421
5.502572
3.531377
3.421163
3.543899
4.480158
5.328975
3.598956
2.988128
6.020747
4.594843
5.127945
4.370701
4.372651
4.219185
2.213156
4.442304
4.425947
4.238078
7.558334
6.253319
5.505180
5.114678
5.224399
5.721285
5.657611
5.689835
5.924579
4.486700
4.364032
6.238069
5.278210
4.004412
4.764779
4.329841
3.529810
2.455395
2.800124
5.533469
3.555706
3.599558
3.357416
4.170814
3.437927
3.295922
3.442613
6.307201
4.365959
4.234872
5.899459
5.559832
8.962514
6.017916
3.379398
2.347990
2.742662
3.096742
3.339673
2.924104
2.759677
2.420778
1.955266
2.865480
5.131053
3.586682
3.489895
3.618509
3.071980
2.531926
3.468317
5.623280
5.872792
2.348429
2.390323
2.422315
4.311938
2.449485
2.445111
2.239832
2.165676
3.515231
3.404813
2.112698
1.765297
1.544985
6.741416
7.698946
2.864372
4.496960
5.074152
3.202823
8.675384
6.562373
7.313780
6.405697
11.544233
7.484725
6.948396
6.676113
5.984761
5.515766
5.715756
6.839531
5.867534
6.252206
6.251433
5.458370
7.496099
6.163190
5.313708
5.092613
5.056093
5.272211
7.709578
7.101584
5.642580
6.124408
7.829384
6.194356
6.637117
5.167089
5.130982
5.138571
5.280494
5.317740
5.722770
5.123885
5.014196
5.669722
4.549513
4.310473
3.478253
5.488993
5.588984
4.759845
2.216330
2.841334
2.277543
1.333096
6.865276
5.130987
4.399415
6.886170
5.709231
6.671923
5.503701
6.454035
5.691150
5.427443
4.748628
4.802287
4.022269
4.616459
4.612768
4.806431
4.690315
5.521778
4.916206
4.722036
4.658482
4.653109
4.673928
5.137116
5.151387
4.923009
4.555927
4.554838
4.330561
3.989920
4.356018
3.554747
4.093765
3.518833
5.073901
4.345669
3.487466
4.372162
3.860734
3.803108
4.944418
4.514569
3.882034
6.003400
4.538644
5.284484
3.561347
3.955202
3.868772
3.543071
4.001520
3.409246
3.942874
4.305950
3.324380
4.005957
5.243425
6.370362
9.690648
7.017477
4.938173
4.288948
4.442705
3.621769
3.772376
4.284177
3.548667
3.217201
4.335689
3.503752
2.612746
3.024593
4.548051
4.714336
4.775663
3.001524
2.551979
6.150256
4.797880
3.722499
5.229151
6.075151
6.211991
4.734054
4.744287
3.913653
3.839939
4.210581
7.971592
8.787928
6.135432
5.932425
7.101214
8.393513
7.064502
4.047373
6.161435
5.743627
4.031969
5.477312
4.320355
4.136901
3.951707
3.217795
2.837081
6.237562
3.682627
4.699014
4.690736
2.615924
2.396113
4.535507
2.414948
2.940278
3.567929
2.363979
2.716551
2.997439
8.679677
4.576435
8.468277
4.551841
3.128332
2.574511
2.339190
3.024073
4.829722
5.580229
2.617503
2.256750
1.894895
1.829125
2.435159
2.223994
3.667905
8.471762
8.679311
6.822412
4.997249
5.141486
4.686463
4.744274
4.679791
3.257948
1.764836
2.371067
2.722063
2.627975
4.713045
2.860463
2.047777
3.410276
2.422549
1.720409
2.152035
3.028401
3.919362
2.200517
1.506316
1.332019
1.361816
2.009062
7.179936
10.515909
5.515313
4.985450
3.617295
3.019412
3.549550
3.222704
3.569821
3.107904
3.937675
3.766214
3.129243
3.113437
3.171760
1.537393
4.392817
2.499407
1.280607
3.198314
8.280816
5.342259
2.152578
2.140042
5.802389
9.338883
8.273961
5.588690
6.572104
5.719220
5.017714
4.615107
4.519644
4.551652
4.805260
4.292685
5.041729
4.079690
6.482958
4.960438
5.122033
5.714675
4.243485
5.385609
5.216940
4.542324
5.193128
4.277638
4.191572
4.420828
3.980851
3.598142
3.232885
3.484644
4.750755
4.353141
3.346242
3.207430
3.633257
4.687992
4.701765
3.456252
3.657820
5.859641
4.445998
3.247937
3.297048
4.897869
4.809254
4.669832
4.181678
4.233227
3.428944
5.674142
5.087120
4.702109
4.636797
4.673827
3.831883
2.586819
3.138275
2.980790
2.662283
3.669818
4.024511
2.434337
1.994766
2.290966
4.981600
5.749706
3.220492
2.248360
3.809878
1.848427
2.640820
6.983870
4.809380
2.129390
2.266531
2.094343
1.863755
4.034105
2.456599
1.572766
1.992366
4.769215
2.409138
7.279415
3.463341
3.185302
2.350087
2.191755
2.413426
3.324900
6.564350
4.573343
4.224711
1.841454
3.567037
4.943267
2.678931
2.171689
1.670164
1.698897
3.288203
3.617324
6.992353
5.801061
2.469835
1.638556
1.505975
1.370627
3.272096
3.313703
2.448596
2.787764
2.367018
5.110036
4.826736
3.520542
2.162076
1.886197
1.485577
2.853695
1.997329
5.931804
2.726985
1.325280
1.540210
3.658363
2.538830
2.047058
3.119977
2.907855
4.305849
1.882945
2.502338
3.628876
2.869701
2.769013
3.385064
3.643594
3.284845
3.220855
1.868377
3.533824
3.473866
4.002497
4.554750
4.216065
2.209271
1.888927
1.376625
2.414873
2.028625
1.710445
3.781225
2.677484
5.646995
5.227316
4.797075
4.927958
2.931648
2.229557
1.729479
2.939506
2.049499
2.209613
6.263931
4.545386
1.756951
1.856671
1.807865
1.056863
1.735229
7.656371
13.734984
11.867021
8.772916
7.267582
5.740500
5.541943
5.659308
5.413524
5.601591
6.034973
5.098420
4.865917
5.009237
5.576719
5.196945
4.508574
7.135313
6.735813
6.292832
5.556382
5.235980
5.081657
5.809080
5.563035
6.514187
9.100345
4.243782
5.731585
5.982080
5.028066
5.780064
4.378806
3.860335
4.781832
5.205714
5.849814
6.908044
6.023317
5.945761
5.676457
4.865635
6.173799
8.330364
5.540006
5.293879
6.974264
5.080432
6.628988
4.311830
3.667750
4.601654
3.980914
4.067127
3.900374
7.129559
5.365797
8.617090
4.210248
3.953274
3.702589
3.541767
3.880745
4.310219
5.160973
6.784813
7.388219
7.436988
9.568124
6.916378
6.185040
6.282095
6.570705
7.086019
7.430955
7.705958
6.681217
6.435268
5.257316
4.975935
5.135285
5.738806
4.761579
4.672454
3.985505
3.259929
3.057163
6.696892
6.364471
5.109125
5.780719
4.178360
5.123258
5.314548
5.349456
5.302657
5.284779
4.848310
4.759246
5.831003
4.384860
4.103529
3.550748
4.067881
5.835856
3.906607
3.864072
4.880245
6.266776
5.264418
4.259360
3.053543
3.741943
4.469300
3.708676
5.918258
5.723117
9.654540
7.035430
6.904763
5.830090
5.376429
6.427676
3.739349
4.790578
4.679282
4.135077
5.541565
5.202509
3.254522
3.962988
2.429572
2.211167
2.375592
5.287904
4.908190
6.557678
5.684908
5.973128
5.117045
4.171343
6.108906
5.145339
3.421875
4.243498
3.282801
4.296048
5.056866
6.347140
2.685556
3.061098
3.023517
4.876505
7.026229
7.395752
7.578165
5.763500
7.157921
6.283308
5.792044
6.660197
7.503070
5.176447
3.484860
5.178546
9.255409
5.320945
6.289377
3.858591
3.374826
2.926743
2.683631
4.656330
4.715277
3.860587
5.991007
6.277624
5.602998
5.649169
7.200306
3.728846
6.367861
3.488660
3.399785
2.305826
3.194499
3.061038
2.728411
5.466144
4.605157
4.944003
3.962204
6.143420
5.225745
4.955483
4.662361
3.890785
3.374097
7.773340
3.969801
6.776282
9.234610
7.344711
4.821896
2.782626
4.953705
4.883506
3.660573
4.112722
3.867225
5.072430
3.236688
2.798247
4.424760
4.465705
4.031727
3.469961
4.086055
4.204633
3.802938
5.552260
7.481344
4.299438
3.090950
2.107826
4.930901
3.879751
4.136314
3.964268
5.657200
4.635741
3.658798
4.531621
3.215226
8.036963
5.775155
3.014679
2.562691
2.616258
4.803418
2.795864
3.350160
3.765509
3.485581
2.863696
2.581015
4.574327
4.368475
4.181056
5.641636
4.046546
4.031740
3.161445
3.243179
2.702058
3.218051
2.885242
5.914513
7.579170
4.521509
5.654526
3.703037
2.823163
2.403337
2.227417
7.417603
3.961216
4.964351
3.899581
2.338589
5.023876
4.496029
6.499353
8.466325
7.502402
6.443324
4.600486
3.939145
3.582744
4.795951
2.507589
5.066365
3.624670
4.482029
4.121694
4.576637
2.657503
5.818459
3.933487
2.379511
4.474256
2.491143
2.002953
2.449464
2.199849
3.742419
5.381914
4.156580
3.983314
3.955326
4.292634
3.636933
2.837367
3.275670
4.280232
3.442147
3.988721
3.156670
2.823843
4.576547
3.514897
5.560504
3.009417
2.394620
7.199046
3.947503
2.625468
5.047412
5.756185
5.492794
2.807507
2.014072
3.162310
6.978302
2.600334
2.653221
2.003851
2.559678
3.341379
2.348968
5.260467
4.248186
5.368699
4.187994
2.955348
5.219800
6.702722
5.611259
4.619811
3.591161
2.402360
3.466189
2.535406
2.032788
4.276462
4.971886
5.674800
3.688931
3.194635
5.086362
4.492428
4.440464
3.360684
2.795889
2.525619
3.984530
5.779230
3.794270
2.780367
2.208221
2.178782
2.163971
4.735289
3.130564
5.060804
7.364800
4.736706
3.178331
2.334450
1.910683
4.371031
1.929850
1.855563
3.769466
7.581656
5.520498
5.846530
5.863060
4.992177
5.248904
4.642329
4.121366
3.378507
3.350720
3.830736
5.888216
3.489739
3.236778
5.094613
2.383875
2.411385
6.750896
6.659917
9.195728
4.718893
2.603334
2.078860
2.119622
3.732918
2.646965
4.834655
6.035715
4.086518
2.715602
2.148389
1.902848
4.992168
4.554415
4.206234
4.085773
3.949293
3.852035
3.289127
3.138900
3.160975
2.299011
1.885202
3.539034
3.478372
5.319796
5.897285
3.270326
3.296849
2.308135
5.808246
6.396137
4.098679
4.301393
3.321104
2.732623
1.823298
5.302017
4.807006
4.809372
4.622543
2.774855
2.141940
2.117079
2.836993
3.341974
4.370823
4.350172
3.688470
2.139345
2.405158
1.530476
2.019503
5.499729
3.420608
3.643704
2.799601
6.316988
3.292649
2.448169
1.599857
2.681472
4.797202
4.963372
2.903082
2.853421
3.650750
2.618767
1.912314
4.928443
4.964262
4.832812
4.985584
3.760302
2.762437
2.841571
2.784203
2.042153
3.786517
4.810911
3.969903
3.272475
2.315147
3.671956
2.140352
2.544123
3.161378
2.440265
3.529263
3.207161
3.504899
2.873245
2.619273
3.352156
3.981638
4.491095
5.241402
4.797026
2.508809
2.295024
2.132272
2.293274
1.919218
3.194043
3.127186
2.254629
8.918802
5.988134
2.973073
2.414967
1.779754
4.068602
4.507126
3.387958
3.808991
3.604447
3.982453
2.299204
2.545145
2.590798
5.595224
8.412698
5.029459
3.878085
4.188798
4.123462
2.418510
4.766945
4.437306
2.302197
2.507842
2.126314
2.768598
2.920996
4.772370
2.137542
3.912043
4.198928
4.225620
4.603415
3.003498
2.347372
1.794753
2.223555
3.405359
5.377174
9.944603
12.475200
10.678611
10.624951
8.493532
6.373705
4.986100
4.972161
4.479160
2.037328
2.262971
2.215946
2.623724
6.157490
3.900114
3.737377
5.962791
5.857216
2.646728
2.730141
1.848370
2.602598
3.071897
3.143758
2.928713
7.837009
3.767047
2.141633
4.737464
3.046983
4.453644
2.170620
1.987122
3.395466
4.466724
3.371993
5.653918
6.828464
5.077248
3.493399
2.895063
2.330431
3.772783
7.740762
3.455134
2.345164
6.035661
5.960494
3.481499
2.295104
2.082116
6.959444
7.762410
4.441615
3.549270
3.952755
3.263017
3.849228
1.754571
3.314054
2.189402
2.239058
4.609028
6.483983
4.829773
2.799512
4.683630
3.997256
3.965747
3.470074
4.488564
2.671692
3.070232
3.473588
3.258664
3.808666
2.109899
2.208279
9.174147
5.847948
4.042769
4.025393
3.138553
3.808611
4.821396
5.457862
3.443166
2.746109
4.687894
4.636268
3.109248
3.831889
1.861522
2.515341
7.178651
2.464564
7.047279
6.650600
2.554967
4.977873
2.242627
2.339677
2.526801
2.653514
1.830904
3.279907
5.269280
1.852890
2.305620
4.265984
5.184761
4.423397
6.597871
5.754064
6.083914
5.958314
11.274962
3.675884
4.597430
2.119543
4.626629
4.405304
3.021456
2.278493
2.083784
3.371087
3.706021
2.686103
3.340781
3.891430
8.751798
5.904503
3.532562
2.348284
2.200839
1.723864
2.786254
2.127056
2.410623
1.471106
3.921493
6.174637
3.733031
3.460196
2.352955
2.221588
2.732719
4.098812
2.395970
2.609660
3.729845
4.227900
3.734579
3.807663
3.681553
3.729435
2.450739
5.930243
3.214117
2.073607
4.075577
5.757689
5.209719
5.983880
4.902362
3.300434
1.851840
2.435699
2.937893
3.334603
2.059563
4.405817
2.331969
3.012684
3.017368
3.845749
4.366215
4.211712
3.382075
2.400871
3.753818
1.846696
2.782832
3.477207
1.537888
2.582316
3.642925
3.358285
1.916737
2.019311
3.304446
2.989872
5.471520
4.421727
5.058651
5.161328
2.240976
2.210656
4.774929
4.443970
4.307920
3.942475
3.646849
2.646414
2.381985
3.990473
3.711960
2.273413
2.070924
2.258598
2.934783
2.309840
6.728180
6.257095
4.017562
2.661444
2.976641
5.341504
2.372349
2.430976
1.838214
3.455338
3.657268
3.132491
3.900578
3.277230
1.640259
1.898988
4.515124
5.745553
5.822431
6.008062
4.373184
6.088505
4.377438
3.278006
4.113825
2.864896
2.367743
1.931824
2.064985
5.073205
4.487784
2.868472
3.407082
2.701522
1.559523
2.838571
5.493489
2.462621
1.473759
2.441992
3.600941
5.229902
3.475576
2.192121
2.746875
4.559979
4.624588
4.070030
3.631664
3.763409
3.654277
3.171095
3.140360
2.766979
2.325910
3.098319
2.141219
2.003832
2.360338
2.652191
1.361954
1.291183
1.241249
1.384560
1.285068
1.922299
7.126579
10.049965
6.117636
5.584352
4.192233
3.843166
2.452597
3.575663
4.808283
3.703920
4.392667
2.779354
1.848261
2.533885
2.919209
4.527599
5.393270
3.781075
2.455798
1.915799
3.854322
2.077297
2.633315
3.590698
2.128709
4.635163
3.017012
3.099711
2.134578
2.366401
3.084882
1.981447
1.658999
2.085908
2.325036
2.508217
3.573257
2.459140
1.518510
2.725437
1.471772
1.851527
1.160556
1.126110
1.097876
1.380954
2.416771
9.384237
5.709205
6.611626
3.733824
2.309497
3.788045
4.453650
3.041831
3.097967
3.437802
2.517023
4.286692
3.607641
6.018986
4.100761
2.132917
2.485555
3.187988
4.217168
4.462417
3.998706
3.730944
3.983330
3.436143
2.799130
3.075521
2.380523
3.045167
5.662150
4.028645
3.883226
3.834166
4.103385
3.824212
3.749333
3.163291
3.631989
7.620534
3.393808
3.061373
2.750308
2.889722
3.645492
2.694638
5.011187
10.995860
6.165703
5.301875
6.805037
6.957210
3.729480
4.650864
2.500602
2.956463
2.500299
4.986488
2.682711
2.737769
2.381657
2.873751
3.243525
1.327216
1.340682
4.173198
2.417476
1.898930
2.603403
7.190258
7.971193
3.547017
4.002620
3.763211
2.445956
1.812805
2.399311
2.220487
1.408020
3.658088
4.055847
3.514471
3.347236
2.464350
2.152267
5.340900
4.907502
7.618519
3.152944
2.744568
2.139755
1.632541
1.983220
1.579284
1.757988
6.370023
3.174567
3.255139
2.013240
3.451364
2.826830
2.226035
1.908773
4.326754
3.832510
2.899246
1.947152
2.629667
2.252821
1.865623
6.609072
4.431350
2.310395
6.556010
5.513230
3.118914
2.696062
4.278145
2.186063
1.495515
2.723014
2.401332
2.129826
2.319908
4.276963
3.933786
6.632236
5.161124
4.015646
4.346490
3.168595
2.859398
1.824489
1.777971
1.679819
2.176453
3.233276
2.275809
7.144058
4.056328
3.242763
2.705178
2.010200
3.753753
2.997155
2.275873
1.778265
4.217845
3.997567
7.318375
9.453903
3.842672
4.516065
4.153987
2.726328
1.174327
1.789067
1.232121
1.438911
5.326983
2.449251
1.876408
4.262256
4.812373
4.293878
3.135394
3.584843
1.834744
1.491008
4.561404
4.667876
5.870241
4.900135
5.427165
6.175992
6.022838
4.336690
3.276811
2.659432
2.932785
2.492861
3.695691
4.053198
1.289105
1.745639
1.660859
1.504878
1.372436
2.222308
3.176839
1.228556
6.111703
7.770521
6.930318
5.718727
3.289291
2.935463
4.638140
3.376182
2.204400
2.241650
3.841311
5.594697
5.411830
2.199130
3.194113
1.970152
2.743626
4.032096
3.223246
4.501344
4.669874
4.114946
3.047473
3.280003
3.029385
4.319536
2.902477
4.899148
2.741124
6.319231
3.825770
1.876913
2.391159
1.917911
1.932695
5.480685
4.433687
2.843671
7.772999
4.647442
4.574878
4.634014
4.283880
4.728908
5.707106
3.633838
2.769696
3.650287
3.112692
4.422592
3.397614
2.425125
2.225179
1.860504
2.039518
4.081198
6.581217
2.117640
2.441679
2.172886
1.094849
1.405187
1.463808
1.940507
2.122509
3.009728
2.794577
2.955689
1.654027
1.460519
1.280635
1.661906
2.578012
2.667848
4.786873
3.953992
3.774769
3.611122
2.260518
1.317441
1.288139
2.827746
3.013315
1.644558
1.269931
1.048119
1.632440
3.629435
4.843824
3.494600
2.228456
3.482093
3.784589
2.645025
2.351883
2.348295
3.785058
4.151878
1.633739
1.710597
1.398747
2.948579
5.261388
3.446563
3.062814
3.076031
2.031999
3.296776
2.994655
1.911848
3.402867
6.621782
8.069867
6.657869
4.906943
3.950515
3.590497
3.392919
4.038795
4.042862
3.626789
3.508626
3.454292
2.371812
1.106420
1.267174
4.473602
2.965710
3.756533
2.880313
6.567178
1.616710
2.376236
2.466599
5.014059
5.441778
7.030618
5.068494
2.370433
3.920667
4.365937
2.734159
2.168932
0.960433
3.663712
2.193048
1.338640
1.695936
3.288427
1.336643
4.953218
2.385067
2.313853
3.677026
1.422216
3.251097
1.696318
2.393328
4.504990
2.222043
1.681134
1.871213
2.224511
2.186176
3.766859
5.218460
4.086167
5.021080
3.694911
2.507981
1.736840
1.321456
1.019131
1.005655
0.785894
1.619023
1.337112
6.434241
3.848209
4.049848
4.561009
4.084035
3.559649
3.349612
2.842284
2.723911
3.449896
3.227514
2.984389
2.879794
1.671836
4.279068
4.830958
6.047474
5.651897
5.663790
8.946252
5.372618
4.869275
3.261059
3.037704
1.942697
3.108258
2.809599
4.359457
8.532591
4.898216
4.451808
3.336879
5.225610
7.393739
3.375479
2.681413
2.274350
1.515307
4.337742
6.178194
7.084674
4.935396
1.985322
2.865047
4.441292
3.642837
2.620526
3.378192
3.056287
3.121478
4.824711
4.184992
3.831021
2.904359
2.339568
2.129388
5.947643
6.765700
4.195420
2.801745
8.554267
7.476099
5.718564
4.970267
3.104073
3.540789
3.895976
3.840956
3.971008
4.928028
2.992485
3.956384
1.567664
1.442189
0.733588
0.881144
5.649484
5.545596
2.385582
3.481489
2.033441
3.717900
2.703988
1.372792
1.951788
2.977984
2.738315
3.609053
5.358637
2.307982
5.355830
2.424290
2.374162
3.210861
1.240965
1.505880
1.792826
3.472497
3.542646
4.064503
6.059957
4.169341
2.702955
4.717321
5.303864
2.945995
1.163528
2.615818
4.048299
2.115984
2.115746
3.594417
4.589204
3.415630
3.305724
2.471740
2.226058
2.623361
2.497233
1.829061
4.057202
3.132193
4.729480
4.723862
4.948192
4.319396
7.615063
5.305680
2.375923
3.184211
2.925095
4.648438
2.173466
2.672293
2.950944
3.522705
1.897354
1.381118
2.954672
2.028407
1.177339
0.825159
0.912651
1.246826
1.526508
4.637759
5.042176
4.657476
2.369487
1.670526
1.224090
2.247879
4.379272
5.252662
3.877464
2.206615
2.516253
2.201081
1.506136
1.174817
2.366521
1.924954
1.235001
1.182739
1.174576
1.636498
1.213129
1.693463
1.513698
2.967284
4.522485
2.263649
1.113047
0.902153
2.191082
2.396175
3.560696
5.118708
6.153224
2.852501
2.684155
2.533224
2.267468
1.448500
2.312242
1.473876
1.976308
1.602080
0.979385
0.673394
1.070728
5.879506
5.642359
4.307946
2.311188
1.554039
1.309690
3.483715
1.906610
1.542267
1.456944
1.541690
2.108382
2.421257
6.198048
4.397928
2.258397
1.474133
1.953136
1.209122
1.293669
6.517908
4.163478
2.633700
1.582364
1.602768
2.075785
4.211713
2.242664
2.666859
1.084007
1.685799
7.741125
4.018917
3.386600
3.195730
1.585135
3.385317
2.890982
3.100980
2.192751
3.477789
1.556076
1.159841
2.903494
2.533153
4.269659
1.415615
0.946407
0.927480
5.041386
3.126753
2.252710
1.912800
1.638334
2.104973
0.952193
2.328312
2.504304
0.785538
1.335394
1.073833
1.061071
1.126909
1.296652
6.502951
5.094500
10.058180
6.793979
2.614973
2.829051
4.919103
2.869306
2.752840
1.106837
2.689020
1.442591
0.923433
1.014049
1.980707
1.535535
8.108786
3.807986
10.935187
6.512640
6.880630
5.998704
4.555113
4.527527
4.762835
4.296418
5.766499
3.864227
2.531505
1.484944
2.173150
1.849675
1.482774
1.644204
3.802509
4.014247
3.384418
0.950540
4.060853
1.697090
1.307914
1.097326
0.973568
2.590154
5.277426
3.358032
2.072486
2.851885
2.626668
1.622763
0.828232
2.445049
3.542577
1.159297
3.480440
1.902457
1.592279
6.577879
6.316546
3.281371
1.660969
1.318870
1.863902
1.024750
2.896544
4.830742
5.824210
5.686858
3.251481
6.759562
3.111394
2.398872
1.592924
2.131775
3.556186
1.977707
2.863780
0.837046
2.176956
3.171484
2.261428
3.069730
1.752296
0.867497
2.504953
2.873403
7.727246
5.744904
5.644105
4.308597
4.677746
3.966718
3.791447
4.840673
6.847351
4.378934
3.426842
3.551250
3.640532
4.466415
5.522978
5.073729
3.953478
3.745716
1.929198
1.354342
1.965122
2.850562
5.617500
3.327778
2.287613
1.788322
1.431402
1.501221
4.887484
5.207543
4.849663
5.009795
3.336445
3.423021
3.305803
3.817105
2.813407
2.071500
1.873353
3.323242
4.457608
3.214572
3.530805
2.230036
1.227502
3.909779
3.959066
1.302244
1.432232
1.753437
3.081875
1.968779
2.215692
2.248420
4.031638
4.026122
3.077610
3.556087
3.589801
3.017883
2.329159
0.795581
0.947560
1.290042
1.215478
1.471026
0.775921
2.593080
2.001200
6.452623
5.789161
2.070508
2.694436
1.276382
4.484716
3.319867
1.907147
2.192673
1.136636
2.812754
1.703162
1.288203
3.037369
1.439687
6.179072
3.063138
5.456747
3.101239
2.958423
3.359701
1.613328
1.026011
1.515110
2.967494
1.842348
2.742453
6.309895
6.863376
7.058691
5.126897
5.893551
5.559021
2.929011
2.929418
2.671617
3.005707
2.683968
2.551956
2.228415
3.411666
3.656436
1.939338
2.010540
1.730626
1.073465
2.727234
2.672668
1.853783
2.285558
3.629047
6.644439
5.765269
2.619938
2.165897
2.082210
0.907123
0.974591
1.265331
0.816589
1.342747
2.272261
3.785965
4.244005
6.607305
2.873900
3.827097
2.690518
1.530688
1.136153
1.358054
0.958596
2.213478
1.519264
4.101456
3.043045
1.447912
6.023436
4.324786
3.178866
2.388805
2.838436
2.415928
2.511300
2.571148
1.654129
1.230197
1.297678
0.848756
0.959996
0.507800
0.461024
1.170915
1.313549
2.467194
5.279704
4.319828
2.322735
1.676624
0.880523
4.587347
5.681532
4.177316
2.122955
1.784446
0.894289
2.587775
6.694455
2.189167
1.240814
0.896581
1.156880
1.124051
0.883043
0.712366
1.546855
1.589536
0.984761
5.678683
3.616642
3.779075
3.567431
2.394092
2.443314
2.774191
2.699230
2.476458
4.212102
2.869985
3.227027
2.865225
1.743878
2.979428
1.284047
1.565832
0.940571
1.017709
0.456536
1.071678
2.211414
3.717342
1.611010
1.625788
5.810265
1.041740
1.419541
1.542072
1.323982
1.294530
1.585511
1.504800
0.825318
2.711019
3.628036
2.909693
4.200147
4.348705
2.845641
1.856348
1.829950
1.064937
1.564502
0.916857
0.683429
0.853315
0.934482
0.923343
1.540108
4.290020
3.660354
0.707496
0.790130
1.415315
0.879327
0.597892
0.627850
0.388054
2.257723
1.295532
5.357367
1.416169
0.654296
1.260120
3.250094
2.102596
8.444049
3.921460
3.898680
1.739603
1.499663
3.400900
2.428449
4.367526
2.330633
1.622514
1.358816
2.942414
4.037153
2.139797
1.986472
4.462297
3.258350
1.676438
1.816988
1.540759
1.286860
1.127157
1.377994
3.352502
2.090682
0.810095
1.553300
6.228817
4.562227
3.057075
3.230068
2.934740
0.974743
1.037188
0.639380
1.195012
0.842102
0.553490
0.777942
6.539242
6.674434
3.222898
2.748716
2.604206
2.057647
3.795145
4.683853
2.938392
4.287314
2.685082
1.603465
0.948255
0.758094
1.128015
2.397184
5.314926
5.843700
2.022782
0.992700
2.267943
0.618786
0.873901
1.042623
0.767608
2.589787
5.845709
4.801049
3.388010
2.340157
3.315288
3.391772
1.535128
2.042574
2.850065
1.448017
3.798712
2.732508
1.733817
1.077111
1.320639
1.463282
2.198915
0.901649
4.357634
3.616554
5.485615
3.023572
3.764087
1.166223
1.129773
1.070629
1.218342
1.068921
1.244516
2.041726
3.016182
4.339227
5.267087
3.829728
1.021374
1.018050
4.504687
2.822354
3.206770
1.348124
1.101265
1.415176
5.800437
3.883658
7.653512
2.805681
2.109966
3.176004
1.866402
1.165749
2.071463
6.156565
6.031303
3.329887
2.272840
1.855159
2.295621
2.181115
2.941305
2.358264
1.346192
1.097145
0.978037
1.131823
1.760743
1.159406
1.889241
1.124905
2.957425
1.991032
1.368293
0.944812
4.436625
3.926049
4.533384
3.678956
3.557173
3.528190
5.471233
5.636749
6.249675
5.618675
3.160761
2.143502
1.416387
1.382508
1.262387
2.584858
3.102554
2.688397
4.314967
4.895984
2.289789
2.103592
1.614219
0.838335
0.764953
2.946716
1.851588
0.524743
1.953164
1.107310
0.932161
0.778492
3.328167
5.414094
4.091977
2.840344
2.954319
1.514367
1.188064
1.787369
1.897653
1.992785
1.407408
3.680269
2.594382
1.309654
1.038855
3.024423
3.100366
4.692599
1.290952
0.799130
1.063318
1.058346
1.104168
0.602735
1.288226
1.719747
0.826945
0.994172
1.104568
1.311426
1.783041
5.771961
3.346935
2.194035
0.788395
0.691519
0.620559
0.968400
2.277009
6.303782
6.985704
5.137095
3.953383
3.494628
2.296312
1.998643
4.647358
1.432627
1.316285
0.886104
0.787009
3.565401
1.490549
0.787599
0.791095
0.988413
1.216437
1.262419
1.796756
4.820451
4.752658
4.117816
2.401201
1.486601
2.861815
2.376850
1.262480
1.461236
1.714794
1.306763
2.157633
1.304220
3.030966
0.466489
0.600851
1.035956
0.676017
1.060845
0.923019
1.093756
1.078638
3.930622
2.996780
6.574924
8.254236
5.390386
2.865725
1.959807
1.317507
1.007321
4.103578
4.237934
1.046707
0.968183
0.824032
0.592521
0.788801
2.318723
3.415231
1.244509
0.703456
2.055805
0.699178
2.303277
0.631223
1.316534
7.742118
5.484073
2.459047
3.830675
1.585785
2.663728
4.345503
5.521982
1.416822
1.609341
1.571581
1.911869
2.334223
0.942344
0.767584
0.649991
1.039980
2.433041
0.507169
0.954678
1.713596
3.276847
3.549209
2.723164
1.009633
1.170265
1.477963
2.408032
5.030024
1.856558
1.059224
1.812750
2.040694
1.586695
0.817945
4.588351
5.467041
4.513335
3.946684
3.249432
2.098520
2.226315
7.144950
2.077772
0.996481
1.031435
3.880987
3.166279
4.700113
4.814176
5.297486
4.133919
3.955348
1.909917
1.185540
1.709516
0.642169
0.763422
1.115929
1.216306
1.439282
8.087938
6.110454
1.933435
1.407502
2.806480
1.233963
1.939299
2.882774
2.486270
1.570877
0.811291
0.881841
0.947088
1.062980
3.734355
5.612739
4.946187
3.102003
3.313857
3.742067
3.255800
3.802980
2.794696
2.520368
3.155861
2.822589
3.075290
3.711753
4.185176
3.779596
3.354516
2.264790
2.544441
2.645326
2.968428
5.630906
4.308432
4.333217
3.569594
4.298095
3.224258
1.965135
0.848333
2.990026
3.349209
4.325743
3.789459
3.092263
3.437017
3.260988
2.551130
1.821922
6.309036
6.125675
5.936123
2.213934
1.256895
6.188339
4.937459
3.202055
2.186694
3.930334
5.242896
2.553237
3.370049
4.286752
2.435490
2.985774
4.068677
1.021160
0.609339
0.889384
2.727221
1.195602
0.980880
1.005159
0.782124
0.924702
3.450452
2.094990
1.529251
0.431638
0.633396
1.396687
0.470600
0.222430
0.579524
3.149815
3.812041
2.951315
3.532903
4.403225
4.074685
5.700346
2.365674
3.250513
3.346467
1.545590
5.067221
1.760111
1.651222
0.909281
1.146938
0.660267
0.918096
0.532393
1.907252
8.436929
6.374576
3.693167
1.871441
1.187754
1.241064
4.053905
5.035740
2.363734
2.101509
1.169495
4.061845
1.806307
0.852991
0.959523
2.366859
1.821300
1.018392
2.110799
4.576881
3.934355
2.914163
2.810152
1.270933
1.578800
1.077153
0.588432
0.856875
0.424921
0.704053
0.984672
0.215716
0.189647
0.115392
0.084366
0.065458
0.057548
0.051340
0.046106
0.042266
0.039459
0.037228
0.035358
0.033741
0.032315
0.031038
0.029882
0.028828
0.027859
0.026964
0.026134
0.025360
0.024635
0.023956
0.023316
0.022713
0.022142
0.021602
0.021089
0.020601
0.020136
0.019693
0.019270
0.018865
0.018477
0.018105
0.017749
0.017406
0.017076
0.016759
0.016454
0.016160
0.015876
0.015602
0.015337
0.015081
0.014833
0.014594
0.014362
0.014137
0.013919
0.013707
0.013502
0.013303
0.013109
0.012921
0.012738
0.012561
0.012388
0.012219
0.012055
0.011895
0.011740
0.011588
0.011440
0.011295
0.011155
0.011017
0.010883
0.010752
0.010624
0.010499
0.010376
0.010257
0.010140
0.010025
0.009913
0.009804
0.009697
0.009592
0.009489
0.009388
0.009289
0.009193
0.009098
0.009005
0.008914
0.008825
0.008737
0.008651
0.008567
0.008484
0.008403
0.008323
0.008245
0.008168
0.008092
0.008018
0.007945
0.007873
0.007803
0.007733
0.007665
0.007598
0.007533
0.007468
0.007404
0.007341
0.007280
0.007219
0.007159
0.007101
0.007043
0.006986
0.006930
0.006875
0.006820
0.006767
0.006714
0.006662
0.006611
0.006560
0.006510
0.006461
0.006413
0.006365
0.006318
0.006272
0.006226
0.006181
0.006137
0.006093
0.006050
0.006007
0.005965
0.005923
0.005882
0.005842
0.005802
0.005763
0.005724
0.005685
0.005647
0.005610
0.005573
0.005536
0.005500
0.005465
0.005430
0.005395
0.005361
0.005327
0.005293
0.005260
0.005227
0.005195
0.005163
0.005131
0.005100
0.005069
0.005039
0.005009
0.004979
0.004949
0.004920
0.004891
0.004863
0.004835
0.004807
0.004779
0.004752
0.004725
0.004698
0.004672
0.004646
0.004620
0.004594
0.004569
0.004544
0.004519
0.004495
0.004470
0.004446
0.004422
0.004399
0.004376
0.004353
0.004330
0.004307
0.004285
0.004262
0.004240
0.004219
0.004197
0.004176
0.004155
0.004134
0.004113
0.004093
0.004072
0.004052
0.004032
0.004012
0.003993
0.003973
0.003954
0.003935
0.003916
0.003897
0.003879
0.003860
0.003842
0.003824
0.003806
0.003789
0.003771
0.003754
0.003736
0.003719
0.003702
0.003685
0.003669
0.003652
0.003636
0.003619
0.003603
0.003587
0.003571
0.003556
0.003540
0.003525
0.003509
0.003494
0.003479
0.003464
0.003449
0.003434
0.003420
0.003405
0.003391
0.003377
0.003363
0.003349
0.003335
0.003321
0.003307
0.003293
0.003280
0.003267
0.003253
0.003240
0.003227
0.003214
0.003201
0.003188
0.003176
0.003163
0.003151
0.003138
0.003126
0.003114
0.003101
0.003089
0.003077
0.003066
0.003054
0.003042
0.003030
0.003019
0.003007
0.002996
0.002985
0.002974
0.002962
0.002951
0.002940
0.002929
0.002919
0.002908
0.002897
0.002887
0.002876
0.002866
0.002855
0.002845
0.002835
0.002825
0.002814
0.002804
0.002794
0.002785
0.002775
0.002765
0.002755
0.002746
0.002736
0.002727
0.002717
0.002708
0.002698
0.002689
0.002680
0.002671
0.002662
0.002653
0.002644
0.002635
0.002626
0.002617
0.002608
0.002600
0.002591
0.002582
0.002574
0.002565
0.002557
0.002549
0.002540
0.002532
0.002524
0.002516
0.002507
0.002499
0.002491
0.002483
0.002475
0.002468
0.002460
0.002452
0.002444
0.002436
0.002429
0.002421
0.002414
0.002406
0.002399
0.002391
0.002384
0.002377
0.002369
0.002362
0.002355
0.002348
0.002340
0.002333
0.002326
0.002319
0.002312
0.002305
0.002299
0.002292
0.002285
0.002278
0.002271
0.002265
0.002258
0.002251
0.002245
0.002238
0.002232
0.002225
0.002219
0.002212
0.002206
0.002200
0.002193
0.002187
0.002181
0.002175
0.002168
0.002162
0.002156
0.002150
0.002144
0.002138
0.002132
0.002126
0.002120
0.002114
0.002108
0.002103
0.002097
0.002091
0.002085
0.002080
0.002074
0.002068
0.002063
0.002057
0.002052
0.002046
0.002040
0.002035
0.002030
0.002024
0.002019
0.002013
0.002008
0.002003
0.001997
0.001992
0.001987
0.001982
0.001977
0.001971
0.001966
0.001961
0.001956
0.001951
0.001946
0.001941
0.001936
0.001931
0.001926
0.001921
0.001916
0.001911
0.001907
0.001902
0.001897
0.001892
0.001887
0.001883
0.001878
0.001873
0.001869
0.001864
0.001859
0.001855
0.001850
0.001846
0.001841
0.001837
0.001832
0.001828
0.001823
0.001819
0.001814
0.001810
0.001806
0.001801
0.001797
0.001793
0.001788
0.001784
0.001780
0.001775
0.001771
0.001767
0.001763
0.001759
0.001755
0.001750
0.001746
0.001742
0.001738
0.001734
0.001730
0.001726
0.001722
0.001718
0.001714
0.001710
0.001706
0.001702
0.001698
0.001695
0.001691
0.001687
0.001683
0.001679
0.001675
0.001672
0.001668
0.001664
0.001660
0.001657
0.001653
0.001649
0.001646
0.001642
0.001638
0.001635
0.001631
0.001628
0.001624
0.001620
0.001617
0.001613
0.001610
0.001606
0.001603
0.001599
0.001596
0.001592
0.001589
0.001585
0.001582
0.001579
0.001575
0.001572
0.001569
0.001565
0.001562
0.001559
0.001555
0.001552
0.001549
0.001545
0.001542
0.001539
0.001536
0.001533
0.001529
0.001526
0.001523
0.001520
0.001517
0.001514
0.001510
0.001507
0.001504
0.001501
0.001498
0.001495
0.001492
0.001489
0.001486
0.001483
0.001480
0.001477
0.001474
0.001471
0.001468
0.001465
0.001462
0.001459
0.001456
0.001453
0.001450
0.001447
0.001445
0.001442
0.001439
0.001436
0.001433
0.001430
0.001428
0.001425
0.001422
0.001419
0.001416
0.001414
0.001411
0.001408
0.001405
0.001403
0.001400
0.001397
0.001395
0.001392
0.001389
0.001387
0.001384
0.001381
0.001379
0.001376
0.001373
0.001371
0.001368
0.001366
0.001363
0.001361
0.001358
0.001355
0.001353
0.001350
0.001348
0.001345
0.001343
0.001340
0.001338
0.001335
0.001333
0.001330
0.001328
0.001326
0.001323
0.001321
0.001318
0.001316
0.001313
0.001311
0.001309
0.001306
0.001304
0.001302
0.001299
0.001297
0.001295
0.001292
0.001290
0.001288
0.001285
0.001283
0.001281
0.001278
0.001276
0.001274
0.001272
0.001269
0.001267
0.001265
0.001263
0.001260
0.001258
0.001256
0.001254
0.001252
0.001249
0.001247
0.001245
0.001243
0.001241
0.001239
0.001236
0.001234
0.001232
0.001230
0.001228
0.001226
0.001224
0.001222
0.001219
0.001217
0.001215
0.001213
0.001211
0.001209
0.001207
0.001205
0.001203
0.001201
0.001199
0.001197
0.001195
0.001193
0.001191
0.001189
0.001187
0.001185
0.001183
0.001181
0.001179
0.001177
0.001175
0.001173
0.001171
0.001169
0.001167
0.001165
0.001164
0.001162
0.001160
0.001158
0.001156
0.001154
0.001152
0.001150
0.001148
0.001147
0.001145
0.001143
0.001141
0.001139
0.001137
0.001136
0.001134
0.001132
0.001130
0.001128
0.001126
0.001125
0.001123
0.001121
0.001119
0.001118
0.001116
0.001114
0.001112
0.001111
0.001109
0.001107
0.001105
0.001104
0.001102
0.001100
0.001098
0.001097
0.001095
0.001093
0.001092
0.001090
0.001088
0.001087
0.001085
0.001083
0.001081
0.001080
0.001078
0.001077
0.001075
0.001073
0.001072
0.001070
0.001068
0.001067
0.001065
0.001063
0.001062
0.001060
0.001059
0.001057
0.001055
0.001054
0.001052
0.001051
0.001049
0.001048
0.001046
0.001044
0.001043
0.001041
0.001040
0.001038
0.001037
0.001035
0.001034
0.001032
0.001031
0.001029
0.001027
0.001026
0.001024
0.001023
0.001021
0.001020
0.001018
0.001017
0.001016
0.001014
0.001013
0.001011
0.001010
0.001008
0.001007
0.001005
0.001004
0.001002
0.001001
0.000999
0.000998
0.000997
0.000995
0.000994
0.000992
0.000991
0.000989
0.000988
0.000987
0.000985
0.000984
0.000982
0.000981
0.000980
0.000978
0.000977
0.000976
0.000974
0.000973
0.000971
0.000970
0.000969
0.000967
0.000966
0.000965
0.000963
0.000962
0.000961
0.000959
0.000958
0.000957
0.000955
0.000954
0.000953
0.000951
0.000950
0.000949
0.000948
0.000946
0.000945
0.000944
0.000942
0.000941
0.000940
0.000938
0.000937
0.000936
0.000935
0.000933
0.000932
0.000931
0.000930
0.000928
0.000927
0.000926
0.000925
0.000923
0.000922
0.000921
0.000920
0.000918
0.000917
0.000916
0.000915
0.000914
0.000912
0.000911
0.000910
0.000909
0.000908
0.000906
0.000905
0.000904
0.000903
0.000902
0.000900
0.000899
0.000898
0.000897
0.000896
0.000895
0.000893
0.000892
0.000891
0.000890
0.000889
0.000888
0.000886
0.000885
0.000884
0.000883
0.000882
0.000881
0.000880
0.000878
0.000877
0.000876
0.000875
0.000874
0.000873
0.000872
0.000871
0.000869
0.000868
0.000867
0.000866
0.000865
0.000864
0.000863
0.000862
0.000861
0.000860
0.000859
0.000857
0.000856
0.000855
0.000854
0.000853
0.000852
0.000851
0.000850
0.000849
0.000848
0.000847
0.000846
0.000845
0.000844
0.000843
0.000842
0.000841
0.000839
0.000838
0.000837
0.000836
0.000835
0.000834
0.000833
0.000832
0.000831
0.000830
0.000829
0.000828
0.000827
0.000826
0.000825
0.000824
0.000823
0.000822
0.000821
0.000820
0.000819
0.000818
0.000817
0.000816
0.000815
0.000814
0.000813
0.000812
0.000811
0.000810
0.000809
0.000808
0.000807
0.000807
0.000806
0.000805
0.000804
0.000803
0.000802
0.000801
0.000800
0.000799
0.000798
0.000797
0.000796
0.000795
0.000794
0.000793
0.000792
0.000791
0.000790
0.000790
0.000789
0.000788
0.000787
0.000786
0.000785
0.000784
0.000783
0.000782
0.000781
0.000780
0.000779
0.000779
0.000778
0.000777
0.000776
0.000775
0.000774
0.000773
0.000772
0.000771
0.000771
0.000770
0.000769
0.000768
0.000767
0.000766
0.000765
0.000764
0.000764
0.000763
0.000762
0.000761
0.000760
0.000759
0.000758
0.000758
0.000757
0.000756
0.000755
0.000754
0.000753
0.000752
0.000752
0.000751
0.000750
0.000749
0.000748
0.000747
0.000747
0.000746
0.000745
0.000744
0.000743
0.000742
0.000742
0.000741
0.000740
0.000739
0.000738
0.000737
0.000737
0.000736
0.000735
0.000734
0.000733
0.000733
0.000732
0.000731
0.000730
0.000729
0.000729
0.000728
0.000727
0.000726
0.000725
0.000725
0.000724
0.000723
0.000722
0.000722
0.000721
0.000720
0.000719
0.000718
0.000718
0.000717
0.000716
0.000715
0.000715
0.000714
0.000713
0.000712
0.000711
0.000711
0.000710
0.000709
0.000708
0.000708
0.000707
0.000706
0.000705
0.000705
0.000704
0.000703
0.000702
0.000702
0.000701
0.000700
0.000699
0.000699
0.000698
0.000697
0.000697
0.000696
0.000695
0.000694
0.000694
0.000693
0.000692
0.000691
0.000691
0.000690
0.000689
0.000689
0.000688
0.000687
0.000686
0.000686
0.000685
0.000684
0.000684
0.000683
0.000682
0.000681
0.000681
0.000680
0.000679
0.000679
0.000678
0.000677
0.000677
0.000676
0.000675
0.000675
0.000674
0.000673
0.000672
0.000672
0.000671
0.000670
0.000670
0.000669
0.000668
0.000668
0.000667
0.000666
0.000666
0.000665
0.000664
0.000664
0.000663
0.000662
0.000662
0.000661
0.000660
0.000660
0.000659
0.000658
0.000658
0.000657
0.000656
0.000656
0.000655
0.000654
0.000654
0.000653
0.000652
0.000652
0.000651
0.000651
0.000650
0.000649
0.000649
0.000648
0.000647
0.000647
0.000646
0.000645
0.000645
0.000644
0.000644
0.000643
0.000642
0.000642
0.000641
0.000640
0.000640
0.000639
0.000639
0.000638
0.000637
0.000637
0.000636
0.000635
0.000635
0.000634
0.000634
0.000633
0.000632
0.000632
0.000631
0.000631
0.000630
0.000629
0.000629
0.000628
0.000627
0.000627
0.000626
0.000626
0.000625
0.000624
0.000624
0.000623
0.000623
0.000622
0.000622
0.000621
0.000620
0.000620
0.000619
0.000619
0.000618
0.000617
0.000617
0.000616
0.000616
0.000615
0.000614
0.000614
0.000613
0.000613
0.000612
0.000612
0.000611
0.000610
0.000610
0.000609
0.000609
0.000608
0.000608
0.000607
0.000606
0.000606
0.000605
0.000605
0.000604
0.000604
0.000603
0.000603
0.000602
0.000601
0.000601
0.000600
0.000600
0.000599
0.000599
0.000598
0.000598
0.000597
0.000596
0.000596
0.000595
0.000595
0.000594
0.000594
0.000593
0.000593
0.000592
0.000592
0.000591
0.000590
0.000590
0.000589
0.000589
0.000588
0.000588
0.000587
0.000587
0.000586
0.000586
0.000585
0.000585
0.000584
0.000584
0.000583
0.000583
0.000582
0.000581
0.000581
0.000580
0.000580
0.000579
0.000579
0.000578
0.000578
0.000577
0.000577
0.000576
0.000576
0.000575
0.000575
0.000574
0.000574
0.000573
0.000573
0.000572
0.000572
0.000571
0.000571
0.000570
0.000570
0.000569
0.000569
0.000568
0.000568
0.000567
0.000567
0.000566
0.000566
0.000565
0.000565
0.000564
0.000564
0.000563
0.000563
0.000562
0.000562
0.000561
0.000561
0.000560
0.000560
0.000559
0.000559
0.000558
0.000558
0.000557
0.000557
0.000556
0.000556
0.000555
0.000555
0.000554
0.000554
0.000553
0.000553
0.000553
0.000552
0.000552
0.000551
0.000551
0.000550
0.000550
0.000549
0.000549
0.000548
0.000548
0.000547
0.000547
0.000546
0.000546
0.000545
0.000545
0.000545
0.000544
0.000544
0.000543
0.000543
0.000542
0.000542
0.000541
0.000541
0.000540
0.000540
0.000540
0.000539
0.000539
0.000538
0.000538
0.000537
0.000537
0.000536
0.000536
0.000535
0.000535
0.000535
0.000534
0.000534
0.000533
0.000533
0.000532
0.000532
0.000531
0.000531
0.000531
0.000530
0.000530
0.000529
0.000529
0.000528
0.000528
0.000527
0.000527
0.000527
0.000526
0.000526
0.000525
0.000525
0.000524
0.000524
0.000524
0.000523
0.000523
0.000522
0.000522
0.000521
0.000521
0.000521
0.000520
0.000520
0.000519
0.000519
0.000518
0.000518
0.000518
0.000517
0.000517
0.000516
0.000516
0.000516
0.000515
0.000515
0.000514
0.000514
0.000513
0.000513
0.000513
0.000512
0.000512
0.000511
0.000511
0.000511
0.000510
0.000510
0.000509
0.000509
0.000509
0.000508
0.000508
0.000507
0.000507
0.000506
0.000506
0.000506
0.000505
0.000505
0.000504
0.000504
0.000504
0.000503
0.000503
0.000502
0.000502
0.000502
0.000501
0.000501
0.000500
0.000500
0.000500
0.000499
0.000499
0.000499
0.000498
0.000498
0.000497
0.000497
0.000497
0.000496
0.000496
0.000495
0.000495
0.000495
0.000494
0.000494
0.000493
0.000493
0.000493
0.000492
0.000492
0.000492
0.000491
0.000491
0.000490
0.000490
0.000490
0.000489
0.000489
0.000489
0.000488
0.000488
0.000487
0.000487
0.000487
0.000486
0.000486
0.000485
0.000485
0.000485
0.000484
0.000484
0.000484
0.000483
0.000483
0.000483
0.000482
0.000482
0.000481
0.000481
0.000481
0.000480
0.000480
0.000480
0.000479
0.000479
0.000478
0.000478
0.000478
0.000477
0.000477
0.000477
0.000476
0.000476
0.000476
0.000475
0.000475
0.000475
0.000474
0.000474
0.000473
0.000473
0.000473
0.000472
0.000472
0.000472
0.000471
0.000471
0.000471
0.000470
0.000470
0.000470
0.000469
0.000469
0.000468
0.000468
0.000468
0.000467
0.000467
0.000467
0.000466
0.000466
0.000466
0.000465
0.000465
0.000465
0.000464
0.000464
0.000464
0.000463
0.000463
0.000463
0.000462
0.000462
0.000462
0.000461
0.000461
0.000461
0.000460
0.000460
0.000460
0.000459
0.000459
0.000459
0.000458
0.000458
0.000458
0.000457
0.000457
0.000457
0.000456
0.000456
0.000456
0.000455
0.000455
0.000455
0.000454
0.000454
0.000454
0.000453
0.000453
0.000453
0.000452
0.000452
0.000452
0.000451
0.000451
0.000451
0.000450
0.000450
0.000450
0.000449
0.000449
0.000449
0.000448
0.000448
0.000448
0.000447
0.000447
0.000447
0.000446
0.000446
0.000446
0.000445
0.000445
0.000445
0.000445
0.000444
0.000444
0.000444
0.000443
0.000443
0.000443
0.000442
0.000442
0.000442
0.000441
0.000441
0.000441
0.000440
0.000440
0.000440
0.000439
0.000439
0.000439
0.000439
0.000438
0.000438
0.000438
0.000437
0.000437
0.000437
0.000436
0.000436
0.000436
0.000435
0.000435
0.000435
0.000435
0.000434
0.000434
0.000434
0.000433
0.000433
0.000433
0.000432
0.000432
0.000432
0.000432
0.000431
0.000431
0.000431
0.000430
0.000430
0.000430
0.000429
0.000429
0.000429
0.000429
0.000428
0.000428
0.000428
0.000427
0.000427
0.000427
0.000426
0.000426
0.000426
0.000426
0.000425
0.000425
0.000425
0.000424
0.000424
0.000424
0.000424
0.000423
0.000423
0.000423
0.000422
0.000422
0.000422
0.000422
0.000421
0.000421
0.000421
0.000420
0.000420
0.000420
0.000420
0.000419
0.000419
0.000419
0.000418
0.000418
0.000418
0.000418
0.000417
0.000417
0.000417
0.000416
0.000416
0.000416
0.000416
0.000415
0.000415
0.000415
0.000414
0.000414
0.000414
0.000414
0.000413
0.000413
0.000413
0.000413
0.000412
0.000412
0.000412
0.000411
0.000411
0.000411
0.000411
0.000410
0.000410
0.000410
0.000409
0.000409
0.000409
0.000409
0.000408
0.000408
0.000408
0.000408
0.000407
0.000407
0.000407
0.000407
0.000406
0.000406
0.000406
0.000405
0.000405
0.000405
0.000405
0.000404
0.000404
0.000404
0.000404
0.000403
0.000403
0.000403
0.000403
0.000402
0.000402
0.000402
0.000401
0.000401
0.000401
0.000401
0.000400
0.000400
0.000400
0.000400
0.000399
0.000399
0.000399
0.000399
0.000398
0.000398
0.000398
0.000398
0.000397
0.000397
0.000397
0.000397
0.000396
0.000396
0.000396
0.000395
0.000395
0.000395
0.000395
0.000394
0.000394
0.000394
0.000394
0.000393
0.000393
0.000393
0.000393
0.000392
0.000392
0.000392
0.000392
0.000391
0.000391
0.000391
0.000391
0.000390
0.000390
0.000390
0.000390
0.000389
0.000389
0.000389
0.000389
0.000388
0.000388
0.000388
0.000388
0.000387
0.000387
0.000387
0.000387
0.000386
0.000386
0.000386
0.000386
0.000386
0.000385
0.000385
0.000385
0.000385
0.000384
0.000384
0.000384
0.000384
0.000383
0.000383
0.000383
0.000383
0.000382
0.000382
0.000382
0.000382
0.000381
0.000381
0.000381
0.000381
0.000380
0.000380
0.000380
0.000380
0.000380
0.000379
0.000379
0.000379
0.000379
0.000378
0.000378
0.000378
0.000378
0.000377
0.000377
0.000377
0.000377
0.000376
0.000376
0.000376
0.000376
0.000376
0.000375
0.000375
0.000375
0.000375
0.000374
0.000374
0.000374
0.000374
0.000373
0.000373
0.000373
0.000373
0.000373
0.000372
0.000372
0.000372
0.000372
0.000371
0.000371
0.000371
0.000371
0.000370
0.000370
0.000370
0.000370
0.000370
0.000369
0.000369
0.000369
0.000369
0.000368
0.000368
0.000368
0.000368
0.000368
0.000367
0.000367
0.000367
0.000367
0.000366
0.000366
0.000366
0.000366
0.000366
0.000365
0.000365
0.000365
0.000365
0.000364
0.000364
0.000364
0.000364
0.000364
0.000363
0.000363
0.000363
0.000363
0.000362
0.000362
0.000362
0.000362
0.000362
0.000361
0.000361
0.000361
0.000361
0.000361
0.000360
0.000360
0.000360
0.000360
0.000359
0.000359
0.000359
0.000359
0.000359
0.000358
0.000358
0.000358
0.000358
0.000358
0.000357
0.000357
0.000357
0.000357
0.000356
0.000356
0.000356
0.000356
0.000356
0.000355
0.000355
0.000355
0.000355
0.000355
0.000354
0.000354
0.000354
0.000354
0.000354
0.000353
0.000353
0.000353
0.000353
0.000353
0.000352
0.000352
0.000352
0.000352
0.000351
0.000351
0.000351
0.000351
0.000351
0.000350
0.000350
0.000350
0.000350
0.000350
0.000349
0.000349
0.000349
0.000349
0.000349
0.000348
0.000348
0.000348
0.000348
0.000348
0.000347
0.000347
0.000347
0.000347
0.000347
0.000346
0.000346
0.000346
0.000346
0.000346
0.000345
0.000345
0.000345
0.000345
0.000345
0.000344
0.000344
0.000344
0.000344
0.000344
0.000343
0.000343
0.000343
0.000343
0.000343
0.000342
0.000342
0.000342
0.000342
0.000342
0.000341
0.000341
0.000341
0.000341
0.000341
0.000341
0.000340
0.000340
0.000340
0.000340
0.000340
0.000339
0.000339
0.000339
0.000339
0.000339
0.000338
0.000338
0.000338
0.000338
0.000338
0.000337
0.000337
0.000337
0.000337
0.000337
0.000336
0.000336
0.000336
0.000336
0.000336
0.000336
0.000335
0.000335
0.000335
0.000335
0.000335
0.000334
0.000334
0.000334
0.000334
0.000334
0.000333
0.000333
0.000333
0.000333
0.000333
0.000333
0.000332
0.000332
0.000332
0.000332
0.000332
0.000331
0.000331
0.000331
0.000331
0.000331
0.000331
0.000330
0.000330
0.000330
0.000330
0.000330
0.000329
0.000329
0.000329
0.000329
0.000329
0.000329
0.000328
0.000328
0.000328
0.000328
0.000328
0.000327
0.000327
0.000327
0.000327
0.000327
0.000327
0.000326
0.000326
0.000326
0.000326
0.000326
0.000325
0.000325
0.000325
0.000325
0.000325
0.000325
0.000324
0.000324
0.000324
0.000324
0.000324
0.000323
0.000323
0.000323
0.000323
0.000323
0.000323
0.000322
0.000322
0.000322
0.000322
0.000322
0.000322
0.000321
0.000321
0.000321
0.000321
0.000321
0.000321
0.000320
0.000320
0.000320
0.000320
0.000320
0.000319
0.000319
0.000319
0.000319
0.000319
0.000319
0.000318
0.000318
0.000318
0.000318
0.000318
0.000318
0.000317
0.000317
0.000317
0.000317
0.000317
0.000317
0.000316
0.000316
0.000316
0.000316
0.000316
0.000316
0.000315
0.000315
0.000315
0.000315
0.000315
0.000315
0.000314
0.000314
0.000314
0.000314
0.000314
0.000314
0.000313
0.000313
0.000313
0.000313
0.000313
0.000313
0.000312
0.000312
0.000312
0.000312
0.000312
0.000312
0.000311
0.000311
0.000311
0.000311
0.000311
0.000311
0.000310
0.000310
0.000310
0.000310
0.000310
0.000310
0.000309
0.000309
0.000309
0.000309
0.000309
0.000309
0.000308
0.000308
0.000308
0.000308
0.000308
0.000308
0.000308
0.000307
0.000307
0.000307
0.000307
0.000307
0.000307
0.000306
0.000306
0.000306
0.000306
0.000306
0.000306
0.000305
0.000305
0.000305
0.000305
0.000305
0.000305
0.000304
0.000304
0.000304
0.000304
0.000304
0.000304
0.000304
0.000303
0.000303
0.000303
0.000303
0.000303
0.000303
0.000302
0.000302
0.000302
0.000302
0.000302
0.000302
0.000302
0.000301
0.000301
0.000301
0.000301
0.000301
0.000301
0.000300
0.000300
0.000300
0.000300
0.000300
0.000300
0.000300
0.000299
0.000299
0.000299
0.000299
0.000299
0.000299
0.000298
0.000298
0.000298
0.000298
0.000298
0.000298
0.000298
0.000297
0.000297
0.000297
0.000297
0.000297
0.000297
0.000296
0.000296
0.000296
0.000296
0.000296
0.000296
0.000296
0.000295
0.000295
0.000295
0.000295
0.000295
0.000295
0.000295
0.000294
0.000294
0.000294
0.000294
0.000294
0.000294
0.000294
0.000293
0.000293
0.000293
0.000293
0.000293
0.000293
0.000292
0.000292
0.000292
0.000292
0.000292
0.000292
0.000292
0.000291
0.000291
0.000291
0.000291
0.000291
0.000291
0.000291
0.000290
0.000290
0.000290
0.000290
0.000290
0.000290
0.000290
0.000289
0.000289
0.000289
0.000289
0.000289
0.000289
0.000289
0.000288
0.000288
0.000288
0.000288
0.000288
0.000288
0.000288
0.000287
0.000287
0.000287
0.000287
0.000287
0.000287
0.000287
0.000286
0.000286
0.000286
0.000286
0.000286
0.000286
0.000286
0.000285
0.000285
0.000285
0.000285
0.000285
0.000285
0.000285
0.000284
0.000284
0.000284
0.000284
0.000284
0.000284
0.000284
0.000284
0.000283
0.000283
0.000283
0.000283
0.000283
0.000283
0.000283
0.000282
0.000282
0.000282
0.000282
0.000282
0.000282
0.000282
0.000281
0.000281
0.000281
0.000281
0.000281
0.000281
0.000281
0.000281
0.000280
0.000280
0.000280
0.000280
0.000280
0.000280
0.000280
0.000279
0.000279
0.000279
0.000279
0.000279
0.000279
0.000279
0.000278
0.000278
0.000278
0.000278
0.000278
0.000278
0.000278
0.000278
0.000277
0.000277
0.000277
0.000277
0.000277
0.000277
0.000277
0.000276
0.000276
0.000276
0.000276
0.000276
0.000276
0.000276
0.000276
0.000275
0.000275
0.000275
0.000275
0.000275
0.000275
0.000275
0.000275
0.000274
0.000274
0.000274
0.000274
0.000274
0.000274
0.000274
0.000273
0.000273
0.000273
0.000273
0.000273
0.000273
0.000273
0.000273
0.000272
0.000272
0.000272
0.000272
0.000272
0.000272
0.000272
0.000272
0.000271
0.000271
0.000271
0.000271
0.000271
0.000271
0.000271
0.000271
0.000270
0.000270
0.000270
0.000270
0.000270
0.000270
0.000270
0.000270
0.000269
0.000269
0.000269
0.000269
0.000269
0.000269
0.000269
0.000269
0.000268
0.000268
0.000268
0.000268
0.000268
0.000268
0.000268
0.000268
0.000267
0.000267
0.000267
0.000267
0.000267
0.000267
0.000267
0.000267
0.000266
0.000266
0.000266
0.000266
0.000266
0.000266
0.000266
0.000266
0.000265
0.000265
0.000265
0.000265
0.000265
0.000265
0.000265
0.000265
0.000264
0.000264
0.000264
0.000264
0.000264
0.000264
0.000264
0.000264
0.000263
0.000263
0.000263
0.000263
0.000263
0.000263
0.000263
0.000263
0.000263
0.000262
0.000262
0.000262
0.000262
0.000262
0.000262
0.000262
0.000262
0.000261
0.000261
0.000261
0.000261
0.000261
0.000261
0.000261
0.000261
0.000261
0.000260
0.000260
0.000260
0.000260
0.000260
0.000260
0.000260
0.000260
0.000259
0.000259
0.000259
0.000259
0.000259
0.000259
0.000259
0.000259
0.000259
0.000258
0.000258
0.000258
0.000258
0.000258
0.000258
0.000258
0.000258
0.000257
0.000257
0.000257
0.000257
0.000257
0.000257
0.000257
0.000257
0.000257
0.000256
0.000256
0.000256
0.000256
0.000256
0.000256
0.000256
0.000256
0.000256
0.000255
0.000255
0.000255
0.000255
0.000255
0.000255
0.000255
0.000255
0.000254
0.000254
0.000254
0.000254
0.000254
0.000254
0.000254
0.000254
0.000254
0.000253
0.000253
0.000253
0.000253
0.000253
0.000253
0.000253
0.000253
0.000253
0.000252
0.000252
0.000252
0.000252
0.000252
0.000252
0.000252
0.000252
0.000252
0.000251
0.000251
0.000251
0.000251
0.000251
0.000251
0.000251
0.000251
0.000251
0.000250
0.000250
0.000250
0.000250
0.000250
0.000250
0.000250
0.000250
0.000250
0.000249
0.000249
0.000249
0.000249
0.000249
0.000249
0.000249
0.000249
0.000249
0.000248
0.000248
0.000248
0.000248
0.000248
0.000248
0.000248
0.000248
0.000248
0.000248
0.000247
0.000247
0.000247
0.000247
0.000247
0.000247
0.000247
0.000247
0.000247
0.000246
0.000246
0.000246
0.000246
0.000246
0.000246
0.000246
0.000246
0.000246
0.000245
0.000245
0.000245
0.000245
0.000245
0.000245
0.000245
0.000245
0.000245
0.000245
0.000244
0.000244
0.000244
0.000244
0.000244
0.000244
0.000244
0.000244
0.000244
0.000243
0.000243
0.000243
0.000243
0.000243
0.000243
0.000243
0.000243
0.000243
0.000243
0.000242
0.000242
0.000242
0.000242
0.000242
0.000242
0.000242
0.000242
0.000242
0.000242
0.000241
0.000241
0.000241
0.000241
0.000241
0.000241
0.000241
0.000241
0.000241
0.000240
0.000240
0.000240
0.000240
0.000240
0.000240
0.000240
0.000240
0.000240
0.000240
0.000239
0.000239
0.000239
0.000239
0.000239
0.000239
0.000239
0.000239
0.000239
0.000239
0.000238
0.000238
0.000238
0.000238
0.000238
0.000238
0.000238
0.000238
0.000238
0.000238
0.000237
0.000237
0.000237
0.000237
0.000237
0.000237
0.000237
0.000237
0.000237
0.000237
0.000236
0.000236
0.000236
0.000236
0.000236
0.000236
0.000236
0.000236
0.000236
0.000236
0.000235
0.000235
0.000235
0.000235
0.000235
0.000235
0.000235
0.000235
0.000235
0.000235
0.000235
0.000234
0.000234
0.000234
0.000234
0.000234
0.000234
0.000234
0.000234
0.000234
0.000234
0.000233
0.000233
0.000233
0.000233
0.000233
0.000233
0.000233
0.000233
0.000233
0.000233
0.000232
0.000232
0.000232
0.000232
0.000232
0.000232
0.000232
0.000232
0.000232
0.000232
0.000232
0.000231
0.000231
0.000231
0.000231
0.000231
0.000231
0.000231
0.000231
0.000231
0.000231
0.000230
0.000230
0.000230
0.000230
0.000230
0.000230
0.000230
0.000230
0.000230
0.000230
0.000230
0.000229
0.000229
0.000229
0.000229
0.000229
0.000229
0.000229
0.000229
0.000229
0.000229
0.000229
0.000228
0.000228
0.000228
0.000228
0.000228
0.000228
0.000228
0.000228
0.000228
0.000228
0.000227
0.000227
0.000227
0.000227
0.000227
0.000227
0.000227
0.000227
0.000227
0.000227
0.000227
0.000226
0.000226
0.000226
0.000226
0.000226
0.000226
0.000226
0.000226
0.000226
0.000226
0.000226
0.000225
0.000225
0.000225
0.000225
0.000225
0.000225
0.000225
0.000225
0.000225
0.000225
0.000225
0.000224
0.000224
0.000224
0.000224
0.000224
0.000224
0.000224
0.000224
0.000224
0.000224
0.000224
0.000224
0.000223
0.000223
0.000223
0.000223
0.000223
0.000223
0.000223
0.000223
0.000223
0.000223
0.000223
0.000222
0.000222
0.000222
0.000222
0.000222
0.000222
0.000222
0.000222
0.000222
0.000222
0.000222
0.000221
0.000221
0.000221
0.000221
0.000221
0.000221
0.000221
0.000221
0.000221
0.000221
0.000221
0.000221
0.000220
0.000220
0.000220
0.000220
0.000220
0.000220
0.000220
0.000220
0.000220
0.000220
0.000220
0.000219
0.000219
0.000219
0.000219
0.000219
0.000219
0.000219
0.000219
0.000219
0.000219
0.000219
0.000219
0.000218
0.000218
0.000218
0.000218
0.000218
0.000218
0.000218
0.000218
0.000218
0.000218
0.000218
0.000218
0.000217
0.000217
0.000217
0.000217
0.000217
0.000217
0.000217
0.000217
0.000217
0.000217
0.000217
0.000216
0.000216
0.000216
0.000216
0.000216
0.000216
0.000216
0.000216
0.000216
0.000216
0.000216
0.000216
0.000215
0.000215
0.000215
0.000215
0.000215
0.000215
0.000215
0.000215
0.000215
0.000215
0.000215
0.000215
0.000214
0.000214
0.000214
0.000214
0.000214
0.000214
0.000214
0.000214
0.000214
0.000214
0.000214
0.000214
0.000213
0.000213
0.000213
0.000213
0.000213
0.000213
0.000213
0.000213
0.000213
0.000213
0.000213
0.000213
0.000213
0.000212
0.000212
0.000212
0.000212
0.000212
0.000212
0.000212
0.000212
0.000212
0.000212
0.000212
0.000212
0.000211
0.000211
0.000211
0.000211
0.000211
0.000211
0.000211
0.000211
0.000211
0.000211
0.000211
0.000211
0.000210
0.000210
0.000210
0.000210
0.000210
0.000210
0.000210
0.000210
0.000210
0.000210
0.000210
0.000210
0.000210
0.000209
0.000209
0.000209
0.000209
0.000209
0.000209
0.000209
0.000209
0.000209
0.000209
0.000209
0.000209
0.000209
0.000208
0.000208
0.000208
0.000208
0.000208
0.000208
0.000208
0.000208
0.000208
0.000208
0.000208
0.000208
0.000208
0.000207
0.000207
0.000207
0.000207
0.000207
0.000207
0.000207
0.000207
0.000207
0.000207
0.000207
0.000207
0.000206
0.000206
0.000206
0.000206
0.000206
0.000206
0.000206
0.000206
0.000206
0.000206
0.000206
0.000206
0.000206
0.000205
0.000205
0.000205
0.000205
0.000205
0.000205
0.000205
0.000205
0.000205
0.000205
0.000205
0.000205
0.000205
0.000205
0.000204
0.000204
0.000204
0.000204
0.000204
0.000204
0.000204
0.000204
0.000204
0.000204
0.000204
0.000204
0.000204
0.000203
0.000203
0.000203
0.000203
0.000203
0.000203
0.000203
0.000203
0.000203
0.000203
0.000203
0.000203
0.000203
0.000202
0.000202
0.000202
0.000202
0.000202
0.000202
0.000202
0.000202
0.000202
0.000202
0.000202
0.000202
0.000202
0.000202
0.000201
0.000201
0.000201
0.000201
0.000201
0.000201
0.000201
0.000201
0.000201
0.000201
0.000201
0.000201
0.000201
0.000200
0.000200
0.000200
0.000200
0.000200
0.000200
0.000200
0.000200
0.000200
0.000200
0.000200
0.000200
0.000200
0.000200
0.000199
0.000199
0.000199
0.000199
0.000199
0.000199
0.000199
0.000199
0.000199
0.000199
0.000199
0.000199
0.000199
0.000199
0.000198
0.000198
0.000198
0.000198
0.000198
0.000198
0.000198
0.000198
0.000198
0.000198
0.000198
0.000198
0.000198
0.000198
0.000197
0.000197
0.000197
0.000197
0.000197
0.000197
0.000197
0.000197
0.000197
0.000197
0.000197
0.000197
0.000197
0.000197
0.000196
0.000196
0.000196
0.000196
0.000196
0.000196
0.000196
0.000196
0.000196
0.000196
0.000196
0.000196
0.000196
0.000196
0.000195
0.000195
0.000195
0.000195
0.000195
0.000195
0.000195
0.000195
0.000195
0.000195
0.000195
0.000195
0.000195
0.000195
0.000195
0.000194
0.000194
0.000194
0.000194
0.000194
0.000194
0.000194
0.000194
0.000194
0.000194
0.000194
0.000194
0.000194
0.000194
0.000193
0.000193
0.000193
0.000193
0.000193
0.000193
0.000193
0.000193
0.000193
0.000193
0.000193
0.000193
0.000193
0.000193
0.000193
0.000192
0.000192
0.000192
0.000192
0.000192
0.000192
0.000192
0.000192
0.000192
0.000192
0.000192
0.000192
0.000192
0.000192
0.000192
0.000191
0.000191
0.000191
0.000191
0.000191
0.000191
0.000191
0.000191
0.000191
0.000191
0.000191
0.000191
0.000191
0.000191
0.000191
0.000190
0.000190
0.000190
0.000190
0.000190
0.000190
0.000190
0.000190
0.000190
0.000190
0.000190
0.000190
0.000190
0.000190
0.000190
0.000189
0.000189
0.000189
0.000189
0.000189
0.000189
0.000189
0.000189
0.000189
0.000189
0.000189
0.000189
0.000189
0.000189
0.000189
0.000188
0.000188
0.000188
0.000188
0.000188
0.000188
0.000188
0.000188
0.000188
0.000188
0.000188
0.000188
0.000188
0.000188
0.000188
0.000187
0.000187
0.000187
0.000187
0.000187
0.000187
0.000187
0.000187
0.000187
0.000187
0.000187
0.000187
0.000187
0.000187
0.000187
0.000187
0.000186
0.000186
0.000186
0.000186
0.000186
0.000186
0.000186
0.000186
0.000186
0.000186
0.000186
0.000186
0.000186
0.000186
0.000186
0.000186
0.000185
0.000185
0.000185
0.000185
0.000185
0.000185
0.000185
0.000185
0.000185
0.000185
0.000185
0.000185
0.000185
0.000185
0.000185
0.000185
0.000184
0.000184
0.000184
0.000184
0.000184
0.000184
0.000184
0.000184
0.000184
0.000184
0.000184
0.000184
0.000184
0.000184
0.000184
0.000184
0.000183
0.000183
0.000183
0.000183
0.000183
0.000183
0.000183
0.000183
0.000183
0.000183
0.000183
0.000183
0.000183
0.000183
0.000183
0.000183
0.000182
0.000182
0.000182
0.000182
0.000182
0.000182
0.000182
0.000182
0.000182
0.000182
0.000182
0.000182
0.000182
0.000182
0.000182
0.000182
0.000181
0.000181
0.000181
0.000181
0.000181
0.000181
0.000181
0.000181
0.000181
0.000181
0.000181
0.000181
0.000181
0.000181
0.000181
0.000181
0.000181
0.000180
0.000180
0.000180
0.000180
0.000180
0.000180
0.000180
0.000180
0.000180
0.000180
0.000180
0.000180
0.000180
0.000180
0.000180
0.000180
0.000179
0.000179
0.000179
0.000179
0.000179
0.000179
0.000179
0.000179
0.000179
0.000179
0.000179
0.000179
0.000179
0.000179
0.000179
0.000179
0.000179
0.000178
0.000178
0.000178
0.000178
0.000178
0.000178
0.000178
0.000178
0.000178
0.000178
0.000178
0.000178
0.000178
0.000178
0.000178
0.000178
0.000178
0.000177
0.000177
0.000177
0.000177
0.000177
0.000177
0.000177
0.000177
0.000177
0.000177
0.000177
0.000177
0.000177
0.000177
0.000177
0.000177
0.000177
0.000176
0.000176
0.000176
0.000176
0.000176
0.000176
0.000176
0.000176
0.000176
0.000176
0.000176
0.000176
0.000176
0.000176
0.000176
0.000176
0.000176
0.000176
0.000175
0.000175
0.000175
0.000175
0.000175
0.000175
0.000175
0.000175
0.000175
0.000175
0.000175
0.000175
0.000175
0.000175
0.000175
0.000175
0.000175
0.000174
0.000174
0.000174
0.000174
0.000174
0.000174
0.000174
0.000174
0.000174
0.000174
0.000174
0.000174
0.000174
0.000174
0.000174
0.000174
0.000174
0.000174
0.000173
0.000173
0.000173
0.000173
0.000173
0.000173
0.000173
0.000173
0.000173
0.000173
0.000173
0.000173
0.000173
0.000173
0.000173
0.000173
0.000173
0.000173
0.000172
0.000172
0.000172
0.000172
0.000172
0.000172
0.000172
0.000172
0.000172
0.000172
0.000172
0.000172
0.000172
0.000172
0.000172
0.000172
0.000172
0.000172
0.000171
0.000171
0.000171
0.000171
0.000171
0.000171
0.000171
0.000171
0.000171
0.000171
0.000171
0.000171
0.000171
0.000171
0.000171
0.000171
0.000171
0.000171
0.000170
0.000170
0.000170
0.000170
0.000170
0.000170
0.000170
0.000170
0.000170
0.000170
0.000170
0.000170
0.000170
0.000170
0.000170
0.000170
0.000170
0.000170
0.000170
0.000169
0.000169
0.000169
0.000169
0.000169
0.000169
0.000169
0.000169
0.000169
0.000169
0.000169
0.000169
0.000169
0.000169
0.000169
0.000169
0.000169
0.000169
0.000169
0.000168
0.000168
0.000168
0.000168
0.000168
0.000168
0.000168
0.000168
0.000168
0.000168
0.000168
0.000168
0.000168
0.000168
0.000168
0.000168
0.000168
0.000168
0.000168
0.000167
0.000167
0.000167
0.000167
0.000167
0.000167
0.000167
0.000167
0.000167
0.000167
0.000167
0.000167
0.000167
0.000167
0.000167
0.000167
0.000167
0.000167
0.000167
0.000166
0.000166
0.000166
0.000166
0.000166
0.000166
0.000166
0.000166
0.000166
0.000166
0.000166
0.000166
0.000166
0.000166
0.000166
0.000166
0.000166
0.000166
0.000166
0.000165
0.000165
0.000165
0.000165
0.000165
0.000165
0.000165
0.000165
0.000165
0.000165
0.000165
0.000165
0.000165
0.000165
0.000165
0.000165
0.000165
0.000165
0.000165
0.000165
0.000164
0.000164
0.000164
0.000164
0.000164
0.000164
0.000164
0.000164
0.000164
0.000164
0.000164
0.000164
0.000164
0.000164
0.000164
0.000164
0.000164
0.000164
0.000164
0.000163
0.000163
0.000163
0.000163
0.000163
0.000163
0.000163
0.000163
0.000163
0.000163
0.000163
0.000163
0.000163
0.000163
0.000163
0.000163
0.000163
0.000163
0.000163
0.000163
0.000162
0.000162
0.000162
0.000162
0.000162
0.000162
0.000162
0.000162
0.000162
0.000162
0.000162
0.000162
0.000162
0.000162
0.000162
0.000162
0.000162
0.000162
0.000162
0.000162
0.000162
0.000161
0.000161
0.000161
0.000161
0.000161
0.000161
0.000161
0.000161
0.000161
0.000161
0.000161
0.000161
0.000161
0.000161
0.000161
0.000161
0.000161
0.000161
0.000161
0.000161
0.000160
0.000160
0.000160
0.000160
0.000160
0.000160
0.000160
0.000160
0.000160
0.000160
0.000160
0.000160
0.000160
0.000160
0.000160
0.000160
0.000160
0.000160
0.000160
0.000160
0.000160
0.000159
0.000159
0.000159
0.000159
0.000159
0.000159
0.000159
0.000159
0.000159
0.000159
0.000159
0.000159
0.000159
0.000159
0.000159
0.000159
0.000159
0.000159
0.000159
0.000159
0.000159
0.000158
0.000158
0.000158
0.000158
0.000158
0.000158
0.000158
0.000158
0.000158
0.000158
0.000158
0.000158
0.000158
0.000158
0.000158
0.000158
0.000158
0.000158
0.000158
0.000158
0.000158
0.000157
0.000157
0.000157
0.000157
0.000157
0.000157
0.000157
0.000157
0.000157
0.000157
0.000157
0.000157
0.000157
0.000157
0.000157
0.000157
0.000157
0.000157
0.000157
0.000157
0.000157
0.000156
0.000156
0.000156
0.000156
0.000156
0.000156
0.000156
0.000156
0.000156
0.000156
0.000156
0.000156
0.000156
0.000156
0.000156
0.000156
0.000156
0.000156
0.000156
0.000156
0.000156
0.000156
0.000155
0.000155
0.000155
0.000155
0.000155
0.000155
0.000155
0.000155
0.000155
0.000155
0.000155
0.000155
0.000155
0.000155
0.000155
0.000155
0.000155
0.000155
0.000155
0.000155
0.000155
0.000155
0.000154
0.000154
0.000154
0.000154
0.000154
0.000154
0.000154
0.000154
0.000154
0.000154
0.000154
0.000154
0.000154
0.000154
0.000154
0.000154
0.000154
0.000154
0.000154
0.000154
0.000154
0.000154
0.000153
0.000153
0.000153
0.000153
0.000153
0.000153
0.000153
0.000153
0.000153
0.000153
0.000153
0.000153
0.000153
0.000153
0.000153
0.000153
0.000153
0.000153
0.000153
0.000153
0.000153
0.000153
0.000153
0.000152
0.000152
0.000152
0.000152
0.000152
0.000152
0.000152
0.000152
0.000152
0.000152
0.000152
0.000152
0.000152
0.000152
0.000152
0.000152
0.000152
0.000152
0.000152
0.000152
0.000152
0.000152
0.000151
0.000151
0.000151
0.000151
0.000151
0.000151
0.000151
0.000151
0.000151
0.000151
0.000151
0.000151
0.000151
0.000151
0.000151
0.000151
0.000151
0.000151
0.000151
0.000151
0.000151
0.000151
0.000151
0.000150
0.000150
0.000150
0.000150
0.000150
0.000150
0.000150
0.000150
0.000150
0.000150
0.000150
0.000150
0.000150
0.000150
0.000150
0.000150
0.000150
0.000150
0.000150
0.000150
0.000150
0.000150
0.000150
0.000150
0.000149
0.000149
0.000149
0.000149
0.000149
0.000149
0.000149
0.000149
0.000149
0.000149
0.000149
0.000149
0.000149
0.000149
0.000149
0.000149
0.000149
0.000149
0.000149
0.000149
0.000149
0.000149
0.000149
0.000148
0.000148
0.000148
0.000148
0.000148
0.000148
0.000148
0.000148
0.000148
0.000148
0.000148
0.000148
0.000148
0.000148
0.000148
0.000148
0.000148
0.000148
0.000148
0.000148
0.000148
0.000148
0.000148
0.000148
0.000147
0.000147
0.000147
0.000147
0.000147
0.000147
0.000147
0.000147
0.000147
0.000147
0.000147
0.000147
0.000147
0.000147
0.000147
0.000147
0.000147
0.000147
0.000147
0.000147
0.000147
0.000147
0.000147
0.000147
0.000146
0.000146
0.000146
0.000146
0.000146
0.000146
0.000146
0.000146
0.000146
0.000146
0.000146
0.000146
0.000146
0.000146
0.000146
0.000146
0.000146
0.000146
0.000146
0.000146
0.000146
0.000146
0.000146
0.000146
0.000146
0.000145
0.000145
0.000145
0.000145
0.000145
0.000145
0.000145
0.000145
0.000145
0.000145
0.000145
0.000145
0.000145
0.000145
0.000145
0.000145
0.000145
0.000145
0.000145
0.000145
0.000145
0.000145
0.000145
0.000145
0.000145
0.000144
0.000144
0.000144
0.000144
0.000144
0.000144
0.000144
0.000144
0.000144
0.000144
0.000144
0.000144
0.000144
0.000144
0.000144
0.000144
0.000144
0.000144
0.000144
0.000144
0.000144
0.000144
0.000144
0.000144
0.000144
0.000143
0.000143
0.000143
0.000143
0.000143
0.000143
0.000143
0.000143
0.000143
0.000143
0.000143
0.000143
0.000143
0.000143
0.000143
0.000143
0.000143
0.000143
0.000143
0.000143
0.000143
0.000143
0.000143
0.000143
0.000143
0.000142
0.000142
0.000142
0.000142
0.000142
0.000142
0.000142
0.000142
0.000142
0.000142
0.000142
0.000142
0.000142
0.000142
0.000142
0.000142
0.000142
0.000142
0.000142
0.000142
0.000142
0.000142
0.000142
0.000142
0.000142
0.000142
0.000141
0.000141
0.000141
0.000141
0.000141
0.000141
0.000141
0.000141
0.000141
0.000141
0.000141
0.000141
0.000141
0.000141
0.000141
0.000141
0.000141
0.000141
0.000141
0.000141
0.000141
0.000141
0.000141
0.000141
0.000141
0.000141
0.000140
0.000140
0.000140
0.000140
0.000140
0.000140
0.000140
0.000140
0.000140
0.000140
0.000140
0.000140
0.000140
0.000140
0.000140
0.000140
0.000140
0.000140
0.000140
0.000140
0.000140
0.000140
0.000140
0.000140
0.000140
0.000140
0.000139
0.000139
0.000139
0.000139
0.000139
0.000139
0.000139
0.000139
0.000139
0.000139
0.000139
0.000139
0.000139
0.000139
0.000139
0.000139
0.000139
0.000139
0.000139
0.000139
0.000139
0.000139
0.000139
0.000139
0.000139
0.000139
0.000139
0.000138
0.000138
0.000138
0.000138
0.000138
0.000138
0.000138
0.000138
0.000138
0.000138
0.000138
0.000138
0.000138
0.000138
0.000138
0.000138
0.000138
0.000138
0.000138
0.000138
0.000138
0.000138
0.000138
0.000138
0.000138
0.000138
0.000138
0.000137
0.000137
0.000137
0.000137
0.000137
0.000137
0.000137
0.000137
0.000137
0.000137
0.000137
0.000137
0.000137
0.000137
0.000137
0.000137
0.000137
0.000137
0.000137
0.000137
0.000137
0.000137
0.000137
0.000137
0.000137
0.000137
0.000137
0.000137
0.000136
0.000136
0.000136
0.000136
0.000136
0.000136
0.000136
0.000136
0.000136
0.000136
0.000136
0.000136
0.000136
0.000136
0.000136
0.000136
0.000136
0.000136
0.000136
0.000136
0.000136
0.000136
0.000136
0.000136
0.000136
0.000136
0.000136
0.000136
0.000135
0.000135
0.000135
0.000135
0.000135
0.000135
0.000135
0.000135
0.000135
0.000135
0.000135
0.000135
0.000135
0.000135
0.000135
0.000135
0.000135
0.000135
0.000135
0.000135
0.000135
0.000135
0.000135
0.000135
0.000135
0.000135
0.000135
0.000135
0.000134
0.000134
0.000134
0.000134
0.000134
0.000134
0.000134
0.000134
0.000134
0.000134
0.000134
0.000134
0.000134
0.000134
0.000134
0.000134
0.000134
0.000134
0.000134
0.000134
0.000134
0.000134
0.000134
0.000134
0.000134
0.000134
0.000134
0.000134
0.000134
0.000133
0.000133
0.000133
0.000133
0.000133
0.000133
0.000133
0.000133
0.000133
0.000133
0.000133
0.000133
0.000133
0.000133
0.000133
0.000133
0.000133
0.000133
0.000133
0.000133
0.000133
0.000133
0.000133
0.000133
0.000133
0.000133
0.000133
0.000133
0.000133
0.000132
0.000132
0.000132
0.000132
0.000132
0.000132
0.000132
0.000132
0.000132
0.000132
0.000132
0.000132
0.000132
0.000132
0.000132
0.000132
0.000132
0.000132
0.000132
0.000132
0.000132
0.000132
0.000132
0.000132
0.000132
0.000132
0.000132
0.000132
0.000132
0.000131
0.000131
0.000131
0.000131
0.000131
0.000131
0.000131
0.000131
0.000131
0.000131
0.000131
0.000131
0.000131
0.000131
0.000131
0.000131
0.000131
0.000131
0.000131
0.000131
0.000131
0.000131
0.000131
0.000131
0.000131
0.000131
0.000131
0.000131
0.000131
0.000131
0.000130
0.000130
0.000130
0.000130
0.000130
0.000130
0.000130
0.000130
0.000130
0.000130
0.000130
0.000130
0.000130
0.000130
0.000130
0.000130
0.000130
0.000130
0.000130
0.000130
0.000130
0.000130
0.000130
0.000130
0.000130
0.000130
0.000130
0.000130
0.000130
0.000130
0.000129
0.000129
0.000129
0.000129
0.000129
0.000129
0.000129
0.000129
0.000129
0.000129
0.000129
0.000129
0.000129
0.000129
0.000129
0.000129
0.000129
0.000129
0.000129
0.000129
0.000129
0.000129
0.000129
0.000129
0.000129
0.000129
0.000129
0.000129
0.000129
0.000129
0.000129
0.000128
0.000128
0.000128
0.000128
0.000128
0.000128
0.000128
0.000128
0.000128
0.000128
0.000128
0.000128
0.000128
0.000128
0.000128
0.000128
0.000128
0.000128
0.000128
0.000128
0.000128
0.000128
0.000128
0.000128
0.000128
0.000128
0.000128
0.000128
0.000128
0.000128
0.000128
0.000127
0.000127
0.000127
0.000127
0.000127
0.000127
0.000127
0.000127
0.000127
0.000127
0.000127
0.000127
0.000127
0.000127
0.000127
0.000127
0.000127
0.000127
0.000127
0.000127
0.000127
0.000127
0.000127
0.000127
0.000127
0.000127
0.000127
0.000127
0.000127
0.000127
0.000127
0.000127
0.000126
0.000126
0.000126
0.000126
0.000126
0.000126
0.000126
0.000126
0.000126
0.000126
0.000126
0.000126
0.000126
0.000126
0.000126
0.000126
0.000126
0.000126
0.000126
0.000126
0.000126
0.000126
0.000126
0.000126
0.000126
0.000126
0.000126
0.000126
0.000126
0.000126
0.000126
0.000126
0.000125
0.000125
0.000125
0.000125
0.000125
0.000125
0.000125
0.000125
0.000125
0.000125
0.000125
0.000125
0.000125
0.000125
0.000125
0.000125
0.000125
0.000125
0.000125
0.000125
0.000125
0.000125
0.000125
0.000125
0.000125
0.000125
0.000125
0.000125
0.000125
0.000125
0.000125
0.000125
0.000125
0.000124
0.000124
0.000124
0.000124
0.000124
0.000124
0.000124
0.000124
0.000124
0.000124
0.000124
0.000124
0.000124
0.000124
0.000124
0.000124
0.000124
0.000124
0.000124
0.000124
0.000124
0.000124
0.000124
0.000124
0.000124
0.000124
0.000124
0.000124
0.000124
0.000124
0.000124
0.000124
0.000124
0.000123
0.000123
0.000123
0.000123
0.000123
0.000123
0.000123
0.000123
0.000123
0.000123
0.000123
0.000123
0.000123
0.000123
0.000123
0.000123
0.000123
0.000123
0.000123
0.000123
0.000123
0.000123
0.000123
0.000123
0.000123
0.000123
0.000123
0.000123
0.000123
0.000123
0.000123
0.000123
0.000123
0.000122
0.000122
0.000122
0.000122
0.000122
0.000122
0.000122
0.000122
0.000122
0.000122
0.000122
0.000122
0.000122
0.000122
0.000122
0.000122
0.000122
0.000122
0.000122
0.000122
0.000122
0.000122
0.000122
0.000122
0.000122
0.000122
0.000122
0.000122
0.000122
0.000122
0.000122
0.000122
0.000122
0.000122
0.000121
0.000121
0.000121
0.000121
0.000121
0.000121
0.000121
0.000121
0.000121
0.000121
0.000121
0.000121
0.000121
0.000121
0.000121
0.000121
0.000121
0.000121
0.000121
0.000121
0.000121
0.000121
0.000121
0.000121
0.000121
0.000121
0.000121
0.000121
0.000121
0.000121
0.000121
0.000121
0.000121
0.000121
0.000121
0.000120
0.000120
0.000120
0.000120
0.000120
0.000120
0.000120
0.000120
0.000120
0.000120
0.000120
0.000120
0.000120
0.000120
0.000120
0.000120
0.000120
0.000120
0.000120
0.000120
0.000120
0.000120
0.000120
0.000120
0.000120
0.000120
0.000120
0.000120
0.000120
0.000120
0.000120
0.000120
0.000120
0.000120
0.000120
0.000119
0.000119
0.000119
0.000119
0.000119
0.000119
0.000119
0.000119
0.000119
0.000119
0.000119
0.000119
0.000119
0.000119
0.000119
0.000119
0.000119
0.000119
0.000119
0.000119
0.000119
0.000119
0.000119
0.000119
0.000119
0.000119
0.000119
0.000119
0.000119
0.000119
0.000119
0.000119
0.000119
0.000119
0.000119
0.000118
0.000118
0.000118
0.000118
0.000118
0.000118
0.000118
0.000118
0.000118
0.000118
0.000118
0.000118
0.000118
0.000118
0.000118
0.000118
0.000118
0.000118
0.000118
0.000118
0.000118
0.000118
0.000118
0.000118
0.000118
0.000118
0.000118
0.000118
0.000118
0.000118
0.000118
0.000118
0.000118
0.000118
0.000118
0.000118
0.000118
0.000117
0.000117
0.000117
0.000117
0.000117
0.000117
0.000117
0.000117
0.000117
0.000117
0.000117
0.000117
0.000117
0.000117
0.000117
0.000117
0.000117
0.000117
0.000117
0.000117
0.000117
0.000117
0.000117
0.000117
0.000117
0.000117
0.000117
0.000117
0.000117
0.000117
0.000117
0.000117
0.000117
0.000117
0.000117
0.000117
0.000116
0.000116
0.000116
0.000116
0.000116
0.000116
0.000116
0.000116
0.000116
0.000116
0.000116
0.000116
0.000116
0.000116
0.000116
0.000116
0.000116
0.000116
0.000116
0.000116
0.000116
0.000116
0.000116
0.000116
0.000116
0.000116
0.000116
0.000116
0.000116
0.000116
0.000116
0.000116
0.000116
0.000116
0.000116
0.000116
0.000116
0.000116
0.000115
0.000115
0.000115
0.000115
0.000115
0.000115
0.000115
0.000115
0.000115
0.000115
0.000115
0.000115
0.000115
0.000115
0.000115
0.000115
0.000115
0.000115
0.000115
0.000115
0.000115
0.000115
0.000115
0.000115
0.000115
0.000115
0.000115
0.000115
0.000115
0.000115
0.000115
0.000115
0.000115
0.000115
0.000115
0.000115
0.000115
0.000115
0.000114
0.000114
0.000114
0.000114
0.000114
0.000114
0.000114
0.000114
0.000114
0.000114
0.000114
0.000114
0.000114
0.000114
0.000114
0.000114
0.000114
0.000114
0.000114
0.000114
0.000114
0.000114
0.000114
0.000114
0.000114
0.000114
0.000114
0.000114
0.000114
0.000114
0.000114
0.000114
0.000114
0.000114
0.000114
0.000114
0.000114
0.000114
0.000113
0.000113
0.000113
0.000113
0.000113
0.000113
0.000113
0.000113
0.000113
0.000113
0.000113
0.000113
0.000113
0.000113
0.000113
0.000113
0.000113
0.000113
0.000113
0.000113
0.000113
0.000113
0.000113
0.000113
0.000113
0.000113
0.000113
0.000113
0.000113
0.000113
0.000113
0.000113
0.000113
0.000113
0.000113
0.000113
0.000113
0.000113
0.000113
0.000112
0.000112
0.000112
0.000112
0.000112
0.000112
0.000112
0.000112
0.000112
0.000112
0.000112
0.000112
0.000112
0.000112
0.000112
0.000112
0.000112
0.000112
0.000112
0.000112
0.000112
0.000112
0.000112
0.000112
0.000112
0.000112
0.000112
0.000112
0.000112
0.000112
0.000112
0.000112
0.000112
0.000112
0.000112
0.000112
0.000112
0.000112
0.000112
0.000112
0.000111
0.000111
0.000111
0.000111
0.000111
0.000111
0.000111
0.000111
0.000111
0.000111
0.000111
0.000111
0.000111
0.000111
0.000111
0.000111
0.000111
0.000111
0.000111
0.000111
0.000111
0.000111
0.000111
0.000111
0.000111
0.000111
0.000111
0.000111
0.000111
0.000111
0.000111
0.000111
0.000111
0.000111
0.000111
0.000111
0.000111
0.000111
0.000111
0.000111
0.000111
0.000110
0.000110
0.000110
0.000110
0.000110
0.000110
0.000110
0.000110
0.000110
0.000110
0.000110
0.000110
0.000110
0.000110
0.000110
0.000110
0.000110
0.000110
0.000110
0.000110
0.000110
0.000110
0.000110
0.000110
0.000110
0.000110
0.000110
0.000110
0.000110
0.000110
0.000110
0.000110
0.000110
0.000110
0.000110
0.000110
0.000110
0.000110
0.000110
0.000110
0.000110
0.000109
0.000109
0.000109
0.000109
0.000109
0.000109
0.000109
0.000109
0.000109
0.000109
0.000109
0.000109
0.000109
0.000109
0.000109
0.000109
0.000109
0.000109
0.000109
0.000109
0.000109
0.000109
0.000109
0.000109
0.000109
0.000109
0.000109
0.000109
0.000109
0.000109
0.000109
0.000109
0.000109
0.000109
0.000109
0.000109
0.000109
0.000109
0.000109
0.000109
0.000109
0.000109
0.000108
0.000108
0.000108
0.000108
0.000108
0.000108
0.000108
0.000108
0.000108
0.000108
0.000108
0.000108
0.000108
0.000108
0.000108
0.000108
0.000108
0.000108
0.000108
0.000108
0.000108
0.000108
0.000108
0.000108
0.000108
0.000108
0.000108
0.000108
0.000108
0.000108
0.000108
0.000108
0.000108
0.000108
0.000108
0.000108
0.000108
0.000108
0.000108
0.000108
0.000108
0.000108
0.000107
0.000107
0.000107
0.000107
0.000107
0.000107
0.000107
0.000107
0.000107
0.000107
0.000107
0.000107
0.000107
0.000107
0.000107
0.000107
0.000107
0.000107
0.000107
0.000107
0.000107
0.000107
0.000107
0.000107
0.000107
0.000107
0.000107
0.000107
0.000107
0.000107
0.000107
0.000107
0.000107
0.000107
0.000107
0.000107
0.000107
0.000107
0.000107
0.000107
0.000107
0.000107
0.000107
0.000106
0.000106
0.000106
0.000106
0.000106
0.000106
0.000106
0.000106
0.000106
0.000106
0.000106
0.000106
0.000106
0.000106
0.000106
0.000106
0.000106
0.000106
0.000106
0.000106
0.000106
0.000106
0.000106
0.000106
0.000106
0.000106
0.000106
0.000106
0.000106
0.000106
0.000106
0.000106
0.000106
0.000106
0.000106
0.000106
0.000106
0.000106
0.000106
0.000106
0.000106
0.000106
0.000106
0.000106
0.000106
0.000105
0.000105
0.000105
0.000105
0.000105
0.000105
0.000105
0.000105
0.000105
0.000105
0.000105
0.000105
0.000105
0.000105
0.000105
0.000105
0.000105
0.000105
0.000105
0.000105
0.000105
0.000105
0.000105
0.000105
0.000105
0.000105
0.000105
0.000105
0.000105
0.000105
0.000105
0.000105
0.000105
0.000105
0.000105
0.000105
0.000105
0.000105
0.000105
0.000105
0.000105
0.000105
0.000105
0.000105
0.000104
0.000104
0.000104
0.000104
0.000104
0.000104
0.000104
0.000104
0.000104
0.000104
0.000104
0.000104
0.000104
0.000104
0.000104
0.000104
0.000104
0.000104
0.000104
0.000104
0.000104
0.000104
0.000104
0.000104
0.000104
0.000104
0.000104
0.000104
0.000104
0.000104
0.000104
0.000104
0.000104
0.000104
0.000104
0.000104
0.000104
0.000104
0.000104
0.000104
0.000104
0.000104
0.000104
0.000104
0.000104
0.000104
0.000103
0.000103
0.000103
0.000103
0.000103
0.000103
0.000103
0.000103
0.000103
0.000103
0.000103
0.000103
0.000103
0.000103
0.000103
0.000103
0.000103
0.000103
0.000103
0.000103
0.000103
0.000103
0.000103
0.000103
0.000103
0.000103
0.000103
0.000103
0.000103
0.000103
0.000103
0.000103
0.000103
0.000103
0.000103
0.000103
0.000103
0.000103
0.000103
0.000103
0.000103
0.000103
0.000103
0.000103
0.000103
0.000103
0.000102
0.000102
0.000102
0.000102
0.000102
0.000102
0.000102
0.000102
0.000102
0.000102
0.000102
0.000102
0.000102
0.000102
0.000102
0.000102
0.000102
0.000102
0.000102
0.000102
0.000102
0.000102
0.000102
0.000102
0.000102
0.000102
0.000102
0.000102
0.000102
0.000102
0.000102
0.000102
0.000102
0.000102
0.000102
0.000102
0.000102
0.000102
0.000102
0.000102
0.000102
0.000102
0.000102
0.000102
0.000102
0.000102
0.000102
0.000102
0.000101
0.000101
0.000101
0.000101
0.000101
0.000101
0.000101
0.000101
0.000101
0.000101
0.000101
0.000101
0.000101
0.000101
0.000101
0.000101
0.000101
0.000101
0.000101
0.000101
0.000101
0.000101
0.000101
0.000101
0.000101
0.000101
0.000101
0.000101
0.000101
0.000101
0.000101
0.000101
0.000101
0.000101
0.000101
0.000101
0.000101
0.000101
0.000101
0.000101
0.000101
0.000101
0.000101
0.000101
0.000101
0.000101
0.000101
0.000101
0.000100
0.000100
0.000100
0.000100
0.000100
0.000100
0.000100
0.000100
0.000100
0.000100
0.000100
0.000100
0.000100
0.000100
0.000100
0.000100
0.000100
0.000100
0.000100
0.000100
0.000100
0.000100
0.000100
0.000100
0.000100
0.000100
0.000100
0.000100
0.000100
0.000100
0.000100
0.000100
0.000100
0.000100
0.000100
0.000100
0.000100
0.000100
0.000100
0.000100
0.000100
0.000100
0.000100
0.000100
0.000100
0.000100
0.000100
0.000100
0.000100
0.000099
0.000099
0.000099
0.000099
0.000099
0.000099
0.000099
0.000099
0.000099
0.000099
0.000099
0.000099
0.000099
0.000099
0.000099
0.000099
0.000099
0.000099
0.000099
0.000099
0.000099
0.000099
0.000099
0.000099
0.000099
0.000099
0.000099
0.000099
0.000099
0.000099
0.000099
0.000099
0.000099
0.000099
0.000099
0.000099
0.000099
0.000099
0.000099
0.000099
0.000099
0.000099
0.000099
0.000099
0.000099
0.000099
0.000099
0.000099
0.000099
0.000099
0.000098
0.000098
0.000098
0.000098
0.000098
0.000098
0.000098
0.000098
0.000098
0.000098
0.000098
0.000098
0.000098
0.000098
0.000098
0.000098
0.000098
0.000098
0.000098
0.000098
0.000098
0.000098
0.000098
0.000098
0.000098
0.000098
0.000098
0.000098
0.000098
0.000098
0.000098
0.000098
0.000098
0.000098
0.000098
0.000098
0.000098
0.000098
0.000098
0.000098
0.000098
0.000098
0.000098
0.000098
0.000098
0.000098
0.000098
0.000098
0.000098
0.000098
0.000098
0.000097
0.000097
0.000097
0.000097
0.000097
0.000097
0.000097
0.000097
0.000097
0.000097
0.000097
0.000097
0.000097
0.000097
0.000097
0.000097
0.000097
0.000097
0.000097
0.000097
0.000097
0.000097
0.000097
0.000097
0.000097
0.000097
0.000097
0.000097
0.000097
0.000097
0.000097
0.000097
0.000097
0.000097
0.000097
0.000097
0.000097
0.000097
0.000097
0.000097
0.000097
0.000097
0.000097
0.000097
0.000097
0.000097
0.000097
0.000097
0.000097
0.000097
0.000097
0.000097
0.000096
0.000096
0.000096
0.000096
0.000096
0.000096
0.000096
0.000096
0.000096
0.000096
0.000096
0.000096
0.000096
0.000096
0.000096
0.000096
0.000096
0.000096
0.000096
0.000096
0.000096
0.000096
0.000096
0.000096
0.000096
0.000096
0.000096
0.000096
0.000096
0.000096
0.000096
0.000096
0.000096
0.000096
0.000096
0.000096
0.000096
0.000096
0.000096
0.000096
0.000096
0.000096
0.000096
0.000096
0.000096
0.000096
0.000096
0.000096
0.000096
0.000096
0.000096
0.000096
0.000095
0.000095
0.000095
0.000095
0.000095
0.000095
0.000095
0.000095
0.000095
0.000095
0.000095
0.000095
0.000095
0.000095
0.000095
0.000095
0.000095
0.000095
0.000095
0.000095
0.000095
0.000095
0.000095
0.000095
0.000095
0.000095
0.000095
0.000095
0.000095
0.000095
0.000095
0.000095
0.000095
0.000095
0.000095
0.000095
0.000095
0.000095
0.000095
0.000095
0.000095
0.000095
0.000095
0.000095
0.000095
0.000095
0.000095
0.000095
0.000095
0.000095
0.000095
0.000095
0.000095
0.000095
0.000094
0.000094
0.000094
0.000094
0.000094
0.000094
0.000094
0.000094
0.000094
0.000094
0.000094
0.000094
0.000094
0.000094
0.000094
0.000094
0.000094
0.000094
0.000094
0.000094
0.000094
0.000094
0.000094
0.000094
0.000094
0.000094
0.000094
0.000094
0.000094
0.000094
0.000094
0.000094
0.000094
0.000094
0.000094
0.000094
0.000094
0.000094
0.000094
0.000094
0.000094
0.000094
0.000094
0.000094
0.000094
0.000094
0.000094
0.000094
0.000094
0.000094
0.000094
0.000094
0.000094
0.000094
0.000094
0.000093
0.000093
0.000093
0.000093
0.000093
0.000093
0.000093
0.000093
0.000093
0.000093
0.000093
0.000093
0.000093
0.000093
0.000093
0.000093
0.000093
0.000093
0.000093
0.000093
0.000093
0.000093
0.000093
0.000093
0.000093
0.000093
0.000093
0.000093
0.000093
0.000093
0.000093
0.000093
0.000093
0.000093
0.000093
0.000093
0.000093
0.000093
0.000093
0.000093
0.000093
0.000093
0.000093
0.000093
0.000093
0.000093
0.000093
0.000093
0.000093
0.000093
0.000093
0.000093
0.000093
0.000093
0.000093
0.000093
0.000092
0.000092
0.000092
0.000092
0.000092
0.000092
0.000092
0.000092
0.000092
0.000092
0.000092
0.000092
0.000092
0.000092
0.000092
0.000092
0.000092
0.000092
0.000092
0.000092
0.000092
0.000092
0.000092
0.000092
0.000092
0.000092
0.000092
0.000092
0.000092
0.000092
0.000092
0.000092
0.000092
0.000092
0.000092
0.000092
0.000092
0.000092
0.000092
0.000092
0.000092
0.000092
0.000092
0.000092
0.000092
0.000092
0.000092
0.000092
0.000092
0.000092
0.000092
0.000092
0.000092
0.000092
0.000092
0.000092
0.000092
0.000091
0.000091
0.000091
0.000091
0.000091
0.000091
0.000091
0.000091
0.000091
0.000091
0.000091
0.000091
0.000091
0.000091
0.000091
0.000091
0.000091
0.000091
0.000091
0.000091
0.000091
0.000091
0.000091
0.000091
0.000091
0.000091
0.000091
0.000091
0.000091
0.000091
0.000091
0.000091
0.000091
0.000091
0.000091
0.000091
0.000091
0.000091
0.000091
0.000091
0.000091
0.000091
0.000091
0.000091
0.000091
0.000091
0.000091
0.000091
0.000091
0.000091
0.000091
0.000091
0.000091
0.000091
0.000091
0.000091
0.000091
0.000091
0.000091
0.000090
0.000090
0.000090
0.000090
0.000090
0.000090
0.000090
0.000090
0.000090
0.000090
0.000090
0.000090
0.000090
0.000090
0.000090
0.000090
0.000090
0.000090
0.000090
0.000090
0.000090
0.000090
0.000090
0.000090
0.000090
0.000090
0.000090
0.000090
0.000090
0.000090
0.000090
0.000090
0.000090
0.000090
0.000090
0.000090
0.000090
0.000090
0.000090
0.000090
0.000090
0.000090
0.000090
0.000090
0.000090
0.000090
0.000090
0.000090
0.000090
0.000090
0.000090
0.000090
0.000090
0.000090
0.000090
0.000090
0.000090
0.000090
0.000090
0.000089
0.000089
0.000089
0.000089
0.000089
0.000089
0.000089
0.000089
0.000089
0.000089
0.000089
0.000089
0.000089
0.000089
0.000089
0.000089
0.000089
0.000089
0.000089
0.000089
0.000089
0.000089
0.000089
0.000089
0.000089
0.000089
0.000089
0.000089
0.000089
0.000089
0.000089
0.000089
0.000089
0.000089
0.000089
0.000089
0.000089
0.000089
0.000089
0.000089
0.000089
0.000089
0.000089
0.000089
0.000089
0.000089
0.000089
0.000089
0.000089
0.000089
0.000089
0.000089
0.000089
0.000089
0.000089
0.000089
0.000089
0.000089
0.000089
0.000089
0.000089
0.000088
0.000088
0.000088
0.000088
0.000088
0.000088
0.000088
0.000088
0.000088
0.000088
0.000088
0.000088
0.000088
0.000088
0.000088
0.000088
0.000088
0.000088
0.000088
0.000088
0.000088
0.000088
0.000088
0.000088
0.000088
0.000088
0.000088
0.000088
0.000088
0.000088
0.000088
0.000088
0.000088
0.000088
0.000088
0.000088
0.000088
0.000088
0.000088
0.000088
0.000088
0.000088
0.000088
0.000088
0.000088
0.000088
0.000088
0.000088
0.000088
0.000088
0.000088
0.000088
0.000088
0.000088
0.000088
0.000088
0.000088
0.000088
0.000088
0.000088
0.000088
0.000088
0.000087
0.000087
0.000087
0.000087
0.000087
0.000087
0.000087
0.000087
0.000087
0.000087
0.000087
0.000087
0.000087
0.000087
0.000087
0.000087
0.000087
0.000087
0.000087
0.000087
0.000087
0.000087
0.000087
0.000087
0.000087
0.000087
0.000087
0.000087
0.000087
0.000087
0.000087
0.000087
0.000087
0.000087
0.000087
0.000087
0.000087
0.000087
0.000087
0.000087
0.000087
0.000087
0.000087
0.000087
0.000087
0.000087
0.000087
0.000087
0.000087
0.000087
0.000087
0.000087
0.000087
0.000087
0.000087
0.000087
0.000087
0.000087
0.000087
0.000087
0.000087
0.000087
0.000087
0.000086
0.000086
0.000086
0.000086
0.000086
0.000086
0.000086
0.000086
0.000086
0.000086
0.000086
0.000086
0.000086
0.000086
0.000086
0.000086
0.000086
0.000086
0.000086
0.000086
0.000086
0.000086
0.000086
0.000086
0.000086
0.000086
0.000086
0.000086
0.000086
0.000086
0.000086
0.000086
0.000086
0.000086
0.000086
0.000086
0.000086
0.000086
0.000086
0.000086
0.000086
0.000086
0.000086
0.000086
0.000086
0.000086
0.000086
0.000086
0.000086
0.000086
0.000086
0.000086
0.000086
0.000086
0.000086
0.000086
0.000086
0.000086
0.000086
0.000086
0.000086
0.000086
0.000086
0.000086
0.000086
0.000085
0.000085
0.000085
0.000085
0.000085
0.000085
0.000085
0.000085
0.000085
0.000085
0.000085
0.000085
0.000085
0.000085
0.000085
0.000085
0.000085
0.000085
0.000085
0.000085
0.000085
0.000085
0.000085
0.000085
0.000085
0.000085
0.000085
0.000085
0.000085
0.000085
0.000085
0.000085
0.000085
0.000085
0.000085
0.000085
0.000085
0.000085
0.000085
0.000085
0.000085
0.000085
0.000085
0.000085
0.000085
0.000085
0.000085
0.000085
0.000085
0.000085
0.000085
0.000085
0.000085
0.000085
0.000085
0.000085
