15.327192
14.987207
14.913845
14.850805
14.799943
14.759072
14.725278
14.696259
14.670435
14.646854
14.625075
14.604991
14.586575
14.569670
14.553927
14.538864
14.523948
14.508658
14.492560
14.475421
14.457342
14.438826
14.420619
14.403361
14.387317
14.372362
14.358145
14.344251
14.330302
14.316011
14.301219
14.285939
14.270364
14.254824
14.239661
14.225086
14.211095
14.197493
14.183959
14.170118
14.155572
14.139886
14.122571
14.103037
14.080572
14.054406
14.023979
13.989544
13.952740
13.916317
13.882730
13.852959
13.826633
13.802829
13.780655
13.759441
13.738733
13.718226
13.697711
13.677027
13.656033
13.634585
13.612520
13.589634
13.565659
13.540226
13.512802
13.482582
13.448316
13.408024
13.358547
13.294688
13.206959
13.076262
12.900107
12.487676
11.990627
11.588640
11.287903
11.183044
11.059623
11.403253
11.904987
11.716632
11.308769
11.696295
10.990859
10.340354
10.240374
10.662873
11.403511
11.211183
11.255991
11.143218
10.850079
10.512981
10.806857
11.385396
10.720949
10.869367
11.120149
10.656141
10.158811
9.960150
9.750713
9.508840
10.315544
9.528711
11.640157
10.779874
10.473373
10.761254
10.383081
10.356804
12.617809
11.034489
10.348169
9.899539
8.976977
9.903442
10.845895
11.533532
10.664770
10.269879
10.395736
9.023215
10.502497
10.372526
11.331944
8.875915
10.379164
10.690220
9.884451
9.190362
9.916456
9.753687
10.569071
11.120742
10.651674
8.581096
10.025803
11.446728
9.852006
9.830500
10.587302
8.992494
8.799575
9.388935
9.756144
8.397813
9.130089
9.365338
9.269699
8.580721
10.461634
8.621856
10.618539
8.882223
9.882141
8.366320
9.428821
9.602682
9.329504
11.649872
9.492492
8.007602
9.109322
9.418171
9.060935
9.190716
8.745729
8.830250
7.700975
8.825657
8.411387
8.926437
8.740783
9.455747
9.462454
8.099394
8.406626
8.484836
8.333672
8.057723
8.532421
9.162290
8.182128
6.891853
9.097133
8.367715
7.780044
7.530034
9.294848
7.882340
8.481729
8.983081
7.501468
7.370996
8.092602
7.965843
7.897997
8.345350
7.789848
7.120811
7.820448
9.102450
7.855622
9.293336
7.780525
8.846232
7.333779
7.451240
7.435130
7.194183
6.462261
7.356684
6.994536
6.060280
5.657267
7.401081
7.940721
6.030513
7.978227
7.316227
6.034785
6.483818
6.340234
6.195779
6.416113
6.058488
6.062740
7.092999
7.292045
6.381627
6.648830
5.724696
5.805575
6.052133
5.509386
5.840780
5.192775
7.228155
5.534355
5.973247
5.801623
5.275224
6.154166
5.536784
5.137021
6.788891
5.737323
5.307093
9.056889
5.421035
5.432420
5.021014
4.732274
4.512017
4.551970
5.411867
4.816012
5.084685
4.584870
6.582909
5.163140
6.739100
4.564672
4.708512
4.608452
4.741633
4.746753
4.690993
5.413774
4.581992
4.268465
5.009708
5.205419
5.068167
4.232220
4.567773
5.154313
4.124857
5.580360
6.075496
4.327837
4.465456
4.537210
5.174786
4.642047
3.911091
4.998837
4.783136
4.553374
3.891317
4.543781
4.752126
4.801643
4.850403
4.058025
4.931207
4.824203
4.342468
4.601038
5.120015
5.163554
5.154525
4.653218
5.129200
4.163984
4.392294
4.112839
4.983017
3.772091
5.457382
4.867384
4.631575
3.881536
4.995924
4.185391
4.097755
3.790789
4.054896
7.143269
4.546196
4.460400
4.575270
5.464167
4.435224
6.848132
4.932927
4.215013
5.038677
4.192122
3.910229
4.110238
3.847369
5.646569
3.761332
5.627023
4.321309
4.700966
3.658950
4.345009
4.341079
6.906965
4.832116
3.482283
4.618499
6.054422
5.055780
2.512581
7.053750
5.596641
3.664079
4.213113
5.155297
5.102316
4.098540
4.034442
6.674180
7.178687
3.557106
4.430716
5.374826
4.229987
4.446533
5.687002
3.828052
4.795991
3.511483
2.714811
4.319841
8.082218
3.515115
5.289432
3.876165
3.621998
4.598517
3.404894
5.156652
5.147588
3.991423
4.646945
5.799066
4.534363
4.289888
3.981379
5.513813
7.586687
3.936456
4.743505
4.498381
4.478672
4.901446
2.086875
2.847899
5.268788
6.012744
3.537416
3.463722
3.979093
4.578350
2.723926
6.544911
8.199382
4.860082
2.803171
2.517283
2.543638
4.795159
4.180822
2.653264
2.896703
3.885079
3.736457
6.066892
5.983414
4.330506
3.327570
3.211945
3.410336
5.254847
2.824637
3.663866
5.365343
3.700928
3.379092
7.698335
3.091270
3.437960
7.583938
3.372904
4.834669
3.543785
3.494102
3.489375
2.823569
3.288214
3.281283
3.980556
4.360474
3.236583
2.425819
3.733276
3.775059
5.702734
5.379621
5.172924
4.649001
2.907212
3.896240
2.659217
7.936405
8.074044
5.548517
6.320686
3.240196
2.964284
7.848134
3.675630
3.432901
3.445460
2.854502
2.168848
3.253412
4.697807
2.074545
3.548828
4.878234
3.229997
4.238547
4.774050
5.347395
2.841866
2.628199
6.508925
5.638489
3.893222
5.853354
3.419537
2.575165
2.095920
4.488493
2.351418
7.977385
4.505425
3.745318
5.878054
2.366716
2.496503
3.627814
3.028026
1.705819
3.984391
9.926255
2.527634
1.662650
2.536094
4.403684
5.673507
2.219062
2.938508
6.146223
2.876493
2.197415
4.293961
2.709342
1.716028
5.752104
4.301189
3.719652
3.510828
4.596373
3.242181
2.816579
2.227063
3.306448
5.615388
4.138471
3.897922
6.380404
4.713805
3.985041
1.563016
3.106795
8.476817
6.138131
6.917403
6.771696
3.812619
2.767209
2.163682
4.605978
2.592202
5.645469
4.928138
2.337164
2.415524
4.473195
5.285947
5.648478
4.369607
6.425649
2.727446
2.722608
2.837647
3.678371
3.654516
1.997630
5.315115
3.851897
7.249740
6.192871
2.796944
2.611506
3.902307
2.031576
6.552892
3.586371
2.514321
2.933301
6.470262
2.734702
3.612218
3.724226
3.898066
2.838850
1.318707
3.694737
3.868944
2.886244
2.264523
5.410209
3.630199
7.601554
10.609942
9.631329
8.600792
7.598236
6.103404
7.218728
5.425367
7.301200
4.914662
5.754153
3.969098
5.170629
4.939362
5.300610
5.010809
3.211555
3.122894
5.400121
3.048263
5.567661
3.738363
3.196433
2.078439
3.245700
3.547525
5.375115
4.466732
1.557990
2.056997
2.998741
4.016930
4.093873
2.672451
4.795924
5.895698
3.149825
5.079782
4.371076
9.425895
2.159958
6.232822
4.789281
5.036672
2.090555
5.005062
2.322799
4.308395
1.637970
4.059955
2.501638
4.313853
3.577891
3.150327
1.533750
5.183111
5.943889
4.887396
3.379649
4.484229
5.097582
3.415218
3.174097
2.741139
4.894353
5.617136
2.806812
4.846529
7.384252
3.014910
3.165036
3.265743
3.197258
3.669122
6.511357
3.347044
2.340478
12.094453
12.494365
10.750197
8.186113
4.316942
3.308389
3.487677
2.159658
2.093534
3.206206
2.470346
3.419204
3.281342
2.898201
1.844166
1.143987
6.062618
3.462091
6.417232
4.672130
3.789875
1.017299
1.876083
1.899728
2.722074
5.640511
1.288320
4.845038
2.139905
4.817932
3.628861
3.995316
1.737601
4.079966
5.068432
5.317779
3.629617
3.735760
6.035779
3.667110
2.643107
3.402856
1.622071
2.152827
5.728897
1.379370
2.385704
5.371602
3.573559
4.350902
6.370523
6.130746
3.849599
4.714230
3.104534
2.496975
3.301568
3.226049
4.223023
5.586917
4.133143
3.356672
4.153252
6.685026
4.105220
2.582952
3.609746
7.479719
2.497709
4.797750
3.210477
3.382377
1.998064
2.662433
3.271312
2.889918
5.448923
2.926287
3.183094
1.418475
3.138838
7.389385
1.932753
3.547114
4.029916
5.188810
2.377662
4.936357
5.943352
3.554694
3.823589
3.387867
2.146494
2.378413
2.616818
2.679236
3.367896
3.731318
4.087761
1.771829
2.634164
4.223008
4.174294
3.737949
3.907462
4.418140
5.266238
2.552275
2.714108
1.904794
5.777134
4.050758
2.151011
6.353980
2.054404
2.569343
4.148596
2.363160
4.751260
3.345596
2.663454
2.811247
4.626772
4.143263
4.082753
2.844717
2.599521
2.546140
1.268291
3.257827
6.541595
5.016148
3.171353
2.040444
2.774482
1.033594
3.917820
2.141951
2.603498
2.084326
3.684091
4.891738
1.859117
1.704804
9.369239
5.166614
2.411063
2.413573
3.569278
3.796334
1.677961
5.040196
2.970610
1.154653
2.164736
1.686137
3.830105
2.263876
12.579258
8.235521
4.502745
5.157815
2.604755
2.981793
3.403859
4.091627
0.994918
4.892385
2.581512
4.798942
1.149033
1.355732
1.110588
1.885082
5.225193
4.277153
3.934295
3.552795
0.880283
1.834985
6.293319
3.963441
3.468733
4.691662
1.131028
5.155622
3.659239
1.712723
3.536513
4.727266
5.039085
3.749762
3.752629
1.493901
6.093573
2.233264
3.926272
4.808659
6.285405
10.338421
8.783588
6.096229
4.637432
5.199839
2.250739
2.143143
2.540135
5.651171
2.357854
5.185210
3.197427
2.430463
3.850515
6.401812
6.302155
1.893524
0.915591
4.282921
5.012797
5.426116
1.851670
3.625556
4.624455
1.568068
3.684915
3.965203
2.079432
4.399798
0.911249
6.724266
2.585842
2.478031
3.263148
2.835040
2.365434
1.970984
3.591950
8.711026
7.195604
6.384217
6.724202
3.162306
1.804310
0.808880
0.819521
8.500842
2.629163
3.166011
2.723247
2.326974
1.075449
2.033948
3.892919
2.398046
2.236475
5.072247
1.289689
6.585189
3.859382
1.791861
1.561137
1.205396
1.662856
6.907026
2.403408
1.782832
1.125627
3.757545
2.076385
2.855181
1.359290
4.438495
2.395544
3.440520
3.223173
3.659683
5.180013
5.229098
1.051491
2.349210
4.165125
0.873379
3.561886
0.794573
6.410537
3.715511
3.054753
3.170819
1.234568
1.333893
5.741272
2.083538
2.297906
3.737183
5.676992
0.891678
2.821153
1.080485
4.466372
1.841010
2.327908
1.395938
4.855857
4.769008
0.963465
1.140526
3.401689
9.234121
1.799542
4.514201
3.238917
0.876796
1.531459
2.413990
3.819755
2.931150
1.555138
3.974613
3.006468
1.648083
1.456479
1.223340
0.516622
2.894479
5.683924
2.098412
1.346654
2.075564
2.034757
0.987370
1.836308
1.628182
3.067561
4.963954
3.397234
10.630441
5.283783
2.035822
1.381404
6.597589
1.678200
1.368775
0.681204
4.643020
9.816119
4.817707
3.447414
2.007376
3.975707
7.426903
4.070306
2.483935
1.839141
1.681929
2.821174
3.230457
6.347439
1.779197
2.820227
3.270307
2.443571
2.419095
1.905105
3.365722
2.872246
1.063176
3.117311
4.008199
4.687689
4.322296
3.702525
2.210423
3.084900
2.922054
4.244201
5.905569
1.409781
1.274917
5.359032
2.163569
4.004392
3.560398
1.608247
3.481688
2.164882
4.748101
2.077543
3.932465
2.544583
0.888963
3.912955
3.099024
3.615118
3.510147
2.847775
2.048500
6.763638
2.430622
4.881364
7.892508
2.598281
1.453130
5.906541
3.922823
6.694717
1.688771
3.465143
2.724988
4.985395
2.572203
3.002449
2.398395
2.894414
2.717492
5.348773
2.901712
5.145473
3.605588
1.765820
1.831512
3.661383
4.928943
4.585787
3.536579
2.696411
2.375471
1.522310
2.619748
1.646566
2.490082
5.750760
2.720300
1.938944
2.987721
4.735457
1.727924
1.829103
8.193239
4.694116
1.466896
1.087716
4.513016
2.817899
1.889807
3.575960
0.881057
1.937957
2.996521
3.376348
3.769015
1.896435
2.134117
1.798930
2.303266
1.201901
2.037969
5.671278
1.530359
5.804962
1.792522
2.817809
1.757185
1.627735
2.185848
4.657082
1.762153
1.874891
1.923153
2.241582
1.454015
1.752805
2.930657
2.619437
1.822970
2.853334
2.517986
2.605477
2.763596
3.107642
3.041933
1.330280
0.953773
3.474669
4.033385
1.617774
1.476058
4.318224
3.677065
2.371127
2.559901
2.456059
1.965701
3.485333
1.857678
2.821516
1.159602
5.109362
2.505652
0.870990
2.507669
2.608947
1.340084
2.711012
3.128612
2.475848
2.421945
0.628130
4.968149
1.020272
4.078250
1.596821
1.473942
3.849262
3.661010
1.219498
1.543709
2.551940
2.325557
2.753643
2.578846
0.706846
4.395822
4.098419
2.953310
2.226221
0.945974
1.477259
1.374113
6.433465
6.378617
5.649437
5.230798
2.305874
2.439865
1.314620
2.322425
1.346383
0.801864
2.459189
4.159859
6.335819
1.734482
2.817971
2.067019
0.921364
2.089681
2.602874
2.874492
2.929572
3.215753
1.919429
1.068805
3.307897
2.542485
1.618454
2.154731
2.826648
4.192392
1.872339
1.287297
2.348993
1.593845
2.538866
1.774105
4.177786
1.195695
1.711098
1.298484
1.097839
5.036532
2.094771
3.227915
3.486469
1.426543
2.140038
1.739036
0.819029
5.947423
5.521756
1.415353
2.134948
2.628183
1.723219
2.419041
1.460005
3.139901
2.047957
2.609045
1.446820
1.810086
1.101174
3.613227
1.763715
3.295411
1.684921
1.547762
6.448074
1.054983
1.621672
1.022882
1.571288
3.843854
0.997236
1.600824
7.705034
1.449078
1.971960
2.921839
0.576957
1.122725
1.582156
0.795104
2.956345
3.359112
1.781590
0.730521
0.471415
0.637538
2.281796
9.390524
2.354625
3.251570
1.609386
2.931653
1.715481
1.055520
1.729653
4.483663
2.673055
1.448204
0.473344
8.034114
2.861221
9.535685
7.400894
3.051967
2.058661
0.851517
1.217787
0.669939
0.428803
0.067306
0.047464
0.030105
0.023153
0.017952
0.014700
0.012432
0.010802
0.009577
0.008622
0.007857
0.007229
0.006704
0.006258
0.005874
0.005539
0.005245
0.004983
0.004750
0.004540
0.004350
0.004177
0.004019
0.003874
0.003741
0.003617
0.003503
0.003396
0.003296
0.003203
0.003116
0.003034
0.002956
0.002883
0.002814
0.002749
0.002687
0.002628
0.002572
0.002518
0.002467
0.002419
0.002372
0.002328
0.002285
0.002244
0.002204
0.002167
0.002130
0.002095
0.002061
0.002029
0.001997
0.001967
0.001938
0.001909
0.001882
0.001856
0.001830
0.001805
0.001781
0.001757
0.001734
0.001712
0.001691
0.001670
0.001650
0.001630
0.001611
0.001592
0.001574
0.001556
0.001538
0.001521
0.001505
0.001489
0.001473
0.001458
0.001443
0.001428
0.001414
0.001400
0.001386
0.001372
0.001359
0.001346
0.001334
0.001322
0.001309
0.001298
0.001286
0.001275
0.001263
0.001253
0.001242
0.001231
0.001221
0.001211
0.001201
0.001191
0.001181
0.001172
0.001163
0.001154
0.001145
0.001136
0.001127
0.001119
0.001110
0.001102
0.001094
0.001086
0.001078
0.001071
0.001063
0.001056
0.001048
0.001041
0.001034
0.001027
0.001020
0.001013
0.001006
0.001000
0.000993
0.000987
0.000980
0.000974
0.000968
0.000962
0.000956
0.000950
0.000944
0.000938
0.000933
0.000927
0.000922
0.000916
0.000911
0.000905
0.000900
0.000895
0.000890
0.000885
0.000880
0.000875
0.000870
0.000865
0.000860
0.000856
0.000851
0.000846
0.000842
0.000837
0.000833
0.000829
0.000824
0.000820
0.000816
0.000812
0.000807
0.000803
0.000799
0.000795
0.000791
0.000787
0.000783
0.000780
0.000776
0.000772
0.000768
0.000765
0.000761
0.000757
0.000754
0.000750
0.000747
0.000743
0.000740
0.000737
0.000733
0.000730
0.000727
0.000723
0.000720
0.000717
0.000714
0.000711
0.000708
0.000704
0.000701
0.000698
0.000695
0.000692
0.000690
0.000687
0.000684
0.000681
0.000678
0.000675
0.000672
0.000670
0.000667
0.000664
0.000662
0.000659
0.000656
0.000654
0.000651
0.000649
0.000646
0.000643
0.000641
0.000638
0.000636
0.000634
0.000631
0.000629
0.000626
0.000624
0.000622
0.000619
0.000617
0.000615
0.000612
0.000610
0.000608
0.000606
0.000604
0.000601
0.000599
0.000597
0.000595
0.000593
0.000591
0.000589
0.000587
0.000584
0.000582
0.000580
0.000578
0.000576
0.000574
0.000572
0.000571
0.000569
0.000567
0.000565
0.000563
0.000561
0.000559
0.000557
0.000555
0.000554
0.000552
0.000550
0.000548
0.000546
0.000545
0.000543
0.000541
0.000539
0.000538
0.000536
0.000534
0.000533
0.000531
0.000529
0.000528
0.000526
0.000524
0.000523
0.000521
0.000520
0.000518
0.000516
0.000515
0.000513
0.000512
0.000510
0.000509
0.000507
0.000506
0.000504
0.000503
0.000501
0.000500
0.000498
0.000497
0.000495
0.000494
0.000493
0.000491
0.000490
0.000488
0.000487
0.000486
0.000484
0.000483
0.000482
0.000480
0.000479
0.000478
0.000476
0.000475
0.000474
0.000472
0.000471
0.000470
0.000468
0.000467
0.000466
0.000465
0.000463
0.000462
0.000461
0.000460
0.000458
0.000457
0.000456
0.000455
0.000454
0.000452
0.000451
0.000450
0.000449
0.000448
0.000447
0.000446
0.000444
0.000443
0.000442
0.000441
0.000440
0.000439
0.000438
0.000437
0.000435
0.000434
0.000433
0.000432
0.000431
0.000430
0.000429
0.000428
0.000427
0.000426
0.000425
0.000424
0.000423
0.000422
0.000421
0.000420
0.000419
0.000418
0.000417
0.000416
0.000415
0.000414
0.000413
0.000412
0.000411
0.000410
0.000409
0.000408
0.000407
0.000406
0.000405
0.000404
0.000403
0.000402
0.000401
0.000401
0.000400
0.000399
0.000398
0.000397
0.000396
0.000395
0.000394
0.000393
0.000393
0.000392
0.000391
0.000390
0.000389
0.000388
0.000387
0.000387
0.000386
0.000385
0.000384
0.000383
0.000382
0.000382
0.000381
0.000380
0.000379
0.000378
0.000377
0.000377
0.000376
0.000375
0.000374
0.000373
0.000373
0.000372
0.000371
0.000370
0.000370
0.000369
0.000368
0.000367
0.000367
0.000366
0.000365
0.000364
0.000364
0.000363
0.000362
0.000361
0.000361
0.000360
0.000359
0.000358
0.000358
0.000357
0.000356
0.000356
0.000355
0.000354
0.000353
0.000353
0.000352
0.000351
0.000351
0.000350
0.000349
0.000349
0.000348
0.000347
0.000347
0.000346
0.000345
0.000345
0.000344
0.000343
0.000343
0.000342
0.000341
0.000341
0.000340
0.000339
0.000339
0.000338
0.000337
0.000337
0.000336
0.000336
0.000335
0.000334
0.000334
0.000333
0.000332
0.000332
0.000331
0.000331
0.000330
0.000329
0.000329
0.000328
0.000328
0.000327
0.000326
0.000326
0.000325
0.000325
0.000324
0.000323
0.000323
0.000322
0.000322
0.000321
0.000321
0.000320
0.000319
0.000319
0.000318
0.000318
0.000317
0.000317
0.000316
0.000316
0.000315
0.000314
0.000314
0.000313
0.000313
0.000312
0.000312
0.000311
0.000311
0.000310
0.000310
0.000309
0.000309
0.000308
0.000307
0.000307
0.000306
0.000306
0.000305
0.000305
0.000304
0.000304
0.000303
0.000303
0.000302
0.000302
0.000301
0.000301
0.000300
0.000300
0.000299
0.000299
0.000298
0.000298
0.000297
0.000297
0.000296
0.000296
0.000295
0.000295
0.000294
0.000294
0.000294
0.000293
0.000293
0.000292
0.000292
0.000291
0.000291
0.000290
0.000290
0.000289
0.000289
0.000288
0.000288
0.000288
0.000287
0.000287
0.000286
0.000286
0.000285
0.000285
0.000284
0.000284
0.000283
0.000283
0.000283
0.000282
0.000282
0.000281
0.000281
0.000280
0.000280
0.000280
0.000279
0.000279
0.000278
0.000278
0.000277
0.000277
0.000277
0.000276
0.000276
0.000275
0.000275
0.000275
0.000274
0.000274
0.000273
0.000273
0.000272
0.000272
0.000272
0.000271
0.000271
0.000270
0.000270
0.000270
0.000269
0.000269
0.000268
0.000268
0.000268
0.000267
0.000267
0.000267
0.000266
0.000266
0.000265
0.000265
0.000265
0.000264
0.000264
0.000263
0.000263
0.000263
0.000262
0.000262
0.000262
0.000261
0.000261
0.000260
0.000260
0.000260
0.000259
0.000259
0.000259
0.000258
0.000258
0.000258
0.000257
0.000257
0.000257
0.000256
0.000256
0.000255
0.000255
0.000255
0.000254
0.000254
0.000254
0.000253
0.000253
0.000253
0.000252
0.000252
0.000252
0.000251
0.000251
0.000251
0.000250
0.000250
0.000250
0.000249
0.000249
0.000249
0.000248
0.000248
0.000248
0.000247
0.000247
0.000247
0.000246
0.000246
0.000246
0.000245
0.000245
0.000245
0.000244
0.000244
0.000244
0.000243
0.000243
0.000243
0.000242
0.000242
0.000242
0.000241
0.000241
0.000241
0.000240
0.000240
0.000240
0.000240
0.000239
0.000239
0.000239
0.000238
0.000238
0.000238
0.000237
0.000237
0.000237
0.000236
0.000236
0.000236
0.000236
0.000235
0.000235
0.000235
0.000234
0.000234
0.000234
0.000233
0.000233
0.000233
0.000233
0.000232
0.000232
0.000232
0.000231
0.000231
0.000231
0.000231
0.000230
0.000230
0.000230
0.000229
0.000229
0.000229
0.000229
0.000228
0.000228
0.000228
0.000227
0.000227
0.000227
0.000227
0.000226
0.000226
0.000226
0.000226
0.000225
0.000225
0.000225
0.000224
0.000224
0.000224
0.000224
0.000223
0.000223
0.000223
0.000223
0.000222
0.000222
0.000222
0.000222
0.000221
0.000221
0.000221
0.000220
0.000220
0.000220
0.000220
0.000219
0.000219
0.000219
0.000219
0.000218
0.000218
0.000218
0.000218
0.000217
0.000217
0.000217
0.000217
0.000216
0.000216
0.000216
0.000216
0.000215
0.000215
0.000215
0.000215
0.000214
0.000214
0.000214
0.000214
0.000213
0.000213
0.000213
0.000213
0.000212
0.000212
0.000212
0.000212
0.000211
0.000211
0.000211
0.000211
0.000211
0.000210
0.000210
0.000210
0.000210
0.000209
0.000209
0.000209
0.000209
0.000208
0.000208
0.000208
0.000208
0.000208
0.000207
0.000207
0.000207
0.000207
0.000206
0.000206
0.000206
0.000206
0.000205
0.000205
0.000205
0.000205
0.000205
0.000204
0.000204
0.000204
0.000204
0.000203
0.000203
0.000203
0.000203
0.000203
0.000202
0.000202
0.000202
0.000202
0.000201
0.000201
0.000201
0.000201
0.000201
0.000200
0.000200
0.000200
0.000200
0.000200
0.000199
0.000199
0.000199
0.000199
0.000199
0.000198
0.000198
0.000198
0.000198
0.000197
0.000197
0.000197
0.000197
0.000197
0.000196
0.000196
0.000196
0.000196
0.000196
0.000195
0.000195
0.000195
0.000195
0.000195
0.000194
0.000194
0.000194
0.000194
0.000194
0.000193
0.000193
0.000193
0.000193
0.000193
0.000192
0.000192
0.000192
0.000192
0.000192
0.000191
0.000191
0.000191
0.000191
0.000191
0.000190
0.000190
0.000190
0.000190
0.000190
0.000190
0.000189
0.000189
0.000189
0.000189
0.000189
0.000188
0.000188
0.000188
0.000188
0.000188
0.000187
0.000187
0.000187
0.000187
0.000187
0.000187
0.000186
0.000186
0.000186
0.000186
0.000186
0.000185
0.000185
0.000185
0.000185
0.000185
0.000185
0.000184
0.000184
0.000184
0.000184
0.000184
0.000183
0.000183
0.000183
0.000183
0.000183
0.000183
0.000182
0.000182
0.000182
0.000182
0.000182
0.000182
0.000181
0.000181
0.000181
0.000181
0.000181
0.000180
0.000180
0.000180
0.000180
0.000180
0.000180
0.000179
0.000179
0.000179
0.000179
0.000179
0.000179
0.000178
0.000178
0.000178
0.000178
0.000178
0.000178
0.000177
0.000177
0.000177
0.000177
0.000177
0.000177
0.000176
0.000176
0.000176
0.000176
0.000176
0.000176
0.000175
0.000175
0.000175
0.000175
0.000175
0.000175
0.000174
0.000174
0.000174
0.000174
0.000174
0.000174
0.000174
0.000173
0.000173
0.000173
0.000173
0.000173
0.000173
0.000172
0.000172
0.000172
0.000172
0.000172
0.000172
0.000171
0.000171
0.000171
0.000171
0.000171
0.000171
0.000171
0.000170
0.000170
0.000170
0.000170
0.000170
0.000170
0.000169
0.000169
0.000169
0.000169
0.000169
0.000169
0.000169
0.000168
0.000168
0.000168
0.000168
0.000168
0.000168
0.000168
0.000167
0.000167
0.000167
0.000167
0.000167
0.000167
0.000167
0.000166
0.000166
0.000166
0.000166
0.000166
0.000166
0.000166
0.000165
0.000165
0.000165
0.000165
0.000165
0.000165
0.000165
0.000164
0.000164
0.000164
0.000164
0.000164
0.000164
0.000164
0.000163
0.000163
0.000163
0.000163
0.000163
0.000163
0.000163
0.000162
0.000162
0.000162
0.000162
0.000162
0.000162
0.000162
0.000161
0.000161
0.000161
0.000161
0.000161
0.000161
0.000161
0.000160
0.000160
0.000160
0.000160
0.000160
0.000160
0.000160
0.000160
0.000159
0.000159
0.000159
0.000159
0.000159
0.000159
0.000159
0.000158
0.000158
0.000158
0.000158
0.000158
0.000158
0.000158
0.000158
0.000157
0.000157
0.000157
0.000157
0.000157
0.000157
0.000157
0.000157
0.000156
0.000156
0.000156
0.000156
0.000156
0.000156
0.000156
0.000156
0.000155
0.000155
0.000155
0.000155
0.000155
0.000155
0.000155
0.000155
0.000154
0.000154
0.000154
0.000154
0.000154
0.000154
0.000154
0.000154
0.000153
0.000153
0.000153
0.000153
0.000153
0.000153
0.000153
0.000153
0.000152
0.000152
0.000152
0.000152
0.000152
0.000152
0.000152
0.000152
0.000151
0.000151
0.000151
0.000151
0.000151
0.000151
0.000151
0.000151
0.000151
0.000150
0.000150
0.000150
0.000150
0.000150
0.000150
0.000150
0.000150
0.000149
0.000149
0.000149
0.000149
0.000149
0.000149
0.000149
0.000149
0.000149
0.000148
0.000148
0.000148
0.000148
0.000148
0.000148
0.000148
0.000148
0.000147
0.000147
0.000147
0.000147
0.000147
0.000147
0.000147
0.000147
0.000147
0.000146
0.000146
0.000146
0.000146
0.000146
0.000146
0.000146
0.000146
0.000146
0.000145
0.000145
0.000145
0.000145
0.000145
0.000145
0.000145
0.000145
0.000145
0.000144
0.000144
0.000144
0.000144
0.000144
0.000144
0.000144
0.000144
0.000144
0.000144
0.000143
0.000143
0.000143
0.000143
0.000143
0.000143
0.000143
0.000143
0.000143
0.000142
0.000142
0.000142
0.000142
0.000142
0.000142
0.000142
0.000142
0.000142
0.000142
0.000141
0.000141
0.000141
0.000141
0.000141
0.000141
0.000141
0.000141
0.000141
0.000140
0.000140
0.000140
0.000140
0.000140
0.000140
0.000140
0.000140
0.000140
0.000140
0.000139
0.000139
0.000139
0.000139
0.000139
0.000139
0.000139
0.000139
0.000139
0.000139
0.000138
0.000138
0.000138
0.000138
0.000138
0.000138
0.000138
0.000138
0.000138
0.000138
0.000137
0.000137
0.000137
0.000137
0.000137
0.000137
0.000137
0.000137
0.000137
0.000137
0.000136
0.000136
0.000136
0.000136
0.000136
0.000136
0.000136
0.000136
0.000136
0.000136
0.000136
0.000135
0.000135
0.000135
0.000135
0.000135
0.000135
0.000135
0.000135
0.000135
0.000135
0.000134
0.000134
0.000134
0.000134
0.000134
0.000134
0.000134
0.000134
0.000134
0.000134
0.000134
0.000133
0.000133
0.000133
0.000133
0.000133
0.000133
0.000133
0.000133
0.000133
0.000133
0.000133
0.000132
0.000132
0.000132
0.000132
0.000132
0.000132
0.000132
0.000132
0.000132
0.000132
0.000132
0.000131
0.000131
0.000131
0.000131
0.000131
0.000131
0.000131
0.000131
0.000131
0.000131
0.000131
0.000130
0.000130
0.000130
0.000130
0.000130
0.000130
0.000130
0.000130
0.000130
0.000130
0.000130
0.000130
0.000129
0.000129
0.000129
0.000129
0.000129
0.000129
0.000129
0.000129
0.000129
0.000129
0.000129
0.000128
0.000128
0.000128
0.000128
0.000128
0.000128
0.000128
0.000128
0.000128
0.000128
0.000128
0.000128
0.000127
0.000127
0.000127
0.000127
0.000127
0.000127
0.000127
0.000127
0.000127
0.000127
0.000127
0.000127
0.000126
0.000126
0.000126
0.000126
0.000126
0.000126
0.000126
0.000126
0.000126
0.000126
0.000126
0.000126
0.000125
0.000125
0.000125
0.000125
0.000125
0.000125
0.000125
0.000125
0.000125
0.000125
0.000125
0.000125
0.000125
0.000124
0.000124
0.000124
0.000124
0.000124
0.000124
0.000124
0.000124
0.000124
0.000124
0.000124
0.000124
0.000123
0.000123
0.000123
0.000123
0.000123
0.000123
0.000123
0.000123
0.000123
0.000123
0.000123
0.000123
0.000123
0.000122
0.000122
0.000122
0.000122
0.000122
0.000122
0.000122
0.000122
0.000122
0.000122
0.000122
0.000122
0.000122
0.000121
0.000121
0.000121
0.000121
0.000121
0.000121
0.000121
0.000121
0.000121
0.000121
0.000121
0.000121
0.000121
0.000120
0.000120
0.000120
0.000120
0.000120
0.000120
0.000120
0.000120
0.000120
0.000120
0.000120
0.000120
0.000120
0.000120
0.000119
0.000119
0.000119
0.000119
0.000119
0.000119
0.000119
0.000119
0.000119
0.000119
0.000119
0.000119
0.000119
0.000118
0.000118
0.000118
0.000118
0.000118
0.000118
0.000118
0.000118
0.000118
0.000118
0.000118
0.000118
0.000118
0.000118
0.000117
0.000117
0.000117
0.000117
0.000117
0.000117
0.000117
0.000117
0.000117
0.000117
0.000117
0.000117
0.000117
0.000117
0.000116
0.000116
0.000116
0.000116
0.000116
0.000116
0.000116
0.000116
0.000116
0.000116
0.000116
0.000116
0.000116
0.000116
0.000116
0.000115
0.000115
0.000115
0.000115
0.000115
0.000115
0.000115
0.000115
0.000115
0.000115
0.000115
0.000115
0.000115
0.000115
0.000115
0.000114
0.000114
0.000114
0.000114
0.000114
0.000114
0.000114
0.000114
0.000114
0.000114
0.000114
0.000114
0.000114
0.000114
0.000114
0.000113
0.000113
0.000113
0.000113
0.000113
0.000113
0.000113
0.000113
0.000113
0.000113
0.000113
0.000113
0.000113
0.000113
0.000113
0.000112
0.000112
0.000112
0.000112
0.000112
0.000112
0.000112
0.000112
0.000112
0.000112
0.000112
0.000112
0.000112
0.000112
0.000112
0.000111
0.000111
0.000111
0.000111
0.000111
0.000111
0.000111
0.000111
0.000111
0.000111
0.000111
0.000111
0.000111
0.000111
0.000111
0.000111
0.000110
0.000110
0.000110
0.000110
0.000110
0.000110
0.000110
0.000110
0.000110
0.000110
0.000110
0.000110
0.000110
0.000110
0.000110
0.000110
0.000109
0.000109
0.000109
0.000109
0.000109
0.000109
0.000109
0.000109
0.000109
0.000109
0.000109
0.000109
0.000109
0.000109
0.000109
0.000109
0.000109
0.000108
0.000108
0.000108
0.000108
0.000108
0.000108
0.000108
0.000108
0.000108
0.000108
0.000108
0.000108
0.000108
0.000108
0.000108
0.000108
0.000107
0.000107
0.000107
0.000107
0.000107
0.000107
0.000107
0.000107
0.000107
0.000107
0.000107
0.000107
0.000107
0.000107
0.000107
0.000107
0.000107
0.000106
0.000106
0.000106
0.000106
0.000106
0.000106
0.000106
0.000106
0.000106
0.000106
0.000106
0.000106
0.000106
0.000106
0.000106
0.000106
0.000106
0.000106
0.000105
0.000105
0.000105
0.000105
0.000105
0.000105
0.000105
0.000105
0.000105
0.000105
0.000105
0.000105
0.000105
0.000105
0.000105
0.000105
0.000105
0.000104
0.000104
0.000104
0.000104
0.000104
0.000104
0.000104
0.000104
0.000104
0.000104
0.000104
0.000104
0.000104
0.000104
0.000104
0.000104
0.000104
0.000104
0.000103
0.000103
0.000103
0.000103
0.000103
0.000103
0.000103
0.000103
0.000103
0.000103
0.000103
0.000103
0.000103
0.000103
0.000103
0.000103
0.000103
0.000103
0.000103
0.000102
0.000102
0.000102
0.000102
0.000102
0.000102
0.000102
0.000102
0.000102
0.000102
0.000102
0.000102
0.000102
0.000102
0.000102
0.000102
0.000102
0.000102
0.000101
0.000101
0.000101
0.000101
0.000101
0.000101
0.000101
0.000101
0.000101
0.000101
0.000101
0.000101
0.000101
0.000101
0.000101
0.000101
0.000101
0.000101
0.000101
0.000101
0.000100
0.000100
0.000100
0.000100
0.000100
0.000100
0.000100
0.000100
0.000100
0.000100
0.000100
0.000100
0.000100
0.000100
0.000100
0.000100
0.000100
0.000100
0.000100
0.000099
0.000099
0.000099
0.000099
0.000099
0.000099
0.000099
0.000099
0.000099
0.000099
0.000099
0.000099
0.000099
0.000099
0.000099
0.000099
0.000099
0.000099
0.000099
0.000099
0.000098
0.000098
0.000098
0.000098
0.000098
0.000098
0.000098
0.000098
0.000098
0.000098
0.000098
0.000098
0.000098
0.000098
0.000098
0.000098
0.000098
0.000098
0.000098
0.000098
0.000098
0.000097
0.000097
0.000097
0.000097
0.000097
0.000097
0.000097
0.000097
0.000097
0.000097
0.000097
0.000097
0.000097
0.000097
0.000097
0.000097
0.000097
0.000097
0.000097
0.000097
0.000096
0.000096
0.000096
0.000096
0.000096
0.000096
0.000096
0.000096
0.000096
0.000096
0.000096
0.000096
0.000096
0.000096
0.000096
0.000096
0.000096
0.000096
0.000096
0.000096
0.000096
0.000096
0.000095
0.000095
0.000095
0.000095
0.000095
0.000095
0.000095
0.000095
0.000095
0.000095
0.000095
0.000095
0.000095
0.000095
0.000095
0.000095
0.000095
0.000095
0.000095
0.000095
0.000095
0.000094
0.000094
0.000094
0.000094
0.000094
0.000094
0.000094
0.000094
0.000094
0.000094
0.000094
0.000094
0.000094
0.000094
0.000094
0.000094
0.000094
0.000094
0.000094
0.000094
0.000094
0.000094
0.000093
0.000093
0.000093
0.000093
0.000093
0.000093
0.000093
0.000093
0.000093
0.000093
0.000093
0.000093
0.000093
0.000093
0.000093
0.000093
0.000093
0.000093
0.000093
0.000093
0.000093
0.000093
0.000093
0.000092
0.000092
0.000092
0.000092
0.000092
0.000092
0.000092
0.000092
0.000092
0.000092
0.000092
0.000092
0.000092
0.000092
0.000092
0.000092
0.000092
0.000092
0.000092
0.000092
0.000092
0.000092
0.000092
0.000091
0.000091
0.000091
0.000091
0.000091
0.000091
0.000091
0.000091
0.000091
0.000091
0.000091
0.000091
0.000091
0.000091
0.000091
0.000091
0.000091
0.000091
0.000091
0.000091
0.000091
0.000091
0.000091
0.000091
0.000090
0.000090
0.000090
0.000090
0.000090
0.000090
0.000090
0.000090
0.000090
0.000090
0.000090
0.000090
0.000090
0.000090
0.000090
0.000090
0.000090
0.000090
0.000090
0.000090
0.000090
0.000090
0.000090
0.000090
0.000089
0.000089
0.000089
0.000089
0.000089
0.000089
0.000089
0.000089
0.000089
0.000089
0.000089
0.000089
0.000089
0.000089
0.000089
0.000089
0.000089
0.000089
0.000089
0.000089
0.000089
0.000089
0.000089
0.000089
0.000089
0.000088
0.000088
0.000088
0.000088
0.000088
0.000088
0.000088
0.000088
0.000088
0.000088
0.000088
0.000088
0.000088
0.000088
0.000088
0.000088
0.000088
0.000088
0.000088
0.000088
0.000088
0.000088
0.000088
0.000088
0.000088
0.000087
0.000087
0.000087
0.000087
0.000087
0.000087
0.000087
0.000087
0.000087
0.000087
0.000087
0.000087
0.000087
0.000087
0.000087
0.000087
0.000087
0.000087
0.000087
0.000087
0.000087
0.000087
0.000087
0.000087
0.000087
0.000087
0.000086
0.000086
0.000086
0.000086
0.000086
0.000086
0.000086
0.000086
0.000086
0.000086
0.000086
0.000086
0.000086
0.000086
0.000086
0.000086
0.000086
0.000086
0.000086
0.000086
0.000086
0.000086
0.000086
0.000086
0.000086
0.000086
0.000086
0.000085
0.000085
0.000085
0.000085
0.000085
0.000085
0.000085
0.000085
0.000085
0.000085
0.000085
0.000085
0.000085
0.000085
0.000085
0.000085
0.000085
0.000085
0.000085
0.000085
0.000085
0.000085
0.000085
0.000085
0.000085
0.000085
0.000085
0.000084
0.000084
0.000084
0.000084
0.000084
0.000084
0.000084
0.000084
0.000084
0.000084
0.000084
0.000084
0.000084
0.000084
0.000084
0.000084
0.000084
0.000084
0.000084
0.000084
0.000084
0.000084
0.000084
0.000084
0.000084
0.000084
0.000084
0.000084
0.000083
0.000083
0.000083
0.000083
0.000083
0.000083
0.000083
0.000083
0.000083
0.000083
0.000083
0.000083
0.000083
0.000083
0.000083
0.000083
0.000083
0.000083
0.000083
0.000083
0.000083
0.000083
0.000083
0.000083
0.000083
0.000083
0.000083
0.000083
0.000083
0.000082
0.000082
0.000082
0.000082
0.000082
0.000082
0.000082
0.000082
0.000082
0.000082
0.000082
0.000082
0.000082
0.000082
0.000082
0.000082
0.000082
0.000082
0.000082
0.000082
0.000082
0.000082
0.000082
0.000082
0.000082
0.000082
0.000082
0.000082
0.000082
0.000081
0.000081
0.000081
0.000081
0.000081
0.000081
0.000081
0.000081
0.000081
0.000081
0.000081
0.000081
0.000081
0.000081
0.000081
0.000081
0.000081
0.000081
0.000081
0.000081
0.000081
0.000081
0.000081
0.000081
0.000081
0.000081
0.000081
0.000081
0.000081
0.000081
0.000080
0.000080
0.000080
0.000080
0.000080
0.000080
0.000080
0.000080
0.000080
0.000080
0.000080
0.000080
0.000080
0.000080
0.000080
0.000080
0.000080
0.000080
0.000080
0.000080
0.000080
0.000080
0.000080
0.000080
0.000080
0.000080
0.000080
0.000080
0.000080
0.000080
0.000080
0.000079
0.000079
0.000079
0.000079
0.000079
0.000079
0.000079
0.000079
0.000079
0.000079
0.000079
0.000079
0.000079
0.000079
0.000079
0.000079
0.000079
0.000079
0.000079
0.000079
0.000079
0.000079
0.000079
0.000079
0.000079
0.000079
0.000079
0.000079
0.000079
0.000079
0.000079
0.000078
0.000078
0.000078
0.000078
0.000078
0.000078
0.000078
0.000078
0.000078
0.000078
0.000078
0.000078
0.000078
0.000078
0.000078
0.000078
0.000078
0.000078
0.000078
0.000078
0.000078
0.000078
0.000078
0.000078
0.000078
0.000078
0.000078
0.000078
0.000078
0.000078
0.000078
0.000078
0.000078
0.000077
0.000077
0.000077
0.000077
0.000077
0.000077
0.000077
0.000077
0.000077
0.000077
0.000077
0.000077
0.000077
0.000077
0.000077
0.000077
0.000077
0.000077
0.000077
0.000077
0.000077
0.000077
0.000077
0.000077
0.000077
0.000077
0.000077
0.000077
0.000077
0.000077
0.000077
0.000077
0.000077
0.000076
0.000076
0.000076
0.000076
0.000076
0.000076
0.000076
0.000076
0.000076
0.000076
0.000076
0.000076
0.000076
0.000076
0.000076
0.000076
0.000076
0.000076
0.000076
0.000076
0.000076
0.000076
0.000076
0.000076
0.000076
0.000076
0.000076
0.000076
0.000076
0.000076
0.000076
0.000076
0.000076
0.000076
0.000075
0.000075
0.000075
0.000075
0.000075
0.000075
0.000075
0.000075
0.000075
0.000075
0.000075
0.000075
0.000075
0.000075
0.000075
0.000075
0.000075
0.000075
0.000075
0.000075
0.000075
0.000075
0.000075
0.000075
0.000075
0.000075
0.000075
0.000075
0.000075
0.000075
0.000075
0.000075
0.000075
0.000075
0.000075
0.000075
0.000074
0.000074
0.000074
0.000074
0.000074
0.000074
0.000074
0.000074
0.000074
0.000074
0.000074
0.000074
0.000074
0.000074
0.000074
0.000074
0.000074
0.000074
0.000074
0.000074
0.000074
0.000074
0.000074
0.000074
0.000074
0.000074
0.000074
0.000074
0.000074
0.000074
0.000074
0.000074
0.000074
0.000074
0.000074
0.000074
0.000073
0.000073
0.000073
0.000073
0.000073
0.000073
0.000073
0.000073
0.000073
0.000073
0.000073
0.000073
0.000073
0.000073
0.000073
0.000073
0.000073
0.000073
0.000073
0.000073
0.000073
0.000073
0.000073
0.000073
0.000073
0.000073
0.000073
0.000073
0.000073
0.000073
0.000073
0.000073
0.000073
0.000073
0.000073
0.000073
0.000073
0.000072
0.000072
0.000072
0.000072
0.000072
0.000072
0.000072
0.000072
0.000072
0.000072
0.000072
0.000072
0.000072
0.000072
0.000072
0.000072
0.000072
0.000072
0.000072
0.000072
0.000072
0.000072
0.000072
0.000072
0.000072
0.000072
0.000072
0.000072
0.000072
0.000072
0.000072
0.000072
0.000072
0.000072
0.000072
0.000072
0.000072
0.000072
0.000071
0.000071
0.000071
0.000071
0.000071
0.000071
0.000071
0.000071
0.000071
0.000071
0.000071
0.000071
0.000071
0.000071
0.000071
0.000071
0.000071
0.000071
0.000071
0.000071
0.000071
0.000071
0.000071
0.000071
0.000071
0.000071
0.000071
0.000071
0.000071
0.000071
0.000071
0.000071
0.000071
0.000071
0.000071
0.000071
0.000071
0.000071
0.000071
0.000070
0.000070
0.000070
0.000070
0.000070
0.000070
0.000070
0.000070
0.000070
0.000070
0.000070
0.000070
0.000070
0.000070
0.000070
0.000070
0.000070
0.000070
0.000070
0.000070
0.000070
0.000070
0.000070
0.000070
0.000070
0.000070
0.000070
0.000070
0.000070
0.000070
0.000070
0.000070
0.000070
0.000070
0.000070
0.000070
0.000070
0.000070
0.000070
0.000070
0.000070
0.000069
0.000069
0.000069
0.000069
0.000069
0.000069
0.000069
0.000069
0.000069
0.000069
0.000069
0.000069
0.000069
0.000069
0.000069
0.000069
0.000069
0.000069
0.000069
0.000069
0.000069
0.000069
0.000069
0.000069
0.000069
0.000069
0.000069
0.000069
0.000069
0.000069
0.000069
0.000069
0.000069
0.000069
0.000069
0.000069
0.000069
0.000069
0.000069
0.000069
0.000069
0.000068
0.000068
0.000068
0.000068
0.000068
0.000068
0.000068
0.000068
0.000068
0.000068
0.000068
0.000068
0.000068
0.000068
0.000068
0.000068
0.000068
0.000068
0.000068
0.000068
0.000068
0.000068
0.000068
0.000068
0.000068
0.000068
0.000068
0.000068
0.000068
0.000068
0.000068
0.000068
0.000068
0.000068
0.000068
0.000068
0.000068
0.000068
0.000068
0.000068
0.000068
0.000068
0.000068
0.000067
0.000067
0.000067
0.000067
0.000067
0.000067
0.000067
0.000067
0.000067
0.000067
0.000067
0.000067
0.000067
0.000067
0.000067
0.000067
0.000067
0.000067
0.000067
0.000067
0.000067
0.000067
0.000067
0.000067
0.000067
0.000067
0.000067
0.000067
0.000067
0.000067
0.000067
0.000067
0.000067
0.000067
0.000067
0.000067
0.000067
0.000067
0.000067
0.000067
0.000067
0.000067
0.000067
0.000067
0.000066
0.000066
0.000066
0.000066
0.000066
0.000066
0.000066
0.000066
0.000066
0.000066
0.000066
0.000066
0.000066
0.000066
0.000066
0.000066
0.000066
0.000066
0.000066
0.000066
0.000066
0.000066
0.000066
0.000066
0.000066
0.000066
0.000066
0.000066
0.000066
0.000066
0.000066
0.000066
0.000066
0.000066
0.000066
0.000066
0.000066
0.000066
0.000066
0.000066
0.000066
0.000066
0.000066
0.000066
0.000066
0.000066
0.000065
0.000065
0.000065
0.000065
0.000065
0.000065
0.000065
0.000065
0.000065
0.000065
0.000065
0.000065
0.000065
0.000065
0.000065
0.000065
0.000065
0.000065
0.000065
0.000065
0.000065
0.000065
0.000065
0.000065
0.000065
0.000065
0.000065
0.000065
0.000065
0.000065
0.000065
0.000065
0.000065
0.000065
0.000065
0.000065
0.000065
0.000065
0.000065
0.000065
0.000065
0.000065
0.000065
0.000065
0.000065
0.000065
0.000065
0.000064
0.000064
0.000064
0.000064
0.000064
0.000064
0.000064
0.000064
0.000064
0.000064
0.000064
0.000064
0.000064
0.000064
0.000064
0.000064
0.000064
0.000064
0.000064
0.000064
0.000064
0.000064
0.000064
0.000064
0.000064
0.000064
0.000064
0.000064
0.000064
0.000064
0.000064
0.000064
0.000064
0.000064
0.000064
0.000064
0.000064
0.000064
0.000064
0.000064
0.000064
0.000064
0.000064
0.000064
0.000064
0.000064
0.000064
0.000064
0.000063
0.000063
0.000063
0.000063
0.000063
0.000063
0.000063
0.000063
0.000063
0.000063
0.000063
0.000063
0.000063
0.000063
0.000063
0.000063
0.000063
0.000063
0.000063
0.000063
0.000063
0.000063
0.000063
0.000063
0.000063
0.000063
0.000063
0.000063
0.000063
0.000063
0.000063
0.000063
0.000063
0.000063
0.000063
0.000063
0.000063
0.000063
0.000063
0.000063
0.000063
0.000063
0.000063
0.000063
0.000063
0.000063
0.000063
0.000063
0.000063
0.000063
0.000062
0.000062
0.000062
0.000062
0.000062
0.000062
0.000062
0.000062
0.000062
0.000062
0.000062
0.000062
0.000062
0.000062
0.000062
0.000062
0.000062
0.000062
0.000062
0.000062
0.000062
0.000062
0.000062
0.000062
0.000062
0.000062
0.000062
0.000062
0.000062
0.000062
0.000062
0.000062
0.000062
0.000062
0.000062
0.000062
0.000062
0.000062
0.000062
0.000062
0.000062
0.000062
0.000062
0.000062
0.000062
0.000062
0.000062
0.000062
0.000062
0.000062
0.000062
0.000062
0.000061
0.000061
0.000061
0.000061
0.000061
0.000061
0.000061
0.000061
0.000061
0.000061
0.000061
0.000061
0.000061
0.000061
0.000061
0.000061
0.000061
0.000061
0.000061
0.000061
0.000061
0.000061
0.000061
0.000061
0.000061
0.000061
0.000061
0.000061
0.000061
0.000061
0.000061
0.000061
0.000061
0.000061
0.000061
0.000061
0.000061
0.000061
0.000061
0.000061
0.000061
0.000061
0.000061
0.000061
0.000061
0.000061
0.000061
0.000061
0.000061
0.000061
0.000061
0.000061
0.000061
0.000061
0.000060
0.000060
0.000060
0.000060
0.000060
0.000060
0.000060
0.000060
0.000060
0.000060
0.000060
0.000060
0.000060
0.000060
0.000060
0.000060
0.000060
0.000060
0.000060
0.000060
0.000060
0.000060
0.000060
0.000060
0.000060
0.000060
0.000060
0.000060
0.000060
0.000060
0.000060
0.000060
0.000060
0.000060
0.000060
0.000060
0.000060
0.000060
0.000060
0.000060
0.000060
0.000060
0.000060
0.000060
0.000060
0.000060
0.000060
0.000060
0.000060
0.000060
0.000060
0.000060
0.000060
0.000060
0.000060
0.000059
0.000059
0.000059
0.000059
0.000059
0.000059
0.000059
0.000059
0.000059
0.000059
0.000059
0.000059
0.000059
0.000059
0.000059
0.000059
0.000059
0.000059
0.000059
0.000059
0.000059
0.000059
0.000059
0.000059
0.000059
0.000059
0.000059
0.000059
0.000059
0.000059
0.000059
0.000059
0.000059
0.000059
0.000059
0.000059
0.000059
0.000059
0.000059
0.000059
0.000059
0.000059
0.000059
0.000059
0.000059
0.000059
0.000059
0.000059
0.000059
0.000059
0.000059
0.000059
0.000059
0.000059
0.000059
0.000059
0.000059
0.000058
0.000058
0.000058
0.000058
0.000058
0.000058
0.000058
0.000058
0.000058
0.000058
0.000058
0.000058
0.000058
0.000058
0.000058
0.000058
0.000058
0.000058
0.000058
0.000058
0.000058
0.000058
0.000058
0.000058
0.000058
0.000058
0.000058
0.000058
0.000058
0.000058
0.000058
0.000058
0.000058
0.000058
0.000058
0.000058
0.000058
0.000058
0.000058
0.000058
0.000058
0.000058
0.000058
0.000058
0.000058
0.000058
0.000058
0.000058
0.000058
0.000058
0.000058
0.000058
0.000058
0.000058
0.000058
0.000058
0.000058
0.000058
0.000058
0.000057
0.000057
0.000057
0.000057
0.000057
0.000057
0.000057
0.000057
0.000057
0.000057
0.000057
0.000057
0.000057
0.000057
0.000057
0.000057
0.000057
0.000057
0.000057
0.000057
0.000057
0.000057
0.000057
0.000057
0.000057
0.000057
0.000057
0.000057
0.000057
0.000057
0.000057
0.000057
0.000057
0.000057
0.000057
0.000057
0.000057
0.000057
0.000057
0.000057
0.000057
0.000057
0.000057
0.000057
0.000057
0.000057
0.000057
0.000057
0.000057
0.000057
0.000057
0.000057
0.000057
0.000057
0.000057
0.000057
0.000057
0.000057
0.000057
0.000057
0.000057
0.000057
0.000056
0.000056
0.000056
0.000056
0.000056
0.000056
0.000056
0.000056
0.000056
0.000056
0.000056
0.000056
0.000056
0.000056
0.000056
0.000056
0.000056
0.000056
0.000056
0.000056
0.000056
0.000056
0.000056
0.000056
0.000056
0.000056
0.000056
0.000056
0.000056
0.000056
0.000056
0.000056
0.000056
0.000056
0.000056
0.000056
0.000056
0.000056
0.000056
0.000056
0.000056
0.000056
0.000056
0.000056
0.000056
0.000056
0.000056
0.000056
0.000056
0.000056
0.000056
0.000056
0.000056
0.000056
0.000056
0.000056
0.000056
0.000056
0.000056
0.000056
0.000056
0.000056
0.000056
0.000055
0.000055
0.000055
0.000055
0.000055
0.000055
0.000055
0.000055
0.000055
0.000055
0.000055
0.000055
0.000055
0.000055
0.000055
0.000055
0.000055
0.000055
0.000055
0.000055
0.000055
0.000055
0.000055
0.000055
0.000055
0.000055
0.000055
0.000055
0.000055
0.000055
0.000055
0.000055
0.000055
0.000055
0.000055
0.000055
0.000055
0.000055
0.000055
0.000055
0.000055
0.000055
0.000055
0.000055
0.000055
0.000055
0.000055
0.000055
0.000055
0.000055
0.000055
0.000055
0.000055
0.000055
0.000055
0.000055
0.000055
0.000055
0.000055
0.000055
0.000055
0.000055
0.000055
0.000055
0.000055
0.000055
0.000054
0.000054
0.000054
0.000054
0.000054
0.000054
0.000054
0.000054
0.000054
0.000054
0.000054
0.000054
0.000054
0.000054
0.000054
0.000054
0.000054
0.000054
0.000054
0.000054
0.000054
0.000054
0.000054
0.000054
0.000054
0.000054
0.000054
0.000054
0.000054
0.000054
0.000054
0.000054
0.000054
0.000054
0.000054
0.000054
0.000054
0.000054
0.000054
0.000054
0.000054
0.000054
0.000054
0.000054
0.000054
0.000054
0.000054
0.000054
0.000054
0.000054
0.000054
0.000054
0.000054
0.000054
0.000054
0.000054
0.000054
0.000054
0.000054
0.000054
0.000054
0.000054
0.000054
0.000054
0.000054
0.000054
0.000054
0.000054
0.000054
0.000053
0.000053
0.000053
0.000053
0.000053
0.000053
0.000053
0.000053
0.000053
0.000053
0.000053
0.000053
0.000053
0.000053
0.000053
0.000053
0.000053
0.000053
0.000053
0.000053
0.000053
0.000053
0.000053
0.000053
0.000053
0.000053
0.000053
0.000053
0.000053
0.000053
0.000053
0.000053
0.000053
0.000053
0.000053
0.000053
0.000053
0.000053
0.000053
0.000053
0.000053
0.000053
0.000053
0.000053
0.000053
0.000053
0.000053
0.000053
0.000053
0.000053
0.000053
0.000053
0.000053
0.000053
0.000053
0.000053
0.000053
0.000053
0.000053
0.000053
0.000053
0.000053
0.000053
0.000053
0.000053
0.000053
0.000053
0.000053
0.000053
0.000053
0.000053
0.000052
0.000052
0.000052
0.000052
0.000052
0.000052
0.000052
0.000052
0.000052
0.000052
0.000052
0.000052
0.000052
0.000052
0.000052
0.000052
0.000052
0.000052
0.000052
0.000052
0.000052
0.000052
0.000052
0.000052
0.000052
0.000052
0.000052
0.000052
0.000052
0.000052
0.000052
0.000052
0.000052
0.000052
0.000052
0.000052
0.000052
0.000052
0.000052
0.000052
0.000052
0.000052
0.000052
0.000052
0.000052
0.000052
0.000052
0.000052
0.000052
0.000052
0.000052
0.000052
0.000052
0.000052
0.000052
0.000052
0.000052
0.000052
0.000052
0.000052
0.000052
0.000052
0.000052
0.000052
0.000052
0.000052
0.000052
0.000052
0.000052
0.000052
0.000052
0.000052
0.000052
0.000052
0.000051
0.000051
0.000051
0.000051
0.000051
0.000051
0.000051
0.000051
0.000051
0.000051
0.000051
0.000051
0.000051
0.000051
0.000051
0.000051
0.000051
0.000051
0.000051
0.000051
0.000051
0.000051
0.000051
0.000051
0.000051
0.000051
0.000051
0.000051
0.000051
0.000051
0.000051
0.000051
0.000051
0.000051
0.000051
0.000051
0.000051
0.000051
0.000051
0.000051
0.000051
0.000051
0.000051
0.000051
0.000051
0.000051
0.000051
0.000051
0.000051
0.000051
0.000051
0.000051
0.000051
0.000051
0.000051
0.000051
0.000051
0.000051
0.000051
0.000051
0.000051
0.000051
0.000051
0.000051
0.000051
0.000051
0.000051
0.000051
0.000051
0.000051
0.000051
0.000051
0.000051
0.000051
0.000051
0.000051
0.000050
0.000050
0.000050
0.000050
0.000050
0.000050
0.000050
0.000050
0.000050
0.000050
0.000050
0.000050
0.000050
0.000050
0.000050
0.000050
0.000050
0.000050
0.000050
0.000050
0.000050
0.000050
0.000050
0.000050
0.000050
0.000050
0.000050
0.000050
0.000050
0.000050
0.000050
0.000050
0.000050
0.000050
0.000050
0.000050
0.000050
0.000050
0.000050
0.000050
0.000050
0.000050
0.000050
0.000050
0.000050
0.000050
0.000050
0.000050
0.000050
0.000050
0.000050
0.000050
0.000050
0.000050
0.000050
0.000050
0.000050
0.000050
0.000050
0.000050
0.000050
0.000050
0.000050
0.000050
0.000050
0.000050
0.000050
0.000050
0.000050
0.000050
0.000050
0.000050
0.000050
0.000050
0.000050
0.000050
0.000050
0.000050
0.000050
0.000050
0.000049
0.000049
0.000049
0.000049
0.000049
0.000049
0.000049
0.000049
0.000049
0.000049
0.000049
0.000049
0.000049
0.000049
0.000049
0.000049
0.000049
0.000049
0.000049
0.000049
0.000049
0.000049
0.000049
0.000049
0.000049
0.000049
0.000049
0.000049
0.000049
0.000049
0.000049
0.000049
0.000049
0.000049
0.000049
0.000049
0.000049
0.000049
0.000049
0.000049
0.000049
0.000049
0.000049
0.000049
0.000049
0.000049
0.000049
0.000049
0.000049
0.000049
0.000049
0.000049
0.000049
0.000049
0.000049
0.000049
0.000049
0.000049
0.000049
0.000049
0.000049
0.000049
0.000049
0.000049
0.000049
0.000049
0.000049
0.000049
0.000049
0.000049
0.000049
0.000049
0.000049
0.000049
0.000049
0.000049
0.000049
0.000049
0.000049
0.000049
0.000049
0.000049
0.000049
0.000049
0.000048
0.000048
0.000048
0.000048
0.000048
0.000048
0.000048
0.000048
0.000048
0.000048
0.000048
0.000048
0.000048
0.000048
0.000048
0.000048
0.000048
0.000048
0.000048
0.000048
0.000048
0.000048
0.000048
0.000048
0.000048
0.000048
0.000048
0.000048
0.000048
0.000048
0.000048
0.000048
0.000048
0.000048
0.000048
0.000048
0.000048
0.000048
0.000048
0.000048
0.000048
0.000048
0.000048
0.000048
0.000048
0.000048
0.000048
0.000048
0.000048
0.000048
0.000048
0.000048
0.000048
0.000048
0.000048
0.000048
0.000048
0.000048
0.000048
0.000048
0.000048
0.000048
0.000048
0.000048
0.000048
0.000048
0.000048
0.000048
0.000048
0.000048
0.000048
0.000048
0.000048
0.000048
0.000048
0.000048
0.000048
0.000048
0.000048
0.000048
0.000048
0.000048
0.000048
0.000048
0.000048
0.000048
0.000048
0.000047
0.000047
0.000047
0.000047
0.000047
0.000047
0.000047
0.000047
0.000047
0.000047
0.000047
0.000047
0.000047
0.000047
0.000047
0.000047
0.000047
0.000047
0.000047
0.000047
0.000047
0.000047
0.000047
0.000047
0.000047
0.000047
0.000047
0.000047
0.000047
0.000047
0.000047
0.000047
0.000047
0.000047
0.000047
0.000047
0.000047
0.000047
0.000047
0.000047
0.000047
0.000047
0.000047
0.000047
0.000047
0.000047
0.000047
0.000047
0.000047
0.000047
0.000047
0.000047
0.000047
0.000047
0.000047
0.000047
0.000047
0.000047
0.000047
0.000047
0.000047
0.000047
0.000047
0.000047
0.000047
0.000047
0.000047
0.000047
0.000047
0.000047
0.000047
0.000047
0.000047
0.000047
0.000047
0.000047
0.000047
0.000047
0.000047
0.000047
0.000047
0.000047
0.000047
0.000047
0.000047
0.000047
0.000047
0.000047
0.000047
0.000047
0.000046
0.000046
0.000046
0.000046
0.000046
0.000046
0.000046
0.000046
0.000046
0.000046
0.000046
0.000046
0.000046
0.000046
0.000046
0.000046
0.000046
0.000046
0.000046
0.000046
0.000046
0.000046
0.000046
0.000046
0.000046
0.000046
0.000046
0.000046
0.000046
0.000046
0.000046
0.000046
0.000046
0.000046
0.000046
0.000046
0.000046
0.000046
0.000046
0.000046
0.000046
0.000046
0.000046
0.000046
0.000046
0.000046
0.000046
0.000046
0.000046
0.000046
0.000046
0.000046
0.000046
0.000046
0.000046
0.000046
0.000046
0.000046
0.000046
0.000046
0.000046
0.000046
0.000046
0.000046
0.000046
0.000046
0.000046
0.000046
0.000046
0.000046
0.000046
0.000046
0.000046
0.000046
0.000046
0.000046
0.000046
0.000046
0.000046
0.000046
0.000046
0.000046
0.000046
0.000046
0.000046
0.000046
0.000046
0.000046
0.000046
0.000046
0.000046
0.000046
0.000046
0.000046
0.000046
0.000045
0.000045
0.000045
0.000045
0.000045
0.000045
0.000045
0.000045
0.000045
0.000045
0.000045
0.000045
0.000045
0.000045
0.000045
0.000045
0.000045
0.000045
0.000045
0.000045
0.000045
0.000045
0.000045
0.000045
0.000045
0.000045
0.000045
0.000045
0.000045
0.000045
0.000045
0.000045
0.000045
0.000045
0.000045
0.000045
0.000045
0.000045
0.000045
0.000045
0.000045
0.000045
0.000045
0.000045
0.000045
0.000045
0.000045
0.000045
0.000045
0.000045
0.000045
0.000045
0.000045
0.000045
0.000045
0.000045
0.000045
0.000045
0.000045
0.000045
0.000045
0.000045
0.000045
0.000045
0.000045
0.000045
0.000045
0.000045
0.000045
0.000045
0.000045
0.000045
0.000045
0.000045
0.000045
0.000045
0.000045
0.000045
0.000045
0.000045
0.000045
0.000045
0.000045
0.000045
0.000045
0.000045
0.000045
0.000045
0.000045
0.000045
0.000045
0.000045
0.000045
0.000045
0.000045
0.000045
0.000045
0.000045
0.000045
0.000044
0.000044
0.000044
0.000044
0.000044
0.000044
0.000044
0.000044
0.000044
0.000044
0.000044
0.000044
0.000044
0.000044
0.000044
0.000044
0.000044
0.000044
0.000044
0.000044
0.000044
0.000044
0.000044
0.000044
0.000044
0.000044
0.000044
0.000044
0.000044
0.000044
0.000044
0.000044
0.000044
0.000044
0.000044
0.000044
0.000044
0.000044
0.000044
0.000044
0.000044
0.000044
0.000044
0.000044
0.000044
0.000044
0.000044
0.000044
0.000044
0.000044
0.000044
0.000044
0.000044
0.000044
0.000044
0.000044
0.000044
0.000044
0.000044
0.000044
0.000044
0.000044
0.000044
0.000044
0.000044
0.000044
0.000044
0.000044
0.000044
0.000044
0.000044
0.000044
0.000044
0.000044
0.000044
0.000044
0.000044
0.000044
0.000044
0.000044
0.000044
0.000044
0.000044
0.000044
0.000044
0.000044
0.000044
0.000044
0.000044
0.000044
0.000044
0.000044
0.000044
0.000044
0.000044
0.000044
0.000044
0.000044
0.000044
0.000044
0.000044
0.000044
0.000044
0.000044
0.000043
0.000043
0.000043
0.000043
0.000043
0.000043
0.000043
0.000043
0.000043
0.000043
0.000043
0.000043
0.000043
0.000043
0.000043
0.000043
0.000043
0.000043
0.000043
0.000043
0.000043
0.000043
0.000043
0.000043
0.000043
0.000043
0.000043
0.000043
0.000043
0.000043
0.000043
0.000043
0.000043
0.000043
0.000043
0.000043
0.000043
0.000043
0.000043
0.000043
0.000043
0.000043
0.000043
0.000043
0.000043
0.000043
0.000043
0.000043
0.000043
0.000043
0.000043
0.000043
0.000043
0.000043
0.000043
0.000043
0.000043
0.000043
0.000043
0.000043
0.000043
0.000043
0.000043
0.000043
0.000043
0.000043
0.000043
0.000043
0.000043
0.000043
0.000043
0.000043
0.000043
0.000043
0.000043
0.000043
0.000043
0.000043
0.000043
0.000043
0.000043
0.000043
0.000043
0.000043
0.000043
0.000043
0.000043
0.000043
0.000043
0.000043
0.000043
0.000043
0.000043
0.000043
0.000043
0.000043
0.000043
0.000043
0.000043
0.000043
0.000043
0.000043
0.000043
0.000043
0.000043
0.000043
0.000043
0.000043
0.000042
0.000042
0.000042
0.000042
0.000042
0.000042
0.000042
0.000042
0.000042
0.000042
0.000042
0.000042
0.000042
0.000042
0.000042
0.000042
0.000042
0.000042
0.000042
0.000042
0.000042
0.000042
0.000042
0.000042
0.000042
0.000042
0.000042
0.000042
0.000042
0.000042
0.000042
0.000042
0.000042
0.000042
0.000042
0.000042
0.000042
0.000042
0.000042
0.000042
0.000042
0.000042
0.000042
0.000042
0.000042
0.000042
0.000042
0.000042
0.000042
0.000042
0.000042
0.000042
0.000042
0.000042
0.000042
0.000042
0.000042
0.000042
0.000042
0.000042
0.000042
0.000042
0.000042
0.000042
0.000042
0.000042
0.000042
0.000042
0.000042
0.000042
0.000042
0.000042
0.000042
0.000042
0.000042
0.000042
0.000042
0.000042
0.000042
0.000042
0.000042
0.000042
0.000042
0.000042
0.000042
0.000042
0.000042
0.000042
0.000042
0.000042
0.000042
0.000042
0.000042
0.000042
0.000042
0.000042
0.000042
0.000042
0.000042
0.000042
0.000042
0.000042
0.000042
0.000042
0.000042
0.000042
0.000042
0.000042
0.000042
0.000042
0.000042
0.000042
0.000042
0.000042
0.000041
0.000041
0.000041
0.000041
0.000041
0.000041
0.000041
0.000041
0.000041
0.000041
0.000041
0.000041
0.000041
0.000041
0.000041
0.000041
0.000041
0.000041
0.000041
0.000041
0.000041
0.000041
0.000041
0.000041
0.000041
0.000041
0.000041
0.000041
0.000041
0.000041
0.000041
0.000041
0.000041
0.000041
0.000041
0.000041
0.000041
0.000041
0.000041
0.000041
0.000041
0.000041
0.000041
0.000041
0.000041
0.000041
0.000041
0.000041
0.000041
0.000041
0.000041
0.000041
0.000041
0.000041
0.000041
0.000041
0.000041
0.000041
0.000041
0.000041
0.000041
0.000041
0.000041
0.000041
0.000041
0.000041
0.000041
0.000041
0.000041
0.000041
0.000041
0.000041
0.000041
0.000041
0.000041
0.000041
0.000041
0.000041
0.000041
0.000041
0.000041
0.000041
0.000041
0.000041
0.000041
0.000041
0.000041
0.000041
0.000041
0.000041
0.000041
0.000041
0.000041
0.000041
0.000041
0.000041
0.000041
0.000041
0.000041
0.000041
0.000041
0.000041
0.000041
0.000041
0.000041
0.000041
0.000041
0.000041
0.000041
0.000041
0.000041
0.000041
0.000041
0.000041
0.000041
0.000041
0.000041
0.000041
0.000041
0.000040
0.000040
0.000040
0.000040
0.000040
0.000040
0.000040
0.000040
0.000040
0.000040
0.000040
0.000040
0.000040
0.000040
0.000040
0.000040
0.000040
0.000040
0.000040
0.000040
0.000040
0.000040
0.000040
0.000040
0.000040
0.000040
0.000040
0.000040
0.000040
0.000040
0.000040
0.000040
0.000040
0.000040
0.000040
0.000040
0.000040
0.000040
0.000040
0.000040
0.000040
0.000040
0.000040
0.000040
0.000040
0.000040
0.000040
0.000040
0.000040
0.000040
0.000040
0.000040
0.000040
0.000040
0.000040
0.000040
0.000040
0.000040
0.000040
0.000040
0.000040
0.000040
0.000040
0.000040
0.000040
0.000040
0.000040
0.000040
0.000040
0.000040
0.000040
0.000040
0.000040
0.000040
0.000040
0.000040
0.000040
0.000040
0.000040
0.000040
0.000040
0.000040
0.000040
0.000040
0.000040
0.000040
0.000040
0.000040
0.000040
0.000040
0.000040
0.000040
0.000040
0.000040
0.000040
0.000040
0.000040
0.000040
0.000040
0.000040
0.000040
0.000040
0.000040
0.000040
0.000040
0.000040
0.000040
0.000040
0.000040
0.000040
0.000040
0.000040
0.000040
0.000040
0.000040
0.000040
0.000040
0.000040
0.000040
0.000040
0.000040
0.000040
0.000040
0.000040
0.000040
0.000040
0.000039
0.000039
0.000039
0.000039
0.000039
0.000039
0.000039
0.000039
0.000039
0.000039
0.000039
0.000039
0.000039
0.000039
0.000039
0.000039
0.000039
0.000039
0.000039
0.000039
0.000039
0.000039
0.000039
0.000039
0.000039
0.000039
0.000039
0.000039
0.000039
0.000039
0.000039
0.000039
0.000039
0.000039
0.000039
0.000039
0.000039
0.000039
0.000039
0.000039
0.000039
0.000039
0.000039
0.000039
0.000039
0.000039
0.000039
0.000039
0.000039
0.000039
0.000039
0.000039
0.000039
0.000039
0.000039
0.000039
0.000039
0.000039
0.000039
0.000039
0.000039
0.000039
0.000039
0.000039
0.000039
0.000039
0.000039
0.000039
0.000039
0.000039
0.000039
0.000039
0.000039
0.000039
0.000039
0.000039
0.000039
0.000039
0.000039
0.000039
0.000039
0.000039
0.000039
0.000039
0.000039
0.000039
0.000039
0.000039
0.000039
0.000039
0.000039
0.000039
0.000039
0.000039
0.000039
0.000039
0.000039
0.000039
0.000039
0.000039
0.000039
0.000039
0.000039
0.000039
0.000039
0.000039
0.000039
0.000039
0.000039
0.000039
0.000039
0.000039
0.000039
0.000039
0.000039
0.000039
0.000039
0.000039
0.000039
0.000039
0.000039
0.000039
0.000039
0.000039
0.000039
0.000039
0.000039
0.000039
0.000039
0.000039
0.000039
0.000039
0.000038
0.000038
0.000038
0.000038
0.000038
0.000038
0.000038
0.000038
0.000038
0.000038
0.000038
0.000038
0.000038
0.000038
0.000038
0.000038
0.000038
0.000038
0.000038
0.000038
0.000038
0.000038
0.000038
0.000038
0.000038
0.000038
0.000038
0.000038
0.000038
0.000038
0.000038
0.000038
0.000038
0.000038
0.000038
0.000038
0.000038
0.000038
0.000038
0.000038
0.000038
0.000038
0.000038
0.000038
0.000038
0.000038
0.000038
0.000038
0.000038
0.000038
0.000038
0.000038
0.000038
0.000038
0.000038
0.000038
0.000038
0.000038
0.000038
0.000038
0.000038
0.000038
0.000038
0.000038
0.000038
0.000038
0.000038
0.000038
0.000038
0.000038
0.000038
0.000038
0.000038
0.000038
0.000038
0.000038
0.000038
0.000038
0.000038
0.000038
0.000038
0.000038
0.000038
0.000038
0.000038
0.000038
0.000038
0.000038
0.000038
0.000038
0.000038
0.000038
0.000038
0.000038
0.000038
0.000038
0.000038
0.000038
0.000038
0.000038
0.000038
0.000038
0.000038
0.000038
0.000038
0.000038
0.000038
0.000038
0.000038
0.000038
0.000038
0.000038
0.000038
0.000038
0.000038
0.000038
0.000038
0.000038
0.000038
0.000038
0.000038
0.000038
0.000038
0.000038
0.000038
0.000038
0.000038
0.000038
0.000038
0.000038
0.000038
0.000038
0.000038
0.000038
0.000038
0.000038
0.000038
0.000038
0.000038
0.000038
0.000037
0.000037
0.000037
0.000037
0.000037
0.000037
0.000037
0.000037
0.000037
0.000037
0.000037
0.000037
0.000037
0.000037
0.000037
0.000037
0.000037
0.000037
0.000037
0.000037
0.000037
0.000037
0.000037
0.000037
0.000037
0.000037
0.000037
0.000037
0.000037
0.000037
0.000037
0.000037
0.000037
0.000037
0.000037
0.000037
0.000037
0.000037
0.000037
0.000037
0.000037
0.000037
0.000037
0.000037
0.000037
0.000037
0.000037
0.000037
0.000037
0.000037
0.000037
0.000037
0.000037
0.000037
0.000037
0.000037
0.000037
0.000037
0.000037
0.000037
0.000037
0.000037
0.000037
0.000037
0.000037
0.000037
0.000037
0.000037
0.000037
0.000037
0.000037
0.000037
0.000037
0.000037
0.000037
0.000037
0.000037
0.000037
0.000037
0.000037
0.000037
0.000037
0.000037
0.000037
0.000037
0.000037
0.000037
0.000037
0.000037
0.000037
0.000037
0.000037
0.000037
0.000037
0.000037
0.000037
0.000037
0.000037
0.000037
0.000037
0.000037
0.000037
0.000037
0.000037
0.000037
0.000037
0.000037
0.000037
0.000037
0.000037
0.000037
0.000037
0.000037
0.000037
0.000037
0.000037
0.000037
0.000037
0.000037
0.000037
0.000037
0.000037
0.000037
0.000037
0.000037
0.000037
0.000037
0.000037
0.000037
0.000037
0.000037
0.000037
0.000037
0.000037
0.000037
0.000037
0.000037
0.000037
0.000037
0.000037
0.000037
0.000037
0.000037
0.000037
0.000037
0.000037
0.000037
0.000036
0.000036
0.000036
0.000036
0.000036
0.000036
0.000036
0.000036
0.000036
0.000036
0.000036
0.000036
0.000036
0.000036
0.000036
0.000036
0.000036
0.000036
0.000036
0.000036
0.000036
0.000036
0.000036
0.000036
0.000036
0.000036
0.000036
0.000036
0.000036
0.000036
0.000036
0.000036
0.000036
0.000036
0.000036
0.000036
0.000036
0.000036
0.000036
0.000036
0.000036
0.000036
0.000036
0.000036
0.000036
0.000036
0.000036
0.000036
0.000036
0.000036
0.000036
0.000036
0.000036
0.000036
0.000036
0.000036
0.000036
0.000036
0.000036
0.000036
0.000036
0.000036
0.000036
0.000036
0.000036
0.000036
0.000036
0.000036
0.000036
0.000036
0.000036
0.000036
0.000036
0.000036
0.000036
0.000036
0.000036
0.000036
0.000036
0.000036
0.000036
0.000036
0.000036
0.000036
0.000036
0.000036
0.000036
0.000036
0.000036
0.000036
0.000036
0.000036
0.000036
0.000036
0.000036
0.000036
0.000036
0.000036
0.000036
0.000036
0.000036
0.000036
0.000036
0.000036
0.000036
0.000036
0.000036
0.000036
0.000036
0.000036
0.000036
0.000036
0.000036
0.000036
0.000036
0.000036
0.000036
0.000036
0.000036
0.000036
0.000036
0.000036
0.000036
0.000036
0.000036
0.000036
0.000036
0.000036
0.000036
0.000036
0.000036
0.000036
0.000036
0.000036
0.000036
0.000036
0.000036
0.000036
0.000036
0.000036
0.000036
0.000036
0.000036
0.000036
0.000036
0.000036
0.000036
0.000036
0.000036
0.000036
0.000036
0.000036
0.000036
0.000036
0.000036
0.000035
0.000035
0.000035
0.000035
0.000035
0.000035
0.000035
0.000035
0.000035
0.000035
0.000035
0.000035
0.000035
0.000035
0.000035
0.000035
0.000035
0.000035
0.000035
0.000035
0.000035
0.000035
0.000035
0.000035
0.000035
0.000035
0.000035
0.000035
0.000035
0.000035
0.000035
0.000035
0.000035
0.000035
0.000035
0.000035
0.000035
0.000035
0.000035
0.000035
0.000035
0.000035
0.000035
0.000035
0.000035
0.000035
0.000035
0.000035
0.000035
0.000035
0.000035
0.000035
0.000035
0.000035
0.000035
0.000035
0.000035
0.000035
0.000035
0.000035
0.000035
0.000035
0.000035
0.000035
0.000035
0.000035
0.000035
0.000035
0.000035
0.000035
0.000035
0.000035
0.000035
0.000035
0.000035
0.000035
0.000035
0.000035
0.000035
0.000035
0.000035
0.000035
0.000035
0.000035
0.000035
0.000035
0.000035
0.000035
0.000035
0.000035
0.000035
0.000035
0.000035
0.000035
0.000035
0.000035
0.000035
0.000035
0.000035
0.000035
0.000035
0.000035
0.000035
0.000035
0.000035
0.000035
0.000035
0.000035
0.000035
0.000035
0.000035
0.000035
0.000035
0.000035
0.000035
0.000035
0.000035
0.000035
0.000035
0.000035
0.000035
0.000035
0.000035
0.000035
0.000035
0.000035
0.000035
0.000035
0.000035
0.000035
0.000035
0.000035
0.000035
0.000035
0.000035
0.000035
0.000035
0.000035
0.000035
0.000035
0.000035
0.000035
0.000035
0.000035
0.000035
0.000035
0.000035
0.000035
0.000035
0.000035
0.000035
0.000035
0.000035
0.000035
0.000035
0.000035
0.000035
0.000035
0.000035
0.000035
0.000035
0.000035
0.000035
0.000035
0.000034
0.000034
0.000034
0.000034
0.000034
0.000034
0.000034
0.000034
0.000034
0.000034
0.000034
0.000034
0.000034
0.000034
0.000034
0.000034
0.000034
0.000034
0.000034
0.000034
0.000034
0.000034
0.000034
0.000034
0.000034
0.000034
0.000034
0.000034
0.000034
0.000034
0.000034
0.000034
0.000034
0.000034
0.000034
0.000034
0.000034
0.000034
0.000034
0.000034
0.000034
0.000034
0.000034
0.000034
0.000034
0.000034
0.000034
0.000034
0.000034
0.000034
0.000034
0.000034
0.000034
0.000034
0.000034
0.000034
0.000034
0.000034
0.000034
0.000034
0.000034
0.000034
0.000034
0.000034
0.000034
0.000034
0.000034
0.000034
0.000034
0.000034
0.000034
0.000034
0.000034
0.000034
0.000034
0.000034
0.000034
0.000034
0.000034
0.000034
0.000034
0.000034
0.000034
0.000034
0.000034
0.000034
0.000034
0.000034
0.000034
0.000034
0.000034
0.000034
0.000034
0.000034
0.000034
0.000034
0.000034
0.000034
0.000034
0.000034
0.000034
0.000034
0.000034
0.000034
0.000034
0.000034
0.000034
0.000034
0.000034
0.000034
0.000034
0.000034
0.000034
0.000034
0.000034
0.000034
0.000034
0.000034
0.000034
0.000034
0.000034
0.000034
0.000034
0.000034
0.000034
0.000034
0.000034
0.000034
0.000034
0.000034
0.000034
0.000034
0.000034
0.000034
0.000034
0.000034
0.000034
0.000034
0.000034
0.000034
0.000034
0.000034
0.000034
0.000034
0.000034
0.000034
0.000034
0.000034
0.000034
0.000034
0.000034
0.000034
0.000034
0.000034
0.000034
0.000034
0.000034
0.000034
0.000034
0.000034
0.000034
0.000034
0.000034
0.000034
0.000034
0.000034
0.000034
0.000034
0.000034
0.000034
0.000034
0.000034
0.000034
0.000034
0.000034
0.000033
0.000033
0.000033
0.000033
0.000033
0.000033
0.000033
0.000033
0.000033
0.000033
0.000033
0.000033
0.000033
0.000033
0.000033
0.000033
0.000033
0.000033
0.000033
0.000033
0.000033
0.000033
0.000033
0.000033
0.000033
0.000033
0.000033
0.000033
0.000033
0.000033
0.000033
0.000033
0.000033
0.000033
0.000033
0.000033
0.000033
0.000033
0.000033
0.000033
0.000033
0.000033
0.000033
0.000033
0.000033
0.000033
0.000033
0.000033
0.000033
0.000033
0.000033
0.000033
0.000033
0.000033
0.000033
0.000033
0.000033
0.000033
0.000033
0.000033
0.000033
0.000033
0.000033
0.000033
0.000033
0.000033
0.000033
0.000033
0.000033
0.000033
0.000033
0.000033
0.000033
0.000033
0.000033
0.000033
0.000033
0.000033
0.000033
0.000033
0.000033
0.000033
0.000033
0.000033
0.000033
0.000033
0.000033
0.000033
0.000033
0.000033
0.000033
0.000033
0.000033
0.000033
0.000033
0.000033
0.000033
0.000033
0.000033
0.000033
0.000033
0.000033
0.000033
0.000033
0.000033
0.000033
0.000033
0.000033
0.000033
0.000033
0.000033
0.000033
0.000033
0.000033
0.000033
0.000033
0.000033
0.000033
0.000033
0.000033
0.000033
0.000033
0.000033
0.000033
0.000033
0.000033
0.000033
0.000033
0.000033
0.000033
0.000033
0.000033
0.000033
0.000033
0.000033
0.000033
0.000033
0.000033
0.000033
0.000033
0.000033
0.000033
0.000033
0.000033
0.000033
0.000033
0.000033
0.000033
0.000033
0.000033
0.000033
0.000033
0.000033
0.000033
0.000033
0.000033
0.000033
0.000033
0.000033
0.000033
0.000033
0.000033
0.000033
0.000033
0.000033
0.000033
0.000033
0.000033
0.000033
0.000033
0.000033
0.000033
0.000033
0.000033
0.000033
0.000033
0.000033
0.000033
0.000033
0.000033
0.000033
0.000033
0.000033
0.000033
0.000033
0.000032
0.000032
0.000032
0.000032
0.000032
0.000032
0.000032
0.000032
0.000032
0.000032
0.000032
0.000032
0.000032
0.000032
0.000032
0.000032
0.000032
0.000032
0.000032
0.000032
0.000032
0.000032
0.000032
0.000032
0.000032
0.000032
0.000032
0.000032
0.000032
0.000032
0.000032
0.000032
0.000032
0.000032
0.000032
0.000032
0.000032
0.000032
0.000032
0.000032
0.000032
0.000032
0.000032
0.000032
0.000032
0.000032
0.000032
0.000032
0.000032
0.000032
0.000032
0.000032
0.000032
0.000032
0.000032
0.000032
0.000032
0.000032
0.000032
0.000032
0.000032
0.000032
0.000032
0.000032
0.000032
0.000032
0.000032
0.000032
0.000032
0.000032
0.000032
0.000032
0.000032
0.000032
0.000032
0.000032
0.000032
0.000032
0.000032
0.000032
0.000032
0.000032
0.000032
0.000032
0.000032
0.000032
0.000032
0.000032
0.000032
0.000032
0.000032
0.000032
0.000032
0.000032
0.000032
0.000032
0.000032
0.000032
0.000032
0.000032
0.000032
0.000032
0.000032
0.000032
0.000032
0.000032
0.000032
0.000032
0.000032
0.000032
0.000032
0.000032
0.000032
0.000032
0.000032
0.000032
0.000032
0.000032
0.000032
0.000032
0.000032
0.000032
0.000032
0.000032
0.000032
0.000032
0.000032
0.000032
0.000032
0.000032
0.000032
0.000032
0.000032
0.000032
0.000032
0.000032
0.000032
0.000032
0.000032
0.000032
0.000032
0.000032
0.000032
0.000032
0.000032
0.000032
0.000032
0.000032
0.000032
0.000032
0.000032
0.000032
0.000032
0.000032
0.000032
0.000032
0.000032
0.000032
0.000032
0.000032
0.000032
0.000032
0.000032
0.000032
0.000032
0.000032
0.000032
0.000032
0.000032
0.000032
0.000032
0.000032
0.000032
0.000032
0.000032
0.000032
0.000032
0.000032
0.000032
0.000032
0.000032
0.000032
0.000032
0.000032
0.000032
0.000032
0.000032
0.000032
0.000032
0.000032
0.000032
0.000032
0.000032
0.000032
0.000032
0.000032
0.000032
0.000031
0.000031
0.000031
0.000031
0.000031
0.000031
0.000031
0.000031
0.000031
0.000031
0.000031
0.000031
0.000031
0.000031
0.000031
0.000031
0.000031
0.000031
0.000031
0.000031
0.000031
0.000031
0.000031
0.000031
0.000031
0.000031
0.000031
0.000031
0.000031
0.000031
0.000031
0.000031
0.000031
0.000031
0.000031
0.000031
0.000031
0.000031
0.000031
0.000031
0.000031
0.000031
0.000031
0.000031
0.000031
0.000031
0.000031
0.000031
0.000031
0.000031
0.000031
0.000031
0.000031
0.000031
0.000031
0.000031
0.000031
0.000031
0.000031
0.000031
0.000031
0.000031
0.000031
0.000031
0.000031
0.000031
0.000031
0.000031
0.000031
0.000031
0.000031
0.000031
0.000031
0.000031
0.000031
0.000031
0.000031
0.000031
0.000031
0.000031
0.000031
0.000031
0.000031
0.000031
0.000031
0.000031
0.000031
0.000031
0.000031
0.000031
0.000031
0.000031
0.000031
0.000031
0.000031
0.000031
0.000031
0.000031
0.000031
0.000031
0.000031
0.000031
0.000031
0.000031
0.000031
0.000031
0.000031
0.000031
0.000031
0.000031
0.000031
0.000031
0.000031
0.000031
0.000031
0.000031
0.000031
0.000031
0.000031
0.000031
0.000031
0.000031
0.000031
0.000031
0.000031
0.000031
0.000031
0.000031
0.000031
0.000031
0.000031
0.000031
0.000031
0.000031
0.000031
0.000031
0.000031
0.000031
0.000031
0.000031
0.000031
0.000031
0.000031
0.000031
0.000031
0.000031
0.000031
0.000031
0.000031
0.000031
0.000031
0.000031
0.000031
0.000031
0.000031
0.000031
0.000031
0.000031
0.000031
0.000031
0.000031
0.000031
0.000031
0.000031
0.000031
0.000031
0.000031
0.000031
0.000031
0.000031
0.000031
0.000031
0.000031
0.000031
0.000031
0.000031
0.000031
0.000031
0.000031
0.000031
0.000031
0.000031
0.000031
0.000031
0.000031
0.000031
0.000031
0.000031
0.000031
0.000031
0.000031
0.000031
0.000031
0.000031
0.000031
0.000031
0.000031
0.000031
0.000031
0.000031
0.000031
0.000031
0.000031
0.000031
0.000031
0.000031
0.000031
0.000031
0.000031
0.000031
0.000030
0.000030
0.000030
0.000030
0.000030
0.000030
0.000030
0.000030
0.000030
0.000030
0.000030
0.000030
0.000030
0.000030
0.000030
0.000030
0.000030
0.000030
0.000030
0.000030
0.000030
0.000030
0.000030
0.000030
0.000030
0.000030
0.000030
0.000030
0.000030
0.000030
0.000030
0.000030
0.000030
0.000030
0.000030
0.000030
0.000030
0.000030
0.000030
0.000030
0.000030
0.000030
0.000030
0.000030
0.000030
0.000030
0.000030
0.000030
0.000030
0.000030
0.000030
0.000030
0.000030
0.000030
0.000030
0.000030
0.000030
0.000030
0.000030
0.000030
0.000030
0.000030
0.000030
0.000030
0.000030
0.000030
0.000030
0.000030
0.000030
0.000030
0.000030
0.000030
0.000030
0.000030
0.000030
0.000030
0.000030
0.000030
0.000030
0.000030
0.000030
0.000030
0.000030
0.000030
0.000030
0.000030
0.000030
0.000030
0.000030
0.000030
0.000030
0.000030
0.000030
0.000030
0.000030
0.000030
0.000030
0.000030
0.000030
0.000030
0.000030
0.000030
0.000030
0.000030
0.000030
0.000030
0.000030
0.000030
0.000030
0.000030
0.000030
0.000030
0.000030
0.000030
0.000030
0.000030
0.000030
0.000030
0.000030
0.000030
0.000030
0.000030
0.000030
0.000030
0.000030
0.000030
0.000030
0.000030
0.000030
0.000030
0.000030
0.000030
0.000030
0.000030
0.000030
0.000030
0.000030
0.000030
0.000030
0.000030
0.000030
0.000030
0.000030
0.000030
0.000030
0.000030
0.000030
0.000030
0.000030
0.000030
0.000030
0.000030
0.000030
0.000030
0.000030
0.000030
0.000030
0.000030
0.000030
0.000030
0.000030
0.000030
0.000030
0.000030
0.000030
0.000030
0.000030
0.000030
0.000030
0.000030
0.000030
0.000030
0.000030
0.000030
0.000030
0.000030
0.000030
0.000030
0.000030
0.000030
0.000030
0.000030
0.000030
0.000030
0.000030
0.000030
0.000030
0.000030
0.000030
0.000030
0.000030
0.000030
0.000030
0.000030
0.000030
0.000030
0.000030
0.000030
0.000030
0.000030
0.000030
0.000030
0.000030
0.000030
0.000030
0.000030
0.000030
0.000030
0.000030
0.000030
0.000030
0.000030
0.000030
0.000030
0.000030
0.000030
0.000030
0.000030
0.000030
0.000030
0.000030
0.000030
0.000030
0.000030
0.000029
0.000029
0.000029
0.000029
0.000029
0.000029
0.000029
0.000029
0.000029
0.000029
0.000029
0.000029
0.000029
0.000029
0.000029
0.000029
0.000029
0.000029
0.000029
0.000029
0.000029
0.000029
0.000029
0.000029
0.000029
0.000029
0.000029
0.000029
0.000029
0.000029
0.000029
0.000029
0.000029
0.000029
0.000029
0.000029
0.000029
0.000029
0.000029
0.000029
0.000029
0.000029
0.000029
0.000029
0.000029
0.000029
0.000029
0.000029
0.000029
0.000029
0.000029
0.000029
0.000029
0.000029
0.000029
0.000029
0.000029
0.000029
0.000029
0.000029
0.000029
0.000029
0.000029
0.000029
0.000029
0.000029
0.000029
0.000029
0.000029
0.000029
0.000029
0.000029
0.000029
0.000029
0.000029
0.000029
0.000029
0.000029
0.000029
0.000029
0.000029
0.000029
0.000029
0.000029
0.000029
0.000029
0.000029
0.000029
0.000029
0.000029
0.000029
0.000029
0.000029
0.000029
0.000029
0.000029
0.000029
0.000029
0.000029
0.000029
0.000029
0.000029
0.000029
0.000029
0.000029
0.000029
0.000029
0.000029
0.000029
0.000029
0.000029
0.000029
0.000029
0.000029
0.000029
0.000029
0.000029
0.000029
0.000029
0.000029
0.000029
0.000029
0.000029
0.000029
0.000029
0.000029
0.000029
0.000029
0.000029
0.000029
0.000029
0.000029
0.000029
0.000029
0.000029
0.000029
0.000029
0.000029
0.000029
0.000029
0.000029
0.000029
0.000029
0.000029
0.000029
0.000029
0.000029
0.000029
0.000029
0.000029
0.000029
0.000029
0.000029
0.000029
0.000029
0.000029
0.000029
0.000029
0.000029
0.000029
0.000029
0.000029
0.000029
0.000029
0.000029
0.000029
0.000029
0.000029
0.000029
0.000029
0.000029
0.000029
0.000029
0.000029
0.000029
0.000029
0.000029
0.000029
0.000029
0.000029
0.000029
0.000029
0.000029
0.000029
0.000029
0.000029
0.000029
0.000029
0.000029
0.000029
0.000029
0.000029
0.000029
0.000029
0.000029
0.000029
0.000029
0.000029
0.000029
0.000029
0.000029
0.000029
0.000029
0.000029
0.000029
0.000029
0.000029
0.000029
0.000029
0.000029
0.000029
0.000029
0.000029
0.000029
0.000029
0.000029
0.000029
0.000029
0.000029
0.000029
0.000029
0.000029
0.000029
0.000029
0.000029
0.000029
0.000029
0.000029
0.000029
0.000029
0.000029
0.000029
0.000029
0.000029
0.000029
0.000029
0.000029
0.000029
0.000029
0.000029
0.000029
0.000028
0.000028
0.000028
0.000028
0.000028
0.000028
0.000028
0.000028
0.000028
0.000028
0.000028
0.000028
0.000028
0.000028
0.000028
0.000028
0.000028
0.000028
0.000028
0.000028
0.000028
0.000028
0.000028
0.000028
0.000028
0.000028
0.000028
0.000028
0.000028
0.000028
0.000028
0.000028
0.000028
0.000028
0.000028
0.000028
0.000028
0.000028
0.000028
0.000028
0.000028
0.000028
0.000028
0.000028
0.000028
0.000028
0.000028
0.000028
0.000028
0.000028
0.000028
0.000028
0.000028
0.000028
0.000028
0.000028
0.000028
0.000028
0.000028
0.000028
0.000028
0.000028
0.000028
0.000028
0.000028
0.000028
0.000028
0.000028
0.000028
0.000028
0.000028
0.000028
0.000028
0.000028
0.000028
0.000028
0.000028
0.000028
0.000028
0.000028
0.000028
0.000028
0.000028
0.000028
0.000028
0.000028
0.000028
0.000028
0.000028
0.000028
0.000028
0.000028
0.000028
0.000028
0.000028
0.000028
0.000028
0.000028
0.000028
0.000028
0.000028
0.000028
0.000028
0.000028
0.000028
0.000028
0.000028
0.000028
0.000028
0.000028
0.000028
0.000028
0.000028
0.000028
0.000028
0.000028
0.000028
0.000028
0.000028
0.000028
0.000028
0.000028
0.000028
0.000028
0.000028
0.000028
0.000028
0.000028
0.000028
0.000028
0.000028
0.000028
0.000028
0.000028
0.000028
0.000028
0.000028
0.000028
0.000028
0.000028
0.000028
0.000028
0.000028
0.000028
0.000028
0.000028
0.000028
0.000028
0.000028
0.000028
0.000028
0.000028
0.000028
0.000028
0.000028
0.000028
0.000028
0.000028
0.000028
0.000028
0.000028
0.000028
0.000028
0.000028
0.000028
0.000028
0.000028
0.000028
0.000028
0.000028
0.000028
0.000028
0.000028
0.000028
0.000028
0.000028
0.000028
0.000028
0.000028
0.000028
0.000028
0.000028
0.000028
0.000028
0.000028
0.000028
0.000028
0.000028
0.000028
0.000028
0.000028
0.000028
0.000028
0.000028
0.000028
0.000028
0.000028
0.000028
0.000028
0.000028
0.000028
0.000028
0.000028
0.000028
0.000028
0.000028
0.000028
0.000028
0.000028
0.000028
0.000028
0.000028
0.000028
0.000028
0.000028
0.000028
0.000028
0.000028
0.000028
0.000028
0.000028
0.000028
0.000028
0.000028
0.000028
0.000028
0.000028
0.000028
0.000028
0.000028
0.000028
0.000028
0.000028
0.000028
0.000028
0.000028
0.000028
0.000028
0.000028
0.000028
0.000028
0.000028
0.000028
0.000028
0.000028
0.000028
0.000028
0.000028
0.000028
0.000028
0.000028
0.000028
0.000028
0.000028
0.000028
0.000028
0.000028
0.000028
0.000027
0.000027
0.000027
0.000027
0.000027
0.000027
0.000027
0.000027
0.000027
0.000027
0.000027
0.000027
0.000027
0.000027
0.000027
0.000027
0.000027
0.000027
0.000027
0.000027
0.000027
0.000027
0.000027
0.000027
0.000027
0.000027
0.000027
0.000027
0.000027
0.000027
0.000027
0.000027
0.000027
0.000027
0.000027
0.000027
0.000027
0.000027
0.000027
0.000027
0.000027
0.000027
0.000027
0.000027
0.000027
0.000027
0.000027
0.000027
0.000027
0.000027
0.000027
0.000027
0.000027
0.000027
0.000027
0.000027
0.000027
0.000027
0.000027
0.000027
0.000027
0.000027
0.000027
0.000027
0.000027
0.000027
0.000027
0.000027
0.000027
0.000027
0.000027
0.000027
0.000027
0.000027
0.000027
0.000027
0.000027
0.000027
0.000027
0.000027
0.000027
0.000027
0.000027
0.000027
0.000027
0.000027
0.000027
0.000027
0.000027
0.000027
0.000027
0.000027
0.000027
0.000027
0.000027
0.000027
0.000027
0.000027
0.000027
0.000027
0.000027
0.000027
0.000027
0.000027
0.000027
0.000027
0.000027
0.000027
0.000027
0.000027
0.000027
0.000027
0.000027
0.000027
0.000027
0.000027
0.000027
0.000027
0.000027
0.000027
0.000027
0.000027
0.000027
0.000027
0.000027
0.000027
0.000027
0.000027
0.000027
0.000027
0.000027
0.000027
0.000027
0.000027
0.000027
0.000027
0.000027
0.000027
0.000027
0.000027
0.000027
0.000027
0.000027
0.000027
0.000027
0.000027
0.000027
0.000027
0.000027
0.000027
0.000027
0.000027
0.000027
0.000027
0.000027
0.000027
0.000027
0.000027
0.000027
0.000027
0.000027
0.000027
0.000027
0.000027
0.000027
0.000027
0.000027
0.000027
0.000027
0.000027
0.000027
0.000027
0.000027
0.000027
0.000027
0.000027
0.000027
0.000027
0.000027
0.000027
0.000027
0.000027
0.000027
0.000027
0.000027
0.000027
0.000027
0.000027
0.000027
0.000027
0.000027
0.000027
0.000027
0.000027
0.000027
0.000027
0.000027
0.000027
0.000027
0.000027
0.000027
0.000027
0.000027
0.000027
0.000027
0.000027
0.000027
0.000027
0.000027
0.000027
0.000027
0.000027
0.000027
0.000027
0.000027
0.000027
0.000027
0.000027
0.000027
0.000027
0.000027
0.000027
0.000027
0.000027
0.000027
0.000027
0.000027
0.000027
0.000027
0.000027
0.000027
0.000027
0.000027
0.000027
0.000027
0.000027
0.000027
0.000027
0.000027
0.000027
0.000027
0.000027
0.000027
0.000027
0.000027
0.000027
0.000027
0.000027
0.000027
0.000027
0.000027
0.000027
0.000027
0.000027
0.000027
0.000027
0.000027
0.000027
0.000027
0.000027
0.000027
0.000027
0.000027
0.000027
0.000027
0.000027
0.000027
0.000027
0.000027
0.000027
0.000027
0.000027
0.000027
0.000027
0.000027
0.000027
0.000027
0.000026
0.000026
0.000026
0.000026
0.000026
0.000026
0.000026
0.000026
0.000026
0.000026
0.000026
0.000026
0.000026
0.000026
0.000026
0.000026
0.000026
0.000026
0.000026
0.000026
0.000026
0.000026
0.000026
0.000026
0.000026
0.000026
0.000026
0.000026
0.000026
0.000026
0.000026
0.000026
0.000026
0.000026
0.000026
0.000026
0.000026
0.000026
0.000026
0.000026
0.000026
0.000026
0.000026
0.000026
0.000026
0.000026
0.000026
0.000026
0.000026
0.000026
0.000026
0.000026
0.000026
0.000026
0.000026
0.000026
0.000026
0.000026
0.000026
0.000026
0.000026
0.000026
0.000026
0.000026
0.000026
0.000026
0.000026
0.000026
0.000026
0.000026
0.000026
0.000026
0.000026
0.000026
0.000026
0.000026
0.000026
0.000026
0.000026
0.000026
0.000026
0.000026
0.000026
0.000026
0.000026
0.000026
0.000026
0.000026
0.000026
0.000026
0.000026
0.000026
0.000026
0.000026
0.000026
0.000026
0.000026
0.000026
0.000026
0.000026
0.000026
0.000026
0.000026
0.000026
0.000026
0.000026
0.000026
0.000026
0.000026
0.000026
0.000026
0.000026
0.000026
0.000026
0.000026
0.000026
0.000026
0.000026
0.000026
0.000026
0.000026
0.000026
0.000026
0.000026
0.000026
0.000026
0.000026
0.000026
0.000026
0.000026
0.000026
0.000026
0.000026
0.000026
0.000026
0.000026
0.000026
0.000026
0.000026
0.000026
0.000026
0.000026
0.000026
0.000026
0.000026
0.000026
0.000026
0.000026
0.000026
0.000026
0.000026
0.000026
0.000026
0.000026
0.000026
0.000026
0.000026
0.000026
0.000026
0.000026
0.000026
0.000026
0.000026
0.000026
0.000026
0.000026
0.000026
0.000026
0.000026
0.000026
0.000026
0.000026
0.000026
0.000026
0.000026
0.000026
0.000026
0.000026
0.000026
0.000026
0.000026
0.000026
0.000026
0.000026
0.000026
0.000026
0.000026
0.000026
0.000026
0.000026
0.000026
0.000026
0.000026
0.000026
0.000026
0.000026
0.000026
0.000026
0.000026
0.000026
0.000026
0.000026
0.000026
0.000026
0.000026
0.000026
0.000026
0.000026
0.000026
0.000026
0.000026
0.000026
0.000026
0.000026
0.000026
0.000026
0.000026
0.000026
0.000026
0.000026
0.000026
0.000026
0.000026
0.000026
0.000026
0.000026
0.000026
0.000026
0.000026
0.000026
0.000026
0.000026
0.000026
0.000026
0.000026
0.000026
0.000026
0.000026
0.000026
0.000026
0.000026
0.000026
0.000026
0.000026
0.000026
0.000026
0.000026
0.000026
0.000026
0.000026
0.000026
0.000026
0.000026
0.000026
0.000026
0.000026
0.000026
0.000026
0.000026
0.000026
0.000026
0.000026
0.000026
0.000026
0.000026
0.000026
0.000026
0.000026
0.000026
0.000026
0.000026
0.000026
0.000026
0.000026
0.000026
0.000026
0.000026
0.000026
0.000026
0.000026
0.000026
0.000026
0.000026
0.000026
0.000026
0.000026
0.000026
0.000026
0.000026
0.000026
0.000026
0.000026
0.000026
0.000026
0.000026
0.000026
0.000026
0.000026
0.000026
0.000025
0.000025
0.000025
0.000025
0.000025
0.000025
0.000025
0.000025
0.000025
0.000025
0.000025
0.000025
0.000025
0.000025
0.000025
0.000025
0.000025
0.000025
0.000025
0.000025
0.000025
0.000025
0.000025
0.000025
0.000025
0.000025
0.000025
0.000025
0.000025
0.000025
0.000025
0.000025
0.000025
0.000025
0.000025
0.000025
0.000025
0.000025
0.000025
0.000025
0.000025
0.000025
0.000025
0.000025
0.000025
0.000025
0.000025
0.000025
0.000025
0.000025
0.000025
0.000025
0.000025
0.000025
0.000025
0.000025
0.000025
0.000025
0.000025
0.000025
0.000025
0.000025
0.000025
0.000025
0.000025
0.000025
0.000025
0.000025
0.000025
0.000025
0.000025
0.000025
0.000025
0.000025
0.000025
0.000025
0.000025
0.000025
0.000025
0.000025
0.000025
0.000025
0.000025
0.000025
0.000025
0.000025
0.000025
0.000025
0.000025
0.000025
0.000025
0.000025
0.000025
0.000025
0.000025
0.000025
0.000025
0.000025
0.000025
0.000025
0.000025
0.000025
0.000025
0.000025
0.000025
0.000025
0.000025
0.000025
0.000025
0.000025
0.000025
0.000025
0.000025
0.000025
0.000025
0.000025
0.000025
0.000025
0.000025
0.000025
0.000025
0.000025
0.000025
0.000025
0.000025
0.000025
0.000025
0.000025
0.000025
0.000025
0.000025
0.000025
0.000025
0.000025
0.000025
0.000025
0.000025
0.000025
0.000025
0.000025
0.000025
0.000025
0.000025
0.000025
0.000025
0.000025
0.000025
0.000025
0.000025
0.000025
0.000025
0.000025
0.000025
0.000025
0.000025
0.000025
0.000025
0.000025
0.000025
0.000025
0.000025
0.000025
0.000025
0.000025
0.000025
0.000025
0.000025
0.000025
0.000025
0.000025
0.000025
0.000025
0.000025
0.000025
0.000025
0.000025
0.000025
0.000025
0.000025
0.000025
0.000025
0.000025
0.000025
0.000025
0.000025
0.000025
0.000025
0.000025
0.000025
0.000025
0.000025
0.000025
0.000025
0.000025
0.000025
0.000025
0.000025
0.000025
0.000025
0.000025
0.000025
0.000025
0.000025
0.000025
0.000025
0.000025
0.000025
0.000025
0.000025
0.000025
0.000025
0.000025
0.000025
0.000025
0.000025
0.000025
0.000025
0.000025
0.000025
0.000025
0.000025
0.000025
0.000025
0.000025
0.000025
0.000025
0.000025
0.000025
0.000025
0.000025
0.000025
0.000025
0.000025
0.000025
0.000025
0.000025
0.000025
0.000025
0.000025
0.000025
0.000025
0.000025
0.000025
0.000025
0.000025
0.000025
0.000025
0.000025
0.000025
0.000025
0.000025
0.000025
0.000025
0.000025
0.000025
0.000025
0.000025
0.000025
0.000025
0.000025
0.000025
0.000025
0.000025
0.000025
0.000025
0.000025
0.000025
0.000025
0.000025
0.000025
0.000025
0.000025
0.000025
0.000025
0.000025
0.000025
0.000025
0.000025
0.000025
0.000025
0.000025
0.000025
0.000025
0.000025
0.000025
0.000025
0.000025
0.000025
0.000025
0.000025
0.000025
0.000025
0.000025
0.000025
0.000025
0.000025
0.000025
0.000025
0.000025
0.000025
0.000025
0.000025
0.000025
0.000025
0.000025
0.000025
0.000025
0.000025
0.000025
0.000025
0.000025
0.000025
0.000025
0.000025
0.000025
0.000025
0.000025
0.000025
0.000025
0.000025
0.000025
0.000025
0.000025
0.000025
0.000024
0.000024
0.000024
0.000024
0.000024
0.000024
0.000024
0.000024
0.000024
0.000024
0.000024
0.000024
0.000024
0.000024
0.000024
0.000024
0.000024
0.000024
0.000024
0.000024
0.000024
0.000024
0.000024
0.000024
0.000024
0.000024
0.000024
0.000024
0.000024
0.000024
0.000024
0.000024
0.000024
0.000024
0.000024
0.000024
0.000024
0.000024
0.000024
0.000024
0.000024
0.000024
0.000024
0.000024
0.000024
0.000024
0.000024
0.000024
0.000024
0.000024
0.000024
0.000024
0.000024
0.000024
0.000024
0.000024
0.000024
0.000024
0.000024
0.000024
0.000024
0.000024
0.000024
0.000024
0.000024
0.000024
0.000024
0.000024
0.000024
0.000024
0.000024
0.000024
0.000024
0.000024
0.000024
0.000024
0.000024
0.000024
0.000024
0.000024
0.000024
0.000024
0.000024
0.000024
0.000024
0.000024
0.000024
0.000024
0.000024
0.000024
0.000024
0.000024
0.000024
0.000024
0.000024
0.000024
0.000024
0.000024
0.000024
0.000024
0.000024
0.000024
0.000024
0.000024
0.000024
0.000024
0.000024
0.000024
0.000024
0.000024
0.000024
0.000024
0.000024
0.000024
0.000024
0.000024
0.000024
0.000024
0.000024
0.000024
0.000024
0.000024
0.000024
0.000024
0.000024
0.000024
0.000024
0.000024
0.000024
0.000024
0.000024
0.000024
0.000024
0.000024
0.000024
0.000024
0.000024
0.000024
0.000024
0.000024
0.000024
0.000024
0.000024
0.000024
0.000024
0.000024
0.000024
0.000024
0.000024
0.000024
0.000024
0.000024
0.000024
0.000024
0.000024
0.000024
0.000024
0.000024
0.000024
0.000024
0.000024
0.000024
0.000024
0.000024
0.000024
0.000024
0.000024
0.000024
0.000024
0.000024
0.000024
0.000024
0.000024
0.000024
0.000024
0.000024
0.000024
0.000024
0.000024
0.000024
0.000024
0.000024
0.000024
0.000024
0.000024
0.000024
0.000024
0.000024
0.000024
0.000024
0.000024
0.000024
0.000024
0.000024
0.000024
0.000024
0.000024
0.000024
0.000024
0.000024
0.000024
0.000024
0.000024
0.000024
0.000024
0.000024
0.000024
0.000024
0.000024
0.000024
0.000024
0.000024
0.000024
0.000024
0.000024
0.000024
0.000024
0.000024
0.000024
0.000024
0.000024
0.000024
0.000024
0.000024
0.000024
0.000024
0.000024
0.000024
0.000024
0.000024
0.000024
0.000024
0.000024
0.000024
0.000024
0.000024
0.000024
0.000024
0.000024
0.000024
0.000024
0.000024
0.000024
0.000024
0.000024
0.000024
0.000024
0.000024
0.000024
0.000024
0.000024
0.000024
0.000024
0.000024
0.000024
0.000024
0.000024
0.000024
0.000024
0.000024
0.000024
0.000024
0.000024
0.000024
0.000024
0.000024
0.000024
0.000024
0.000024
0.000024
0.000024
0.000024
0.000024
0.000024
0.000024
0.000024
0.000024
0.000024
0.000024
0.000024
0.000024
0.000024
0.000024
0.000024
0.000024
0.000024
0.000024
0.000024
0.000024
0.000024
0.000024
0.000024
0.000024
0.000024
0.000024
0.000024
0.000024
0.000024
0.000024
0.000024
0.000024
0.000024
0.000024
0.000024
0.000024
0.000024
0.000024
0.000024
0.000024
0.000024
0.000024
0.000024
0.000024
0.000024
0.000024
0.000024
0.000024
0.000024
0.000024
0.000024
0.000024
0.000024
0.000024
0.000024
0.000024
0.000024
0.000024
0.000024
0.000024
0.000024
0.000024
0.000024
0.000024
0.000024
0.000024
0.000024
0.000024
0.000024
0.000024
0.000024
0.000024
0.000024
0.000024
0.000024
0.000024
0.000024
0.000024
0.000024
0.000024
0.000024
0.000024
0.000024
0.000023
0.000023
0.000023
0.000023
0.000023
0.000023
0.000023
0.000023
0.000023
0.000023
0.000023
0.000023
0.000023
0.000023
0.000023
0.000023
0.000023
0.000023
0.000023
0.000023
0.000023
0.000023
0.000023
0.000023
0.000023
0.000023
0.000023
0.000023
0.000023
0.000023
0.000023
0.000023
0.000023
0.000023
0.000023
0.000023
0.000023
0.000023
0.000023
0.000023
0.000023
0.000023
0.000023
0.000023
0.000023
0.000023
0.000023
0.000023
0.000023
0.000023
0.000023
0.000023
0.000023
0.000023
0.000023
0.000023
0.000023
0.000023
0.000023
0.000023
0.000023
0.000023
0.000023
0.000023
0.000023
0.000023
0.000023
0.000023
0.000023
0.000023
0.000023
0.000023
0.000023
0.000023
0.000023
0.000023
0.000023
0.000023
0.000023
0.000023
0.000023
0.000023
0.000023
0.000023
0.000023
0.000023
0.000023
0.000023
0.000023
0.000023
0.000023
0.000023
0.000023
0.000023
0.000023
0.000023
0.000023
0.000023
0.000023
0.000023
0.000023
0.000023
0.000023
0.000023
0.000023
0.000023
0.000023
0.000023
0.000023
0.000023
0.000023
0.000023
0.000023
0.000023
0.000023
0.000023
0.000023
0.000023
0.000023
0.000023
0.000023
0.000023
0.000023
0.000023
0.000023
0.000023
0.000023
0.000023
0.000023
0.000023
0.000023
0.000023
0.000023
0.000023
0.000023
0.000023
0.000023
0.000023
0.000023
0.000023
0.000023
0.000023
0.000023
0.000023
0.000023
0.000023
0.000023
0.000023
0.000023
0.000023
0.000023
0.000023
0.000023
0.000023
0.000023
0.000023
0.000023
0.000023
0.000023
0.000023
0.000023
0.000023
0.000023
0.000023
0.000023
0.000023
0.000023
0.000023
0.000023
0.000023
0.000023
0.000023
0.000023
0.000023
0.000023
0.000023
0.000023
0.000023
0.000023
0.000023
0.000023
0.000023
0.000023
0.000023
0.000023
0.000023
0.000023
0.000023
0.000023
0.000023
0.000023
0.000023
0.000023
0.000023
0.000023
0.000023
0.000023
0.000023
0.000023
0.000023
0.000023
0.000023
0.000023
0.000023
0.000023
0.000023
0.000023
0.000023
0.000023
0.000023
0.000023
0.000023
0.000023
0.000023
0.000023
0.000023
0.000023
0.000023
0.000023
0.000023
0.000023
0.000023
0.000023
0.000023
0.000023
0.000023
0.000023
0.000023
0.000023
0.000023
0.000023
0.000023
0.000023
0.000023
0.000023
0.000023
0.000023
0.000023
0.000023
0.000023
0.000023
0.000023
0.000023
0.000023
0.000023
0.000023
0.000023
0.000023
0.000023
0.000023
0.000023
0.000023
0.000023
0.000023
0.000023
0.000023
0.000023
0.000023
0.000023
0.000023
0.000023
0.000023
0.000023
0.000023
0.000023
0.000023
0.000023
0.000023
0.000023
0.000023
0.000023
0.000023
0.000023
0.000023
0.000023
0.000023
0.000023
0.000023
0.000023
0.000023
0.000023
0.000023
0.000023
0.000023
0.000023
0.000023
0.000023
0.000023
0.000023
0.000023
0.000023
0.000023
0.000023
0.000023
0.000023
0.000023
0.000023
0.000023
0.000023
0.000023
0.000023
0.000023
0.000023
0.000023
0.000023
0.000023
0.000023
0.000023
0.000023
0.000023
0.000023
0.000023
0.000023
0.000023
0.000023
0.000023
0.000023
0.000023
0.000023
0.000023
0.000023
0.000023
0.000023
0.000023
0.000023
0.000023
0.000023
0.000023
0.000023
0.000023
0.000023
0.000023
0.000023
0.000023
0.000023
0.000023
0.000023
0.000023
0.000023
0.000023
0.000023
0.000023
0.000023
0.000023
0.000023
0.000023
0.000023
0.000023
0.000023
0.000023
0.000023
0.000023
0.000023
0.000023
0.000023
0.000023
0.000023
0.000023
0.000023
0.000023
0.000023
0.000023
0.000023
0.000023
0.000023
0.000023
0.000023
0.000023
0.000023
0.000023
0.000023
0.000023
0.000023
0.000023
0.000023
0.000023
0.000023
0.000023
0.000023
0.000023
0.000023
0.000023
0.000023
0.000022
0.000022
0.000022
0.000022
0.000022
