15.139752
14.975391
14.849478
14.724590
14.614859
14.532090
14.473137
14.427978
14.388892
14.351328
14.313943
14.279146
14.251030
14.230987
14.217225
14.207458
14.200161
14.194457
14.189842
14.186009
14.182760
14.179964
14.177525
14.175377
14.173468
14.171759
14.170220
14.168825
14.167556
14.166395
14.165329
14.164347
14.163439
14.162597
14.161814
14.161085
14.160403
14.159765
14.159166
14.158602
14.158072
14.157572
14.157099
14.156651
14.156227
14.155824
14.155442
14.155078
14.154731
14.154400
14.154085
14.153783
14.153494
14.153218
14.152953
14.152699
14.152456
14.152221
14.151996
14.151780
14.151571
14.151370
14.151176
14.150990
14.150809
14.150635
14.150467
14.150304
14.150146
14.149994
14.149846
14.149703
14.149565
14.149430
14.149300
14.149173
14.149050
14.148931
14.148814
14.148702
14.148592
14.148485
14.148381
14.148280
14.148181
14.148085
14.147992
14.147900
14.147811
14.147725
14.147640
14.147557
14.147476
14.147398
14.147321
14.147245
14.147172
14.147100
14.147030
14.146961
14.146893
14.146828
14.146763
14.146700
14.146638
14.146578
14.146519
14.146461
14.146404
14.146348
14.146293
14.146240
14.146187
14.146135
14.146085
14.146035
14.145986
14.145938
14.145892
14.145845
14.145800
14.145756
14.145712
14.145669
14.145627
14.145585
14.145544
14.145504
14.145465
14.145426
14.145388
14.145351
14.145314
14.145277
14.145242
14.145207
14.145172
14.145138
14.145104
14.145071
14.145039
14.145007
14.144975
14.144944
14.144914
14.144883
14.144854
14.144824
14.144796
14.144767
14.144739
14.144711
14.144684
14.144657
14.144631
14.144604
14.144579
14.144553
14.144528
14.144503
14.144479
14.144455
14.144431
14.144407
14.144384
14.144361
14.144339
14.144316
14.144294
14.144273
14.144251
14.144230
14.144209
14.144188
14.144168
14.144147
14.144127
14.144108
14.144088
14.144069
14.144050
14.144031
14.144012
14.143994
14.143976
14.143958
14.143940
14.143922
14.143905
14.143888
14.143871
14.143854
14.143837
14.143821
14.143805
14.143789
14.143773
14.143757
14.143741
14.143726
14.143710
14.143695
14.143680
14.143666
14.143651
14.143636
14.143622
14.143608
14.143594
14.143580
14.143566
14.143552
14.143539
14.143526
14.143512
14.143499
14.143486
14.143473
14.143460
14.143448
14.143435
14.143423
14.143411
14.143398
14.143386
14.143374
14.143363
14.143351
14.143339
14.143328
14.143316
14.143305
14.143294
14.143283
14.143272
14.143261
14.143250
14.143239
14.143228
14.143218
14.143207
14.143197
14.143187
14.143177
14.143166
14.143156
14.143146
14.143137
14.143127
14.143117
14.143107
14.143098
14.143088
14.143079
14.143070
14.143060
14.143051
14.143042
14.143033
14.143024
14.143015
14.143006
14.142998
14.142989
14.142980
14.142972
14.142963
14.142955
14.142947
14.142938
14.142930
14.142922
14.142914
14.142906
14.142898
14.142890
14.142882
14.142874
14.142866
14.142859
14.142851
14.142843
14.142836
14.142828
14.142821
14.142813
14.142806
14.142799
14.142792
14.142784
14.142777
14.142770
14.142763
14.142756
14.142749
14.142742
14.142735
14.142729
14.142722
14.142715
14.142708
14.142702
14.142695
14.142689
14.142682
14.142676
14.142669
14.142663
14.142656
14.142650
14.142644
14.142638
14.142631
14.142625
14.142619
14.142613
14.142607
14.142601
14.142595
14.142589
14.142583
14.142577
14.142572
14.142566
14.142560
14.142554
14.142549
14.142543
14.142537
14.142532
14.142526
14.142521
14.142515
14.142510
14.142504
14.142499
14.142494
14.142488
14.142483
14.142478
14.142472
14.142467
14.142462
14.142457
14.142452
14.142447
14.142442
14.142436
14.142431
14.142426
14.142421
14.142417
14.142412
14.142407
14.142402
14.142397
14.142392
14.142387
14.142383
14.142378
14.142373
14.142368
14.142364
14.142359
14.142354
14.142350
14.142345
14.142341
14.142336
14.142332
14.142327
14.142323
14.142318
14.142314
14.142309
14.142305
14.142301
14.142296
14.142292
14.142288
14.142283
14.142279
14.142275
14.142271
14.142266
14.142262
14.142258
14.142254
14.142250
14.142246
14.142242
14.142237
14.142233
14.142229
14.142225
14.142221
14.142217
14.142213
14.142209
14.142205
14.142202
14.142198
14.142194
14.142190
14.142186
14.142182
14.142178
14.142175
14.142171
14.142167
14.142163
14.142159
14.142156
14.142152
14.142148
14.142145
14.142141
14.142137
14.142134
14.142130
14.142126
14.142123
14.142119
14.142115
14.142112
14.142108
14.142105
14.142101
14.142098
14.142094
14.142091
14.142087
14.142084
14.142080
14.142077
14.142073
14.142070
14.142067
14.142063
14.142060
14.142056
14.142053
14.142050
14.142046
14.142043
14.142040
14.142036
14.142033
14.142030
14.142027
14.142023
14.142020
14.142017
14.142014
14.142010
14.142007
14.142004
14.142001
14.141998
14.141994
14.141991
14.141988
14.141985
14.141982
14.141979
14.141975
14.141972
14.141969
14.141966
14.141963
14.141960
14.141957
14.141954
14.141951
14.141948
14.141945
14.141942
14.141939
14.141936
14.141933
14.141930
14.141927
14.141924
14.141921
14.141918
14.141915
14.141912
14.141909
14.141906
14.141903
14.141900
14.141897
14.141894
14.141891
14.141888
14.141886
14.141883
14.141880
14.141877
14.141874
14.141871
14.141868
14.141865
14.141863
14.141860
14.141857
14.141854
14.141851
14.141848
14.141846
14.141843
14.141840
14.141837
14.141834
14.141832
14.141829
14.141826
14.141823
14.141821
14.141818
14.141815
14.141812
14.141809
14.141807
14.141804
14.141801
14.141799
14.141796
14.141793
14.141790
14.141788
14.141785
14.141782
14.141779
14.141777
14.141774
14.141771
14.141769
14.141766
14.141763
14.141761
14.141758
14.141755
14.141753
14.141750
14.141747
14.141745
14.141742
14.141739
14.141737
14.141734
14.141731
14.141729
14.141726
14.141723
14.141721
14.141718
14.141715
14.141713
14.141710
14.141708
14.141705
14.141702
14.141700
14.141697
14.141694
14.141692
14.141689
14.141687
14.141684
14.141681
14.141679
14.141676
14.141673
14.141671
14.141668
14.141666
14.141663
14.141660
14.141658
14.141655
14.141653
14.141650
14.141647
14.141645
14.141642
14.141639
14.141637
14.141634
14.141632
14.141629
14.141626
14.141624
14.141621
14.141619
14.141616
14.141613
14.141611
14.141608
14.141605
14.141603
14.141600
14.141598
14.141595
14.141592
14.141590
14.141587
14.141584
14.141582
14.141579
14.141577
14.141574
14.141571
14.141569
14.141566
14.141563
14.141561
14.141558
14.141555
14.141553
14.141550
14.141547
14.141545
14.141542
14.141539
14.141537
14.141534
14.141531
14.141529
14.141526
14.141523
14.141521
14.141518
14.141515
14.141513
14.141510
14.141507
14.141505
14.141502
14.141499
14.141496
14.141494
14.141491
14.141488
14.141485
14.141483
14.141480
14.141477
14.141474
14.141472
14.141469
14.141466
14.141463
14.141460
14.141458
14.141455
14.141452
14.141449
14.141446
14.141444
14.141441
14.141438
14.141435
14.141432
14.141429
14.141427
14.141424
14.141421
14.141418
14.141415
14.141412
14.141409
14.141406
14.141403
14.141400
14.141397
14.141394
14.141392
14.141389
14.141386
14.141383
14.141380
14.141377
14.141374
14.141371
14.141368
14.141365
14.141361
14.141358
14.141355
14.141352
14.141349
14.141346
14.141343
14.141340
14.141337
14.141334
14.141330
14.141327
14.141324
14.141321
14.141318
14.141314
14.141311
14.141308
14.141305
14.141301
14.141298
14.141295
14.141292
14.141288
14.141285
14.141282
14.141278
14.141275
14.141272
14.141268
14.141265
14.141261
14.141258
14.141254
14.141251
14.141247
14.141244
14.141240
14.141237
14.141233
14.141230
14.141226
14.141223
14.141219
14.141215
14.141212
14.141208
14.141204
14.141201
14.141197
14.141193
14.141189
14.141185
14.141182
14.141178
14.141174
14.141170
14.141166
14.141162
14.141158
14.141154
14.141150
14.141146
14.141142
14.141138
14.141134
14.141130
14.141126
14.141122
14.141118
14.141113
14.141109
14.141105
14.141101
14.141096
14.141092
14.141088
14.141083
14.141079
14.141074
14.141070
14.141065
14.141061
14.141056
14.141052
14.141047
14.141042
14.141038
14.141033
14.141028
14.141023
14.141019
14.141014
14.141009
14.141004
14.140999
14.140994
14.140989
14.140984
14.140979
14.140974
14.140968
14.140963
14.140958
14.140952
14.140947
14.140942
14.140936
14.140931
14.140925
14.140920
14.140914
14.140908
14.140903
14.140897
14.140891
14.140885
14.140879
14.140873
14.140867
14.140861
14.140855
14.140849
14.140843
14.140836
14.140830
14.140824
14.140817
14.140811
14.140804
14.140797
14.140791
14.140784
14.140777
14.140770
14.140763
14.140756
14.140749
14.140742
14.140734
14.140727
14.140720
14.140712
14.140705
14.140697
14.140689
14.140681
14.140674
14.140666
14.140658
14.140649
14.140641
14.140633
14.140624
14.140616
14.140607
14.140599
14.140590
14.140581
14.140572
14.140563
14.140554
14.140544
14.140535
14.140525
14.140516
14.140506
14.140496
14.140486
14.140476
14.140465
14.140455
14.140444
14.140434
14.140423
14.140412
14.140401
14.140390
14.140378
14.140367
14.140355
14.140343
14.140331
14.140319
14.140306
14.140294
14.140281
14.140268
14.140255
14.140242
14.140228
14.140214
14.140201
14.140186
14.140172
14.140158
14.140143
14.140128
14.140113
14.140097
14.140081
14.140065
14.140049
14.140033
14.140016
14.139999
14.139982
14.139964
14.139946
14.139928
14.139909
14.139890
14.139871
14.139851
14.139832
14.139811
14.139791
14.139769
14.139748
14.139726
14.139704
14.139681
14.139658
14.139634
14.139610
14.139586
14.139561
14.139535
14.139509
14.139482
14.139455
14.139427
14.139399
14.139370
14.139340
14.139310
14.139279
14.139247
14.139215
14.139181
14.139147
14.139113
14.139077
14.139040
14.139003
14.138964
14.138925
14.138885
14.138843
14.138801
14.138757
14.138712
14.138666
14.138619
14.138570
14.138520
14.138469
14.138416
14.138361
14.138305
14.138247
14.138187
14.138125
14.138062
14.137996
14.137928
14.137858
14.137786
14.137711
14.137633
14.137553
14.137470
14.137384
14.137294
14.137202
14.137105
14.137005
14.136901
14.136792
14.136680
14.136562
14.136439
14.136311
14.136178
14.136038
14.135891
14.135738
14.135578
14.135409
14.135233
14.135047
14.134851
14.134645
14.134427
14.134198
14.133955
14.133698
14.133426
14.133137
14.132830
14.132503
14.132155
14.131783
14.131385
14.130959
14.130502
14.130010
14.129481
14.128910
14.128293
14.127624
14.126898
14.126108
14.125247
14.124306
14.123275
14.122143
14.120899
14.119527
14.118012
14.116337
14.114481
14.112423
14.110142
14.107613
14.104814
14.101724
14.098323
14.094595
14.090519
14.086061
14.081145
14.075615
14.069162
14.061251
14.051035
14.037283
14.018215
13.990627
13.947083
13.895269
13.741971
13.541883
13.369903
13.240388
13.203441
13.568109
13.083766
13.160170
14.095898
14.306923
14.334174
14.327840
14.322556
14.317675
14.312745
14.307148
14.300104
14.290613
14.277559
14.260267
14.239354
14.218517
14.204443
14.202591
14.219512
14.282052
14.367056
14.361311
14.327019
14.293794
14.293529
14.293114
14.287980
14.282116
14.276896
14.271480
14.265959
14.260842
14.256196
14.251329
14.244839
14.236047
14.225803
14.214885
14.203382
14.193137
14.187344
14.186684
14.194460
14.214283
14.239073
14.269116
14.296037
14.328424
14.060349
14.246765
14.263916
11.908397
12.398865
12.995533
14.176218
13.352413
13.343039
12.620249
12.371706
14.103705
14.479967
12.824960
11.978942
14.998120
14.027358
13.803025
12.188408
14.196771
14.451501
12.378643
13.186491
13.085515
13.787983
13.507653
14.206251
13.279223
13.409138
13.113226
13.498023
12.937764
12.909105
13.804527
13.632741
13.640982
13.555262
13.595626
13.448763
13.445321
12.850537
11.748503
14.167061
13.048331
13.922911
14.616906
14.144130
14.145332
14.145227
14.145115
14.145007
14.144903
14.144804
14.144708
14.144615
14.144524
14.144437
14.144352
14.144269
14.144188
14.144108
14.144030
14.143953
14.143877
14.143802
14.143727
14.143652
14.143577
14.143502
14.143425
14.143348
14.143269
14.143188
14.143105
14.143018
14.142926
14.142830
14.142727
14.142615
14.142493
14.142358
14.142204
14.142027
14.141818
14.141562
14.141235
14.140796
14.140155
14.139081
14.136701
14.043408
13.579164
13.350845
13.367593
13.366977
14.256094
13.861593
13.329034
12.211726
11.913147
13.875219
13.772078
13.620284
13.705371
13.609874
13.598160
13.592398
13.589326
13.587509
13.586167
13.584719
13.582133
13.569805
13.287323
12.927373
13.068681
13.083197
13.089983
13.147173
14.198415
14.621171
14.142375
14.142997
14.142979
14.142956
14.142933
14.142910
14.142888
14.142866
14.142844
14.142823
14.142801
14.142781
14.142760
14.142740
14.142720
14.142700
14.142681
14.142661
14.142642
14.142623
14.142604
14.142586
14.142567
14.142549
14.142531
14.142513
14.142495
14.142477
14.142459
14.142442
14.142424
14.142407
14.142389
14.142372
14.142355
14.142337
14.142320
14.142303
14.142285
14.142268
14.142250
14.142233
14.142215
14.142198
14.142180
14.142162
14.142144
14.142126
14.142108
14.142090
14.142071
14.142052
14.142033
14.142014
14.141994
14.141974
14.141954
14.141933
14.141912
14.141890
14.141868
14.141845
14.141822
14.141798
14.141774
14.141748
14.141722
14.141695
14.141667
14.141637
14.141607
14.141575
14.141541
14.141506
14.141469
14.141430
14.141388
14.141344
14.141297
14.141246
14.141192
14.141132
14.141068
14.140997
14.140919
14.140832
14.140735
14.140624
14.140497
14.140350
14.140175
14.139965
14.139704
14.139370
14.138921
14.138280
14.137260
14.135290
14.128598
13.226028
13.366179
13.605609
13.580923
13.702652
13.509278
13.501840
13.494118
13.387313
13.388325
13.392642
13.394835
13.395655
13.395418
13.393557
13.380628
13.212851
13.223811
13.233152
13.238463
13.241179
13.242981
13.243814
13.244482
13.244665
13.245001
13.244920
13.245242
13.244932
13.245507
13.244689
13.246158
13.243757
13.248309
13.241465
13.248176
13.241311
13.249418
13.240572
13.245387
13.245023
13.246529
13.243116
13.254338
13.240626
13.239505
13.240219
13.253795
13.240200
13.239099
13.241614
13.244670
13.251819
13.239458
13.243584
13.242782
13.240389
13.239289
13.238304
13.243276
13.241116
13.238694
13.246542
13.247814
13.241582
13.240798
13.240283
13.239895
13.239546
13.239167
13.238659
13.237872
13.238278
13.245589
13.244341
13.247305
13.341784
13.416736
13.233428
13.228675
13.231947
13.370802
14.012183
13.861557
13.814345
13.793271
13.783088
13.777741
13.774493
13.771893
13.768669
13.760903
13.892451
12.673321
13.227049
11.212678
12.399473
13.103550
13.091928
14.071460
13.701815
13.636270
13.605945
13.589159
13.572949
13.725353
11.739303
12.186408
11.737894
14.000089
13.519044
11.885304
14.319912
13.852944
11.720459
13.750856
11.452810
14.300951
11.436718
11.400281
12.027901
11.886962
12.889154
11.991632
11.956834
11.439745
12.594524
10.213963
12.235551
11.705417
12.397701
13.628761
14.438139
14.396358
14.393660
14.391019
14.387662
14.382994
14.376391
14.367274
14.355720
14.340322
14.251804
13.724395
11.206877
11.736946
12.315359
12.597763
11.709683
12.797068
12.213856
13.225699
12.665972
11.906373
11.228725
11.989218
11.514332
12.139239
12.586328
11.924463
11.027172
10.376282
10.749922
11.845252
12.892380
11.892799
11.691101
11.684669
11.672987
11.422687
9.732819
12.198990
10.966325
10.921220
12.094199
10.657185
11.215700
11.578013
10.539095
12.050285
10.973447
11.497895
11.492545
12.083135
11.458734
11.477195
11.475645
11.395240
12.227222
11.685398
11.689122
11.688246
11.430068
11.215557
11.235760
11.235423
11.230868
11.822376
13.342388
12.138041
11.147633
11.388075
10.922854
11.341372
11.987992
11.327647
10.664615
10.745431
10.713035
10.804597
10.928211
10.302531
10.324114
10.336204
10.342004
10.324171
10.859002
10.315926
11.229519
10.401531
10.414737
10.416160
10.410430
10.131820
10.483427
11.874823
12.406044
11.884127
12.119004
12.094596
12.306976
11.975947
11.496646
11.266342
10.964179
10.351699
12.614347
12.298314
12.001423
10.974310
11.083986
11.051541
11.059898
11.065439
11.069000
11.071216
11.072458
11.072899
11.072469
11.070440
11.061292
10.789569
10.549346
10.561494
10.565753
10.567379
10.568498
10.569279
10.569823
10.570201
10.570463
10.570645
10.570771
10.570857
10.570917
10.570958
10.570986
10.571005
10.571018
10.571027
10.571033
10.571037
10.571040
10.571042
10.571042
10.571043
10.571042
10.571041
10.571040
10.571039
10.571037
10.571034
10.571032
10.571029
10.571026
10.571022
10.571018
10.571014
10.571010
10.571005
10.571000
10.570995
10.570990
10.570984
10.570978
10.570972
10.570966
10.570960
10.570953
10.570947
10.570940
10.570933
10.570926
10.570919
10.570912
10.570905
10.570898
10.570891
10.570883
10.570876
10.570869
10.570861
10.570854
10.570847
10.570839
10.570832
10.570824
10.570817
10.570810
10.570802
10.570795
10.570788
10.570780
10.570773
10.570766
10.570759
10.570752
10.570745
10.570738
10.570731
10.570724
10.570717
10.570710
10.570703
10.570696
10.570690
10.570683
10.570676
10.570670
10.570663
10.570657
10.570651
10.570644
10.570638
10.570632
10.570626
10.570620
10.570614
10.570608
10.570602
10.570596
10.570590
10.570584
10.570579
10.570573
10.570567
10.570562
10.570556
10.570551
10.570545
10.570540
10.570535
10.570530
10.570524
10.570519
10.570514
10.570509
10.570504
10.570499
10.570494
10.570489
10.570484
10.570480
10.570475
10.570470
10.570465
10.570461
10.570456
10.570452
10.570447
10.570443
10.570438
10.570434
10.570430
10.570425
10.570421
10.570417
10.570413
10.570408
10.570404
10.570400
10.570396
10.570392
10.570388
10.570384
10.570380
10.570376
10.570372
10.570368
10.570364
10.570361
10.570357
10.570353
10.570349
10.570346
10.570342
10.570338
10.570335
10.570331
10.570327
10.570324
10.570320
10.570317
10.570313
10.570310
10.570306
10.570303
10.570300
10.570296
10.570293
10.570289
10.570286
10.570283
10.570279
10.570276
10.570273
10.570270
10.570266
10.570263
10.570260
10.570257
10.570254
10.570250
10.570247
10.570244
10.570241
10.570238
10.570235
10.570232
10.570229
10.570225
10.570222
10.570219
10.570216
10.570213
10.570210
10.570207
10.570204
10.570201
10.570198
10.570195
10.570192
10.570189
10.570186
10.570183
10.570181
10.570178
10.570175
10.570172
10.570169
10.570166
10.570163
10.570160
10.570157
10.570154
10.570151
10.570148
10.570146
10.570143
10.570140
10.570137
10.570134
10.570131
10.570128
10.570125
10.570122
10.570120
10.570117
10.570114
10.570111
10.570108
10.570105
10.570102
10.570099
10.570096
10.570093
10.570091
10.570088
10.570085
10.570082
10.570079
10.570076
10.570073
10.570070
10.570067
10.570064
10.570061
10.570058
10.570055
10.570052
10.570049
10.570046
10.570043
10.570040
10.570037
10.570034
10.570031
10.570028
10.570024
10.570021
10.570018
10.570015
10.570012
10.570009
10.570006
10.570002
10.569999
10.569996
10.569993
10.569989
10.569986
10.569983
10.569979
10.569976
10.569973
10.569969
10.569966
10.569962
10.569959
10.569955
10.569952
10.569948
10.569945
10.569941
10.569937
10.569934
10.569930
10.569926
10.569922
10.569919
10.569915
10.569911
10.569907
10.569903
10.569899
10.569895
10.569891
10.569887
10.569883
10.569879
10.569874
10.569870
10.569866
10.569861
10.569857
10.569852
10.569848
10.569843
10.569839
10.569834
10.569829
10.569824
10.569820
10.569815
10.569810
10.569805
10.569799
10.569794
10.569789
10.569784
10.569778
10.569773
10.569767
10.569761
10.569756
10.569750
10.569744
10.569738
10.569732
10.569725
10.569719
10.569713
10.569706
10.569699
10.569693
10.569686
10.569679
10.569671
10.569664
10.569657
10.569649
10.569641
10.569633
10.569625
10.569617
10.569609
10.569600
10.569592
10.569583
10.569573
10.569564
10.569555
10.569545
10.569535
10.569525
10.569514
10.569504
10.569493
10.569481
10.569470
10.569458
10.569446
10.569434
10.569421
10.569408
10.569394
10.569380
10.569366
10.569352
10.569337
10.569321
10.569305
10.569289
10.569272
10.569254
10.569236
10.569218
10.569198
10.569178
10.569158
10.569137
10.569115
10.569092
10.569068
10.569044
10.569019
10.568992
10.568965
10.568937
10.568908
10.568877
10.568845
10.568812
10.568778
10.568742
10.568704
10.568665
10.568624
10.568582
10.568537
10.568491
10.568442
10.568391
10.568337
10.568281
10.568222
10.568160
10.568094
10.568025
10.567952
10.567875
10.567793
10.567707
10.567615
10.567516
10.567412
10.567300
10.567179
10.567050
10.566912
10.566762
10.566601
10.566427
10.566239
10.566036
10.565818
10.565583
10.565330
10.565058
10.564768
10.564458
10.564127
10.563775
10.563401
10.563002
10.562579
10.562127
10.561644
10.561127
10.560572
10.559974
10.559330
10.558635
10.557885
10.557075
10.556200
10.555254
10.554234
10.553134
10.551948
10.550672
10.549300
10.547829
10.546256
10.544577
10.542790
10.540895
10.538891
10.536778
10.534554
10.532219
10.529768
10.527197
10.524499
10.521663
10.518674
10.515516
10.512161
10.508577
10.504725
10.500560
10.496037
10.491113
10.485746
10.479890
10.473490
10.466470
10.458739
10.450187
10.440688
10.430097
10.418253
10.404985
10.390141
10.373622
10.355424
10.335670
10.314584
10.292409
10.269296
10.245246
10.220138
10.193813
10.166130
10.136896
10.105410
10.068702
10.015700
9.938929
9.818941
10.058109
10.102897
9.686181
10.539777
9.961240
10.130558
9.977923
9.821571
9.825241
9.974239
9.982190
9.736326
10.733400
9.876452
9.981352
9.795221
9.800453
9.892162
9.952569
9.912771
9.908981
9.927670
10.113244
10.006647
9.997779
10.020187
9.985574
10.138709
10.041694
10.023274
10.188279
9.982636
10.010006
10.040383
10.172596
10.302156
10.194965
10.107333
10.032496
10.307951
10.227026
10.176257
10.186170
9.926376
9.866116
10.218873
10.210274
10.101382
9.008137
8.830665
10.276553
9.516200
9.273704
9.988782
10.976861
9.154724
9.038991
11.184478
9.015681
9.313193
10.199566
9.256532
9.112424
8.722911
8.945957
7.866111
8.843972
9.556952
10.953811
10.580910
10.084519
10.109959
9.702916
9.832662
9.178537
9.431593
10.607738
10.472975
9.174551
9.205607
11.005065
10.288506
9.746058
8.718344
8.381559
10.653196
8.844018
9.557096
10.172335
10.009116
9.979177
10.648679
10.660935
10.678372
10.483368
10.002501
9.220911
9.685742
8.578833
9.478657
9.572232
10.449064
10.890859
9.951523
9.571612
9.425138
9.710683
9.622008
8.951909
8.442710
8.204019
8.144551
8.196920
8.142166
8.114008
8.099582
8.063397
8.038521
9.089299
10.406932
9.656667
9.610323
9.719809
11.342084
9.591056
9.880364
9.797754
9.789316
9.773379
9.641314
10.058143
10.179369
9.784628
9.787448
9.773543
9.669408
9.614810
9.355117
9.361103
9.668343
9.589598
9.577331
10.275235
10.144821
9.871298
9.746891
9.664757
9.652055
9.635777
9.610230
9.245067
9.415595
10.048263
9.444268
9.175431
9.798744
9.600830
9.576874
9.378650
9.992810
9.566687
9.600634
10.059940
10.154077
9.818751
10.749210
9.858562
9.177810
9.004610
9.049036
9.265827
9.175090
8.769437
9.071072
8.529861
10.534467
8.422407
8.189001
8.368771
8.569161
8.383192
8.566657
8.441399
8.966551
9.682695
9.127550
9.794092
8.831091
8.866187
8.803569
8.784439
8.749870
8.726901
8.737948
8.583269
8.617501
8.789339
8.629305
8.759123
9.295189
9.348325
9.125091
10.163292
11.389788
12.478034
11.408772
9.613966
8.675237
8.329288
8.359509
8.205022
8.312636
8.286800
8.129227
8.078452
8.075128
8.073842
8.072909
8.072166
8.071556
8.071041
8.070598
8.070209
8.069862
8.069551
8.069267
8.069007
8.068768
8.068547
8.068342
8.068150
8.067971
8.067803
8.067645
8.067497
8.067357
8.067225
8.067099
8.066981
8.066868
8.066761
8.066660
8.066563
8.066471
8.066382
8.066298
8.066218
8.066141
8.066067
8.065997
8.065929
8.065864
8.065802
8.065742
8.065684
8.065629
8.065576
8.065526
8.065477
8.065430
8.065385
8.065342
8.065300
8.065260
8.065222
8.065186
8.065151
8.065118
8.065086
8.065056
8.065027
8.065000
8.064975
8.064951
8.064928
8.064907
8.064888
8.064870
8.064854
8.064840
8.064827
8.064816
8.064807
8.064801
8.064796
8.064793
8.064793
8.064795
8.064800
8.064807
8.064818
8.064832
8.064851
8.064873
8.064901
8.064934
8.064975
8.065018
8.065096
8.065086
8.065496
8.064313
8.071087
8.059796
8.169451
8.145069
8.064044
8.062687
8.062349
8.062064
8.061746
8.061337
8.060729
8.059804
8.061696
8.066888
8.058168
8.062393
8.064804
8.057686
8.083578
8.059701
8.061701
8.061593
8.061317
8.060912
8.060248
8.058979
8.057530
8.131907
8.238254
9.204145
11.566486
11.499868
11.224124
11.267016
11.267040
11.266946
11.266864
11.266791
11.266726
11.266669
11.266619
11.266575
11.266536
11.266501
11.266471
11.266444
11.266419
11.266398
11.266378
11.266361
11.266345
11.266330
11.266317
11.266305
11.266293
11.266283
11.266272
11.266263
11.266254
11.266245
11.266237
11.266229
11.266221
11.266214
11.266206
11.266199
11.266192
11.266185
11.266178
11.266171
11.266164
11.266157
11.266150
11.266144
11.266137
11.266130
11.266124
11.266117
11.266111
11.266104
11.266098
11.266092
11.266085
11.266079
11.266072
11.266066
11.266060
11.266054
11.266047
11.266041
11.266035
11.266029
11.266023
11.266017
11.266011
11.266005
11.265999
11.265993
11.265987
11.265981
11.265975
11.265969
11.265964
11.265958
11.265952
11.265946
11.265941
11.265935
11.265929
11.265924
11.265918
11.265913
11.265907
11.265902
11.265896
11.265891
11.265885
11.265880
11.265874
11.265869
11.265864
11.265859
11.265853
11.265848
11.265843
11.265838
11.265832
11.265827
11.265822
11.265817
11.265812
11.265807
11.265802
11.265797
11.265792
11.265787
11.265782
11.265777
11.265772
11.265767
11.265762
11.265757
11.265752
11.265747
11.265742
11.265738
11.265733
11.265728
11.265723
11.265718
11.265714
11.265709
11.265704
11.265699
11.265695
11.265690
11.265685
11.265681
11.265676
11.265671
11.265667
11.265662
11.265658
11.265653
11.265648
11.265644
11.265639
11.265635
11.265630
11.265626
11.265621
11.265617
11.265612
11.265608
11.265603
11.265599
11.265594
11.265590
11.265585
11.265581
11.265576
11.265572
11.265568
11.265563
11.265559
11.265554
11.265550
11.265546
11.265541
11.265537
11.265532
11.265528
11.265524
11.265519
11.265515
11.265511
11.265506
11.265502
11.265498
11.265493
11.265489
11.265485
11.265480
11.265476
11.265472
11.265467
11.265463
11.265459
11.265454
11.265450
11.265446
11.265441
11.265437
11.265433
11.265429
11.265424
11.265420
11.265416
11.265411
11.265407
11.265403
11.265398
11.265394
11.265390
11.265386
11.265381
11.265377
11.265373
11.265368
11.265364
11.265360
11.265355
11.265351
11.265347
11.265342
11.265338
11.265334
11.265330
11.265325
11.265321
11.265317
11.265312
11.265308
11.265304
11.265299
11.265295
11.265290
11.265286
11.265282
11.265277
11.265273
11.265269
11.265264
11.265260
11.265255
11.265251
11.265247
11.265242
11.265238
11.265233
11.265229
11.265225
11.265220
11.265216
11.265211
11.265207
11.265202
11.265198
11.265193
11.265189
11.265184
11.265180
11.265175
11.265171
11.265166
11.265162
11.265157
11.265152
11.265148
11.265143
11.265139
11.265134
11.265130
11.265125
11.265120
11.265116
11.265111
11.265106
11.265102
11.265097
11.265092
11.265088
11.265083
11.265078
11.265073
11.265069
11.265064
11.265059
11.265054
11.265049
11.265045
11.265040
11.265035
11.265030
11.265025
11.265020
11.265015
11.265010
11.265005
11.265001
11.264996
11.264991
11.264986
11.264981
11.264976
11.264971
11.264965
11.264960
11.264955
11.264950
11.264945
11.264940
11.264935
11.264930
11.264924
11.264919
11.264914
11.264909
11.264903
11.264898
11.264893
11.264888
11.264882
11.264877
11.264871
11.264866
11.264861
11.264855
11.264850
11.264844
11.264839
11.264833
11.264828
11.264822
11.264817
11.264811
11.264805
11.264800
11.264794
11.264788
11.264783
11.264777
11.264771
11.264765
11.264760
11.264754
11.264748
11.264742
11.264736
11.264730
11.264724
11.264718
11.264712
11.264706
11.264700
11.264694
11.264688
11.264682
11.264676
11.264670
11.264663
11.264657
11.264651
11.264645
11.264638
11.264632
11.264626
11.264619
11.264613
11.264606
11.264600
11.264593
11.264587
11.264580
11.264574
11.264567
11.264561
11.264554
11.264547
11.264541
11.264534
11.264527
11.264520
11.264513
11.264507
11.264500
11.264493
11.264486
11.264479
11.264472
11.264465
11.264458
11.264451
11.264444
11.264437
11.264429
11.264422
11.264415
11.264408
11.264401
11.264393
11.264386
11.264379
11.264371
11.264364
11.264356
11.264349
11.264342
11.264334
11.264327
11.264319
11.264311
11.264304
11.264296
11.264289
11.264281
11.264273
11.264266
11.264258
11.264250
11.264242
11.264235
11.264227
11.264219
11.264211
11.264203
11.264195
11.264188
11.264180
11.264172
11.264164
11.264156
11.264148
11.264140
11.264132
11.264124
11.264116
11.264108
11.264100
11.264092
11.264084
11.264076
11.264068
11.264060
11.264052
11.264044
11.264036
11.264028
11.264020
11.264012
11.264004
11.263996
11.263988
11.263980
11.263972
11.263964
11.263956
11.263948
11.263940
11.263932
11.263924
11.263917
11.263909
11.263901
11.263893
11.263885
11.263878
11.263870
11.263862
11.263855
11.263847
11.263840
11.263832
11.263825
11.263817
11.263810
11.263803
11.263795
11.263788
11.263781
11.263774
11.263767
11.263760
11.263753
11.263746
11.263739
11.263732
11.263725
11.263719
11.263712
11.263705
11.263699
11.263693
11.263686
11.263680
11.263674
11.263667
11.263661
11.263655
11.263649
11.263643
11.263638
11.263632
11.263626
11.263621
11.263615
11.263610
11.263604
11.263599
11.263594
11.263588
11.263583
11.263578
11.263573
11.263569
11.263564
11.263559
11.263554
11.263550
11.263545
11.263541
11.263536
11.263532
11.263528
11.263524
11.263520
11.263515
11.263511
11.263508
11.263504
11.263500
11.263496
11.263492
11.263489
11.263485
11.263482
11.263478
11.263475
11.263472
11.263468
11.263465
11.263462
11.263459
11.263455
11.263452
11.263449
11.263446
11.263443
11.263440
11.263437
11.263435
11.263432
11.263429
11.263426
11.263423
11.263421
11.263418
11.263415
11.263413
11.263410
11.263407
11.263405
11.263402
11.263400
11.263397
11.263395
11.263392
11.263389
11.263387
11.263384
11.263382
11.263379
11.263377
11.263374
11.263372
11.263369
11.263367
11.263364
11.263361
11.263359
11.263356
11.263353
11.263351
11.263348
11.263345
11.263342
11.263340
11.263337
11.263334
11.263331
11.263328
11.263325
11.263322
11.263318
11.263315
11.263312
11.263308
11.263305
11.263301
11.263298
11.263294
11.263290
11.263285
11.263281
11.263277
11.263272
11.263267
11.263262
11.263256
11.263250
11.263244
11.263237
11.263230
11.263222
11.263213
11.263204
11.263193
11.263180
11.263165
11.263148
11.263126
11.263096
11.263055
11.262990
11.262862
11.262466
11.463664
12.092150
12.064119
12.063798
12.063545
12.063301
12.063056
12.062790
12.062473
12.062033
12.061292
12.059635
12.054759
12.066033
12.085528
12.063222
12.063432
12.063446
12.063468
12.063499
12.063536
12.063578
12.063622
12.063666
12.063707
12.063740
12.063755
12.063737
12.063651
12.063416
12.062798
12.061255
12.084945
12.060004
12.698313
12.065194
12.133448
12.787713
12.219626
12.252699
11.727358
11.476442
12.691337
12.391069
12.390446
12.390317
12.390238
12.390178
12.390125
12.390074
12.390019
12.389951
12.389855
12.389684
12.389184
12.376206
13.109646
12.764078
12.762297
12.760959
12.759857
12.758915
12.758089
12.757351
12.756682
12.756069
12.755501
12.754968
12.754463
12.753976
12.753494
12.752990
12.752385
12.751215
11.884216
11.904427
11.718041
9.751794
9.598307
11.420878
10.996832
10.996066
10.995839
10.995566
10.995208
10.994681
10.993748
10.991282
10.771995
10.619264
10.347567
10.779022
9.692023
10.871024
10.009637
9.809824
9.945801
9.659301
9.393104
9.052933
8.838139
8.116721
9.838602
10.296041
10.278249
9.065691
9.712854
9.196924
9.129278
8.989827
8.551392
8.070655
8.476375
8.466261
8.967660
8.068364
8.046282
8.034358
8.071358
7.959769
7.906591
7.860563
7.762305
7.756442
7.755905
7.755393
7.755006
7.754690
7.754420
7.754184
7.753975
7.753787
7.753618
7.753465
7.753325
7.753197
7.753080
7.752972
7.752872
7.752780
7.752695
7.752615
7.752542
7.752473
7.752409
7.752349
7.752292
7.752239
7.752190
7.752143
7.752099
7.752057
7.752018
7.751980
7.751945
7.751911
7.751879
7.751848
7.751819
7.751791
7.751765
7.751739
7.751715
7.751691
7.751669
7.751647
7.751627
7.751607
7.751587
7.751569
7.751551
7.751533
7.751516
7.751500
7.751484
7.751469
7.751454
7.751439
7.751425
7.751412
7.751398
7.751385
7.751373
7.751360
7.751348
7.751337
7.751325
7.751314
7.751303
7.751292
7.751282
7.751271
7.751261
7.751252
7.751242
7.751232
7.751223
7.751214
7.751205
7.751196
7.751188
7.751179
7.751171
7.751163
7.751155
7.751147
7.751139
7.751131
7.751124
7.751116
7.751109
7.751102
7.751095
7.751088
7.751081
7.751074
7.751068
7.751061
7.751054
7.751048
7.751042
7.751035
7.751029
7.751023
7.751017
7.751011
7.751006
7.751000
7.750994
7.750989
7.750983
7.750978
7.750972
7.750967
7.750962
7.750956
7.750951
7.750946
7.750941
7.750936
7.750931
7.750926
7.750921
7.750917
7.750912
7.750907
7.750903
7.750898
7.750894
7.750889
7.750885
7.750881
7.750876
7.750872
7.750868
7.750864
7.750859
7.750855
7.750851
7.750847
7.750843
7.750839
7.750835
7.750832
7.750828
7.750824
7.750820
7.750817
7.750813
7.750809
7.750806
7.750802
7.750798
7.750795
7.750791
7.750788
7.750785
7.750781
7.750778
7.750775
7.750771
7.750768
7.750765
7.750762
7.750758
7.750755
7.750752
7.750749
7.750746
7.750743
7.750740
7.750737
7.750734
7.750731
7.750728
7.750725
7.750722
7.750719
7.750716
7.750714
7.750711
7.750708
7.750705
7.750703
7.750700
7.750697
7.750694
7.750692
7.750689
7.750687
7.750684
7.750681
7.750679
7.750676
7.750674
7.750671
7.750669
7.750666
7.750664
7.750662
7.750659
7.750657
7.750654
7.750652
7.750650
7.750647
7.750645
7.750643
7.750640
7.750638
7.750636
7.750634
7.750631
7.750629
7.750627
7.750625
7.750623
7.750621
7.750618
7.750616
7.750614
7.750612
7.750610
7.750608
7.750606
7.750604
7.750602
7.750600
7.750598
7.750596
7.750594
7.750592
7.750590
7.750588
7.750586
7.750584
7.750582
7.750580
7.750578
7.750576
7.750574
7.750573
7.750571
7.750569
7.750567
7.750565
7.750563
7.750562
7.750560
7.750558
7.750556
7.750554
7.750553
7.750551
7.750549
7.750547
7.750546
7.750544
7.750542
7.750541
7.750539
7.750537
7.750536
7.750534
7.750532
7.750531
7.750529
7.750527
7.750526
7.750524
7.750522
7.750521
7.750519
7.750518
7.750516
7.750515
7.750513
7.750511
7.750510
7.750508
7.750507
7.750505
7.750504
7.750502
7.750501
7.750499
7.750498
7.750496
7.750495
7.750493
7.750492
7.750490
7.750489
7.750487
7.750486
7.750485
7.750483
7.750482
7.750480
7.750479
7.750477
7.750476
7.750475
7.750473
7.750472
7.750470
7.750469
7.750468
7.750466
7.750465
7.750464
7.750462
7.750461
7.750460
7.750458
7.750457
7.750456
7.750454
7.750453
7.750452
7.750450
7.750449
7.750448
7.750446
7.750445
7.750444
7.750443
7.750441
7.750440
7.750439
7.750438
7.750436
7.750435
7.750434
7.750433
7.750431
7.750430
7.750429
7.750428
7.750426
7.750425
7.750424
7.750423
7.750421
7.750420
7.750419
7.750418
7.750417
7.750415
7.750414
7.750413
7.750412
7.750411
7.750410
7.750408
7.750407
7.750406
7.750405
7.750404
7.750403
7.750401
7.750400
7.750399
7.750398
7.750397
7.750396
7.750395
7.750393
7.750392
7.750391
7.750390
7.750389
7.750388
7.750387
7.750386
7.750385
7.750383
7.750382
7.750381
7.750380
7.750379
7.750378
7.750377
7.750376
7.750375
7.750374
7.750373
7.750372
7.750370
7.750369
7.750368
7.750367
7.750366
7.750365
7.750364
7.750363
7.750362
7.750361
7.750360
7.750359
7.750358
7.750357
7.750356
7.750355
7.750354
7.750353
7.750352
7.750351
7.750350
7.750349
7.750348
7.750347
7.750346
7.750345
7.750344
7.750342
7.750341
7.750340
7.750339
7.750338
7.750337
7.750336
7.750336
7.750335
7.750334
7.750333
7.750332
7.750331
7.750330
7.750329
7.750328
7.750327
7.750326
7.750325
7.750324
7.750323
7.750322
7.750321
7.750320
7.750319
7.750318
7.750317
7.750316
7.750315
7.750314
7.750313
7.750312
7.750311
7.750310
7.750309
7.750308
7.750307
7.750307
7.750306
7.750305
7.750304
7.750303
7.750302
7.750301
7.750300
7.750299
7.750298
7.750297
7.750296
7.750295
7.750294
7.750293
7.750293
7.750292
7.750291
7.750290
7.750289
7.750288
7.750287
7.750286
7.750285
7.750284
7.750283
7.750282
7.750282
7.750281
7.750280
7.750279
7.750278
7.750277
7.750276
7.750275
7.750274
7.750273
7.750273
7.750272
7.750271
7.750270
7.750269
7.750268
7.750267
7.750266
7.750265
7.750264
7.750264
7.750263
7.750262
7.750261
7.750260
7.750259
7.750258
7.750257
7.750257
7.750256
7.750255
7.750254
7.750253
7.750252
7.750251
7.750250
7.750249
7.750249
7.750248
7.750247
7.750246
7.750245
7.750244
7.750243
7.750243
7.750242
7.750241
7.750240
7.750239
7.750238
7.750237
7.750236
7.750236
7.750235
7.750234
7.750233
7.750232
7.750231
7.750230
7.750230
7.750229
7.750228
7.750227
7.750226
7.750225
7.750224
7.750224
7.750223
7.750222
7.750221
7.750220
7.750219
7.750218
7.750218
7.750217
7.750216
7.750215
7.750214
7.750213
7.750212
7.750212
7.750211
7.750210
7.750209
7.750208
7.750207
7.750207
7.750206
7.750205
7.750204
7.750203
7.750202
7.750201
7.750201
7.750200
7.750199
7.750198
7.750197
7.750196
7.750196
7.750195
7.750194
7.750193
7.750192
7.750191
7.750191
7.750190
7.750189
7.750188
7.750187
7.750186
7.750185
7.750185
7.750184
7.750183
7.750182
7.750181
7.750180
7.750180
7.750179
7.750178
7.750177
7.750176
7.750175
7.750175
7.750174
7.750173
7.750172
7.750171
7.750170
7.750170
7.750169
7.750168
7.750167
7.750166
7.750165
7.750165
7.750164
7.750163
7.750162
7.750161
7.750160
7.750160
7.750159
7.750158
7.750157
7.750156
7.750155
7.750154
7.750154
7.750153
7.750152
7.750151
7.750150
7.750149
7.750149
7.750148
7.750147
7.750146
7.750145
7.750144
7.750144
7.750143
7.750142
7.750141
7.750140
7.750139
7.750139
7.750138
7.750137
7.750136
7.750135
7.750134
7.750134
7.750133
7.750132
7.750131
7.750130
7.750129
7.750129
7.750128
7.750127
7.750126
7.750125
7.750124
7.750124
7.750123
7.750122
7.750121
7.750120
7.750119
7.750119
7.750118
7.750117
7.750116
7.750115
7.750114
7.750113
7.750113
7.750112
7.750111
7.750110
7.750109
7.750108
7.750108
7.750107
7.750106
7.750105
7.750104
7.750103
7.750103
7.750102
7.750101
7.750100
7.750099
7.750098
7.750097
7.750097
7.750096
7.750095
7.750094
7.750093
7.750092
7.750092
7.750091
7.750090
7.750089
7.750088
7.750087
7.750086
7.750086
7.750085
7.750084
7.750083
7.750082
7.750081
7.750080
7.750080
7.750079
7.750078
7.750077
7.750076
7.750075
7.750074
7.750074
7.750073
7.750072
7.750071
7.750070
7.750069
7.750068
7.750068
7.750067
7.750066
7.750065
7.750064
7.750063
7.750062
7.750062
7.750061
7.750060
7.750059
7.750058
7.750057
7.750056
7.750056
7.750055
7.750054
7.750053
7.750052
7.750051
7.750050
7.750049
7.750049
7.750048
7.750047
7.750046
7.750045
7.750044
7.750043
7.750043
7.750042
7.750041
7.750040
7.750039
7.750038
7.750037
7.750036
7.750036
7.750035
7.750034
7.750033
7.750032
7.750031
7.750030
7.750029
7.750028
7.750028
7.750027
7.750026
7.750025
7.750024
7.750023
7.750022
7.750021
7.750021
7.750020
7.750019
7.750018
7.750017
7.750016
7.750015
7.750014
7.750013
7.750013
7.750012
7.750011
7.750010
7.750009
7.750008
7.750007
7.750006
7.750005
7.750004
7.750004
7.750003
7.750002
7.750001
7.750000
7.749999
7.749998
7.749997
7.749996
7.749995
7.749995
7.749994
7.749993
7.749992
7.749991
7.749990
7.749989
7.749988
7.749987
7.749986
7.749985
7.749985
7.749984
7.749983
7.749982
7.749981
7.749980
7.749979
7.749978
7.749977
7.749976
7.749975
7.749974
7.749974
7.749973
7.749972
7.749971
7.749970
7.749969
7.749968
7.749967
7.749966
7.749965
7.749964
7.749963
7.749962
7.749961
7.749961
7.749960
7.749959
7.749958
7.749957
7.749956
7.749955
7.749954
7.749953
7.749952
7.749951
7.749950
7.749949
7.749948
7.749947
7.749946
7.749945
7.749945
7.749944
7.749943
7.749942
7.749941
7.749940
7.749939
7.749938
7.749937
7.749936
7.749935
7.749934
7.749933
7.749932
7.749931
7.749930
7.749929
7.749928
7.749927
7.749926
7.749925
7.749924
7.749923
7.749922
7.749922
7.749921
7.749920
7.749919
7.749918
7.749917
7.749916
7.749915
7.749914
7.749913
7.749912
7.749911
7.749910
7.749909
7.749908
7.749907
7.749906
7.749905
7.749904
7.749903
7.749902
7.749901
7.749900
7.749899
7.749898
7.749897
7.749896
7.749895
7.749894
7.749893
7.749892
7.749891
7.749890
7.749889
7.749888
7.749887
7.749886
7.749885
7.749884
7.749883
7.749882
7.749881
7.749880
7.749879
7.749878
7.749877
7.749876
7.749875
7.749874
7.749873
7.749872
7.749871
7.749870
7.749869
7.749868
7.749867
7.749866
7.749865
7.749864
7.749863
7.749862
7.749861
7.749860
7.749859
7.749858
7.749857
7.749855
7.749854
7.749853
7.749852
7.749851
7.749850
7.749849
7.749848
7.749847
7.749846
7.749845
7.749844
7.749843
7.749842
7.749841
7.749840
7.749839
7.749838
7.749837
7.749836
7.749835
7.749834
7.749832
7.749831
7.749830
7.749829
7.749828
7.749827
7.749826
7.749825
7.749824
7.749823
7.749822
7.749821
7.749820
7.749819
7.749818
7.749817
7.749815
7.749814
7.749813
7.749812
7.749811
7.749810
7.749809
7.749808
7.749807
7.749806
7.749805
7.749804
7.749802
7.749801
7.749800
7.749799
7.749798
7.749797
7.749796
7.749795
7.749794
7.749793
7.749792
7.749790
7.749789
7.749788
7.749787
7.749786
7.749785
7.749784
7.749783
7.749782
7.749780
7.749779
7.749778
7.749777
7.749776
7.749775
7.749774
7.749773
7.749772
7.749770
7.749769
7.749768
7.749767
7.749766
7.749765
7.749764
7.749763
7.749761
7.749760
7.749759
7.749758
7.749757
7.749756
7.749755
7.749753
7.749752
7.749751
7.749750
7.749749
7.749748
7.749747
7.749745
7.749744
7.749743
7.749742
7.749741
7.749740
7.749739
7.749737
7.749736
7.749735
7.749734
7.749733
7.749732
7.749730
7.749729
7.749728
7.749727
7.749726
7.749725
7.749723
7.749722
7.749721
7.749720
7.749719
7.749718
7.749716
7.749715
7.749714
7.749713
7.749712
7.749711
7.749709
7.749708
7.749707
7.749706
7.749705
7.749703
7.749702
7.749701
7.749700
7.749699
7.749697
7.749696
7.749695
7.749694
7.749693
7.749691
7.749690
7.749689
7.749688
7.749687
7.749685
7.749684
7.749683
7.749682
7.749681
7.749679
7.749678
7.749677
7.749676
7.749674
7.749673
7.749672
7.749671
7.749670
7.749668
7.749667
7.749666
7.749665
7.749663
7.749662
7.749661
7.749660
7.749658
7.749657
7.749656
7.749655
7.749654
7.749652
7.749651
7.749650
7.749649
7.749647
7.749646
7.749645
7.749644
7.749642
7.749641
7.749640
7.749639
7.749637
7.749636
7.749635
7.749634
7.749632
7.749631
7.749630
7.749628
7.749627
7.749626
7.749625
7.749623
7.749622
7.749621
7.749620
7.749618
7.749617
7.749616
7.749614
7.749613
7.749612
7.749611
7.749609
7.749608
7.749607
7.749605
7.749604
7.749603
7.749602
7.749600
7.749599
7.749598
7.749596
7.749595
7.749594
7.749593
7.749591
7.749590
7.749589
7.749587
7.749586
7.749585
7.749583
7.749582
7.749581
7.749579
7.749578
7.749577
7.749576
7.749574
7.749573
7.749572
7.749570
7.749569
7.749568
7.749566
7.749565
7.749564
7.749562
7.749561
7.749560
7.749558
7.749557
7.749556
7.749554
7.749553
7.749552
7.749550
7.749549
7.749548
7.749546
7.749545
7.749544
7.749542
7.749541
7.749540
7.749538
7.749537
7.749536
7.749534
7.749533
7.749531
7.749530
7.749529
7.749527
7.749526
7.749525
7.749523
7.749522
7.749521
7.749519
7.749518
7.749516
7.749515
7.749514
7.749512
7.749511
7.749510
7.749508
7.749507
7.749505
7.749504
7.749503
7.749501
7.749500
7.749499
7.749497
7.749496
7.749494
7.749493
7.749492
7.749490
7.749489
7.749488
7.749486
7.749485
7.749483
7.749482
7.749481
7.749479
7.749478
7.749476
7.749475
7.749474
7.749472
7.749471
7.749469
7.749468
7.749467
7.749465
7.749464
7.749462
7.749461
7.749459
7.749458
7.749457
7.749455
7.749454
7.749452
7.749451
7.749450
7.749448
7.749447
7.749445
7.749444
7.749442
7.749441
7.749440
7.749438
7.749437
7.749435
7.749434
7.749432
7.749431
7.749430
7.749428
7.749427
7.749425
7.749424
7.749422
7.749421
7.749419
7.749418
7.749417
7.749415
7.749414
7.749412
7.749411
7.749409
7.749408
7.749406
7.749405
7.749404
7.749402
7.749401
7.749399
7.749398
7.749396
7.749395
7.749393
7.749392
7.749390
7.749389
7.749387
7.749386
7.749385
7.749383
7.749382
7.749380
7.749379
7.749377
7.749376
7.749374
7.749373
7.749371
7.749370
7.749368
7.749367
7.749365
7.749364
7.749362
7.749361
7.749359
7.749358
7.749356
7.749355
7.749354
7.749352
7.749351
7.749349
7.749348
7.749346
7.749345
7.749343
7.749342
7.749340
7.749339
7.749337
7.749336
7.749334
7.749333
7.749331
7.749330
7.749328
7.749327
7.749325
7.749324
7.749322
7.749321
7.749319
7.749318
7.749316
7.749315
7.749313
7.749312
7.749310
7.749308
7.749307
7.749305
7.749304
7.749302
7.749301
7.749299
7.749298
7.749296
7.749295
7.749293
7.749292
7.749290
7.749289
7.749287
7.749286
7.749284
7.749283
7.749281
7.749280
7.749278
7.749276
7.749275
7.749273
7.749272
7.749270
7.749269
7.749267
7.749266
7.749264
7.749263
7.749261
7.749260
7.749258
7.749256
7.749255
7.749253
7.749252
7.749250
7.749249
7.749247
7.749246
7.749244
7.749243
7.749241
7.749239
7.749238
7.749236
7.749235
7.749233
7.749232
7.749230
7.749228
7.749227
7.749225
7.749224
7.749222
7.749221
7.749219
7.749218
7.749216
7.749214
7.749213
7.749211
7.749210
7.749208
7.749207
7.749205
7.749203
7.749202
7.749200
7.749199
7.749197
7.749195
7.749194
7.749192
7.749191
7.749189
7.749188
7.749186
7.749184
7.749183
7.749181
7.749180
7.749178
7.749176
7.749175
7.749173
7.749172
7.749170
7.749168
7.749167
7.749165
7.749164
7.749162
7.749160
7.749159
7.749157
7.749156
7.749154
7.749152
7.749151
7.749149
7.749148
7.749146
7.749144
7.749143
7.749141
7.749140
7.749138
7.749136
7.749135
7.749133
7.749132
7.749130
7.749128
7.749127
7.749125
7.749123
7.749122
7.749120
7.749119
7.749117
7.749115
7.749114
7.749112
7.749110
7.749109
7.749107
7.749105
7.749104
7.749102
7.749101
7.749099
7.749097
7.749096
7.749094
7.749092
7.749091
7.749089
7.749087
7.749086
7.749084
7.749082
7.749081
7.749079
7.749077
7.749076
7.749074
7.749073
7.749071
7.749069
7.749068
7.749066
7.749064
7.749063
7.749061
7.749059
7.749058
7.749056
7.749054
7.749053
7.749051
7.749049
7.749047
7.749046
7.749044
7.749042
7.749041
7.749039
7.749037
7.749036
7.749034
7.749032
7.749031
7.749029
7.749027
7.749026
7.749024
7.749022
7.749020
7.749019
7.749017
7.749015
7.749014
7.749012
7.749010
7.749008
7.749007
7.749005
7.749003
7.749002
7.749000
7.748998
7.748996
7.748995
7.748993
7.748991
7.748990
7.748988
7.748986
7.748984
7.748983
7.748981
7.748979
7.748977
7.748976
7.748974
7.748972
7.748970
7.748969
7.748967
7.748965
7.748963
7.748962
7.748960
7.748958
7.748956
7.748954
7.748953
7.748951
7.748949
7.748947
7.748946
7.748944
7.748942
7.748940
7.748938
7.748937
7.748935
7.748933
7.748931
7.748929
7.748928
7.748926
7.748924
7.748922
7.748920
7.748919
7.748917
7.748915
7.748913
7.748911
7.748909
7.748908
7.748906
7.748904
7.748902
7.748900
7.748898
7.748896
7.748895
7.748893
7.748891
7.748889
7.748887
7.748885
7.748883
7.748882
7.748880
7.748878
7.748876
7.748874
7.748872
7.748870
7.748868
7.748866
7.748864
7.748862
7.748861
7.748859
7.748857
7.748855
7.748853
7.748851
7.748849
7.748847
7.748845
7.748843
7.748841
7.748839
7.748837
7.748835
7.748833
7.748831
7.748829
7.748827
7.748825
7.748823
7.748821
7.748819
7.748817
7.748815
7.748813
7.748811
7.748809
7.748806
7.748804
7.748802
7.748800
7.748798
7.748796
7.748794
7.748792
7.748790
7.748787
7.748785
7.748783
7.748781
7.748779
7.748776
7.748774
7.748772
7.748770
7.748768
7.748765
7.748763
7.748761
7.748758
7.748756
7.748754
7.748751
7.748749
7.748747
7.748744
7.748742
7.748740
7.748737
7.748735
7.748732
7.748730
7.748727
7.748725
7.748722
7.748720
7.748717
7.748715
7.748712
7.748709
7.748707
7.748704
7.748701
7.748699
7.748696
7.748693
7.748690
7.748687
7.748684
7.748681
7.748679
7.748675
7.748672
7.748669
7.748666
7.748663
7.748660
7.748657
7.748653
7.748650
7.748646
7.748643
7.748639
7.748636
7.748632
7.748628
7.748624
7.748620
7.748616
7.748612
7.748608
7.748604
7.748599
7.748595
7.748590
7.748585
7.748580
7.748575
7.748570
7.748564
7.748558
7.748552
7.748546
7.748540
7.748533
7.748526
7.748519
7.748512
7.748504
7.748497
7.748489
7.748480
7.748472
7.748463
7.748454
7.748446
7.748437
7.748428
7.748420
7.748412
7.748403
7.748396
7.748388
7.748381
7.748373
7.748367
7.748360
7.748353
7.748347
7.748341
7.748335
7.748329
7.748324
7.748318
7.748313
7.748308
7.748303
7.748298
7.748294
7.748289
7.748285
7.748280
7.748276
7.748272
7.748268
7.748264
7.748260
7.748256
7.748252
7.748248
7.748244
7.748241
7.748237
7.748233
7.748230
7.748226
7.748222
7.748219
7.748215
7.748212
7.748209
7.748205
7.748202
7.748198
7.748195
7.748192
7.748188
7.748185
7.748182
7.748178
7.748175
7.748172
7.748169
7.748166
7.748162
7.748159
7.748156
7.748153
7.748150
7.748146
7.748143
7.748140
7.748137
7.748134
7.748131
7.748128
7.748125
7.748122
7.748118
7.748115
7.748112
7.748109
7.748106
7.748103
7.748100
7.748097
7.748094
7.748091
7.748088
7.748085
7.748082
7.748079
7.748076
7.748073
7.748070
7.748067
7.748064
7.748061
7.748058
7.748055
7.748052
7.748049
7.748046
7.748043
7.748040
7.748037
7.748034
7.748031
7.748028
7.748025
7.748023
7.748020
7.748017
7.748014
7.748011
7.748008
7.748005
7.748002
7.747999
7.747996
7.747993
7.747990
7.747987
7.747984
7.747982
7.747979
7.747976
7.747973
7.747970
7.747967
7.747964
7.747961
7.747958
7.747955
7.747952
7.747949
7.747947
7.747944
7.747941
7.747938
7.747935
7.747932
7.747929
7.747926
7.747923
7.747920
7.747918
7.747915
7.747912
7.747909
7.747906
7.747903
7.747900
7.747897
7.747894
7.747892
7.747889
7.747886
7.747883
7.747880
7.747877
7.747874
7.747871
7.747868
7.747865
7.747863
7.747860
7.747857
7.747854
7.747851
7.747848
7.747845
7.747842
7.747839
7.747837
7.747834
7.747831
7.747828
7.747825
7.747822
7.747819
7.747816
7.747813
7.747810
7.747808
7.747805
7.747802
7.747799
7.747796
7.747793
7.747790
7.747787
7.747784
7.747781
7.747779
7.747776
7.747773
7.747770
7.747767
7.747764
7.747761
7.747758
7.747755
7.747752
7.747750
7.747747
7.747744
7.747741
7.747738
7.747735
7.747732
7.747729
7.747726
7.747723
7.747720
7.747717
7.747715
7.747712
7.747709
7.747706
7.747703
7.747700
7.747697
7.747694
7.747691
7.747688
7.747685
7.747682
7.747679
7.747676
7.747674
7.747671
7.747668
7.747665
7.747662
7.747659
7.747656
7.747653
7.747650
7.747647
7.747644
7.747641
7.747638
7.747635
7.747632
7.747629
7.747626
7.747623
7.747620
7.747617
7.747614
7.747612
7.747609
7.747606
7.747603
7.747600
7.747597
7.747594
7.747591
7.747588
7.747585
7.747582
7.747579
7.747576
7.747573
7.747570
7.747567
7.747564
7.747561
7.747558
7.747555
7.747552
7.747549
7.747546
7.747543
7.747540
7.747537
7.747534
7.747531
7.747528
7.747525
7.747522
7.747519
7.747516
7.747513
7.747510
7.747507
7.747504
7.747500
7.747497
7.747494
7.747491
7.747488
7.747485
7.747482
7.747479
7.747476
7.747473
7.747470
7.747467
7.747464
7.747461
7.747458
7.747455
7.747452
7.747449
7.747445
7.747442
7.747439
7.747436
7.747433
7.747430
7.747427
7.747424
7.747421
7.747418
7.747415
7.747411
7.747408
7.747405
7.747402
7.747399
7.747396
7.747393
7.747390
7.747387
7.747383
7.747380
7.747377
7.747374
7.747371
7.747368
7.747365
7.747362
7.747358
7.747355
7.747352
7.747349
7.747346
7.747343
7.747339
7.747336
7.747333
7.747330
7.747327
7.747324
7.747320
7.747317
7.747314
7.747311
7.747308
7.747305
7.747301
7.747298
7.747295
7.747292
7.747289
7.747285
7.747282
7.747279
7.747276
7.747272
7.747269
7.747266
7.747263
7.747260
7.747256
7.747253
7.747250
7.747247
7.747243
7.747240
7.747237
7.747234
7.747230
7.747227
7.747224
7.747221
7.747217
7.747214
7.747211
7.747208
7.747204
7.747201
7.747198
7.747194
7.747191
7.747188
7.747184
7.747181
7.747178
7.747175
7.747171
7.747168
7.747165
7.747161
7.747158
7.747155
7.747151
7.747148
7.747145
7.747141
7.747138
7.747135
7.747131
7.747128
7.747125
7.747121
7.747118
7.747114
7.747111
7.747108
7.747104
7.747101
7.747098
7.747094
7.747091
7.747087
7.747084
7.747081
7.747077
7.747074
7.747070
7.747067
7.747064
7.747060
7.747057
7.747053
7.747050
7.747046
7.747043
7.747040
7.747036
7.747033
7.747029
7.747026
7.747022
7.747019
7.747015
7.747012
7.747008
7.747005
7.747001
7.746998
7.746994
7.746991
7.746987
7.746984
7.746980
7.746977
7.746973
7.746970
7.746966
7.746963
7.746959
7.746956
7.746952
7.746949
7.746945
7.746942
7.746938
7.746935
7.746931
7.746927
7.746924
7.746920
7.746917
7.746913
7.746910
7.746906
7.746902
7.746899
7.746895
7.746892
7.746888
7.746884
7.746881
7.746877
7.746873
7.746870
7.746866
7.746863
7.746859
7.746855
7.746852
7.746848
7.746844
7.746841
7.746837
7.746833
7.746830
7.746826
7.746822
7.746819
7.746815
7.746811
7.746807
7.746804
7.746800
7.746796
7.746793
7.746789
7.746785
7.746781
7.746778
7.746774
7.746770
7.746766
7.746763
7.746759
7.746755
7.746751
7.746747
7.746744
7.746740
7.746736
7.746732
7.746728
7.746725
7.746721
7.746717
7.746713
7.746709
7.746705
7.746701
7.746698
7.746694
7.746690
7.746686
7.746682
7.746678
7.746674
7.746670
7.746666
7.746663
7.746659
7.746655
7.746651
7.746647
7.746643
7.746639
7.746635
7.746631
7.746627
7.746623
7.746619
7.746615
7.746611
7.746607
7.746603
7.746599
7.746595
7.746591
7.746587
7.746583
7.746579
7.746575
7.746571
7.746566
7.746562
7.746558
7.746554
7.746550
7.746546
7.746542
7.746538
7.746533
7.746529
7.746525
7.746521
7.746517
7.746513
7.746508
7.746504
7.746500
7.746496
7.746491
7.746487
7.746483
7.746479
7.746474
7.746470
7.746466
7.746462
7.746457
7.746453
7.746449
7.746444
7.746440
7.746435
7.746431
7.746427
7.746422
7.746418
7.746413
7.746409
7.746405
7.746400
7.746396
7.746391
7.746387
7.746382
7.746378
7.746373
7.746369
7.746364
7.746360
7.746355
7.746350
7.746346
7.746341
7.746337
7.746332
7.746327
7.746323
7.746318
7.746313
7.746309
7.746304
7.746299
7.746294
7.746290
7.746285
7.746280
7.746275
7.746270
7.746266
7.746261
7.746256
7.746251
7.746246
7.746241
7.746236
7.746231
7.746226
7.746221
7.746216
7.746211
7.746206
7.746201
7.746196
7.746191
7.746186
7.746181
7.746176
7.746171
7.746166
7.746160
7.746155
7.746150
7.746145
7.746139
7.746134
7.746129
7.746124
7.746118
7.746113
7.746107
7.746102
7.746097
7.746091
7.746086
7.746080
7.746075
7.746069
7.746064
7.746058
7.746052
7.746047
7.746041
7.746035
7.746030
7.746024
7.746018
7.746012
7.746007
7.746001
7.745995
7.745989
7.745983
7.745977
7.745971
7.745965
7.745959
7.745953
7.745947
7.745941
7.745935
7.745929
7.745922
7.745916
7.745910
7.745904
7.745897
7.745891
7.745885
7.745878
7.745872
7.745865
7.745859
7.745852
7.745846
7.745839
7.745832
7.745826
7.745819
7.745812
7.745805
7.745798
7.745792
7.745785
7.745778
7.745771
7.745764
7.745757
7.745749
7.745742
7.745735
7.745728
7.745721
7.745713
7.745706
7.745698
7.745691
7.745683
7.745676
7.745668
7.745660
7.745653
7.745645
7.745637
7.745629
7.745621
7.745613
7.745605
7.745597
7.745589
7.745581
7.745573
7.745564
7.745556
7.745548
7.745539
7.745531
7.745522
7.745513
7.745505
7.745496
7.745487
7.745478
7.745469
7.745460
7.745451
7.745442
7.745432
7.745423
7.745414
7.745404
7.745395
7.745385
7.745375
7.745366
7.745356
7.745346
7.745336
7.745326
7.745316
7.745305
7.745295
7.745285
7.745274
7.745263
7.745253
7.745242
7.745231
7.745220
7.745209
7.745198
7.745186
7.745175
7.745164
7.745152
7.745140
7.745128
7.745117
7.745105
7.745092
7.745080
7.745068
7.745055
7.745043
7.745030
7.745017
7.745004
7.744991
7.744978
7.744964
7.744951
7.744937
7.744923
7.744909
7.744895
7.744881
7.744867
7.744852
7.744838
7.744823
7.744808
7.744793
7.744777
7.744762
7.744746
7.744730
7.744714
7.744698
7.744682
7.744665
7.744648
7.744631
7.744614
7.744597
7.744579
7.744561
7.744543
7.744525
7.744507
7.744488
7.744469
7.744450
7.744431
7.744411
7.744391
7.744371
7.744351
7.744330
7.744309
7.744288
7.744267
7.744245
7.744223
7.744200
7.744178
7.744155
7.744132
7.744108
7.744084
7.744060
7.744035
7.744010
7.743985
7.743959
7.743933
7.743907
7.743880
7.743853
7.743825
7.743797
7.743769
7.743740
7.743710
7.743681
7.743650
7.743620
7.743588
7.743557
7.743524
7.743491
7.743458
7.743424
7.743390
7.743355
7.743319
7.743283
7.743246
7.743209
7.743170
7.743132
7.743092
7.743052
7.743011
7.742969
7.742927
7.742884
7.742840
7.742795
7.742749
7.742702
7.742655
7.742606
7.742557
7.742507
7.742455
7.742403
7.742350
7.742295
7.742239
7.742183
7.742125
7.742065
7.742005
7.741943
7.741880
7.741815
7.741749
7.741682
7.741613
7.741542
7.741470
7.741396
7.741320
7.741243
7.741164
7.741082
7.740999
7.740914
7.740826
7.740737
7.740645
7.740551
7.740454
7.740354
7.740252
7.740148
7.740040
7.739930
7.739816
7.739699
7.739579
7.739455
7.739328
7.739197
7.739062
7.738922
7.738779
7.738631
7.738478
7.738321
7.738158
7.737990
7.737817
7.737638
7.737452
7.737260
7.737061
7.736855
7.736642
7.736421
7.736191
7.735952
7.735705
7.735447
7.735180
7.734901
7.734610
7.734308
7.733992
7.733662
7.733318
7.732957
7.732580
7.732184
7.731769
7.731333
7.730874
7.730391
7.729882
7.729344
7.728776
7.728173
7.727534
7.726855
7.726131
7.725358
7.724531
7.723644
7.722690
7.721661
7.720547
7.719338
7.718021
7.716579
7.714993
7.713243
7.711298
7.709126
7.706683
7.703914
7.700752
7.697104
7.692853
7.687838
7.681849
7.674603
7.665762
7.655087
7.643646
10.329171
9.958827
10.422940
11.711789
10.440671
10.383288
9.986744
9.554647
9.526124
9.513108
9.501720
9.490736
9.477662
9.464515
9.449631
9.433820
9.416365
9.397205
9.376027
9.352660
9.326930
9.298400
9.266613
9.242800
9.206291
9.180283
9.125787
9.084224
9.048822
8.986050
8.962084
8.876190
8.821049
8.784561
8.760156
8.738631
8.721955
8.707419
8.695452
8.686470
9.082607
8.727603
8.707965
8.267430
8.258319
8.252842
8.247587
8.243028
8.239121
8.235724
8.232736
8.230088
8.227728
8.225617
8.223722
8.222015
8.220472
8.219073
8.217800
8.216639
8.215576
8.214600
8.213702
8.212873
8.212106
8.211395
8.210734
8.210119
8.209545
8.209009
8.208507
8.208036
8.207594
8.207179
8.206788
8.206419
8.206071
8.205742
8.205431
8.205137
8.204858
8.204593
8.204341
8.204101
8.203872
8.203652
8.203439
8.203230
8.203020
8.202801
8.202555
8.202250
8.201817
8.201101
8.199819
8.197502
8.203985
8.292176
8.213658
8.254208
8.260361
8.130263
8.807418
8.566017
8.979162
8.323889
8.418826
8.408668
8.280687
8.235912
8.032077
8.091581
9.932273
8.929421
8.593425
8.622201
8.616407
8.614601
8.613547
8.612830
8.612292
8.611859
8.611491
8.611166
8.610871
8.610599
8.610345
8.610105
8.609878
8.609662
8.609457
8.609261
8.609073
8.608893
8.608720
8.608554
8.608395
8.608242
8.608094
8.607952
8.607814
8.607682
8.607553
8.607429
8.607309
8.607193
8.607081
8.606971
8.606865
8.606762
8.606662
8.606565
8.606470
8.606378
8.606288
8.606201
8.606115
8.606032
8.605951
8.605871
8.605794
8.605718
8.605643
8.605571
8.605499
8.605430
8.605361
8.605294
8.605228
8.605163
8.605100
8.605037
8.604976
8.604916
8.604856
8.604798
8.604740
8.604683
8.604627
8.604572
8.604517
8.604463
8.604410
8.604357
8.604305
8.604253
8.604202
8.604151
8.604101
8.604051
8.604001
8.603952
8.603903
8.603854
8.603805
8.603756
8.603707
8.603658
8.603609
8.603560
8.603511
8.603461
8.603411
8.603361
8.603310
8.603258
8.603206
8.603152
8.603098
8.603042
8.602985
8.602926
8.602866
8.602805
8.602742
8.602677
8.602612
8.602545
8.602479
8.602414
8.602350
8.602288
8.602229
8.602172
8.602117
8.602063
8.602009
8.601956
8.601902
8.601849
8.601795
8.601741
8.601688
8.601634
8.601580
8.601525
8.601471
8.601416
8.601361
8.601306
8.601250
8.601194
8.601138
8.601082
8.601025
8.600968
8.600910
8.600853
8.600795
8.600737
8.600679
8.600621
8.600563
8.600505
8.600448
8.600391
8.600335
8.600280
8.600225
8.600170
8.600117
8.600064
8.600012
8.599960
8.599909
8.599859
8.599809
8.599759
8.599710
8.599661
8.599613
8.599565
8.599518
8.599471
8.599424
8.599378
8.599332
8.599286
8.599241
8.599196
8.599151
8.599107
8.599062
8.599019
8.598975
8.598932
8.598890
8.598847
8.598805
8.598764
8.598722
8.598681
8.598640
8.598600
8.598560
8.598520
8.598481
8.598442
8.598403
8.598365
8.598327
8.598289
8.598251
8.598214
8.598177
8.598141
8.598105
8.598069
8.598033
8.597998
8.597963
8.597929
8.597894
8.597860
8.597826
8.597793
8.597760
8.597727
8.597694
8.597662
8.597630
8.597598
8.597566
8.597535
8.597504
8.597473
8.597443
8.597413
8.597383
8.597353
8.597324
8.597294
8.597265
8.597237
8.597208
8.597180
8.597152
8.597124
8.597097
8.597069
8.597042
8.597015
8.596989
8.596962
8.596936
8.596910
8.596884
8.596858
8.596833
8.596807
8.596782
8.596758
8.596733
8.596708
8.596684
8.596660
8.596636
8.596612
8.596588
8.596565
8.596541
8.596518
8.596495
8.596472
8.596450
8.596427
8.596405
8.596382
8.596360
8.596338
8.596316
8.596294
8.596273
8.596251
8.596230
8.596208
8.596187
8.596166
8.596145
8.596124
8.596104
8.596083
8.596063
8.596042
8.596022
8.596001
8.595981
8.595961
8.595941
8.595921
8.595901
8.595881
8.595862
8.595842
8.595822
8.595803
8.595783
8.595764
8.595745
8.595725
8.595706
8.595687
8.595667
8.595648
8.595629
8.595610
8.595591
8.595572
8.595553
8.595533
8.595514
8.595495
8.595476
8.595457
8.595438
8.595419
8.595400
8.595381
8.595362
8.595343
8.595324
8.595305
8.595285
8.595266
8.595247
8.595228
8.595208
8.595189
8.595169
8.595150
8.595130
8.595111
8.595091
8.595071
8.595052
8.595032
8.595012
8.594992
8.594971
8.594951
8.594931
8.594910
8.594890
8.594869
8.594848
8.594827
8.594806
8.594785
8.594764
8.594743
8.594721
8.594699
8.594677
8.594655
8.594633
8.594611
8.594588
8.594566
8.594543
8.594520
8.594496
8.594473
8.594449
8.594425
8.594401
8.594377
8.594353
8.594328
8.594303
8.594278
8.594253
8.594227
8.594201
8.594175
8.594149
8.594123
8.594096
8.594069
8.594041
8.594014
8.593986
8.593958
8.593930
8.593901
8.593872
8.593843
8.593814
8.593784
8.593754
8.593724
8.593693
8.593662
8.593631
8.593600
8.593568
8.593536
8.593504
8.593472
8.593439
8.593406
8.593373
8.593339
8.593305
8.593271
8.593237
8.593202
8.593167
8.593132
8.593097
8.593061
8.593025
8.592989
8.592953
8.592916
8.592879
8.592842
8.592805
8.592768
8.592730
8.592692
8.592654
8.592615
8.592576
8.592537
8.592498
8.592459
8.592419
8.592380
8.592339
8.592299
8.592259
8.592218
8.592177
8.592136
8.592094
8.592053
8.592011
8.591969
8.591926
8.591883
8.591840
8.591797
8.591753
8.591710
8.591665
8.591621
8.591576
8.591531
8.591485
8.591439
8.591393
8.591346
8.591299
8.591251
8.591203
8.591155
8.591106
8.591056
8.591006
8.590955
8.590904
8.590852
8.590799
8.590745
8.590691
8.590636
8.590580
8.590523
8.590465
8.590407
8.590347
8.590286
8.590223
8.590160
8.590095
8.590028
8.589960
8.589890
8.589818
8.589745
8.589669
8.589591
8.589510
8.589427
8.589341
8.589252
8.589159
8.589063
8.588963
8.588858
8.588749
8.588634
8.588515
8.588389
8.588256
8.588117
8.587970
8.587814
8.587649
8.587474
8.587289
8.587091
8.586881
8.586656
8.586417
8.586160
8.585887
8.585593
8.585279
8.584942
8.584581
8.584194
8.583778
8.583332
8.582853
8.582339
8.581788
8.581196
8.580563
8.579885
8.579159
8.578383
8.577556
8.576674
8.575737
8.574742
8.573689
8.572578
8.571410
8.570185
8.568908
8.567581
8.566210
8.564801
8.563362
8.561903
8.560433
8.558964
8.557507
8.556073
8.554672
8.553313
8.552002
8.550744
8.549538
8.548382
8.547267
8.546183
8.545116
8.544049
8.542964
8.541845
8.540677
8.539445
8.538143
8.536762
8.535304
8.533769
8.532164
8.530498
8.528785
8.527036
8.525267
8.523491
8.521722
8.519971
8.518244
8.516550
8.514896
8.513299
8.511792
8.510413
8.509161
8.507965
8.506754
8.505509
8.504231
8.502936
8.501652
8.500424
8.499298
8.498312
8.497480
8.496796
8.496241
8.495793
8.495431
8.495135
8.494887
8.494670
8.494465
8.494249
8.493995
8.493661
8.493185
8.492458
8.491272
8.489133
8.484474
8.470657
8.471464
8.486910
8.424121
9.498208
10.270212
12.942816
11.698626
12.234604
14.835961
14.379360
14.378584
14.378013
14.377526
14.377091
14.376690
14.376312
14.375949
14.375596
14.375249
14.374904
14.374560
14.374215
14.373865
14.373510
14.373147
14.372775
14.372392
14.371997
14.371586
14.371159
14.370711
14.370242
14.369746
14.369222
14.368664
14.368066
14.367424
14.366729
14.365971
14.365138
14.364214
14.363177
14.361999
14.360639
14.359037
14.357108
14.354719
14.351660
14.347576
14.341767
14.332366
14.311289
14.211450
13.587984
13.149276
13.212239
13.206747
13.202742
13.199954
13.197616
13.195370
13.193020
13.190427
13.187468
13.184002
13.179860
13.174814
13.168557
13.160674
13.150636
13.137885
13.122179
13.104390
13.087099
13.073222
13.063669
13.057491
13.053459
13.050728
13.048804
13.047397
13.046337
13.045514
13.044862
13.044333
13.043896
13.043530
13.043219
13.042952
13.042719
13.042514
13.042332
13.042170
13.042024
13.041892
13.041771
13.041660
13.041557
13.041462
13.041373
13.041290
13.041212
13.041138
13.041068
13.041002
13.040938
13.040877
13.040818
13.040761
13.040706
13.040653
13.040601
13.040550
13.040500
13.040450
13.040402
13.040354
13.040306
13.040259
13.040211
13.040164
13.040116
13.040068
13.040019
13.039970
13.039920
13.039869
13.039817
13.039764
13.039709
13.039653
13.039594
13.039533
13.039469
13.039403
13.039333
13.039259
13.039182
13.039099
13.039010
13.038915
13.038812
13.038700
13.038578
13.038444
13.038295
13.038128
13.037939
13.037723
13.037471
13.037174
13.036816
13.036371
13.035800
13.035025
13.033885
13.031941
13.027297
12.999412
12.780754
12.764597
12.552702
11.651381
11.342343
10.345519
9.788494
12.387341
8.154260
10.233299
8.075430
10.750020
8.471149
8.484257
7.022904
7.296578
11.947810
8.658241
10.413996
9.389575
10.936151
7.194189
7.188773
6.177362
6.011001
7.869273
7.958525
8.115290
7.541218
7.191109
6.623472
10.072823
6.006326
6.264813
5.705563
5.761518
5.237575
5.789606
4.905849
4.990754
10.911793
6.111215
5.072622
5.635110
5.069170
6.511990
5.535988
5.953049
8.153371
7.630738
6.710540
5.978880
8.476028
9.703867
5.548898
5.693078
5.625386
8.037691
6.614352
5.044081
6.053718
6.015014
9.283660
11.790081
11.303552
11.285232
11.284670
11.284652
11.284653
11.284657
11.284661
11.284666
11.284671
11.284677
11.284683
11.284690
11.284696
11.284702
11.284708
11.284715
11.284721
11.284727
11.284733
11.284739
11.284745
11.284750
11.284756
11.284761
11.284767
11.284772
11.284777
11.284782
11.284787
11.284791
11.284796
11.284801
11.284805
11.284809
11.284814
11.284818
11.284822
11.284826
11.284830
11.284834
11.284837
11.284841
11.284844
11.284848
11.284851
11.284855
11.284858
11.284861
11.284864
11.284867
11.284870
11.284873
11.284876
11.284879
11.284882
11.284884
11.284887
11.284889
11.284892
11.284894
11.284897
11.284899
11.284901
11.284904
11.284906
11.284908
11.284910
11.284912
11.284914
11.284916
11.284918
11.284920
11.284922
11.284924
11.284926
11.284928
11.284929
11.284931
11.284933
11.284934
11.284936
11.284937
11.284939
11.284940
11.284942
11.284943
11.284945
11.284946
11.284947
11.284949
11.284950
11.284951
11.284952
11.284954
11.284955
11.284956
11.284957
11.284958
11.284959
11.284960
11.284961
11.284962
11.284963
11.284964
11.284965
11.284966
11.284967
11.284968
11.284968
11.284969
11.284970
11.284971
11.284972
11.284972
11.284973
11.284974
11.284974
11.284975
11.284975
11.284976
11.284976
11.284977
11.284978
11.284978
11.284978
11.284979
11.284979
11.284980
11.284980
11.284980
11.284981
11.284981
11.284981
11.284982
11.284982
11.284982
11.284982
11.284982
11.284983
11.284983
11.284983
11.284983
11.284983
11.284983
11.284983
11.284983
11.284983
11.284983
11.284983
11.284983
11.284983
11.284983
11.284983
11.284982
11.284982
11.284982
11.284982
11.284981
11.284981
11.284981
11.284980
11.284980
11.284980
11.284979
11.284979
11.284978
11.284978
11.284977
11.284977
11.284976
11.284975
11.284975
11.284974
11.284973
11.284973
11.284972
11.284971
11.284970
11.284969
11.284968
11.284967
11.284966
11.284965
11.284964
11.284963
11.284962
11.284961
11.284959
11.284958
11.284957
11.284955
11.284954
11.284952
11.284951
11.284949
11.284947
11.284946
11.284944
11.284942
11.284940
11.284938
11.284936
11.284934
11.284932
11.284929
11.284927
11.284925
11.284922
11.284919
11.284917
11.284914
11.284911
11.284908
11.284905
11.284901
11.284898
11.284894
11.284891
11.284887
11.284883
11.284878
11.284874
11.284869
11.284865
11.284860
11.284854
11.284849
11.284843
11.284837
11.284831
11.284824
11.284817
11.284810
11.284802
11.284793
11.284784
11.284775
11.284765
11.284754
11.284743
11.284730
11.284717
11.284703
11.284687
11.284670
11.284651
11.284630
11.284607
11.284581
11.284552
11.284519
11.284481
11.284437
11.284384
11.284320
11.284240
11.284137
11.283997
11.283794
11.283467
11.282826
11.280918
10.680649
8.489357
9.538726
9.254892
8.998384
8.680277
8.707688
8.708689
8.707021
8.705398
8.703948
8.702569
8.701201
8.699820
8.698413
8.696974
8.695497
8.693980
8.692417
8.690806
8.689140
8.687413
8.685612
8.683715
8.681693
8.679510
8.677137
8.674565
8.671812
8.668924
8.665970
8.663037
8.660226
8.657630
8.655309
8.653263
8.651442
8.649769
8.648179
8.646636
8.645139
8.643713
8.642394
8.641213
8.640180
8.639273
8.638431
8.637563
8.636548
8.635249
8.633509
8.631099
8.627455
8.621139
8.613283
8.614828
8.598851
8.591630
8.621858
8.600801
8.567387
9.364531
8.738784
8.707586
8.696269
8.683451
8.664927
8.642697
8.619617
8.610100
8.609404
8.609111
8.606373
8.592319
8.540300
8.622203
8.522012
8.523047
8.546075
8.436130
10.449691
8.567675
10.191340
9.759893
9.516447
9.529755
9.650754
8.809028
8.721026
8.724493
8.724464
8.724101
8.723718
8.723349
8.722997
8.722661
8.722340
8.722032
8.721737
8.721453
8.721180
8.720917
8.720664
8.720420
8.720185
8.719958
8.719740
8.719529
8.719326
8.719131
8.718943
8.718762
8.718589
8.718423
8.718263
8.718111
8.717965
8.717826
8.717693
8.717567
8.717447
8.717334
8.717226
8.717125
8.717029
8.716939
8.716854
8.716774
8.716699
8.716629
8.716563
8.716502
8.716444
8.716390
8.716339
8.716291
8.716245
8.716202
8.716161
8.716121
8.716083
8.716046
8.716010
8.715974
8.715938
8.715902
8.715866
8.715829
8.715791
8.715752
8.715712
8.715670
8.715627
8.715581
8.715534
8.715484
8.715432
8.715377
8.715320
8.715260
8.715196
8.715130
8.715060
8.714987
8.714911
8.714831
8.714747
8.714660
8.714568
8.714473
8.714374
8.714271
8.714164
8.714052
8.713937
8.713817
8.713693
8.713565
8.713433
8.713296
8.713156
8.713011
8.712862
8.712709
8.712552
8.712392
8.712227
8.712058
8.711885
8.711708
8.711526
8.711341
8.711150
8.710955
8.710755
8.710549
8.710337
8.710118
8.709891
8.709655
8.709409
8.709152
8.708881
8.708595
8.708292
8.707968
8.707623
8.707251
8.706851
8.706419
8.705952
8.705446
8.704899
8.704307
8.703668
8.702981
8.702246
8.701462
8.700632
8.699757
8.698842
8.697891
8.696909
8.695899
8.694869
8.693820
8.692757
8.691680
8.690589
8.689479
8.688345
8.687173
8.685946
8.684635
8.683195
8.681552
8.679576
8.677006
8.673261
8.667017
8.659050
8.654072
8.653181
8.649042
8.652348
8.628102
8.622485
8.587010
8.569599
8.520550
8.500983
8.483814
8.463158
8.397701
8.256717
8.553575
8.129814
9.950464
8.798416
8.725786
8.696425
8.673755
8.648148
8.604548
8.566641
8.553071
8.530013
8.808615
7.748766
9.049819
9.269145
11.566820
10.776133
10.354120
10.429818
8.367746
7.878169
7.846677
7.829177
7.809982
7.795481
7.776115
7.755776
7.720298
7.714332
7.731433
7.652065
8.064451
7.715375
7.927253
8.473609
9.895062
8.525578
10.069468
7.445367
7.049454
8.339078
7.741247
7.162530
7.218905
7.212418
7.213611
7.216996
7.233050
7.213042
7.211197
7.237151
7.211679
7.209873
7.261697
7.214489
7.214603
7.212647
7.211324
7.257094
7.210464
7.212251
7.211338
7.226429
7.222120
7.231904
7.211102
7.280358
7.201264
7.212035
7.266628
7.201872
7.272909
7.209029
7.281225
7.261822
7.274870
7.369871
6.974135
7.335357
7.690376
6.945351
6.923496
7.005733
6.913492
7.068323
6.939902
7.450761
7.041354
6.911802
6.893717
6.865131
6.852272
6.844958
6.839976
6.836442
6.833842
6.831862
6.830306
6.829047
6.828000
6.827110
6.826334
6.825646
6.825024
6.824455
6.823928
6.823438
6.822989
6.822590
6.822259
6.822015
6.821872
6.821871
6.822073
6.822471
6.822931
6.823322
6.823743
6.824480
6.825400
6.826786
7.400466
8.746036
8.030375
8.017463
8.022558
8.185833
7.999430
7.907381
11.575082
10.374849
10.629899
10.007363
9.978061
9.283838
9.427813
10.536084
8.632045
8.301098
8.598254
8.270133
8.137497
8.472701
8.020989
8.106564
7.980512
7.870052
8.051792
8.296085
8.677337
8.463819
8.634400
9.222875
9.235344
9.632970
9.786834
9.772361
9.856995
9.440770
9.397545
9.308644
8.965129
9.195863
8.520434
10.398892
10.523580
11.485000
7.519512
7.673328
6.139702
6.509765
8.169405
8.506890
7.815756
7.951427
10.977345
10.823882
10.519630
10.465651
10.451170
10.439389
10.217912
9.976276
9.103531
9.952001
8.345454
8.725352
8.681951
6.745677
6.666923
5.918854
7.731132
7.445888
6.087685
7.667441
7.450833
5.781323
5.065435
4.699676
4.642554
4.650212
4.666873
4.638818
5.590702
4.597901
4.498757
6.077135
6.252186
6.099994
5.515850
5.534977
5.539630
5.537737
5.534112
5.530341
5.526605
5.522289
5.515265
5.866687
8.740727
9.503394
8.516103
8.316830
7.877076
6.376102
6.281895
6.254957
6.247123
6.245963
6.245794
6.243809
6.238868
6.233056
8.095723
8.240551
8.608354
7.701629
7.617650
7.188525
7.214708
7.699586
6.569621
6.553412
6.539923
6.532063
6.166272
6.566260
7.207336
7.171289
7.154136
7.138189
7.126767
7.122589
7.114798
7.108874
7.104195
7.092709
7.088755
7.088098
7.085297
7.072389
6.735212
6.733102
6.731203
6.713237
6.359552
6.338506
9.865849
5.925165
7.047871
5.965457
5.577166
5.774209
6.605172
7.022913
6.121884
7.260356
6.021329
6.439843
5.862635
6.371800
5.925436
5.545249
5.469848
5.464122
5.399883
5.384912
5.327875
5.432793
5.274499
5.425827
5.958037
5.556855
5.212177
7.869735
9.054991
7.787955
7.741418
7.398545
6.461009
7.066392
7.073758
6.391012
6.133533
6.332754
7.050705
6.994774
6.341241
5.838343
7.942002
7.297644
6.933037
6.294928
5.953990
4.389818
4.620971
5.949795
6.209678
6.418560
5.506758
5.025668
5.024528
5.022746
5.021155
5.019916
5.018996
5.018308
5.017775
5.017350
5.016999
5.016702
5.016447
5.016223
5.016025
5.015848
5.015687
5.015542
5.015409
5.015286
5.015173
5.015068
5.014970
5.014878
5.014792
5.014710
5.014633
5.014560
5.014490
5.014422
5.014358
5.014295
5.014235
5.014175
5.014117
5.014059
5.014000
5.013941
5.013879
5.013814
5.013741
5.013656
5.013547
5.013379
5.013008
5.009916
4.262664
4.278536
4.285557
4.288745
4.290201
4.290858
4.291141
4.291251
4.291279
4.291270
4.291244
4.291210
4.291173
4.291136
4.291098
4.291060
4.291024
4.290987
4.290952
4.290916
4.290882
4.290847
4.290813
4.290780
4.290746
4.290713
4.290680
4.290646
4.290613
4.290580
4.290547
4.290513
4.290480
4.290446
4.290411
4.290377
4.290342
4.290306
4.290270
4.290233
4.290195
4.290157
4.290117
4.290077
4.290035
4.289992
4.289948
4.289902
4.289855
4.289805
4.289754
4.289700
4.289644
4.289585
4.289523
4.289458
4.289389
4.289316
4.289238
4.289154
4.289065
4.288969
4.288865
4.288753
4.288630
4.288496
4.288349
4.288185
4.288003
4.287800
4.287569
4.287307
4.287005
4.286656
4.286247
4.285762
4.285181
4.284478
4.283618
4.282561
4.281273
4.279753
4.278094
4.276508
4.275198
4.274190
4.273367
4.272607
4.271848
4.271073
4.270290
4.269521
4.268787
4.268084
4.267274
4.265695
4.261333
4.251250
4.236005
4.220187
4.206485
4.194505
4.182846
4.170009
4.154209
4.133843
4.164342
5.180223
4.632911
4.533519
4.309593
4.239404
3.993576
3.703662
3.416548
3.382145
3.343723
3.290319
3.212409
3.098865
2.892983
3.974690
3.458144
5.990746
5.362050
3.940268
5.412090
5.783920
4.365514
4.329876
2.475667
2.862479
2.739131
5.074486
5.008845
3.068290
2.724439
2.498481
2.569620
2.685688
4.829446
8.760813
9.318152
9.168625
7.433251
3.897077
6.442587
4.886459
6.447420
3.943688
6.157542
5.501145
4.748423
6.283917
7.684371
7.916238
7.225830
6.550779
6.582461
6.268002
6.281307
6.287471
6.288269
6.287898
6.287188
6.286239
6.284909
6.281478
10.266520
6.950216
4.659791
3.956310
3.243935
3.168116
2.525704
2.308407
2.936315
3.055414
3.990781
3.880357
2.227611
2.095477
1.653249
1.435853
2.059200
1.369155
0.929343
2.503020
1.172130
3.357633
2.332956
2.233130
2.209628
2.215012
2.193198
2.127910
2.012425
2.525269
2.217682
2.434865
1.911103
3.220140
2.375168
1.940817
1.923619
1.275107
2.114705
3.761999
3.443515
3.917568
6.480005
5.601350
4.135282
4.006272
3.963478
3.944897
3.935759
3.930919
3.928167
3.926458
3.925278
3.924361
3.923548
3.922725
3.922029
3.920527
4.401175
5.057768
3.940886
3.930411
3.925478
3.924606
3.924292
3.923913
3.923519
3.923132
3.922762
3.922407
3.922067
3.921735
3.921405
3.921068
3.920713
3.920327
3.919896
3.919412
3.918885
3.918341
3.917790
3.918598
3.918604
3.917183
3.924870
3.921907
3.921241
3.920737
3.920299
3.919869
3.919404
3.918878
3.918316
3.917776
3.917139
3.915704
4.335560
3.982357
3.953305
3.408083
7.952150
6.859979
6.408644
5.368781
6.820633
6.207334
6.185705
6.174486
6.443285
5.209275
5.130268
5.533907
5.824417
5.403905
5.178819
5.249706
7.813830
4.309854
4.131030
3.933750
3.729836
3.623519
3.699158
3.723106
3.566139
3.505797
3.674433
3.378189
3.427646
3.995436
3.381260
3.199227
3.180243
3.172476
3.167862
3.164179
3.160962
3.158110
3.155535
3.153162
3.150923
3.148749
3.146567
3.144287
3.141796
3.138964
3.135675
3.131705
3.125485
3.111880
3.065744
2.590567
3.002611
2.687456
2.333871
2.315041
2.302035
2.291930
2.283447
2.276108
2.269580
2.263668
2.258276
2.253353
2.248862
2.244778
2.241072
2.237720
2.234692
2.231967
2.229526
2.227356
2.225433
2.223719
2.222179
2.220784
2.219511
2.218339
2.217250
2.216231
2.215269
2.214358
2.213489
2.212656
2.211855
2.211081
2.210330
2.209598
2.208883
2.208184
2.207500
2.206833
2.206188
2.205576
2.205012
2.204528
2.204170
2.204017
2.204196
2.204907
2.206201
2.202232
4.227748
4.057000
2.511881
2.994024
2.786073
2.476242
2.283606
2.485896
2.309126
2.274604
2.271854
2.241722
2.231367
2.224944
2.221628
2.217643
2.213854
2.181803
2.260150
2.538773
2.466782
2.369271
2.368498
2.401041
2.372195
2.367915
2.367662
2.367429
2.367214
2.367013
2.366826
2.366650
2.366485
2.366330
2.366183
2.366045
2.365915
2.365791
2.365675
2.365565
2.365462
2.365365
2.365273
2.365187
2.365105
2.365029
2.364958
2.364890
2.364827
2.364768
2.364713
2.364661
2.364612
2.364567
2.364524
2.364483
2.364445
2.364409
2.364375
2.364343
2.364313
2.364285
2.364257
2.364231
2.364207
2.364183
2.364160
2.364139
2.364118
2.364098
2.364078
2.364060
2.364042
2.364024
2.364007
2.363990
2.363974
2.363959
2.363943
2.363928
2.363914
2.363899
2.363885
2.363872
2.363858
2.363845
2.363831
2.363819
2.363806
2.363793
2.363781
2.363769
2.363756
2.363744
2.363732
2.363721
2.363709
2.363697
2.363686
2.363674
2.363663
2.363651
2.363640
2.363628
2.363617
2.363605
2.363594
2.363582
2.363570
2.363558
2.363546
2.363534
2.363521
2.363508
2.363495
2.363481
2.363466
2.363451
2.363435
2.363417
2.363398
2.363377
2.363353
2.363324
2.363290
2.363247
2.363189
2.363104
2.362958
2.362674
3.969211
9.107369
2.423325
2.743279
2.426898
2.396841
2.394557
2.393182
2.392340
2.391799
2.391427
2.391152
2.390936
2.390763
2.390630
2.390546
2.390539
2.390669
2.391035
2.391812
2.393539
2.399110
2.394404
2.374058
2.356997
2.347227
2.336434
2.322483
2.313725
2.289587
2.258433
2.249998
2.256631
2.249037
2.240016
2.720022
2.292228
2.260540
2.236884
2.149573
4.671267
11.734834
6.019840
5.035145
4.811440
4.578347
4.482635
4.506742
8.774224
7.218044
4.841717
5.318773
4.013966
4.684214
4.277040
7.929700
5.811348
5.141311
4.799624
6.729022
4.915639
4.113717
4.164019
3.957326
4.000901
3.840704
3.788949
3.682932
3.687919
3.668415
3.708334
3.664652
3.702824
3.654175
3.700654
3.646854
3.689479
3.630666
3.690807
3.625993
3.657747
3.666595
3.618321
3.608414
3.605085
3.602094
3.599396
3.596985
3.594833
3.592909
3.591183
3.589631
3.588228
3.586954
3.585792
3.584728
3.583749
3.582844
3.582004
3.581222
3.580491
3.579805
3.579159
3.578550
3.577972
3.577424
3.576902
3.576404
3.575928
3.575472
3.575034
3.574613
3.574207
3.573816
3.573438
3.573072
3.572718
3.572375
3.572042
3.571718
3.571403
3.571096
3.570797
3.570505
3.570221
3.569943
3.569671
3.569405
3.569145
3.568890
3.568641
3.568396
3.568156
3.567920
3.567689
3.567461
3.567238
3.567018
3.566802
3.566589
3.566380
3.566173
3.565970
3.565769
3.565572
3.565377
3.565185
3.564995
3.564808
3.564623
3.564440
3.564260
3.564081
3.563905
3.563730
3.563558
3.563387
3.563219
3.563051
3.562886
3.562722
3.562560
3.562399
3.562240
3.562083
3.561926
3.561771
3.561618
3.561465
3.561314
3.561165
3.561016
3.560869
3.560723
3.560578
3.560434
3.560291
3.560149
3.560009
3.559869
3.559731
3.559593
3.559457
3.559322
3.559187
3.559054
3.558922
3.558791
3.558661
3.558532
3.558405
3.558278
3.558153
3.558029
3.557907
3.557785
3.557665
3.557547
3.557430
3.557315
3.557201
3.557088
3.556978
3.556869
3.556762
3.556657
3.556554
3.556453
3.556354
3.556258
3.556163
3.556070
3.555980
3.555891
3.555805
3.555721
3.555639
3.555560
3.555482
3.555406
3.555333
3.555261
3.555192
3.555124
3.555059
3.554995
3.554934
3.554875
3.554817
3.554762
3.554709
3.554659
3.554610
3.554565
3.554522
3.554482
3.554445
3.554411
3.554382
3.554356
3.554335
3.554318
3.554307
3.554302
3.554303
3.554311
3.554327
3.554350
3.554382
3.554422
3.554471
3.554529
3.554596
3.554670
3.554751
3.554837
3.554927
3.555018
3.555108
3.555193
3.555271
3.555341
3.555399
3.555445
3.555478
3.555498
3.555507
3.555504
3.555491
3.555469
3.555439
3.555403
3.555360
3.555313
3.555261
3.555204
3.555148
3.555076
3.555051
3.554826
3.555445
3.552903
3.700819
3.829618
3.725125
3.726698
3.725216
4.274973
3.720951
3.703183
3.701181
3.700353
3.699813
3.699392
3.699044
3.698749
3.698495
3.698273
3.698077
3.697903
3.697745
3.697602
3.697470
3.697349
3.697235
3.697129
3.697028
3.696932
3.696841
3.696754
3.696669
3.696587
3.696508
3.696430
3.696354
3.696280
3.696206
3.696133
3.696060
3.695988
3.695916
3.695844
3.695772
3.695699
3.695625
3.695551
3.695476
3.695400
3.695323
3.695246
3.695168
3.695090
3.695013
3.694938
3.694865
3.694797
3.694734
3.694677
3.694625
3.694576
3.694529
3.694482
3.694434
3.694387
3.694340
3.694292
3.694245
3.694198
3.694151
3.694105
3.694058
3.694012
3.693965
3.693919
3.693873
3.693827
3.693781
3.693736
3.693690
3.693644
3.693599
3.693553
3.693507
3.693462
3.693416
3.693371
3.693326
3.693280
3.693235
3.693189
3.693144
3.693098
3.693053
3.693007
3.692962
3.692916
3.692870
3.692825
3.692779
3.692733
3.692687
3.692641
3.692595
3.692548
3.692502
3.692455
3.692409
3.692362
3.692315
3.692268
3.692221
3.692173
3.692126
3.692078
3.692030
3.691982
3.691933
3.691884
3.691836
3.691786
3.691737
3.691687
3.691637
3.691587
3.691537
3.691486
3.691435
3.691383
3.691331
3.691279
3.691226
3.691173
3.691120
3.691066
3.691012
3.690957
3.690902
3.690846
3.690789
3.690733
3.690675
3.690617
3.690559
3.690499
3.690439
3.690379
3.690318
3.690256
3.690193
3.690129
3.690065
3.690000
3.689933
3.689866
3.689798
3.689729
3.689659
3.689588
3.689515
3.689442
3.689367
3.689291
3.689214
3.689135
3.689055
3.688973
3.688890
3.688806
3.688719
3.688631
3.688541
3.688449
3.688355
3.688259
3.688161
3.688061
3.687959
3.687854
3.687747
3.687637
3.687525
3.687410
3.687292
3.687171
3.687047
3.686921
3.686791
3.686658
3.686521
3.686381
3.686238
3.686091
3.685941
3.685787
3.685629
3.685467
3.685302
3.685133
3.684960
3.684783
3.684603
3.684420
3.684233
3.684043
3.683851
3.683656
3.683459
3.683261
3.683062
3.682862
3.682664
3.682466
3.682271
3.682079
3.681890
3.681705
3.681524
3.681347
3.681173
3.681003
3.680834
3.680667
3.680501
3.680335
3.680169
3.680003
3.679836
3.679667
3.679497
3.679326
3.679154
3.678979
3.678803
3.678625
3.678446
3.678264
3.678081
3.677897
3.677711
3.677524
3.677335
3.677146
3.676955
3.676763
3.676571
3.676377
3.676184
3.675989
3.675795
3.675599
3.675404
3.675208
3.675012
3.674816
3.674619
3.674423
3.674226
3.674030
3.673834
3.673638
3.673443
3.673248
3.673054
3.672860
3.672668
3.672476
3.672284
3.672093
3.671902
3.671710
3.671519
3.671327
3.671134
3.670941
3.670746
3.670550
3.670352
3.670154
3.669953
3.669751
3.669547
3.669341
3.669133
3.668923
3.668712
3.668498
3.668282
3.668064
3.667843
3.667621
3.667395
3.667168
3.666937
3.666705
3.666469
3.666231
3.665989
3.665745
3.665498
3.665247
3.664994
3.664736
3.664475
3.664211
3.663942
3.663670
3.663393
3.663113
3.662827
3.662537
3.662242
3.661941
3.661635
3.661323
3.661005
3.660681
3.660350
3.660012
3.659666
3.659312
3.658949
3.658577
3.658196
3.657804
3.657401
3.656986
3.656558
3.656117
3.655662
3.655191
3.654704
3.654199
3.653675
3.653133
3.652570
3.651986
3.651382
3.650755
3.650108
3.649441
3.648755
3.648053
3.647336
3.646609
3.645875
3.645139
3.644406
3.643679
3.642966
3.642273
3.641606
3.640966
3.640347
3.639732
3.639107
3.638468
3.637816
3.637151
3.636475
3.635787
3.635087
3.634375
3.633651
3.632915
3.632165
3.631403
3.630628
3.629838
3.629035
3.628218
3.627387
3.626541
3.625681
3.624805
3.623915
3.623009
3.622088
3.621153
3.620202
3.619236
3.618256
3.617261
3.616253
3.615231
3.614197
3.613151
3.612094
3.611026
3.609949
3.608864
3.607770
3.606671
3.605565
3.604455
3.603341
3.602224
3.601104
3.599982
3.598859
3.597735
3.596611
3.595486
3.594361
3.593235
3.592110
3.590984
3.589857
3.588730
3.587602
3.586473
3.585342
3.584210
3.583076
3.581940
3.580803
3.579663
3.578522
3.577380
3.576236
3.575093
3.573949
3.572805
3.571664
3.570523
3.569385
3.568250
3.567116
3.565986
3.564857
3.563729
3.562603
3.561478
3.560353
3.559227
3.558102
3.556976
3.555849
3.554723
3.553596
3.552470
3.551344
3.550219
3.549094
3.547969
3.546843
3.545716
3.544587
3.543455
3.542320
3.541182
3.540041
3.538899
3.537755
3.536610
3.535467
3.534326
3.533187
3.532051
3.530921
3.529796
3.528677
3.527565
3.526461
3.525364
3.524276
3.523196
3.522124
3.521060
3.520004
3.518956
3.517914
3.516879
3.515850
3.514827
3.513808
3.512794
3.511783
3.510776
3.509771
3.508768
3.507767
3.506766
3.505765
3.504764
3.503763
3.502761
3.501760
3.500760
3.499762
3.498768
3.497780
3.496800
3.495832
3.494877
3.493938
3.493018
3.492117
3.491237
3.490379
3.489544
3.488731
3.487941
3.487172
3.486425
3.485699
3.484992
3.484305
3.483637
3.482986
3.482352
3.481733
3.481130
3.480540
3.479963
3.479398
3.478843
3.478298
3.477760
3.477229
3.476704
3.476181
3.475660
3.475139
3.474615
3.474085
3.473547
3.472997
3.472429
3.471839
3.471221
3.470577
3.469912
3.469239
3.468573
3.467926
3.467301
3.466700
3.466121
3.465563
3.465023
3.464499
3.463992
3.463500
3.463024
3.462563
3.462119
3.461691
3.461278
3.460881
3.460499
3.460131
3.459777
3.459436
3.459108
3.458791
3.458486
3.458191
3.457906
3.457631
3.457365
3.457107
3.456857
3.456614
3.456379
3.456150
3.455928
3.455712
3.455502
3.455298
3.455098
3.454904
3.454715
3.454530
3.454349
3.454173
3.454001
3.453832
3.453668
3.453506
3.453349
3.453194
3.453043
3.452894
3.452749
3.452606
3.452466
3.452329
3.452194
3.452061
3.451931
3.451803
3.451677
3.451553
3.451431
3.451311
3.451193
3.451076
3.450962
3.450849
3.450737
3.450627
3.450518
3.450411
3.450305
3.450200
3.450096
3.449994
3.449893
3.449792
3.449692
3.449594
3.449496
3.449399
3.449302
3.449206
3.449110
3.449015
3.448920
3.448825
3.448730
3.448635
3.448540
3.448444
3.448348
3.448251
3.448153
3.448053
3.447952
3.447848
3.447741
3.447632
3.447518
3.447398
3.447272
3.447138
3.446993
3.446833
3.446655
3.446451
3.446210
3.445915
3.445539
3.445032
3.444314
3.443275
3.441882
3.440413
3.438843
3.436744
3.434691
3.433163
3.432034
3.431090
3.430177
3.429124
3.427689
3.425638
3.423138
3.420967
3.419559
3.418650
3.417989
3.417470
3.417042
3.416679
3.416362
3.416081
3.415829
3.415599
3.415387
3.415191
3.415009
3.414838
3.414677
3.414524
3.414380
3.414243
3.414111
3.413986
3.413866
3.413750
3.413639
3.413532
3.413428
3.413328
3.413231
3.413137
3.413046
3.412957
3.412871
3.412787
3.412706
3.412626
3.412548
3.412472
3.412398
3.412326
3.412255
3.412186
3.412118
3.412051
3.411986
3.411922
3.411859
3.411797
3.411737
3.411677
3.411619
3.411561
3.411505
3.411449
3.411394
3.411341
3.411288
3.411235
3.411184
3.411133
3.411083
3.411034
3.410985
3.410937
3.410890
3.410843
3.410797
3.410751
3.410706
3.410661
3.410618
3.410574
3.410531
3.410489
3.410447
3.410405
3.410364
3.410324
3.410283
3.410244
3.410204
3.410165
3.410127
3.410088
3.410051
3.410013
3.409976
3.409939
3.409903
3.409867
3.409831
3.409795
3.409760
3.409725
3.409690
3.409656
3.409622
3.409588
3.409554
3.409521
3.409488
3.409455
3.409422
3.409389
3.409357
3.409325
3.409293
3.409261
3.409230
3.409198
3.409167
3.409136
3.409105
3.409074
3.409044
3.409013
3.408982
3.408952
3.408922
3.408892
3.408861
3.408831
3.408801
3.408771
3.408741
3.408711
3.408681
3.408651
3.408621
3.408590
3.408560
3.408529
3.408498
3.408468
3.408436
3.408405
3.408373
3.408341
3.408308
3.408275
3.408241
3.408206
3.408170
3.408134
3.408096
3.408057
3.408016
3.407973
3.407927
3.407878
3.407826
3.407768
3.407704
3.407631
3.407547
3.407445
3.407318
3.407149
3.406909
3.406525
3.405802
3.404114
3.400692
3.391667
3.390445
3.390445
3.390339
3.390212
3.390089
3.389975
3.389870
3.389773
3.389684
3.389600
3.389520
3.389444
3.389369
3.389296
3.389225
3.389161
3.389124
3.389179
3.389477
3.389981
3.389891
3.390020
3.389788
3.390429
3.388294
3.401287
3.387303
3.386868
3.386093
3.385261
3.420959
3.391507
3.386518
12.070117
17.912474
13.646812
13.556544
13.555494
13.555463
13.555444
13.555426
13.555407
13.555389
13.555371
13.555352
13.555334
13.555315
13.555296
13.555278
13.555259
13.555239
13.555220
13.555200
13.555180
13.555160
13.555140
13.555119
13.555098
13.555076
13.555054
13.555031
13.555007
13.554983
13.554958
13.554933
13.554906
13.554878
13.554849
13.554819
13.554787
13.554754
13.554719
13.554682
13.554642
13.554599
13.554554
13.554504
13.554450
13.554390
13.554324
13.554249
13.554163
13.554064
13.553947
13.553804
13.553623
13.553381
13.553028
13.552435
13.551059
13.953648
13.633010
13.117283
9.509244
9.855996
7.306536
6.193278
5.699580
5.691887
5.681037
13.770557
14.401299
14.403779
14.402381
14.401351
14.400523
14.399826
14.399219
14.398681
14.398196
14.397754
14.397347
14.396970
14.396619
14.396289
14.395979
14.395685
14.395407
14.395143
14.394891
14.394651
14.394420
14.394200
14.393988
14.393784
14.393588
14.393399
14.393217
14.393041
14.392871
14.392706
14.392547
14.392392
14.392243
14.392097
14.391957
14.391820
14.391687
14.391558
14.391433
14.391311
14.391192
14.391077
14.390964
14.390855
14.390748
14.390644
14.390543
14.390444
14.390348
14.390254
14.390162
14.390073
14.389985
14.389900
14.389816
14.389735
14.389655
14.389577
14.389501
14.389426
14.389353
14.389281
14.389211
14.389143
14.389075
14.389009
14.388945
14.388881
14.388819
14.388757
14.388697
14.388638
14.388580
14.388523
14.388467
14.388412
14.388357
14.388304
14.388251
14.388199
14.388148
14.388098
14.388048
14.387999
14.387951
14.387903
14.387856
14.387809
14.387764
14.387718
14.387673
14.387629
14.387586
14.387542
14.387500
14.387457
14.387416
14.387374
14.387333
14.387293
14.387253
14.387213
14.387174
14.387135
14.387096
14.387058
14.387020
14.386983
14.386946
14.386909
14.386872
14.386836
14.386800
14.386765
14.386729
14.386694
14.386659
14.386625
14.386590
14.386556
14.386523
14.386489
14.386456
14.386423
14.386390
14.386357
14.386324
14.386292
14.386260
14.386228
14.386197
14.386165
14.386134
14.386103
14.386072
14.386041
14.386010
14.385980
14.385950
14.385919
14.385889
14.385859
14.385830
14.385800
14.385771
14.385741
14.385712
14.385683
14.385654
14.385625
14.385597
14.385568
14.385540
14.385511
14.385483
14.385455
14.385427
14.385399
14.385371
14.385343
14.385315
14.385287
14.385260
14.385232
14.385205
14.385178
14.385150
14.385123
14.385096
14.385069
14.385042
14.385015
14.384988
14.384961
14.384934
14.384908
14.384881
14.384854
14.384827
14.384801
14.384774
14.384748
14.384721
14.384695
14.384668
14.384642
14.384616
14.384589
14.384563
14.384536
14.384510
14.384484
14.384458
14.384431
14.384405
14.384379
14.384352
14.384326
14.384300
14.384274
14.384247
14.384221
14.384195
14.384168
14.384142
14.384116
14.384089
14.384063
14.384037
14.384010
14.383984
14.383957
14.383931
14.383904
14.383878
14.383851
14.383824
14.383798
14.383771
14.383744
14.383717
14.383690
14.383663
14.383636
14.383609
14.383582
14.383555
14.383528
14.383501
14.383473
14.383446
14.383419
14.383391
14.383363
14.383336
14.383308
14.383280
14.383252
14.383224
14.383196
14.383168
14.383140
14.383111
14.383083
14.383054
14.383025
14.382997
14.382968
14.382939
14.382910
14.382881
14.382851
14.382822
14.382792
14.382762
14.382733
14.382703
14.382673
14.382642
14.382612
14.382581
14.382551
14.382520
14.382489
14.382458
14.382427
14.382395
14.382364
14.382332
14.382300
14.382268
14.382236
14.382203
14.382170
14.382138
14.382105
14.382071
14.382038
14.382004
14.381970
14.381936
14.381902
14.381868
14.381833
14.381798
14.381763
14.381727
14.381692
14.381656
14.381620
14.381583
14.381546
14.381510
14.381472
14.381435
14.381397
14.381359
14.381321
14.381282
14.381243
14.381204
14.381164
14.381124
14.381084
14.381043
14.381002
14.380961
14.380919
14.380877
14.380835
14.380792
14.380749
14.380705
14.380661
14.380617
14.380572
14.380527
14.380481
14.380435
14.380388
14.380341
14.380294
14.380246
14.380197
14.380148
14.380098
14.380048
14.379998
14.379946
14.379895
14.379842
14.379789
14.379736
14.379681
14.379626
14.379571
14.379515
14.379458
14.379400
14.379342
14.379283
14.379223
14.379162
14.379101
14.379038
14.378975
14.378911
14.378846
14.378780
14.378714
14.378646
14.378577
14.378508
14.378437
14.378365
14.378292
14.378218
14.378143
14.378067
14.377989
14.377910
14.377830
14.377748
14.377665
14.377581
14.377495
14.377408
14.377319
14.377228
14.377136
14.377042
14.376946
14.376849
14.376749
14.376648
14.376544
14.376438
14.376330
14.376220
14.376107
14.375992
14.375875
14.375754
14.375631
14.375505
14.375376
14.375244
14.375109
14.374970
14.374828
14.374682
14.374532
14.374378
14.374220
14.374057
14.373890
14.373718
14.373540
14.373358
14.373169
14.372975
14.372774
14.372566
14.372351
14.372129
14.371899
14.371660
14.371412
14.371155
14.370887
14.370608
14.370318
14.370014
14.369697
14.369366
14.369018
14.368654
14.368271
14.367867
14.367441
14.366991
14.366514
14.366007
14.365468
14.364892
14.364276
14.363615
14.362903
14.362135
14.361302
14.360397
14.359411
14.358334
14.357157
14.355868
14.354457
14.352910
14.351213
14.349343
14.347270
14.344952
14.342338
14.339362
14.335940
14.331970
14.327318
14.321811
14.315222
14.307258
14.297538
14.285596
14.270899
14.252935
14.231375
14.206236
14.177709
14.145034
14.103404
14.034406
13.867173
13.372290
11.973647
9.794231
8.081234
8.295563
6.819453
6.981150
6.818567
6.712914
6.689736
6.672072
6.659365
6.649697
6.642104
6.635991
6.630968
6.626772
6.623216
6.620166
6.617522
6.615209
6.613169
6.611357
6.609737
6.608280
6.606964
6.605768
6.604678
6.603679
6.602762
6.601916
6.601133
6.600407
6.599732
6.599103
6.598515
6.597964
6.597447
6.596961
6.596503
6.596070
6.595662
6.595275
6.594909
6.594561
6.594230
6.593915
6.593615
6.593329
6.593055
6.592794
6.592544
6.592304
6.592074
6.591854
6.591642
6.591438
6.591242
6.591053
6.590871
6.590696
6.590527
6.590363
6.590205
6.590053
6.589905
6.589762
6.589623
6.589489
6.589358
6.589232
6.589109
6.588990
6.588873
6.588760
6.588650
6.588543
6.588439
6.588337
6.588237
6.588140
6.588045
6.587952
6.587862
6.587772
6.587685
6.587599
6.587515
6.587432
6.587351
6.587270
6.587190
6.587111
6.587033
6.586955
6.586877
6.586799
6.586720
6.586640
6.586559
6.586474
6.586387
6.586293
6.586192
6.586079
6.585948
6.585786
6.585569
6.585233
6.584574
6.582340
14.581131
23.258606
15.328848
14.104473
14.047798
13.955165
13.888241
13.765978
13.076296
8.889481
6.660393
5.195603
5.077267
11.533765
14.418852
14.088453
11.132373
9.270703
8.292604
8.142646
4.792423
4.024687
3.684186
4.591094
3.399186
5.254148
4.857957
4.473494
4.372932
4.499575
4.319089
5.111510
4.515888
5.710184
5.051350
4.646314
3.811031
3.419168
3.311091
3.275090
3.259956
3.249703
