15.226064
14.982045
14.916282
14.861776
14.814084
14.770402
14.729336
14.690426
14.653744
14.619507
14.587688
14.557854
14.529296
14.501338
14.473619
14.446198
14.419447
14.393905
14.370184
14.348835
14.330141
14.314012
14.300085
14.287879
14.276918
14.266773
14.257063
14.247437
14.237546
14.227020
14.215452
14.202376
14.187282
14.169657
14.149092
14.125448
14.099007
14.070504
14.040968
14.011510
13.983171
13.956846
13.933199
13.912570
13.894966
13.880140
13.867713
13.857277
13.848459
13.840941
13.834465
13.828830
13.823878
13.819486
13.815560
13.812022
13.808814
13.805887
13.803203
13.800730
13.798442
13.796318
13.794338
13.792487
13.790753
13.789123
13.787588
13.786140
13.784770
13.783472
13.782240
13.781070
13.779955
13.778893
13.777880
13.776911
13.775984
13.775097
13.774246
13.773430
13.772646
13.771892
13.771167
13.770468
13.769795
13.769147
13.768520
13.767916
13.767332
13.766767
13.766220
13.765691
13.765179
13.764683
13.764201
13.763734
13.763281
13.762842
13.762414
13.761999
13.761595
13.761203
13.760821
13.760449
13.760087
13.759735
13.759391
13.759057
13.758730
13.758412
13.758101
13.757798
13.757502
13.757213
13.756931
13.756655
13.756386
13.756122
13.755865
13.755613
13.755366
13.755125
13.754889
13.754658
13.754432
13.754210
13.753993
13.753780
13.753572
13.753368
13.753167
13.752971
13.752778
13.752589
13.752404
13.752222
13.752043
13.751868
13.751696
13.751527
13.751361
13.751197
13.751037
13.750880
13.750725
13.750573
13.750424
13.750277
13.750132
13.749990
13.749850
13.749713
13.749577
13.749444
13.749313
13.749184
13.749057
13.748932
13.748809
13.748688
13.748569
13.748452
13.748336
13.748222
13.748110
13.747999
13.747890
13.747782
13.747676
13.747572
13.747469
13.747367
13.747267
13.747169
13.747071
13.746975
13.746881
13.746787
13.746695
13.746604
13.746514
13.746426
13.746338
13.746252
13.746167
13.746083
13.746000
13.745918
13.745837
13.745757
13.745678
13.745600
13.745523
13.745447
13.745372
13.745298
13.745225
13.745152
13.745081
13.745010
13.744940
13.744871
13.744803
13.744735
13.744669
13.744603
13.744537
13.744473
13.744409
13.744346
13.744284
13.744222
13.744161
13.744101
13.744041
13.743982
13.743924
13.743866
13.743809
13.743753
13.743697
13.743641
13.743587
13.743532
13.743479
13.743426
13.743373
13.743321
13.743270
13.743219
13.743168
13.743118
13.743069
13.743020
13.742971
13.742923
13.742876
13.742829
13.742782
13.742736
13.742690
13.742645
13.742600
13.742556
13.742512
13.742468
13.742425
13.742382
13.742339
13.742297
13.742256
13.742215
13.742174
13.742133
13.742093
13.742053
13.742014
13.741975
13.741936
13.741898
13.741859
13.741822
13.741784
13.741747
13.741710
13.741674
13.741638
13.741602
13.741566
13.741531
13.741496
13.741462
13.741427
13.741393
13.741359
13.741326
13.741293
13.741260
13.741227
13.741195
13.741162
13.741131
13.741099
13.741068
13.741036
13.741005
13.740975
13.740944
13.740914
13.740884
13.740855
13.740825
13.740796
13.740767
13.740738
13.740709
13.740681
13.740653
13.740625
13.740597
13.740570
13.740542
13.740515
13.740488
13.740462
13.740435
13.740409
13.740383
13.740357
13.740331
13.740305
13.740280
13.740255
13.740230
13.740205
13.740180
13.740156
13.740131
13.740107
13.740083
13.740059
13.740036
13.740012
13.739989
13.739966
13.739943
13.739920
13.739897
13.739875
13.739852
13.739830
13.739808
13.739786
13.739764
13.739743
13.739721
13.739700
13.739679
13.739657
13.739636
13.739616
13.739595
13.739574
13.739554
13.739534
13.739514
13.739494
13.739474
13.739454
13.739434
13.739415
13.739396
13.739376
13.739357
13.739338
13.739319
13.739300
13.739282
13.739263
13.739245
13.739226
13.739208
13.739190
13.739172
13.739154
13.739137
13.739119
13.739101
13.739084
13.739067
13.739049
13.739032
13.739015
13.738998
13.738981
13.738965
13.738948
13.738931
13.738915
13.738899
13.738882
13.738866
13.738850
13.738834
13.738818
13.738802
13.738787
13.738771
13.738756
13.738740
13.738725
13.738710
13.738694
13.738679
13.738664
13.738649
13.738635
13.738620
13.738605
13.738591
13.738576
13.738562
13.738547
13.738533
13.738519
13.738505
13.738491
13.738477
13.738463
13.738449
13.738435
13.738421
13.738408
13.738394
13.738381
13.738367
13.738354
13.738341
13.738328
13.738315
13.738302
13.738289
13.738276
13.738263
13.738250
13.738237
13.738225
13.738212
13.738200
13.738187
13.738175
13.738162
13.738150
13.738138
13.738126
13.738114
13.738102
13.738090
13.738078
13.738066
13.738054
13.738043
13.738031
13.738019
13.738008
13.737996
13.737985
13.737973
13.737962
13.737951
13.737940
13.737928
13.737917
13.737906
13.737895
13.737884
13.737873
13.737863
13.737852
13.737841
13.737830
13.737820
13.737809
13.737799
13.737788
13.737778
13.737767
13.737757
13.737747
13.737736
13.737726
13.737716
13.737706
13.737696
13.737686
13.737676
13.737666
13.737656
13.737646
13.737636
13.737627
13.737617
13.737607
13.737598
13.737588
13.737579
13.737569
13.737560
13.737550
13.737541
13.737532
13.737522
13.737513
13.737504
13.737495
13.737486
13.737476
13.737467
13.737458
13.737449
13.737441
13.737432
13.737423
13.737414
13.737405
13.737396
13.737388
13.737379
13.737371
13.737362
13.737353
13.737345
13.737336
13.737328
13.737320
13.737311
13.737303
13.737295
13.737286
13.737278
13.737270
13.737262
13.737254
13.737245
13.737237
13.737229
13.737221
13.737213
13.737205
13.737198
13.737190
13.737182
13.737174
13.737166
13.737159
13.737151
13.737143
13.737136
13.737128
13.737120
13.737113
13.737105
13.737098
13.737090
13.737083
13.737075
13.737068
13.737061
13.737053
13.737046
13.737039
13.737032
13.737024
13.737017
13.737010
13.737003
13.736996
13.736989
13.736982
13.736975
13.736968
13.736961
13.736954
13.736947
13.736940
13.736933
13.736926
13.736920
13.736913
13.736906
13.736899
13.736893
13.736886
13.736879
13.736873
13.736866
13.736859
13.736853
13.736846
13.736840
13.736833
13.736827
13.736821
13.736814
13.736808
13.736801
13.736795
13.736789
13.736782
13.736776
13.736770
13.736764
13.736757
13.736751
13.736745
13.736739
13.736733
13.736727
13.736721
13.736715
13.736709
13.736703
13.736697
13.736691
13.736685
13.736679
13.736673
13.736667
13.736661
13.736655
13.736650
13.736644
13.736638
13.736632
13.736626
13.736621
13.736615
13.736609
13.736604
13.736598
13.736592
13.736587
13.736581
13.736576
13.736570
13.736565
13.736559
13.736554
13.736548
13.736543
13.736537
13.736532
13.736527
13.736521
13.736516
13.736510
13.736505
13.736500
13.736495
13.736489
13.736484
13.736479
13.736474
13.736468
13.736463
13.736458
13.736453
13.736448
13.736443
13.736437
13.736432
13.736427
13.736422
13.736417
13.736412
13.736407
13.736402
13.736397
13.736392
13.736387
13.736382
13.736378
13.736373
13.736368
13.736363
13.736358
13.736353
13.736348
13.736344
13.736339
13.736334
13.736329
13.736325
13.736320
13.736315
13.736311
13.736306
13.736301
13.736297
13.736292
13.736287
13.736283
13.736278
13.736274
13.736269
13.736264
13.736260
13.736255
13.736251
13.736246
13.736242
13.736237
13.736233
13.736229
13.736224
13.736220
13.736215
13.736211
13.736207
13.736202
13.736198
13.736194
13.736189
13.736185
13.736181
13.736176
13.736172
13.736168
13.736164
13.736159
13.736155
13.736151
13.736147
13.736143
13.736138
13.736134
13.736130
13.736126
13.736122
13.736118
13.736114
13.736110
13.736106
13.736101
13.736097
13.736093
13.736089
13.736085
13.736081
13.736077
13.736073
13.736069
13.736065
13.736062
13.736058
13.736054
13.736050
13.736046
13.736042
13.736038
13.736034
13.736030
13.736027
13.736023
13.736019
13.736015
13.736011
13.736008
13.736004
13.736000
13.735996
13.735992
13.735989
13.735985
13.735981
13.735978
13.735974
13.735970
13.735967
13.735963
13.735959
13.735956
13.735952
13.735948
13.735945
13.735941
13.735938
13.735934
13.735930
13.735927
13.735923
13.735920
13.735916
13.735913
13.735909
13.735906
13.735902
13.735899
13.735895
13.735892
13.735888
13.735885
13.735881
13.735878
13.735874
13.735871
13.735868
13.735864
13.735861
13.735858
13.735854
13.735851
13.735847
13.735844
13.735841
13.735837
13.735834
13.735831
13.735828
13.735824
13.735821
13.735818
13.735814
13.735811
13.735808
13.735805
13.735801
13.735798
13.735795
13.735792
13.735789
13.735785
13.735782
13.735779
13.735776
13.735773
13.735770
13.735766
13.735763
13.735760
13.735757
13.735754
13.735751
13.735748
13.735745
13.735742
13.735739
13.735735
13.735732
13.735729
13.735726
13.735723
13.735720
13.735717
13.735714
13.735711
13.735708
13.735705
13.735702
13.735699
13.735696
13.735693
13.735690
13.735688
13.735685
13.735682
13.735679
13.735676
13.735673
13.735670
13.735667
13.735664
13.735661
13.735658
13.735656
13.735653
13.735650
13.735647
13.735644
13.735641
13.735639
13.735636
13.735633
13.735630
13.735627
13.735625
13.735622
13.735619
13.735616
13.735613
13.735611
13.735608
13.735605
13.735602
13.735600
13.735597
13.735594
13.735592
13.735589
13.735586
13.735584
13.735581
13.735578
13.735575
13.735573
13.735570
13.735568
13.735565
13.735562
13.735560
13.735557
13.735554
13.735552
13.735549
13.735547
13.735544
13.735541
13.735539
13.735536
13.735534
13.735531
13.735528
13.735526
13.735523
13.735521
13.735518
13.735516
13.735513
13.735511
13.735508
13.735506
13.735503
13.735501
13.735498
13.735496
13.735493
13.735491
13.735488
13.735486
13.735483
13.735481
13.735478
13.735476
13.735473
13.735471
13.735469
13.735466
13.735464
13.735461
13.735459
13.735457
13.735454
13.735452
13.735449
13.735447
13.735445
13.735442
13.735440
13.735438
13.735435
13.735433
13.735431
13.735428
13.735426
13.735424
13.735421
13.735419
13.735417
13.735414
13.735412
13.735410
13.735407
13.735405
13.735403
13.735400
13.735398
13.735396
13.735394
13.735391
13.735389
13.735387
13.735385
13.735382
13.735380
13.735378
13.735376
13.735374
13.735371
13.735369
13.735367
13.735365
13.735362
13.735360
13.735358
13.735356
13.735354
13.735352
13.735349
13.735347
13.735345
13.735343
13.735341
13.735339
13.735336
13.735334
13.735332
13.735330
13.735328
13.735326
13.735324
13.735322
13.735319
13.735317
13.735315
13.735313
13.735311
13.735309
13.735307
13.735305
13.735303
13.735301
13.735299
13.735297
13.735295
13.735292
13.735290
13.735288
13.735286
13.735284
13.735282
13.735280
13.735278
13.735276
13.735274
13.735272
13.735270
13.735268
13.735266
13.735264
13.735262
13.735260
13.735258
13.735256
13.735254
13.735252
13.735250
13.735248
13.735246
13.735244
13.735242
13.735241
13.735239
13.735237
13.735235
13.735233
13.735231
13.735229
13.735227
13.735225
13.735223
13.735221
13.735219
13.735217
13.735216
13.735214
13.735212
13.735210
13.735208
13.735206
13.735204
13.735202
13.735200
13.735199
13.735197
13.735195
13.735193
13.735191
13.735189
13.735187
13.735186
13.735184
13.735182
13.735180
13.735178
13.735176
13.735175
13.735173
13.735171
13.735169
13.735167
13.735166
13.735164
13.735162
13.735160
13.735158
13.735157
13.735155
13.735153
13.735151
13.735150
13.735148
13.735146
13.735144
13.735142
13.735141
13.735139
13.735137
13.735135
13.735134
13.735132
13.735130
13.735129
13.735127
13.735125
13.735123
13.735122
13.735120
13.735118
13.735116
13.735115
13.735113
13.735111
13.735110
13.735108
13.735106
13.735105
13.735103
13.735101
13.735100
13.735098
13.735096
13.735094
13.735093
13.735091
13.735089
13.735088
13.735086
13.735085
13.735083
13.735081
13.735080
13.735078
13.735076
13.735075
13.735073
13.735071
13.735070
13.735068
13.735067
13.735065
13.735063
13.735062
13.735060
13.735058
13.735057
13.735055
13.735054
13.735052
13.735050
13.735049
13.735047
13.735046
13.735044
13.735043
13.735041
13.735039
13.735038
13.735036
13.735035
13.735033
13.735032
13.735030
13.735028
13.735027
13.735025
13.735024
13.735022
13.735021
13.735019
13.735018
13.735016
13.735015
13.735013
13.735012
13.735010
13.735008
13.735007
13.735005
13.735004
13.735002
13.735001
13.734999
13.734998
13.734996
13.734995
13.734993
13.734992
13.734990
13.734989
13.734987
13.734986
13.734984
13.734983
13.734982
13.734980
13.734979
13.734977
13.734976
13.734974
13.734973
13.734971
13.734970
13.734968
13.734967
13.734965
13.734964
13.734963
13.734961
13.734960
13.734958
13.734957
13.734955
13.734954
13.734953
13.734951
13.734950
13.734948
13.734947
13.734945
13.734944
13.734943
13.734941
13.734940
13.734938
13.734937
13.734936
13.734934
13.734933
13.734931
13.734930
13.734929
13.734927
13.734926
13.734925
13.734923
13.734922
13.734920
13.734919
13.734918
13.734916
13.734915
13.734914
13.734912
13.734911
13.734909
13.734908
13.734907
13.734905
13.734904
13.734903
13.734901
13.734900
13.734899
13.734897
13.734896
13.734895
13.734893
13.734892
13.734891
13.734889
13.734888
13.734887
13.734885
13.734884
13.734883
13.734881
13.734880
13.734879
13.734878
13.734876
13.734875
13.734874
13.734872
13.734871
13.734870
13.734868
13.734867
13.734866
13.734865
13.734863
13.734862
13.734861
13.734859
13.734858
13.734857
13.734856
13.734854
13.734853
13.734852
13.734851
13.734849
13.734848
13.734847
13.734846
13.734844
13.734843
13.734842
13.734841
13.734839
13.734838
13.734837
13.734836
13.734834
13.734833
13.734832
13.734831
13.734829
13.734828
13.734827
13.734826
13.734824
13.734823
13.734822
13.734821
13.734820
13.734818
13.734817
13.734816
13.734815
13.734814
13.734812
13.734811
13.734810
13.734809
13.734808
13.734806
13.734805
13.734804
13.734803
13.734802
13.734800
13.734799
13.734798
13.734797
13.734796
13.734794
13.734793
13.734792
13.734791
13.734790
13.734789
13.734787
13.734786
13.734785
13.734784
13.734783
13.734782
13.734780
13.734779
13.734778
13.734777
13.734776
13.734775
13.734773
13.734772
13.734771
13.734770
13.734769
13.734768
13.734767
13.734765
13.734764
13.734763
13.734762
13.734761
13.734760
13.734759
13.734758
13.734756
13.734755
13.734754
13.734753
13.734752
13.734751
13.734750
13.734749
13.734747
13.734746
13.734745
13.734744
13.734743
13.734742
13.734741
13.734740
13.734739
13.734738
13.734736
13.734735
13.734734
13.734733
13.734732
13.734731
13.734730
13.734729
13.734728
13.734727
13.734726
13.734724
13.734723
13.734722
13.734721
13.734720
13.734719
13.734718
13.734717
13.734716
13.734715
13.734714
13.734713
13.734712
13.734711
13.734710
13.734708
13.734707
13.734706
13.734705
13.734704
13.734703
13.734702
13.734701
13.734700
13.734699
13.734698
13.734697
13.734696
13.734695
13.734694
13.734693
13.734692
13.734691
13.734690
13.734689
13.734688
13.734687
13.734686
13.734684
13.734683
13.734682
13.734681
13.734680
13.734679
13.734678
13.734677
13.734676
13.734675
13.734674
13.734673
13.734672
13.734671
13.734670
13.734669
13.734668
13.734667
13.734666
13.734665
13.734664
13.734663
13.734662
13.734661
13.734660
13.734659
13.734658
13.734657
13.734656
13.734655
13.734654
13.734653
13.734652
13.734651
13.734650
13.734649
13.734648
13.734647
13.734646
13.734646
13.734645
13.734644
13.734643
13.734642
13.734641
13.734640
13.734639
13.734638
13.734637
13.734636
13.734635
13.734634
13.734633
13.734632
13.734631
13.734630
13.734629
13.734628
13.734627
13.734626
13.734625
13.734624
13.734623
13.734622
13.734622
13.734621
13.734620
13.734619
13.734618
13.734617
13.734616
13.734615
13.734614
13.734613
13.734612
13.734611
13.734610
13.734609
13.734608
13.734608
13.734607
13.734606
13.734605
13.734604
13.734603
13.734602
13.734601
13.734600
13.734599
13.734598
13.734597
13.734596
13.734596
13.734595
13.734594
13.734593
13.734592
13.734591
13.734590
13.734589
13.734588
13.734587
13.734587
13.734586
13.734585
13.734584
13.734583
13.734582
13.734581
13.734580
13.734579
13.734578
13.734578
13.734577
13.734576
13.734575
13.734574
13.734573
13.734572
13.734571
13.734570
13.734570
13.734569
13.734568
13.734567
13.734566
13.734565
13.734564
13.734563
13.734563
13.734562
13.734561
13.734560
13.734559
13.734558
13.734557
13.734557
13.734556
13.734555
13.734554
13.734553
13.734552
13.734551
13.734550
13.734550
13.734549
13.734548
13.734547
13.734546
13.734545
13.734544
13.734544
13.734543
13.734542
13.734541
13.734540
13.734539
13.734539
13.734538
13.734537
13.734536
13.734535
13.734534
13.734534
13.734533
13.734532
13.734531
13.734530
13.734529
13.734529
13.734528
13.734527
13.734526
13.734525
13.734524
13.734524
13.734523
13.734522
13.734521
13.734520
13.734519
13.734519
13.734518
13.734517
13.734516
13.734515
13.734514
13.734514
13.734513
13.734512
13.734511
13.734510
13.734510
13.734509
13.734508
13.734507
13.734506
13.734506
13.734505
13.734504
13.734503
13.734502
13.734502
13.734501
13.734500
13.734499
13.734498
13.734498
13.734497
13.734496
13.734495
13.734494
13.734494
13.734493
13.734492
13.734491
13.734490
13.734490
13.734489
13.734488
13.734487
13.734486
13.734486
13.734485
13.734484
13.734483
13.734483
13.734482
13.734481
13.734480
13.734479
13.734479
13.734478
13.734477
13.734476
13.734476
13.734475
13.734474
13.734473
13.734472
13.734472
13.734471
13.734470
13.734469
13.734469
13.734468
13.734467
13.734466
13.734466
13.734465
13.734464
13.734463
13.734462
13.734462
13.734461
13.734460
13.734459
13.734459
13.734458
13.734457
13.734456
13.734456
13.734455
13.734454
13.734453
13.734453
13.734452
13.734451
13.734450
13.734450
13.734449
13.734448
13.734447
13.734447
13.734446
13.734445
13.734444
13.734444
13.734443
13.734442
13.734442
13.734441
13.734440
13.734439
13.734439
13.734438
13.734437
13.734436
13.734436
13.734435
13.734434
13.734433
13.734433
13.734432
13.734431
13.734431
13.734430
13.734429
13.734428
13.734428
13.734427
13.734426
13.734425
13.734425
13.734424
13.734423
13.734423
13.734422
13.734421
13.734420
13.734420
13.734419
13.734418
13.734418
13.734417
13.734416
13.734415
13.734415
13.734414
13.734413
13.734413
13.734412
13.734411
13.734410
13.734410
13.734409
13.734408
13.734408
13.734407
13.734406
13.734406
13.734405
13.734404
13.734403
13.734403
13.734402
13.734401
13.734401
13.734400
13.734399
13.734399
13.734398
13.734397
13.734396
13.734396
13.734395
13.734394
13.734394
13.734393
13.734392
13.734392
13.734391
13.734390
13.734390
13.734389
13.734388
13.734387
13.734387
13.734386
13.734385
13.734385
13.734384
13.734383
13.734383
13.734382
13.734381
13.734381
13.734380
13.734379
13.734379
13.734378
13.734377
13.734377
13.734376
13.734375
13.734375
13.734374
13.734373
13.734373
13.734372
13.734371
13.734371
13.734370
13.734369
13.734369
13.734368
13.734367
13.734367
13.734366
13.734365
13.734365
13.734364
13.734363
13.734363
13.734362
13.734361
13.734361
13.734360
13.734359
13.734359
13.734358
13.734357
13.734357
13.734356
13.734355
13.734355
13.734354
13.734353
13.734353
13.734352
13.734351
13.734351
13.734350
13.734349
13.734349
13.734348
13.734347
13.734347
13.734346
13.734346
13.734345
13.734344
13.734344
13.734343
13.734342
13.734342
13.734341
13.734340
13.734340
13.734339
13.734338
13.734338
13.734337
13.734337
13.734336
13.734335
13.734335
13.734334
13.734333
13.734333
13.734332
13.734331
13.734331
13.734330
13.734330
13.734329
13.734328
13.734328
13.734327
13.734326
13.734326
13.734325
13.734324
13.734324
13.734323
13.734323
13.734322
13.734321
13.734321
13.734320
13.734319
13.734319
13.734318
13.734318
13.734317
13.734316
13.734316
13.734315
13.734314
13.734314
13.734313
13.734313
13.734312
13.734311
13.734311
13.734310
13.734310
13.734309
13.734308
13.734308
13.734307
13.734306
13.734306
13.734305
13.734305
13.734304
13.734303
13.734303
13.734302
13.734302
13.734301
13.734300
13.734300
13.734299
13.734299
13.734298
13.734297
13.734297
13.734296
13.734296
13.734295
13.734294
13.734294
13.734293
13.734292
13.734292
13.734291
13.734291
13.734290
13.734289
13.734289
13.734288
13.734288
13.734287
13.734286
13.734286
13.734285
13.734285
13.734284
13.734284
13.734283
13.734282
13.734282
13.734281
13.734281
13.734280
13.734279
13.734279
13.734278
13.734278
13.734277
13.734276
13.734276
13.734275
13.734275
13.734274
13.734273
13.734273
13.734272
13.734272
13.734271
13.734271
13.734270
13.734269
13.734269
13.734268
13.734268
13.734267
13.734266
13.734266
13.734265
13.734265
13.734264
13.734264
13.734263
13.734262
13.734262
13.734261
13.734261
13.734260
13.734259
13.734259
13.734258
13.734258
13.734257
13.734257
13.734256
13.734255
13.734255
13.734254
13.734254
13.734253
13.734253
13.734252
13.734251
13.734251
13.734250
13.734250
13.734249
13.734249
13.734248
13.734247
13.734247
13.734246
13.734246
13.734245
13.734245
13.734244
13.734243
13.734243
13.734242
13.734242
13.734241
13.734241
13.734240
13.734240
13.734239
13.734238
13.734238
13.734237
13.734237
13.734236
13.734236
13.734235
13.734234
13.734234
13.734233
13.734233
13.734232
13.734232
13.734231
13.734231
13.734230
13.734229
13.734229
13.734228
13.734228
13.734227
13.734227
13.734226
13.734226
13.734225
13.734224
13.734224
13.734223
13.734223
13.734222
13.734222
13.734221
13.734221
13.734220
13.734219
13.734219
13.734218
13.734218
13.734217
13.734217
13.734216
13.734216
13.734215
13.734215
13.734214
13.734213
13.734213
13.734212
13.734212
13.734211
13.734211
13.734210
13.734210
13.734209
13.734209
13.734208
13.734207
13.734207
13.734206
13.734206
13.734205
13.734205
13.734204
13.734204
13.734203
13.734203
13.734202
13.734202
13.734201
13.734200
13.734200
13.734199
13.734199
13.734198
13.734198
13.734197
13.734197
13.734196
13.734196
13.734195
13.734195
13.734194
13.734194
13.734193
13.734192
13.734192
13.734191
13.734191
13.734190
13.734190
13.734189
13.734189
13.734188
13.734188
13.734187
13.734187
13.734186
13.734186
13.734185
13.734184
13.734184
13.734183
13.734183
13.734182
13.734182
13.734181
13.734181
13.734180
13.734180
13.734179
13.734179
13.734178
13.734178
13.734177
13.734177
13.734176
13.734176
13.734175
13.734175
13.734174
13.734173
13.734173
13.734172
13.734172
13.734171
13.734171
13.734170
13.734170
13.734169
13.734169
13.734168
13.734168
13.734167
13.734167
13.734166
13.734166
13.734165
13.734165
13.734164
13.734164
13.734163
13.734163
13.734162
13.734162
13.734161
13.734161
13.734160
13.734159
13.734159
13.734158
13.734158
13.734157
13.734157
13.734156
13.734156
13.734155
13.734155
13.734154
13.734154
13.734153
13.734153
13.734152
13.734152
13.734151
13.734151
13.734150
13.734150
13.734149
13.734149
13.734148
13.734148
13.734147
13.734147
13.734146
13.734146
13.734145
13.734145
13.734144
13.734144
13.734143
13.734143
13.734142
13.734142
13.734141
13.734141
13.734140
13.734140
13.734139
13.734139
13.734138
13.734138
13.734137
13.734137
13.734136
13.734136
13.734135
13.734135
13.734134
13.734134
13.734133
13.734133
13.734132
13.734132
13.734131
13.734131
13.734130
13.734130
13.734129
13.734129
13.734128
13.734128
13.734127
13.734127
13.734126
13.734126
13.734125
13.734125
13.734124
13.734124
13.734123
13.734123
13.734122
13.734122
13.734121
13.734121
13.734120
13.734120
13.734119
13.734119
13.734118
13.734118
13.734117
13.734117
13.734116
13.734116
13.734115
13.734115
13.734114
13.734114
13.734113
13.734113
13.734112
13.734112
13.734111
13.734111
13.734110
13.734110
13.734109
13.734109
13.734108
13.734108
13.734107
13.734107
13.734106
13.734106
13.734105
13.734105
13.734104
13.734104
13.734103
13.734103
13.734102
13.734102
13.734101
13.734101
13.734100
13.734100
13.734100
13.734099
13.734099
13.734098
13.734098
13.734097
13.734097
13.734096
13.734096
13.734095
13.734095
13.734094
13.734094
13.734093
13.734093
13.734092
13.734092
13.734091
13.734091
13.734090
13.734090
13.734089
13.734089
13.734088
13.734088
13.734087
13.734087
13.734086
13.734086
13.734085
13.734085
13.734084
13.734084
13.734084
13.734083
13.734083
13.734082
13.734082
13.734081
13.734081
13.734080
13.734080
13.734079
13.734079
13.734078
13.734078
13.734077
13.734077
13.734076
13.734076
13.734075
13.734075
13.734074
13.734074
13.734073
13.734073
13.734072
13.734072
13.734072
13.734071
13.734071
13.734070
13.734070
13.734069
13.734069
13.734068
13.734068
13.734067
13.734067
13.734066
13.734066
13.734065
13.734065
13.734064
13.734064
13.734063
13.734063
13.734062
13.734062
13.734062
13.734061
13.734061
13.734060
13.734060
13.734059
13.734059
13.734058
13.734058
13.734057
13.734057
13.734056
13.734056
13.734055
13.734055
13.734054
13.734054
13.734053
13.734053
13.734052
13.734052
13.734052
13.734051
13.734051
13.734050
13.734050
13.734049
13.734049
13.734048
13.734048
13.734047
13.734047
13.734046
13.734046
13.734045
13.734045
13.734044
13.734044
13.734044
13.734043
13.734043
13.734042
13.734042
13.734041
13.734041
13.734040
13.734040
13.734039
13.734039
13.734038
13.734038
13.734037
13.734037
13.734036
13.734036
13.734035
13.734035
13.734035
13.734034
13.734034
13.734033
13.734033
13.734032
13.734032
13.734031
13.734031
13.734030
13.734030
13.734029
13.734029
13.734028
13.734028
13.734028
13.734027
13.734027
13.734026
13.734026
13.734025
13.734025
13.734024
13.734024
13.734023
13.734023
13.734022
13.734022
13.734021
13.734021
13.734020
13.734020
13.734020
13.734019
13.734019
13.734018
13.734018
13.734017
13.734017
13.734016
13.734016
13.734015
13.734015
13.734014
13.734014
13.734013
13.734013
13.734012
13.734012
13.734012
13.734011
13.734011
13.734010
13.734010
13.734009
13.734009
13.734008
13.734008
13.734007
13.734007
13.734006
13.734006
13.734005
13.734005
13.734005
13.734004
13.734004
13.734003
13.734003
13.734002
13.734002
13.734001
13.734001
13.734000
13.734000
13.733999
13.733999
13.733998
13.733998
13.733998
13.733997
13.733997
13.733996
13.733996
13.733995
13.733995
13.733994
13.733994
13.733993
13.733993
13.733992
13.733992
13.733991
13.733991
13.733991
13.733990
13.733990
13.733989
13.733989
13.733988
13.733988
13.733987
13.733987
13.733986
13.733986
13.733985
13.733985
13.733984
13.733984
13.733983
13.733983
13.733983
13.733982
13.733982
13.733981
13.733981
13.733980
13.733980
13.733979
13.733979
13.733978
13.733978
13.733977
13.733977
13.733976
13.733976
13.733976
13.733975
13.733975
13.733974
13.733974
13.733973
13.733973
13.733972
13.733972
13.733971
13.733971
13.733970
13.733970
13.733969
13.733969
13.733968
13.733968
13.733968
13.733967
13.733967
13.733966
13.733966
13.733965
13.733965
13.733964
13.733964
13.733963
13.733963
13.733962
13.733962
13.733961
13.733961
13.733960
13.733960
13.733960
13.733959
13.733959
13.733958
13.733958
13.733957
13.733957
13.733956
13.733956
13.733955
13.733955
13.733954
13.733954
13.733953
13.733953
13.733952
13.733952
13.733951
13.733951
13.733951
13.733950
13.733950
13.733949
13.733949
13.733948
13.733948
13.733947
13.733947
13.733946
13.733946
13.733945
13.733945
13.733944
13.733944
13.733943
13.733943
13.733942
13.733942
13.733942
13.733941
13.733941
13.733940
13.733940
13.733939
13.733939
13.733938
13.733938
13.733937
13.733937
13.733936
13.733936
13.733935
13.733935
13.733934
13.733934
13.733933
13.733933
13.733932
13.733932
13.733932
13.733931
13.733931
13.733930
13.733930
13.733929
13.733929
13.733928
13.733928
13.733927
13.733927
13.733926
13.733926
13.733925
13.733925
13.733924
13.733924
13.733923
13.733923
13.733922
13.733922
13.733921
13.733921
13.733920
13.733920
13.733919
13.733919
13.733919
13.733918
13.733918
13.733917
13.733917
13.733916
13.733916
13.733915
13.733915
13.733914
13.733914
13.733913
13.733913
13.733912
13.733912
13.733911
13.733911
13.733910
13.733910
13.733909
13.733909
13.733908
13.733908
13.733907
13.733907
13.733906
13.733906
13.733905
13.733905
13.733904
13.733904
13.733903
13.733903
13.733902
13.733902
13.733901
13.733901
13.733900
13.733900
13.733899
13.733899
13.733898
13.733898
13.733898
13.733897
13.733897
13.733896
13.733896
13.733895
13.733895
13.733894
13.733894
13.733893
13.733893
13.733892
13.733892
13.733891
13.733891
13.733890
13.733890
13.733889
13.733889
13.733888
13.733888
13.733887
13.733887
13.733886
13.733886
13.733885
13.733885
13.733884
13.733884
13.733883
13.733883
13.733882
13.733882
13.733881
13.733881
13.733880
13.733880
13.733879
13.733879
13.733878
13.733878
13.733877
13.733877
13.733876
13.733876
13.733875
13.733875
13.733874
13.733873
13.733873
13.733872
13.733872
13.733871
13.733871
13.733870
13.733870
13.733869
13.733869
13.733868
13.733868
13.733867
13.733867
13.733866
13.733866
13.733865
13.733865
13.733864
13.733864
13.733863
13.733863
13.733862
13.733862
13.733861
13.733861
13.733860
13.733860
13.733859
13.733859
13.733858
13.733858
13.733857
13.733857
13.733856
13.733855
13.733855
13.733854
13.733854
13.733853
13.733853
13.733852
13.733852
13.733851
13.733851
13.733850
13.733850
13.733849
13.733849
13.733848
13.733848
13.733847
13.733847
13.733846
13.733845
13.733845
13.733844
13.733844
13.733843
13.733843
13.733842
13.733842
13.733841
13.733841
13.733840
13.733840
13.733839
13.733839
13.733838
13.733837
13.733837
13.733836
13.733836
13.733835
13.733835
13.733834
13.733834
13.733833
13.733833
13.733832
13.733832
13.733831
13.733830
13.733830
13.733829
13.733829
13.733828
13.733828
13.733827
13.733827
13.733826
13.733826
13.733825
13.733824
13.733824
13.733823
13.733823
13.733822
13.733822
13.733821
13.733821
13.733820
13.733819
13.733819
13.733818
13.733818
13.733817
13.733817
13.733816
13.733816
13.733815
13.733814
13.733814
13.733813
13.733813
13.733812
13.733812
13.733811
13.733810
13.733810
13.733809
13.733809
13.733808
13.733808
13.733807
13.733807
13.733806
13.733805
13.733805
13.733804
13.733804
13.733803
13.733802
13.733802
13.733801
13.733801
13.733800
13.733800
13.733799
13.733798
13.733798
13.733797
13.733797
13.733796
13.733796
13.733795
13.733794
13.733794
13.733793
13.733793
13.733792
13.733791
13.733791
13.733790
13.733790
13.733789
13.733788
13.733788
13.733787
13.733787
13.733786
13.733786
13.733785
13.733784
13.733784
13.733783
13.733783
13.733782
13.733781
13.733781
13.733780
13.733780
13.733779
13.733778
13.733778
13.733777
13.733776
13.733776
13.733775
13.733775
13.733774
13.733773
13.733773
13.733772
13.733772
13.733771
13.733770
13.733770
13.733769
13.733768
13.733768
13.733767
13.733767
13.733766
13.733765
13.733765
13.733764
13.733764
13.733763
13.733762
13.733762
13.733761
13.733760
13.733760
13.733759
13.733758
13.733758
13.733757
13.733757
13.733756
13.733755
13.733755
13.733754
13.733753
13.733753
13.733752
13.733751
13.733751
13.733750
13.733749
13.733749
13.733748
13.733748
13.733747
13.733746
13.733746
13.733745
13.733744
13.733744
13.733743
13.733742
13.733742
13.733741
13.733740
13.733740
13.733739
13.733738
13.733738
13.733737
13.733736
13.733736
13.733735
13.733734
13.733734
13.733733
13.733732
13.733732
13.733731
13.733730
13.733729
13.733729
13.733728
13.733727
13.733727
13.733726
13.733725
13.733725
13.733724
13.733723
13.733723
13.733722
13.733721
13.733720
13.733720
13.733719
13.733718
13.733718
13.733717
13.733716
13.733716
13.733715
13.733714
13.733713
13.733713
13.733712
13.733711
13.733711
13.733710
13.733709
13.733708
13.733708
13.733707
13.733706
13.733705
13.733705
13.733704
13.733703
13.733703
13.733702
13.733701
13.733700
13.733700
13.733699
13.733698
13.733697
13.733697
13.733696
13.733695
13.733694
13.733694
13.733693
13.733692
13.733691
13.733691
13.733690
13.733689
13.733688
13.733688
13.733687
13.733686
13.733685
13.733684
13.733684
13.733683
13.733682
13.733681
13.733681
13.733680
13.733679
13.733678
13.733677
13.733677
13.733676
13.733675
13.733674
13.733673
13.733673
13.733672
13.733671
13.733670
13.733669
13.733669
13.733668
13.733667
13.733666
13.733665
13.733665
13.733664
13.733663
13.733662
13.733661
13.733660
13.733660
13.733659
13.733658
13.733657
13.733656
13.733655
13.733655
13.733654
13.733653
13.733652
13.733651
13.733650
13.733650
13.733649
13.733648
13.733647
13.733646
13.733645
13.733644
13.733644
13.733643
13.733642
13.733641
13.733640
13.733639
13.733638
13.733637
13.733637
13.733636
13.733635
13.733634
13.733633
13.733632
13.733631
13.733630
13.733629
13.733628
13.733628
13.733627
13.733626
13.733625
13.733624
13.733623
13.733622
13.733621
13.733620
13.733619
13.733618
13.733617
13.733616
13.733616
13.733615
13.733614
13.733613
13.733612
13.733611
13.733610
13.733609
13.733608
13.733607
13.733606
13.733605
13.733604
13.733603
13.733602
13.733601
13.733600
13.733599
13.733598
13.733597
13.733596
13.733595
13.733594
13.733593
13.733592
13.733591
13.733590
13.733589
13.733588
13.733587
13.733586
13.733585
13.733584
13.733583
13.733582
13.733581
13.733580
13.733579
13.733578
13.733577
13.733576
13.733575
13.733573
13.733572
13.733571
13.733570
13.733569
13.733568
13.733567
13.733566
13.733565
13.733564
13.733563
13.733562
13.733560
13.733559
13.733558
13.733557
13.733556
13.733555
13.733554
13.733553
13.733551
13.733550
13.733549
13.733548
13.733547
13.733546
13.733545
13.733543
13.733542
13.733541
13.733540
13.733539
13.733538
13.733536
13.733535
13.733534
13.733533
13.733532
13.733530
13.733529
13.733528
13.733527
13.733526
13.733524
13.733523
13.733522
13.733521
13.733519
13.733518
13.733517
13.733516
13.733514
13.733513
13.733512
13.733511
13.733509
13.733508
13.733507
13.733505
13.733504
13.733503
13.733501
13.733500
13.733499
13.733498
13.733496
13.733495
13.733494
13.733492
13.733491
13.733490
13.733488
13.733487
13.733485
13.733484
13.733483
13.733481
13.733480
13.733478
13.733477
13.733476
13.733474
13.733473
13.733471
13.733470
13.733469
13.733467
13.733466
13.733464
13.733463
13.733461
13.733460
13.733458
13.733457
13.733455
13.733454
13.733452
13.733451
13.733449
13.733448
13.733446
13.733445
13.733443
13.733442
13.733440
13.733439
13.733437
13.733436
13.733434
13.733432
13.733431
13.733429
13.733428
13.733426
13.733424
13.733423
13.733421
13.733420
13.733418
13.733416
13.733415
13.733413
13.733411
13.733410
13.733408
13.733406
13.733404
13.733403
13.733401
13.733399
13.733398
13.733396
13.733394
13.733392
13.733391
13.733389
13.733387
13.733385
13.733383
13.733382
13.733380
13.733378
13.733376
13.733374
13.733372
13.733371
13.733369
13.733367
13.733365
13.733363
13.733361
13.733359
13.733357
13.733355
13.733353
13.733352
13.733350
13.733348
13.733346
13.733344
13.733342
13.733340
13.733338
13.733336
13.733334
13.733332
13.733329
13.733327
13.733325
13.733323
13.733321
13.733319
13.733317
13.733315
13.733313
13.733311
13.733308
13.733306
13.733304
13.733302
13.733300
13.733297
13.733295
13.733293
13.733291
13.733288
13.733286
13.733284
13.733281
13.733279
13.733277
13.733275
13.733272
13.733270
13.733267
13.733265
13.733263
13.733260
13.733258
13.733255
13.733253
13.733250
13.733248
13.733245
13.733243
13.733240
13.733238
13.733235
13.733233
13.733230
13.733227
13.733225
13.733222
13.733220
13.733217
13.733214
13.733212
13.733209
13.733206
13.733203
13.733201
13.733198
13.733195
13.733192
13.733189
13.733187
13.733184
13.733181
13.733178
13.733175
13.733172
13.733169
13.733166
13.733163
13.733160
13.733157
13.733154
13.733151
13.733148
13.733145
13.733142
13.733139
13.733135
13.733132
13.733129
13.733126
13.733123
13.733119
13.733116
13.733113
13.733109
13.733106
13.733103
13.733099
13.733096
13.733093
13.733089
13.733086
13.733082
13.733079
13.733075
13.733071
13.733068
13.733064
13.733061
13.733057
13.733053
13.733049
13.733046
13.733042
13.733038
13.733034
13.733030
13.733027
13.733023
13.733019
13.733015
13.733011
13.733007
13.733003
13.732999
13.732994
13.732990
13.732986
13.732982
13.732978
13.732973
13.732969
13.732965
13.732960
13.732956
13.732952
13.732947
13.732943
13.732938
13.732934
13.732929
13.732924
13.732920
13.732915
13.732910
13.732905
13.732901
13.732896
13.732891
13.732886
13.732881
13.732876
13.732871
13.732866
13.732861
13.732855
13.732850
13.732845
13.732840
13.732834
13.732829
13.732823
13.732818
13.732812
13.732807
13.732801
13.732795
13.732790
13.732784
13.732778
13.732772
13.732766
13.732760
13.732754
13.732748
13.732742
13.732736
13.732730
13.732723
13.732717
13.732711
13.732704
13.732698
13.732691
13.732685
13.732678
13.732671
13.732664
13.732657
13.732650
13.732643
13.732636
13.732629
13.732622
13.732615
13.732607
13.732600
13.732592
13.732585
13.732577
13.732570
13.732562
13.732554
13.732546
13.732538
13.732530
13.732522
13.732513
13.732505
13.732497
13.732488
13.732479
13.732471
13.732462
13.732453
13.732444
13.732435
13.732426
13.732417
13.732407
13.732398
13.732388
13.732379
13.732369
13.732359
13.732349
13.732339
13.732329
13.732319
13.732308
13.732298
13.732287
13.732276
13.732266
13.732255
13.732243
13.732232
13.732221
13.732209
13.732198
13.732186
13.732174
13.732162
13.732150
13.732137
13.732125
13.732112
13.732100
13.732087
13.732073
13.732060
13.732047
13.732033
13.732020
13.732006
13.731991
13.731977
13.731963
13.731948
13.731933
13.731918
13.731903
13.731888
13.731872
13.731856
13.731840
13.731824
13.731808
13.731791
13.731774
13.731757
13.731740
13.731722
13.731704
13.731686
13.731668
13.731649
13.731630
13.731611
13.731592
13.731572
13.731552
13.731532
13.731512
13.731491
13.731470
13.731448
13.731426
13.731404
13.731382
13.731359
13.731336
13.731313
13.731289
13.731265
13.731240
13.731215
13.731190
13.731164
13.731138
13.731111
13.731084
13.731057
13.731029
13.731000
13.730972
13.730942
13.730913
13.730882
13.730851
13.730820
13.730788
13.730756
13.730723
13.730689
13.730655
13.730620
13.730584
13.730548
13.730512
13.730474
13.730436
13.730397
13.730358
13.730317
13.730276
13.730234
13.730192
13.730148
13.730104
13.730059
13.730012
13.729965
13.729917
13.729868
13.729818
13.729767
13.729715
13.729662
13.729607
13.729552
13.729495
13.729437
13.729378
13.729317
13.729255
13.729192
13.729127
13.729061
13.728993
13.728924
13.728853
13.728780
13.728706
13.728630
13.728552
13.728472
13.728390
13.728306
13.728219
13.728131
13.728040
13.727947
13.727852
13.727754
13.727653
13.727550
13.727443
13.727334
13.727222
13.727107
13.726988
13.726866
13.726740
13.726610
13.726477
13.726340
13.726198
13.726052
13.725901
13.725746
13.725586
13.725420
13.725249
13.725072
13.724890
13.724701
13.724505
13.724303
13.724093
13.723876
13.723651
13.723418
13.723175
13.722924
13.722663
13.722392
13.722109
13.721816
13.721510
13.721192
13.720860
13.720513
13.720152
13.719774
13.719379
13.718967
13.718534
13.718081
13.717606
13.717108
13.716584
13.716033
13.715454
13.714843
13.714199
13.713520
13.712801
13.712041
13.711236
13.710383
13.709476
13.708512
13.707486
13.706391
13.705222
13.703972
13.702633
13.701196
13.699650
13.697986
13.696189
13.694245
13.692136
13.689844
13.687345
13.684612
13.681614
13.678313
13.674666
13.670618
13.666108
13.661059
13.655380
13.648962
13.641674
13.633358
13.623825
13.612850
13.600160
13.585428
13.568265
13.548221
13.524806
13.497535
13.466004
13.429928
13.389079
13.343216
13.292384
13.237629
13.182154
13.131487
13.089859
13.058467
13.036256
13.021293
13.009803
12.995331
12.973364
12.939263
12.882520
12.709371
12.495763
12.475397
12.604686
12.632323
13.094345
12.102502
12.405201
13.750067
12.085496
12.025777
11.928116
13.785466
12.348810
12.792397
13.515934
12.486769
13.084471
13.559985
12.357019
12.443937
12.772003
13.114063
12.669600
13.684507
12.335412
12.811820
13.541434
12.893546
13.266282
13.003370
12.899565
13.858036
13.737622
13.730168
13.576970
12.691296
12.337848
12.668240
12.839442
12.977472
13.907152
13.683858
12.799715
12.420326
13.688427
13.080632
12.770855
13.495737
12.965013
12.340965
12.766157
13.075619
13.679257
13.261440
13.336616
12.336864
12.324727
12.742525
13.081990
12.976009
13.123454
13.069369
13.053173
13.055427
13.296683
13.032996
12.999933
12.999744
12.994209
12.985596
13.004558
13.216685
13.241413
12.797653
12.326833
13.352983
13.431013
13.533909
13.039550
13.306221
13.446536
13.216829
13.666087
13.396890
13.388980
13.448421
13.044952
12.589309
12.583413
12.649331
13.264504
12.363980
12.591248
12.196185
12.521142
12.790339
13.736983
13.231360
12.396557
12.388203
13.501554
12.829977
12.252210
12.638598
12.372235
12.269909
12.262637
12.259849
12.257761
12.256042
12.254540
12.253174
12.251903
12.250706
12.249572
12.248494
12.247466
12.246484
12.245543
12.244639
12.243769
12.242929
12.242117
12.241330
12.240566
12.239824
12.239101
12.238397
12.237711
12.237041
12.236387
12.235748
12.235124
12.234514
12.233918
12.233336
12.232767
12.232211
12.231668
12.231138
12.230620
12.230115
12.229622
12.229142
12.228674
12.228218
12.227773
12.227341
12.226920
12.226511
12.226113
12.225726
12.225350
12.224984
12.224629
12.224283
12.223948
12.223622
12.223305
12.222996
12.222697
12.222405
12.222121
12.221844
12.221575
12.221313
12.221057
12.220807
12.220563
12.220325
12.220092
12.219864
12.219641
12.219423
12.219209
12.218999
12.218793
12.218591
12.218392
12.218197
12.218005
12.217816
12.217630
12.217447
12.217266
12.217088
12.216913
12.216740
12.216569
12.216400
12.216233
12.216068
12.215905
12.215743
12.215584
12.215426
12.215270
12.215115
12.214962
12.214810
12.214659
12.214510
12.214362
12.214215
12.214070
12.213925
12.213782
12.213640
12.213499
12.213359
12.213219
12.213081
12.212944
12.212807
12.212672
12.212537
12.212403
12.212270
12.212137
12.212005
12.211874
12.211744
12.211614
12.211485
12.211356
12.211228
12.211101
12.210974
12.210848
12.210722
12.210597
12.210473
12.210348
12.210225
12.210101
12.209979
12.209856
12.209734
12.209612
12.209491
12.209370
12.209250
12.209130
12.209010
12.208891
12.208772
12.208653
12.208534
12.208416
12.208298
12.208181
12.208064
12.207947
12.207830
12.207714
12.207597
12.207482
12.207366
12.207251
12.207136
12.207021
12.206906
12.206792
12.206678
12.206564
12.206451
12.206338
12.206225
12.206112
12.206000
12.205888
12.205777
12.205665
12.205554
12.205443
12.205333
12.205223
12.205113
12.205004
12.204895
12.204786
12.204678
12.204570
12.204462
12.204355
12.204248
12.204142
12.204036
12.203931
12.203826
12.203721
12.203617
12.203514
12.203411
12.203308
12.203205
12.203104
12.203002
12.202901
12.202800
12.202700
12.202600
12.202500
12.202401
12.202301
12.202202
12.202102
12.202003
12.201903
12.201803
12.201702
12.201600
12.201497
12.201392
12.201285
12.201174
12.201060
12.200939
12.200811
12.200672
12.200516
12.200337
12.200118
12.199830
12.199401
12.198614
12.196335
13.002158
15.007465
14.625725
12.813823
12.164134
13.524110
13.286997
12.754469
12.745408
12.387504
13.393917
12.750395
12.748833
12.747631
12.746674
12.745888
12.745226
12.744655
12.744150
12.743690
12.743256
12.742826
12.742370
12.741828
12.741040
12.739165
12.805594
12.423862
12.414627
12.420159
12.079513
12.070773
12.066742
12.065198
12.063988
12.063078
12.062418
12.061951
12.061622
12.061384
12.061203
12.061055
12.060923
12.060798
12.060676
12.060554
12.060431
12.060308
12.060185
12.060063
12.059943
12.059824
12.059707
12.059592
12.059480
12.059370
12.059264
12.059159
12.059057
12.058958
12.058861
12.058766
12.058674
12.058583
12.058494
12.058407
12.058322
12.058239
12.058157
12.058077
12.057998
12.057920
12.057843
12.057768
12.057694
12.057621
12.057549
12.057477
12.057407
12.057338
12.057269
12.057201
12.057134
12.057067
12.057001
12.056936
12.056871
12.056807
12.056743
12.056680
12.056617
12.056555
12.056493
12.056431
12.056370
12.056309
12.056249
12.056189
12.056129
12.056069
12.056010
12.055951
12.055892
12.055834
12.055775
12.055717
12.055659
12.055601
12.055544
12.055486
12.055429
12.055372
12.055315
12.055258
12.055202
12.055145
12.055089
12.055033
12.054976
12.054920
12.054864
12.054808
12.054753
12.054697
12.054641
12.054586
12.054530
12.054475
12.054420
12.054364
12.054309
12.054254
12.054199
12.054144
12.054089
12.054034
12.053980
12.053925
12.053870
12.053816
12.053761
12.053707
12.053652
12.053598
12.053544
12.053489
12.053435
12.053381
12.053327
12.053273
12.053219
12.053166
12.053112
12.053058
12.053005
12.052951
12.052898
12.052845
12.052792
12.052738
12.052686
12.052633
12.052580
12.052527
12.052475
12.052423
12.052370
12.052318
12.052266
12.052215
12.052163
12.052112
12.052060
12.052009
12.051958
12.051907
12.051857
12.051807
12.051756
12.051706
12.051657
12.051607
12.051558
12.051508
12.051460
12.051411
12.051362
12.051314
12.051266
12.051219
12.051171
12.051124
12.051077
12.051031
12.050984
12.050938
12.050893
12.050847
12.050802
12.050757
12.050713
12.050669
12.050625
12.050581
12.050538
12.050495
12.050452
12.050410
12.050368
12.050327
12.050285
12.050244
12.050204
12.050164
12.050124
12.050084
12.050045
12.050006
12.049968
12.049929
12.049891
12.049854
12.049817
12.049780
12.049743
12.049707
12.049671
12.049636
12.049601
12.049566
12.049531
12.049497
12.049463
12.049429
12.049396
12.049363
12.049330
12.049298
12.049266
12.049234
12.049203
12.049171
12.049140
12.049109
12.049079
12.049049
12.049019
12.048989
12.048960
12.048930
12.048901
12.048873
12.048844
12.048816
12.048788
12.048760
12.048732
12.048705
12.048677
12.048650
12.048623
12.048596
12.048570
12.048544
12.048517
12.048491
12.048465
12.048440
12.048414
12.048389
12.048363
12.048338
12.048313
12.048288
12.048263
12.048239
12.048214
12.048190
12.048165
12.048141
12.048117
12.048093
12.048069
12.048045
12.048021
12.047998
12.047974
12.047951
12.047927
12.047904
12.047881
12.047857
12.047834
12.047811
12.047788
12.047765
12.047742
12.047720
12.047697
12.047674
12.047652
12.047629
12.047606
12.047584
12.047561
12.047539
12.047517
12.047494
12.047472
12.047450
12.047427
12.047405
12.047383
12.047361
12.047339
12.047317
12.047295
12.047273
12.047251
12.047229
12.047207
12.047185
12.047163
12.047141
12.047119
12.047097
12.047076
12.047054
12.047032
12.047010
12.046989
12.046967
12.046945
12.046923
12.046902
12.046880
12.046858
12.046837
12.046815
12.046794
12.046772
12.046750
12.046729
12.046707
12.046686
12.046664
12.046643
12.046621
12.046600
12.046578
12.046557
12.046535
12.046514
12.046493
12.046471
12.046450
12.046428
12.046407
12.046386
12.046364
12.046343
12.046322
12.046300
12.046279
12.046258
12.046236
12.046215
12.046194
12.046173
12.046151
12.046130
12.046109
12.046088
12.046067
12.046046
12.046024
12.046003
12.045982
12.045961
12.045940
12.045919
12.045898
12.045877
12.045856
12.045835
12.045814
12.045793
12.045772
12.045751
12.045730
12.045709
12.045689
12.045668
12.045647
12.045626
12.045605
12.045585
12.045564
12.045543
12.045523
12.045502
12.045481
12.045461
12.045440
12.045420
12.045399
12.045379
12.045358
12.045338
12.045318
12.045297
12.045277
12.045257
12.045236
12.045216
12.045196
12.045176
12.045156
12.045136
12.045116
12.045096
12.045076
12.045056
12.045036
12.045016
12.044996
12.044976
12.044956
12.044937
12.044917
12.044897
12.044878
12.044858
12.044839
12.044819
12.044800
12.044780
12.044761
12.044741
12.044722
12.044703
12.044684
12.044664
12.044645
12.044626
12.044607
12.044588
12.044569
12.044550
12.044531
12.044512
12.044494
12.044475
12.044456
12.044437
12.044419
12.044400
12.044381
12.044363
12.044344
12.044326
12.044308
12.044289
12.044271
12.044252
12.044234
12.044216
12.044198
12.044179
12.044161
12.044143
12.044125
12.044107
12.044089
12.044071
12.044053
12.044035
12.044017
12.043999
12.043981
12.043964
12.043946
12.043928
12.043910
12.043892
12.043875
12.043857
12.043839
12.043822
12.043804
12.043786
12.043769
12.043751
12.043733
12.043716
12.043698
12.043680
12.043663
12.043645
12.043627
12.043610
12.043592
12.043574
12.043557
12.043539
12.043521
12.043504
12.043486
12.043468
12.043450
12.043432
12.043414
12.043396
12.043378
12.043360
12.043342
12.043324
12.043306
12.043288
12.043269
12.043251
12.043233
12.043214
12.043195
12.043177
12.043158
12.043139
12.043120
12.043101
12.043082
12.043062
12.043043
12.043023
12.043003
12.042983
12.042963
12.042943
12.042923
12.042902
12.042881
12.042860
12.042839
12.042817
12.042796
12.042774
12.042751
12.042729
12.042706
12.042683
12.042659
12.042635
12.042611
12.042586
12.042561
12.042536
12.042510
12.042484
12.042457
12.042429
12.042401
12.042373
12.042343
12.042313
12.042283
12.042251
12.042219
12.042186
12.042152
12.042117
12.042081
12.042043
12.042005
12.041966
12.041925
12.041882
12.041839
12.041793
12.041746
12.041697
12.041647
12.041594
12.041539
12.041482
12.041422
12.041360
12.041296
12.041229
12.041160
12.041089
12.041015
12.040940
12.040864
12.040786
12.040707
12.040627
12.040546
12.040463
12.040379
12.040292
12.040204
12.040112
12.040018
12.039921
12.039822
12.039719
12.039613
12.039504
12.039392
12.039277
12.039158
12.039035
12.038909
12.038780
12.038646
12.038509
12.038367
12.038221
12.038070
12.037915
12.037755
12.037590
12.037420
12.037245
12.037064
12.036877
12.036684
12.036485
12.036279
12.036066
12.035847
12.035619
12.035384
12.035141
12.034889
12.034628
12.034358
12.034078
12.033788
12.033487
12.033175
12.032850
12.032514
12.032164
12.031800
12.031422
12.031028
12.030618
12.030191
12.029745
12.029281
12.028796
12.028290
12.027761
12.027207
12.026628
12.026022
12.025387
12.024719
12.024003
12.023354
12.023449
12.017101
14.119536
13.875785
13.849153
13.832783
13.821545
13.813280
13.806907
13.801820
13.797651
13.794162
13.791192
13.788629
13.786390
13.784416
13.782659
13.781084
13.779662
13.778372
13.777194
13.776114
13.775120
13.774200
13.773348
13.772554
13.771813
13.771120
13.770469
13.769857
13.769280
13.768735
13.768219
13.767730
13.767265
13.766823
13.766402
13.766000
13.765617
13.765250
13.764898
13.764561
13.764237
13.763927
13.763628
13.763340
13.763062
13.762795
13.762537
13.762287
13.762046
13.761813
13.761587
13.761368
13.761156
13.760950
13.760750
13.760556
13.760368
13.760184
13.760006
13.759832
13.759663
13.759499
13.759338
13.759181
13.759028
13.758879
13.758733
13.758591
13.758452
13.758316
13.758183
13.758052
13.757925
13.757800
13.757678
13.757558
13.757440
13.757325
13.757212
13.757101
13.756993
13.756886
13.756781
13.756678
13.756576
13.756477
13.756379
13.756283
13.756188
13.756095
13.756003
13.755913
13.755824
13.755736
13.755650
13.755565
13.755481
13.755399
13.755317
13.755237
13.755157
13.755079
13.755002
13.754925
13.754850
13.754776
13.754702
13.754630
13.754558
13.754487
13.754417
13.754348
13.754279
13.754211
13.754144
13.754077
13.754012
13.753947
13.753882
13.753818
13.753755
13.753692
13.753630
13.753569
13.753508
13.753447
13.753387
13.753328
13.753268
13.753210
13.753152
13.753094
13.753037
13.752980
13.752923
13.752867
13.752811
13.752756
13.752701
13.752646
13.752592
13.752538
13.752484
13.752430
13.752377
13.752324
13.752272
13.752219
13.752167
13.752115
13.752063
13.752011
13.751960
13.751909
13.751858
13.751807
13.751756
13.751705
13.751655
13.751605
13.751554
13.751504
13.751454
13.751404
13.751355
13.751305
13.751255
13.751205
13.751156
13.751106
13.751057
13.751007
13.750958
13.750908
13.750859
13.750809
13.750759
13.750710
13.750660
13.750610
13.750560
13.750510
13.750460
13.750410
13.750360
13.750310
13.750259
13.750209
13.750158
13.750107
13.750056
13.750004
13.749953
13.749901
13.749849
13.749797
13.749744
13.749691
13.749638
13.749585
13.749531
13.749477
13.749423
13.749368
13.749313
13.749258
13.749202
13.749146
13.749089
13.749032
13.748975
13.748917
13.748858
13.748799
13.748739
13.748679
13.748618
13.748557
13.748495
13.748432
13.748369
13.748304
13.748240
13.748174
13.748108
13.748041
13.747973
13.747904
13.747834
13.747763
13.747692
13.747619
13.747546
13.747471
13.747395
13.747318
13.747240
13.747161
13.747081
13.746999
13.746916
13.746832
13.746746
13.746659
13.746570
13.746480
13.746388
13.746295
13.746200
13.746104
13.746005
13.745906
13.745804
13.745700
13.745595
13.745488
13.745379
13.745268
13.745155
13.745041
13.744924
13.744806
13.744685
13.744563
13.744439
13.744314
13.744187
13.744058
13.743928
13.743796
13.743664
13.743531
13.743397
13.743263
13.743128
13.742994
13.742860
13.742728
13.742597
13.742468
13.742341
13.742217
13.742097
13.741981
13.741870
13.741764
13.741665
13.741572
13.741486
13.741408
13.741338
13.741277
13.741224
13.741181
13.741147
13.741122
13.741106
13.741099
13.741100
13.741109
13.741125
13.741148
13.741176
13.741209
13.741246
13.741287
13.741330
13.741375
13.741421
13.741467
13.741513
13.741558
13.741602
13.741645
13.741685
13.741724
13.741761
13.741795
13.741827
13.741856
13.741883
13.741908
13.741930
13.741950
13.741968
13.741984
13.741998
13.742011
13.742021
13.742030
13.742038
13.742044
13.742049
13.742053
13.742056
13.742058
13.742059
13.742059
13.742058
13.742057
13.742055
13.742053
13.742050
13.742046
13.742042
13.742038
13.742033
13.742028
13.742023
13.742017
13.742012
13.742005
13.741999
13.741993
13.741986
13.741979
13.741972
13.741965
13.741958
13.741950
13.741943
13.741935
13.741928
13.741920
13.741912
13.741904
13.741896
13.741888
13.741880
13.741872
13.741863
13.741855
13.741847
13.741838
13.741830
13.741821
13.741812
13.741804
13.741795
13.741786
13.741777
13.741769
13.741760
13.741751
13.741742
13.741732
13.741723
13.741714
13.741705
13.741696
13.741686
13.741677
13.741667
13.741658
13.741648
13.741639
13.741629
13.741619
13.741609
13.741599
13.741590
13.741580
13.741569
13.741559
13.741549
13.741539
13.741528
13.741518
13.741507
13.741497
13.741486
13.741475
13.741464
13.741453
13.741442
13.741431
13.741420
13.741408
13.741397
13.741385
13.741374
13.741362
13.741350
13.741338
13.741326
13.741313
13.741301
13.741288
13.741275
13.741262
13.741249
13.741236
13.741222
13.741208
13.741194
13.741180
13.741166
13.741151
13.741136
13.741121
13.741106
13.741090
13.741074
13.741058
13.741041
13.741024
13.741007
13.740989
13.740971
13.740952
13.740933
13.740913
13.740893
13.740872
13.740850
13.740828
13.740805
13.740781
13.740756
13.740730
13.740703
13.740674
13.740645
13.740614
13.740581
13.740546
13.740510
13.740471
13.740429
13.740384
13.740336
13.740283
13.740226
13.740163
13.740092
13.740014
13.739925
13.739823
13.739703
13.739562
13.739389
13.739173
13.738892
13.738506
13.737933
13.736980
13.735030
13.728860
13.643672
13.086556
13.030306
13.024067
13.019514
13.015136
13.006498
13.065752
13.319706
13.132499
13.129780
13.126932
13.122721
13.123119
13.103083
12.822946
13.690161
13.376531
13.011001
13.000627
12.958823
12.999605
12.982386
12.550021
12.565607
12.589644
12.271529
12.269926
12.268595
12.267460
12.266472
12.265597
12.264812
12.264100
12.263449
12.262849
12.262293
12.261775
12.261290
12.260835
12.260406
12.260000
12.259615
12.259248
12.258899
12.258564
12.258244
12.257937
12.257641
12.257356
12.257080
12.256814
12.256556
12.256306
12.256063
12.255827
12.255597
12.255373
12.255154
12.254940
12.254731
12.254526
12.254325
12.254128
12.253935
12.253745
12.253558
12.253374
12.253193
12.253015
12.252839
12.252665
12.252493
12.252323
12.252156
12.251989
12.251825
12.251662
12.251500
12.251340
12.251181
12.251023
12.250866
12.250710
12.250555
12.250400
12.250246
12.250093
12.249940
12.249788
12.249636
12.249485
12.249333
12.249182
12.249031
12.248880
12.248729
12.248578
12.248427
12.248276
12.248124
12.247973
12.247820
12.247668
12.247514
12.247361
12.247206
12.247051
12.246896
12.246739
12.246582
12.246424
12.246264
12.246104
12.245943
12.245780
12.245617
12.245452
12.245285
12.245118
12.244948
12.244777
12.244605
12.244431
12.244255
12.244077
12.243897
12.243715
12.243531
12.243345
12.243157
12.242966
12.242773
12.242577
12.242378
12.242177
12.241972
12.241765
12.241554
12.241341
12.241123
12.240903
12.240678
12.240450
12.240218
12.239982
12.239741
12.239496
12.239246
12.238991
12.238732
12.238467
12.238196
12.237920
12.237637
12.237349
12.237054
12.236752
12.236442
12.236126
12.235801
12.235468
12.235127
12.234776
12.234415
12.234045
12.233663
12.233271
12.232866
12.232448
12.232017
12.231572
12.231111
12.230634
12.230139
12.229626
12.229093
12.228539
12.227963
12.227363
12.226740
12.226092
12.225420
12.224722
12.223998
12.223247
12.222467
12.221653
12.220805
12.219918
12.218991
12.218022
12.217006
12.215942
12.214825
12.213654
12.212423
12.211129
12.209768
12.208336
12.206829
12.205243
12.203574
12.201818
12.199974
12.198041
12.196019
12.193912
12.191729
12.189483
12.187195
12.184893
12.182618
12.180416
12.178342
12.176452
12.174794
12.173394
12.172256
12.171356
12.170648
12.170075
12.169588
12.169101
12.168755
12.167743
12.171285
12.173383
12.168713
12.169090
12.165448
12.653437
12.342778
12.339197
12.336995
12.335500
12.334421
12.333604
12.332966
12.332451
12.332028
12.331672
12.331367
12.331104
12.330872
12.330666
12.330482
12.330315
12.330163
12.330024
12.329895
12.329775
12.329663
12.329558
12.329460
12.329367
12.329278
12.329194
12.329114
12.329037
12.328964
12.328893
12.328825
12.328759
12.328696
12.328635
12.328575
12.328518
12.328462
12.328407
12.328354
12.328302
12.328252
12.328203
12.328155
12.328108
12.328062
12.328017
12.327973
12.327929
12.327887
12.327845
12.327804
12.327764
12.327725
12.327686
12.327648
12.327611
12.327574
12.327537
12.327502
12.327467
12.327432
12.327398
12.327364
12.327331
12.327298
12.327266
12.327235
12.327203
12.327172
12.327142
12.327112
12.327082
12.327053
12.327024
12.326995
12.326967
12.326939
12.326912
12.326884
12.326858
12.326831
12.326805
12.326779
12.326753
12.326728
12.326703
12.326678
12.326654
12.326630
12.326606
12.326582
12.326559
12.326535
12.326513
12.326490
12.326468
12.326445
12.326423
12.326402
12.326380
12.326359
12.326338
12.326317
12.326297
12.326276
12.326256
12.326236
12.326216
12.326197
12.326177
12.326158
12.326139
12.326120
12.326102
12.326083
12.326065
12.326047
12.326029
12.326011
12.325994
12.325976
12.325959
12.325942
12.325925
12.325908
12.325892
12.325875
12.325859
12.325843
12.325827
12.325811
12.325795
12.325780
12.325764
12.325749
12.325734
12.325719
12.325704
12.325689
12.325674
12.325660
12.325645
12.325631
12.325617
12.325603
12.325589
12.325575
12.325562
12.325548
12.325535
12.325521
12.325508
12.325495
12.325482
12.325469
12.325456
12.325444
12.325431
12.325419
12.325406
12.325394
12.325382
12.325370
12.325358
12.325346
12.325334
12.325322
12.325310
12.325299
12.325287
12.325276
12.325265
12.325254
12.325242
12.325231
12.325221
12.325210
12.325199
12.325188
12.325178
12.325167
12.325157
12.325146
12.325136
12.325126
12.325115
12.325105
12.325095
12.325085
12.325075
12.325066
12.325056
12.325046
12.325036
12.325027
12.325017
12.325008
12.324999
12.324989
12.324980
12.324971
12.324962
12.324953
12.324944
12.324935
12.324926
12.324917
12.324908
12.324900
12.324891
12.324882
12.324874
12.324865
12.324857
12.324848
12.324840
12.324832
12.324823
12.324815
12.324807
12.324799
12.324791
12.324783
12.324775
12.324767
12.324759
12.324751
12.324744
12.324736
12.324728
12.324721
12.324713
12.324706
12.324698
12.324691
12.324683
12.324676
12.324668
12.324661
12.324654
12.324647
12.324639
12.324632
12.324625
12.324618
12.324611
12.324604
12.324597
12.324590
12.324583
12.324576
12.324570
12.324563
12.324556
12.324549
12.324543
12.324536
12.324529
12.324523
12.324516
12.324510
12.324503
12.324497
12.324490
12.324484
12.324478
12.324471
12.324465
12.324459
12.324452
12.324446
12.324440
12.324434
12.324428
12.324422
12.324416
12.324410
12.324404
12.324398
12.324392
12.324386
12.324380
12.324374
12.324368
12.324362
12.324356
12.324350
12.324345
12.324339
12.324333
12.324328
12.324322
12.324316
12.324311
12.324305
12.324299
12.324294
12.324288
12.324283
12.324277
12.324272
12.324266
12.324261
12.324255
12.324250
12.324245
12.324239
12.324234
12.324229
12.324223
12.324218
12.324213
12.324208
12.324202
12.324197
12.324192
12.324187
12.324182
12.324177
12.324171
12.324166
12.324161
12.324156
12.324151
12.324146
12.324141
12.324136
12.324131
12.324126
12.324121
12.324116
12.324111
12.324107
12.324102
12.324097
12.324092
12.324087
12.324082
12.324078
12.324073
12.324068
12.324063
12.324059
12.324054
12.324049
12.324044
12.324040
12.324035
12.324030
12.324026
12.324021
12.324016
12.324012
12.324007
12.324003
12.323998
12.323993
12.323989
12.323984
12.323980
12.323975
12.323971
12.323966
12.323962
12.323957
12.323953
12.323949
12.323944
12.323940
12.323935
12.323931
12.323926
12.323922
12.323918
12.323913
12.323909
12.323905
12.323900
12.323896
12.323892
12.323887
12.323883
12.323879
12.323875
12.323870
12.323866
12.323862
12.323858
12.323853
12.323849
12.323845
12.323841
12.323837
12.323832
12.323828
12.323824
12.323820
12.323816
12.323812
12.323808
12.323803
12.323799
12.323795
12.323791
12.323787
12.323783
12.323779
12.323775
12.323771
12.323767
12.323763
12.323759
12.323754
12.323750
12.323746
12.323742
12.323738
12.323734
12.323730
12.323726
12.323722
12.323718
12.323714
12.323710
12.323707
12.323703
12.323699
12.323695
12.323691
12.323687
12.323683
12.323679
12.323675
12.323671
12.323667
12.323663
12.323659
12.323655
12.323652
12.323648
12.323644
12.323640
12.323636
12.323632
12.323628
12.323624
12.323621
12.323617
12.323613
12.323609
12.323605
12.323601
12.323598
12.323594
12.323590
12.323586
12.323582
12.323578
12.323575
12.323571
12.323567
12.323563
12.323559
12.323556
12.323552
12.323548
12.323544
12.323540
12.323537
12.323533
12.323529
12.323525
12.323521
12.323518
12.323514
12.323510
12.323506
12.323503
12.323499
12.323495
12.323491
12.323488
12.323484
12.323480
12.323476
12.323473
12.323469
12.323465
12.323461
12.323458
12.323454
12.323450
12.323446
12.323443
12.323439
12.323435
12.323431
12.323428
12.323424
12.323420
12.323416
12.323413
12.323409
12.323405
12.323401
12.323398
12.323394
12.323390
12.323386
12.323383
12.323379
12.323375
12.323371
12.323368
12.323364
12.323360
12.323356
12.323353
12.323349
12.323345
12.323341
12.323338
12.323334
12.323330
12.323326
12.323323
12.323319
12.323315
12.323311
12.323307
12.323304
12.323300
12.323296
12.323292
12.323289
12.323285
12.323281
12.323277
12.323273
12.323270
12.323266
12.323262
12.323258
12.323254
12.323251
12.323247
12.323243
12.323239
12.323235
12.323231
12.323228
12.323224
12.323220
12.323216
12.323212
12.323208
12.323204
12.323201
12.323197
12.323193
12.323189
12.323185
12.323181
12.323177
12.323173
12.323169
12.323165
12.323161
12.323157
12.323153
12.323150
12.323146
12.323142
12.323138
12.323134
12.323130
12.323126
12.323122
12.323118
12.323114
12.323110
12.323105
12.323101
12.323097
12.323093
12.323089
12.323085
12.323081
12.323077
12.323073
12.323069
12.323064
12.323060
12.323056
12.323052
12.323048
12.323043
12.323039
12.323035
12.323031
12.323026
12.323022
12.323018
12.323014
12.323009
12.323005
12.323001
12.322996
12.322992
12.322987
12.322983
12.322978
12.322974
12.322970
12.322965
12.322961
12.322956
12.322951
12.322947
12.322942
12.322938
12.322933
12.322928
12.322924
12.322919
12.322914
12.322909
12.322905
12.322900
12.322895
12.322890
12.322885
12.322880
12.322875
12.322870
12.322865
12.322860
12.322855
12.322850
12.322845
12.322840
12.322834
12.322829
12.322824
12.322818
12.322813
12.322807
12.322802
12.322796
12.322791
12.322785
12.322779
12.322774
12.322768
12.322762
12.322756
12.322750
12.322744
12.322738
12.322732
12.322726
12.322719
12.322713
12.322706
12.322700
12.322693
12.322686
12.322680
12.322673
12.322666
12.322659
12.322651
12.322644
12.322637
12.322629
12.322621
12.322613
12.322605
12.322597
12.322589
12.322581
12.322572
12.322563
12.322554
12.322545
12.322536
12.322526
12.322516
12.322506
12.322496
12.322485
12.322474
12.322463
12.322451
12.322439
12.322427
12.322414
12.322401
12.322387
12.322373
12.322358
12.322343
12.322327
12.322310
12.322292
12.322274
12.322255
12.322234
12.322213
12.322190
12.322166
12.322140
12.322113
12.322083
12.322051
12.322017
12.321979
12.321939
12.321894
12.321845
12.321790
12.321728
12.321659
12.321581
12.321491
12.321388
12.321269
12.321130
12.320971
12.320792
12.320599
12.320410
12.320254
12.320149
12.320080
12.320022
12.319966
12.319909
12.319853
12.319796
12.319739
12.319682
12.319624
12.319566
12.319508
12.319449
12.319390
12.319331
12.319271
12.319210
12.319149
12.319087
12.319025
12.318961
12.318898
12.318833
12.318768
12.318702
12.318636
12.318569
12.318501
12.318432
12.318362
12.318291
12.318220
12.318148
12.318075
12.318001
12.317926
12.317850
12.317773
12.317695
12.317616
12.317536
12.317455
12.317373
12.317290
12.317206
12.317121
12.317034
12.316946
12.316857
12.316767
12.316675
12.316583
12.316488
12.316393
12.316296
12.316197
12.316097
12.315996
12.315893
12.315789
12.315683
12.315575
12.315466
12.315354
12.315242
12.315127
12.315011
12.314892
12.314772
12.314650
12.314526
12.314400
12.314272
12.314141
12.314009
12.313874
12.313738
12.313598
12.313457
12.313313
12.313168
12.313030
12.312988
12.313893
12.317528
12.323609
12.323396
12.323207
12.323035
12.322877
12.322727
12.322583
12.322440
12.322295
12.322145
12.321984
12.321807
12.321604
12.321363
12.321063
12.320668
12.320108
12.319233
12.317673
12.314564
12.312851
12.317050
12.313183
12.315168
12.321939
12.321663
12.321340
12.320936
12.320391
12.319582
12.318220
12.315561
12.311397
12.311872
12.315805
12.311161
12.312850
12.320117
12.318752
12.316147
12.311200
12.315022
12.322783
12.322526
12.322267
12.321993
12.321691
12.321339
12.320902
12.320320
12.319465
12.318040
12.315274
12.310377
12.312786
12.320750
12.319962
12.318736
12.316508
12.312015
12.311817
12.319722
12.318171
12.315207
12.309753
12.313078
12.321883
12.321375
12.320749
12.319896
12.318583
12.316217
12.311474
12.310297
12.317644
12.314049
12.308206
12.309589
12.316978
12.312263
12.307892
12.310555
12.310357
12.320424
12.318729
12.315670
12.309492
12.310934
12.321591
12.320598
12.319194
12.316841
12.312153
12.306046
12.305815
12.305804
12.306785
12.312361
12.323914
12.323314
12.322738
12.322150
12.321503
12.320726
12.319695
12.318136
12.315378
12.309823
12.305440
12.308393
12.307025
12.316478
12.311184
12.303948
12.303853
12.304224
12.308562
12.321651
12.320125
12.317887
12.313845
12.305917
12.307631
12.320329
12.318193
12.314514
12.307274
12.303823
12.310423
12.301808
12.302639
12.307592
12.302232
12.307514
12.301769
12.307195
12.301564
12.308301
12.299895
12.301071
12.308886
12.325484
12.323903
12.322503
12.321047
12.319256
12.316595
12.311746
12.302394
12.303102
12.316463
12.310950
12.300942
12.303138
12.316969
12.311601
12.301784
12.300608
12.310472
12.299725
12.301527
12.314608
12.306392
12.296117
12.296795
12.299577
12.299647
12.312873
12.302313
12.295275
12.297156
12.299882
12.315983
12.307872
12.295038
12.298460
12.313104
12.302643
12.292107
12.291601
12.290978
12.290794
12.290476
12.294471
12.309663
12.294880
12.295194
12.312428
12.299937
12.288442
12.287675
12.289069
12.293977
12.291836
12.307548
12.291074
12.292782
12.310859
12.296810
12.285278
12.284289
12.286262
12.292194
12.286039
12.293346
12.283614
12.285320
12.290849
12.312860
12.299823
12.282337
12.286688
12.300423
12.282479
12.285373
12.296977
12.279607
12.283031
12.291440
12.276860
12.276965
12.275862
12.281125
12.293955
12.275126
12.279268
12.287737
12.272666
12.272611
12.270911
12.276485
12.287060
12.269721
12.271723
12.272341
12.274014
12.281275
12.267164
12.265929
12.263580
12.266236
12.266289
12.271206
12.280699
12.263178
12.265814
12.265124
12.265857
12.265591
12.263182
12.259390
12.265153
12.267444
12.258254
12.254103
12.253943
12.250989
12.256163
12.254211
12.260020
12.259311
12.253750
12.247104
12.254307
12.252438
12.253163
12.246401
12.256907
12.256566
12.245453
12.245222
12.239707
12.253392
12.254701
12.237297
12.245080
12.242718
12.232360
12.229347
12.232189
12.227128
12.232331
12.234556
12.211194
12.219999
12.217905
12.202517
12.201291
12.198638
12.192475
12.193001
12.185162
12.183399
12.176033
12.166831
12.158418
12.158118
12.145305
12.135221
12.120922
12.114256
12.091903
12.074152
12.040823
12.010498
11.947267
11.875696
11.748265
11.638040
11.431272
11.310421
11.087725
11.090820
11.993077
11.392798
12.245431
15.801518
15.943731
12.098050
11.925289
11.577894
11.294993
11.208523
10.863313
10.917736
10.911408
12.765373
11.230756
10.868081
10.787272
11.328799
10.865388
10.408773
10.784960
11.435723
11.553106
11.092572
11.927295
11.740509
10.871466
10.721387
12.468491
10.842454
12.700033
13.722324
12.042917
12.181714
13.842395
13.510763
14.299105
13.383252
13.935691
12.789457
12.310674
12.063713
12.154378
11.756466
12.004213
12.109815
11.413370
11.429069
11.140419
11.359306
11.432820
11.266462
11.941609
11.397003
11.265359
11.612010
10.979110
11.331208
12.909705
12.554797
11.931297
12.802271
12.276163
12.395303
12.883512
12.520464
11.664833
11.632574
10.799773
11.960860
12.307326
11.348016
11.904636
11.408873
11.341674
13.344907
12.623810
13.134779
11.476477
11.716796
11.960310
12.115961
11.063338
12.484532
10.103911
11.056344
12.137752
11.310663
11.526094
11.003715
11.380924
11.011604
10.800765
11.667610
10.842992
10.751471
10.919044
11.629509
10.549997
11.813593
11.038636
11.405563
11.149157
10.120945
10.249598
10.892182
11.959855
10.590786
10.920929
10.079805
11.534832
9.732246
11.701729
11.676056
11.532178
11.375553
11.274449
11.294266
11.584594
12.572151
12.177067
11.704497
11.340196
11.459246
11.780886
11.440957
11.446797
11.450895
11.530856
12.730730
11.563078
11.425419
11.769647
11.582081
11.260340
11.160954
11.660709
11.099086
12.763451
12.220989
11.139218
9.957623
10.653835
10.226522
10.113789
10.403909
12.192469
11.838219
12.040737
13.500368
12.308564
11.955457
11.946892
11.522418
11.447883
12.034090
11.579062
12.065032
11.091802
11.579111
11.181676
10.916724
12.181163
12.995876
13.186365
11.389292
9.546629
11.160939
8.958945
8.189528
8.617232
12.705018
13.247026
12.397319
9.402617
10.460987
12.140407
10.147412
9.494462
9.452509
10.228387
10.184900
9.590429
10.641686
10.175197
9.907810
11.156084
8.891941
7.654012
7.498051
9.790027
10.571972
8.446071
10.089041
10.021497
9.212457
9.403907
10.319503
10.024161
10.405257
9.979193
9.449171
9.907516
9.452299
10.210364
8.386084
10.151373
8.220613
8.250577
7.978029
7.366331
8.031729
9.270339
7.908195
9.071944
8.430394
8.646418
7.373469
6.978490
6.565461
6.081141
6.974259
5.632901
6.318924
7.180240
5.709342
5.094802
4.889672
8.692130
8.962267
7.467198
5.781515
6.266560
7.122097
5.598328
6.239922
6.648370
4.674047
3.668500
5.133799
5.198005
4.984050
6.529287
4.286171
9.275701
6.264699
5.784503
4.817739
4.338851
7.489906
4.463114
3.901101
4.566409
4.503194
7.077527
7.485940
6.770570
4.797792
9.310358
7.027723
4.223619
6.127077
4.392074
7.549210
9.010503
9.977686
8.534881
6.511337
4.721044
8.935267
5.888015
3.768116
8.815300
7.952313
5.761115
6.293681
9.013281
6.473264
9.700500
8.131140
7.595488
7.255700
8.377414
7.915598
9.230142
4.331329
6.552587
7.181387
5.646501
7.613740
8.591679
6.755741
5.994940
3.555186
4.696770
5.919874
5.718765
4.455845
4.002607
4.561358
8.822155
6.609793
5.732298
3.892078
4.147304
4.742239
3.406888
3.075590
2.794388
6.269285
4.170831
3.233914
8.963080
4.869560
4.442177
5.246476
3.350490
3.085199
3.723562
11.030348
11.913020
9.807455
5.854456
7.072428
6.874425
12.465305
9.846775
6.797666
6.368974
7.224639
6.485420
8.987056
4.823628
5.735136
6.112405
4.186589
3.835929
6.532889
3.221801
3.140437
4.490421
3.702957
3.527240
4.521100
8.494510
5.859286
4.880524
4.460433
4.491512
6.536018
13.358078
10.751180
12.095815
7.628136
8.109981
8.150042
7.796270
5.768723
7.211772
5.083825
5.121867
4.614001
6.140130
4.675230
4.366599
6.008058
7.062966
5.825729
3.398555
3.407764
3.994088
5.659477
5.794292
2.856900
4.962678
6.635229
5.109416
6.393565
3.500084
7.140717
9.247612
9.485679
8.164747
4.853476
6.490177
6.733847
3.822960
3.189539
4.666165
3.310143
3.648532
4.886087
3.591124
3.989766
2.522173
13.630306
7.596755
5.684857
7.486874
4.440924
6.205635
5.878023
4.550032
4.815239
5.066034
5.418616
4.389915
6.348853
10.092129
6.754356
3.016941
4.777070
9.262158
8.595654
3.357989
6.591878
6.639936
3.813208
5.039586
7.832585
6.857613
3.109141
5.198036
3.750856
6.067354
8.550361
4.236165
3.258928
3.044590
7.305620
5.165471
6.735075
6.793138
5.213317
4.055548
5.728672
11.993012
11.002063
9.240133
10.870094
6.965987
8.400628
3.840213
4.535977
4.304122
2.661799
7.335898
4.277541
4.016092
5.592525
2.842465
6.768609
4.781407
4.413494
3.140584
9.711630
9.635496
10.495123
8.253914
4.904168
8.776551
5.519355
7.689402
11.452798
11.531840
10.738399
10.732202
8.650810
6.089540
5.061160
5.755718
4.050711
5.689452
6.093990
4.588035
4.787272
3.952501
6.833014
5.876785
4.731823
3.782613
3.809412
6.071690
4.710514
5.317887
3.008035
2.618286
8.198937
3.666183
3.590554
2.324596
2.571447
4.057993
2.401072
2.913627
8.053786
9.443285
4.892811
2.949962
6.709875
3.563649
4.294216
4.193265
3.662483
3.746509
2.763509
4.844175
10.164890
3.560655
2.324521
2.841183
4.333445
3.489344
6.273187
3.813643
2.767384
2.033624
1.862104
3.728699
2.499844
2.766477
4.229099
3.365983
4.273919
7.362151
6.185365
7.257663
4.194087
6.186138
7.060063
4.478278
4.778492
3.919918
8.541964
2.918583
2.349023
7.050231
8.026631
4.891812
3.075024
3.489389
3.742368
3.861428
2.559572
2.728949
1.859630
1.827193
5.138676
9.370291
9.090671
9.328436
6.071981
4.670833
5.618488
5.288693
4.178011
4.206326
5.951300
8.333274
4.258058
2.627175
3.302710
2.398945
5.450138
2.604954
6.014218
7.277828
4.587439
3.152646
6.593925
4.283444
3.819902
2.966639
3.267801
8.469351
7.415731
9.891425
11.035411
9.094487
9.156952
9.772362
8.437674
9.322076
9.928858
6.397778
5.228960
5.613710
6.641307
4.204585
5.794568
8.461114
5.586227
7.654106
4.005669
4.547568
4.177000
4.907077
4.592871
3.391435
7.957511
8.892823
6.104139
8.209404
9.194782
6.984102
12.386940
9.695604
10.440732
6.804193
6.674094
5.269761
4.575597
3.447594
5.077484
9.068325
7.190828
5.655787
4.579099
6.129840
8.969512
7.112819
5.390016
5.016942
4.649858
5.325371
5.860154
4.829082
7.652981
7.111224
3.809695
2.679945
1.902568
4.348728
5.083130
4.732978
3.099223
3.567156
4.021898
4.898823
3.687661
4.012435
3.019275
2.035902
1.621012
1.602203
1.955464
2.330564
3.862531
2.279795
1.800907
1.421953
1.351185
2.191633
1.899271
3.824250
8.719872
10.979525
10.474918
11.130372
7.069942
6.578589
5.080514
4.599764
4.536510
6.146881
6.819572
5.454367
2.510654
6.250261
12.282596
6.547233
6.399305
8.474621
8.798106
11.560998
7.855911
5.217454
4.033249
4.442402
9.557149
11.440779
10.978940
8.861739
8.455504
10.146186
10.740055
10.130483
8.794983
8.807605
8.804846
8.800832
9.752064
13.358762
10.176937
10.342054
7.196655
6.092057
5.508887
4.550429
7.224524
12.529235
10.767915
7.696052
9.276965
7.744823
8.813758
5.999170
6.952131
5.667401
6.359975
9.034971
6.024579
5.688962
4.824320
5.499349
4.868125
3.415005
2.232772
3.399883
3.041596
3.054914
6.958634
3.871770
6.987959
4.425430
4.580580
5.393558
4.326718
2.150511
8.835230
5.577351
8.891648
10.709296
8.630779
11.360713
12.541512
11.594884
11.505444
9.335677
7.621815
7.602251
4.853872
8.019410
11.198935
10.391157
8.839998
8.000116
6.438698
5.015267
4.440865
6.557499
7.846078
6.262209
4.747128
5.049089
7.255828
5.736149
5.954862
8.133185
11.577531
8.006673
7.818004
5.873083
3.857870
7.733790
4.376970
4.867903
5.208095
5.797906
6.699279
6.354606
3.730483
2.796721
3.486576
2.746797
2.303961
9.223515
10.143037
3.293750
5.622159
6.053480
8.647436
4.994896
5.276394
8.325132
5.347336
3.782061
7.662937
2.750765
7.692538
7.153282
4.530083
2.632585
3.950052
3.206770
2.407898
5.224340
3.782668
2.412687
1.940917
1.732541
1.494270
2.145626
1.461575
4.089445
5.882959
2.583235
2.831137
6.433132
8.287552
7.431442
2.781418
2.861034
1.616030
1.533022
10.314957
6.177520
9.505850
6.899140
5.405236
4.254248
7.438004
4.304351
2.654950
2.010936
3.446783
4.119554
5.260072
6.897148
8.779583
7.572700
6.647655
4.976781
4.843417
4.472180
3.705277
2.445276
3.624480
4.652628
5.642031
4.983539
3.764228
3.778748
5.785500
1.663182
5.262465
6.423022
2.942492
3.223973
8.256851
4.936430
5.028319
7.062552
4.829069
3.908964
3.179164
3.296857
4.942930
3.565422
2.291238
1.563481
3.437701
1.316140
1.049467
2.842918
8.794540
4.532442
6.291790
4.775077
3.522048
1.692956
6.807259
2.219220
1.791150
6.052380
7.027565
3.712078
2.230856
2.368680
3.105353
2.419793
2.200653
0.994733
7.838748
5.639115
6.313736
11.277111
7.102900
10.513502
9.037143
6.519222
5.896658
5.721830
5.387793
3.857139
4.416398
12.361922
8.085818
7.989120
7.959216
6.226562
6.062875
4.666095
4.358115
6.527080
7.852178
5.260397
4.536387
3.088081
2.941970
3.980386
4.262237
5.644267
4.932534
4.859716
6.921703
3.898092
3.822343
3.429646
8.781475
7.102378
9.186176
7.811644
6.373315
4.079792
2.478800
3.507143
1.636063
1.481246
3.887650
2.614705
3.010408
0.937502
7.646651
9.417891
5.436846
6.551838
4.932840
4.720280
5.633375
6.600048
5.590302
6.116312
4.430286
4.868110
4.380147
4.455106
3.816757
4.253303
6.592668
6.425783
4.449228
5.546128
6.156783
3.117014
10.311344
6.228374
4.371420
5.277769
5.794994
5.548756
3.419125
4.675499
3.720591
5.878087
2.935029
2.971606
4.290048
3.403939
14.347196
13.280315
11.796634
12.191329
11.420780
11.742158
11.967099
11.556107
10.291065
10.115884
9.321755
9.138638
9.880594
12.328873
10.232965
10.951343
10.158812
9.805500
10.196855
8.862009
8.779972
7.855026
5.140793
5.257211
3.844992
4.302822
2.970288
2.641205
2.843066
9.395574
7.109576
6.515640
4.047099
3.042906
2.569482
9.322210
10.656166
7.412541
4.113967
3.243728
2.773031
3.104642
2.535216
3.982960
7.853799
8.064478
5.490142
6.239910
4.406043
5.946057
8.954965
5.069160
4.297553
2.360855
5.460682
2.975932
3.753126
11.427597
8.728718
8.595281
6.355764
8.782335
9.169267
6.939900
12.661190
6.938329
6.764309
3.835384
8.707181
11.900147
5.124666
3.668058
3.804639
3.286150
3.162375
1.274969
9.440221
5.480274
4.786892
2.597238
0.989901
4.412087
4.619755
3.543719
2.399809
2.674684
8.312860
2.141991
5.007546
5.749754
4.657865
3.539448
4.676340
7.483384
10.301233
5.304079
4.806627
4.434598
3.554543
2.833477
2.512896
3.799269
2.771138
4.700725
3.338048
1.978016
2.183230
4.012392
3.039376
4.165642
10.876871
8.189312
5.790507
3.804432
4.388828
2.766626
6.896619
3.353884
3.050142
2.224681
2.152533
3.035298
2.303971
4.928167
3.851655
2.419643
4.570032
5.359924
3.158946
9.083879
4.417569
5.480496
5.824287
3.305467
2.885674
2.960400
7.872006
7.693480
4.593639
7.427203
13.442398
9.974565
6.072967
5.196103
5.041038
3.114419
3.551276
1.682984
2.330923
5.483135
14.478077
8.182038
5.374468
3.482069
4.334134
2.148450
5.676772
4.341874
4.100176
3.205442
1.476335
1.425949
2.759608
4.823819
8.335683
4.645617
9.039126
6.904237
7.481892
6.176393
4.161096
3.808047
2.935592
1.837563
1.708663
1.678806
1.858988
1.856515
1.766942
1.514984
1.172793
2.026649
3.643040
10.988760
10.801728
3.386085
3.652470
3.780684
2.068708
1.777160
5.033970
5.127582
6.291419
5.561271
2.999651
2.513442
1.509687
5.938776
5.625616
2.740215
2.961941
3.310856
6.929333
4.934010
2.910498
3.150415
10.199411
4.776266
4.057204
5.998002
3.083793
1.549804
1.579728
2.268595
1.350108
1.044208
1.088283
3.120539
7.477024
8.514838
5.041876
3.069979
3.867754
4.070631
4.081166
5.760528
2.217134
3.253590
1.740239
3.888492
7.414221
11.297021
8.730614
8.506905
9.432929
10.144181
7.805011
7.314281
11.612103
10.498130
10.014068
9.732049
10.018744
7.911460
7.780424
8.196678
5.768281
10.248922
6.683014
8.550720
7.178031
5.965746
8.229405
4.359318
6.190002
10.694347
12.339890
10.632447
9.217961
8.792421
8.446574
8.597246
8.102189
8.832880
8.577756
8.513356
9.428996
8.940480
9.065451
8.218973
8.218475
6.494882
7.592537
7.158173
8.144143
12.479958
7.103938
7.956984
9.675615
7.493523
7.045092
7.026026
6.631633
6.327826
5.873058
6.915176
5.923908
7.864450
6.325291
11.082011
9.188975
10.511512
11.775807
9.754514
7.087116
6.307259
6.953446
6.221684
7.213876
6.060788
7.341752
7.290772
10.267151
9.638725
10.992586
10.423736
8.662884
7.365067
6.549769
6.765385
7.565247
6.347395
7.024307
6.523893
5.599785
6.092939
6.936149
4.779120
4.393360
7.717763
6.648454
5.239977
5.175033
6.609210
6.235362
6.789472
6.513518
6.272609
4.852060
4.457112
4.386630
5.598337
5.060853
6.992460
5.750779
4.909682
7.036547
7.026947
5.724099
4.542603
6.081942
5.463619
4.125960
6.966687
5.807027
5.295283
4.172528
6.583756
6.657381
7.261645
5.947182
6.999491
7.426046
8.064842
4.694961
3.880475
4.049306
4.126652
3.876238
4.353775
6.892348
7.848279
8.327898
5.565717
11.227501
17.384210
11.120721
8.544163
8.996566
6.704086
6.155646
6.246316
5.790777
7.229357
11.302124
12.142203
6.842089
9.863609
8.098415
5.232922
6.341504
8.983648
5.893344
4.765429
7.036607
5.042581
5.551779
4.939750
8.539201
4.671778
5.229717
8.481720
4.688765
4.107497
3.500524
4.563776
3.982694
5.001587
3.368837
3.781784
5.521725
4.520460
4.243908
4.278398
2.738018
3.162760
3.079625
7.274936
3.336438
3.357653
5.067947
4.101205
4.321564
7.202868
3.976072
3.378305
5.581502
3.707404
3.378035
3.816915
5.130312
3.872042
3.797644
3.357546
3.978441
4.230017
5.733677
4.057196
2.777350
6.170575
8.722308
8.044245
4.379628
3.833463
3.873070
3.946462
5.603898
3.381601
3.019491
4.707651
2.456709
6.098193
8.197034
3.408061
3.297154
4.179441
4.418474
5.176750
9.621925
9.021982
4.798020
3.553288
8.983797
7.328781
5.037082
5.224750
10.920141
7.943991
7.051419
6.367315
6.704168
6.920784
4.534948
5.411455
5.874087
3.939705
3.669959
3.709470
4.566424
3.767083
2.941184
5.149083
5.612181
7.445725
6.219163
3.212592
2.956119
2.812855
3.353401
5.529392
5.950492
4.563434
3.580691
4.850615
6.133684
5.065676
5.748146
6.660688
3.646321
3.287335
3.231147
3.287803
4.538641
4.383124
4.243664
2.635788
3.081701
4.626677
4.155802
3.989894
2.563936
1.882934
2.694783
2.530281
4.173174
7.026372
7.263250
4.240853
7.873149
5.670375
5.453203
5.224408
5.498941
12.770647
8.484182
4.606573
3.880877
7.039685
4.468139
4.148743
2.998524
2.592149
2.098186
3.465990
9.212301
5.638613
5.781558
4.837678
5.180513
4.977081
5.067118
6.255173
7.679353
5.872580
4.791937
3.312940
3.501349
5.047014
2.584875
2.294148
1.769654
1.841757
9.656903
10.979997
10.632129
10.631591
9.287965
9.817842
7.451974
7.865132
7.794185
8.155799
7.962199
7.151675
6.862880
6.848858
6.842154
6.837741
6.834463
6.832104
6.830093
6.828631
6.827235
6.826251
6.825142
6.824491
6.823439
6.823227
6.821828
6.822880
6.820204
6.821729
6.819136
6.821930
6.818565
6.817841
6.824108
6.819033
6.818113
6.817381
6.816709
6.815984
6.815682
6.831665
6.817911
6.815902
6.815461
6.815134
6.814860
6.814617
6.814395
6.814191
6.813999
6.813818
6.813646
6.813480
6.813317
6.813154
6.812978
6.812761
6.812430
6.812909
6.813456
6.811840
6.816106
6.812454
6.812361
6.812235
6.812108
6.811986
6.811872
6.811764
6.811662
6.811563
6.811469
6.811377
6.811287
6.811200
6.811113
6.811028
6.810944
6.810860
6.810776
6.810693
6.810609
6.810525
6.810441
6.810356
6.810271
6.810185
6.810099
6.810012
6.809924
6.809835
6.809745
6.809655
6.809563
6.809470
6.809377
6.809282
6.809186
6.809089
6.808992
6.808893
6.808793
6.808692
6.808591
6.808488
6.808385
6.808280
6.808175
6.808068
6.807961
6.807852
6.807741
6.807630
6.807516
6.807401
6.807285
6.807166
6.807045
6.806922
6.806797
6.806669
6.806539
6.806405
6.806268
6.806127
6.805983
6.805833
6.805679
6.805520
6.805354
6.805181
6.805001
6.804811
6.804611
6.804399
6.804172
6.803928
6.803663
6.803370
6.803042
6.802667
6.802225
6.801688
6.801013
6.800179
6.799565
6.799466
6.800051
9.131346
9.822710
12.020860
8.776393
5.059684
7.117326
6.392928
7.087612
7.254649
7.564293
5.887454
5.932488
5.939416
5.897830
5.845603
5.733009
6.085246
6.241651
7.386819
9.515337
9.156666
7.533494
6.729868
4.559285
4.140462
3.368580
3.273944
3.247080
3.206714
3.161777
7.098886
13.803213
8.271184
6.096774
4.703038
4.208759
3.754913
3.241582
4.009158
3.397397
3.215208
3.131233
3.122951
3.120836
3.119466
3.118435
3.117617
3.116943
3.116372
3.115878
3.115443
3.115056
3.114707
3.114390
3.114099
3.113832
3.113584
3.113354
3.113139
3.112938
3.112748
3.112570
3.112402
3.112243
3.112091
3.111948
3.111811
3.111681
3.111557
3.111438
3.111324
3.111215
3.111111
3.111010
3.110914
3.110821
3.110731
3.110645
3.110561
3.110481
3.110403
3.110327
3.110254
3.110183
3.110115
3.110048
3.109983
3.109920
3.109859
3.109800
3.109742
3.109685
3.109630
3.109576
3.109524
3.109473
3.109423
3.109374
3.109326
3.109279
3.109233
3.109188
3.109144
3.109101
3.109059
3.109018
3.108977
3.108937
3.108898
3.108860
3.108822
3.108785
3.108749
3.108713
3.108678
3.108643
3.108609
3.108575
3.108542
3.108510
3.108478
3.108446
3.108415
3.108385
3.108355
3.108325
3.108296
3.108267
3.108239
3.108211
3.108184
3.108157
3.108130
3.108104
3.108078
3.108052
3.108027
3.108002
3.107978
3.107953
3.107930
3.107906
3.107883
3.107860
3.107838
3.107816
3.107794
3.107772
3.107751
3.107730
3.107709
3.107689
3.107669
3.107649
3.107630
3.107611
3.107592
3.107573
3.107554
3.107536
3.107518
3.107500
3.107483
3.107466
3.107449
3.107432
3.107415
3.107398
3.107382
3.107366
3.107350
3.107334
3.107318
3.107303
3.107287
3.107272
3.107256
3.107241
3.107226
3.107211
3.107196
3.107181
3.107165
3.107150
3.107135
3.107120
3.107105
3.107089
3.107074
3.107058
3.107042
3.107026
3.107010
3.106993
3.106976
3.106959
3.106941
3.106923
3.106904
3.106885
3.106865
3.106845
3.106823
3.106801
3.106777
3.106752
3.106726
3.106698
3.106667
3.106635
3.106599
3.106560
3.106516
3.106466
3.106407
3.106337
3.106251
3.106136
3.105975
3.105719
3.105262
3.104865
3.104847
3.104802
3.105230
3.105210
3.104965
3.104664
3.106333
3.106272
3.105767
3.105128
3.104445
3.105468
3.105684
3.104690
3.106155
3.106475
3.105636
3.104690
3.105263
3.105446
3.104250
3.108040
3.108213
3.107024
3.106788
3.106321
3.105848
3.105168
3.104158
3.106873
3.107124
3.106192
3.105525
3.104561
3.104147
3.103922
3.106141
3.106599
3.105233
3.103917
3.106980
3.107347
3.106083
3.105254
3.104010
3.105018
3.105110
3.103580
3.106366
3.106715
3.105211
3.103778
3.105128
3.105211
3.103448
3.106110
3.106315
3.104619
3.103157
3.105427
3.105461
3.103509
3.104600
3.104320
3.103173
3.103376
3.103157
3.103840
3.103197
3.105313
3.104987
3.102834
3.104596
3.104072
3.102667
3.103160
3.102645
3.103918
3.103079
3.103584
3.102752
3.103644
3.102742
3.103234
3.102366
3.103288
3.102320
3.102962
3.102041
3.102799
3.101865
3.102549
3.101659
3.102283
3.101463
3.101997
3.101278
3.101700
3.101107
3.101403
3.100947
3.101118
3.100792
3.100854
3.100631
3.100613
3.100457
3.100392
3.100271
3.100185
3.100080
3.099987
3.099889
3.099795
3.099700
3.099607
3.099514
3.099422
3.099330
3.099239
3.099148
3.099057
3.098966
3.098874
3.098781
3.098686
3.098590
3.098492
3.098392
3.098288
3.098180
3.098068
3.097951
3.097828
3.097697
3.097557
3.097406
3.097241
3.097060
3.096857
3.096625
3.096354
3.096030
3.095626
3.095092
3.094309
3.093203
3.092157
3.091419
3.090856
3.090368
3.089909
3.089460
3.089017
3.088589
3.088185
3.087807
3.087452
3.087113
3.086785
3.086461
3.086138
3.085812
3.085481
3.085141
3.084792
3.084430
3.084055
3.083665
3.083258
3.082834
3.082392
3.081932
3.081452
3.080954
3.080437
3.079903
3.079351
3.078782
3.078194
3.077589
3.076965
3.076321
3.075656
3.074969
3.074261
3.073532
3.072784
3.072022
3.071253
3.070485
3.069725
3.068982
3.068261
3.067565
3.066894
3.066248
3.065625
3.065020
3.064432
3.063858
3.063293
3.062737
3.062185
3.061637
3.061089
3.060540
3.059986
3.059425
3.058852
3.058262
3.057647
3.056998
3.056298
3.055525
3.054647
3.053620
3.052407
3.051036
3.049682
3.048554
3.047671
3.046945
3.046311
3.045734
3.045192
3.044673
3.044169
3.043676
3.043190
3.042709
3.042230
3.041752
3.041271
3.040786
3.040294
3.039792
3.039278
3.038747
3.038196
3.037619
3.037009
3.036357
3.035652
3.034877
3.034010
3.033021
3.031865
3.030478
3.028765
3.026585
3.023720
3.019867
3.014791
3.008964
3.003665
2.999344
2.995630
2.992172
2.988760
2.985235
2.981442
2.977205
2.972307
2.966484
2.959431
2.950847
2.940501
2.928289
2.914241
2.898387
2.880470
2.859709
2.834823
2.804217
2.766321
2.720651
2.669461
2.617330
2.571252
2.541841
2.530318
2.528984
2.525148
2.587565
2.436071
2.494792
2.622908
2.629462
4.176654
3.917094
3.279075
3.987545
13.182921
10.076695
8.433740
10.340656
10.690501
9.494344
8.828018
12.849498
14.736685
14.781215
13.429039
13.388702
13.297429
13.034043
13.564100
12.837287
12.878673
12.662238
10.596114
9.191286
8.206838
9.316512
8.500328
8.002579
9.754734
6.609263
3.069059
6.788337
9.569377
5.691508
7.511840
9.971329
9.810847
6.856620
7.639457
7.558086
9.428267
7.809631
7.768998
11.294574
8.731606
13.795306
6.710193
7.827756
5.814138
7.062095
6.544637
6.830293
13.225671
13.001549
13.127755
13.446301
12.967945
12.887201
13.078147
12.500181
11.704711
12.023116
12.132413
13.654508
12.693714
12.577075
11.594801
11.655134
11.997133
11.350348
11.218264
11.395285
11.143359
11.988627
11.038940
11.040437
11.047026
11.305669
11.131857
11.235879
10.629548
10.985233
11.023561
10.673313
10.651895
10.381641
10.370113
10.363942
10.366598
10.847017
11.650014
12.538540
11.062695
11.737735
11.115780
10.985816
11.284747
10.896438
10.966458
10.912514
12.265336
10.432933
10.731621
12.650150
12.165815
10.816697
10.760977
10.602797
10.736277
10.929992
11.378935
10.816043
10.658792
10.536659
11.271136
10.976495
11.088667
10.212064
10.181843
10.871120
10.885886
10.417307
9.223837
9.712801
11.794115
10.809927
10.267568
9.620464
11.192640
10.967570
9.849725
9.572997
10.770014
10.337489
9.906687
9.980759
8.742094
10.086679
12.114013
11.457441
10.493754
11.558241
11.600623
9.053784
9.245639
8.658540
8.385180
9.656426
9.223597
9.515914
9.185986
11.223101
10.145130
10.017519
11.512762
11.982958
11.370080
10.360118
11.878284
12.575788
10.880966
10.345248
11.174233
9.025664
8.854887
9.919496
12.981639
12.029384
10.688618
11.145833
10.412247
9.575984
10.760959
9.871422
10.408336
9.453141
8.723341
10.156408
9.790470
9.191095
9.227145
8.776880
9.221937
8.683341
12.175478
10.111130
8.445951
9.366977
9.796371
8.785011
10.549440
9.138628
9.203015
9.287191
9.130735
10.222795
9.174939
8.793432
8.999898
7.982636
9.557268
8.985406
9.893813
11.690041
9.475478
9.455936
9.100474
8.877360
9.245811
9.094568
8.717884
10.109613
9.488446
8.971258
9.646787
9.594601
9.218796
9.377740
9.561196
8.673404
9.411639
8.921013
9.483521
8.853641
10.739830
10.269599
9.662918
11.065535
11.968243
11.617542
12.440468
11.453151
11.094455
11.249524
10.444112
13.307042
11.837501
11.931843
10.664109
9.692520
11.232373
9.784259
9.761845
10.297059
11.736387
9.857375
9.779435
11.429702
12.047496
10.208206
9.900954
10.061269
11.641680
11.882996
10.716743
10.828457
10.665264
11.173275
10.313596
10.651263
11.210831
12.216750
12.731865
12.067419
11.194519
11.998061
12.240266
11.696670
11.677742
11.674695
11.787705
11.578953
11.396188
11.260603
12.765917
11.805792
11.724837
11.686187
11.577926
11.657563
11.649869
11.339707
11.701938
11.454000
14.253880
12.155093
11.604463
12.117804
12.080102
12.070038
12.063654
12.058733
12.054723
12.051335
12.048386
12.045750
12.043337
12.041077
12.038918
12.036819
12.034743
12.032660
12.030543
12.028366
12.026105
12.023738
12.021240
12.018591
12.015766
12.012743
12.009501
12.006016
12.002266
11.998228
11.993876
11.989171
11.984044
11.978320
11.971394
11.959739
11.809621
12.295510
11.987960
11.959157
11.944750
11.933651
11.922820
11.912283
11.902038
11.892102
11.882507
11.873296
11.864508
11.856175
11.848322
11.840961
11.834093
11.827712
11.821803
11.816346
11.811319
11.806695
11.802447
11.798546
11.794964
11.791675
11.788650
11.785863
11.783289
11.780899
11.778664
11.776543
11.774461
11.772199
11.768244
11.627048
11.628417
11.628833
11.628670
11.628227
11.627658
11.627035
11.626393
11.625745
11.625098
11.624455
11.623815
11.623177
11.622538
11.621895
11.621241
11.620566
11.619854
11.619070
11.618140
11.616840
11.614559
11.812759
12.002231
11.584869
10.855432
10.836746
10.512374
10.769438
11.888926
9.448160
9.697604
10.720905
10.810163
11.482775
10.866123
10.304999
9.951754
9.476419
10.891709
9.607866
9.939243
11.202647
10.389859
10.122492
12.079973
8.741995
10.252626
8.115118
9.568468
10.371896
13.769634
13.064681
13.104556
13.229713
12.643930
12.725002
13.840227
13.308210
12.950176
12.908529
12.513639
13.226678
12.975951
12.253064
12.110410
12.277551
11.989813
13.266951
11.325750
11.791310
12.261767
10.107295
11.897395
11.929587
12.978334
13.483317
12.920086
12.879502
12.671008
12.644321
12.642118
12.640463
12.639205
12.638235
12.637473
12.636860
12.636352
12.635918
12.635537
12.635191
12.634872
12.634570
12.634283
12.634005
12.633735
12.633472
12.633214
12.632961
12.632712
12.632467
12.632226
12.631988
12.631753
12.631519
12.631287
12.631054
12.630819
12.630578
12.630327
12.630053
12.629736
12.629316
12.628583
12.625898
13.565466
13.026110
12.978768
12.522920
12.475621
12.492439
12.408536
12.223710
12.706113
12.547813
12.320139
12.306626
12.061939
12.171790
12.597547
13.009333
12.265417
11.244826
12.049570
11.956967
11.924420
11.908307
11.898976
11.893015
11.888827
11.885578
11.882930
11.881274
11.879110
11.876639
11.872236
12.042843
12.293716
12.758247
11.601846
11.713138
11.349832
12.257575
10.884783
11.426274
10.819497
12.924542
11.763175
12.134329
12.360362
12.381555
11.508558
10.596370
10.445352
10.479350
10.927756
11.554768
11.709332
10.859866
10.622321
10.526379
10.555085
10.031486
9.912533
10.652900
9.130899
9.748923
9.715701
16.348374
13.838980
13.421246
13.555510
12.923970
12.975478
12.836288
12.975186
12.889068
12.770054
12.612023
12.356010
12.189255
12.024574
11.348020
11.791525
12.033966
11.632912
12.332102
11.139209
10.486511
10.804083
11.355165
10.811666
10.618601
12.274418
13.189291
13.200815
13.068008
13.215957
13.193797
12.444427
13.138313
11.767588
11.552656
13.392613
12.720933
11.532021
13.605476
11.464337
12.480630
12.735577
10.887198
12.453274
10.117298
11.576672
11.373833
11.909118
12.599968
11.971336
10.671618
14.333558
12.982234
13.120867
12.505308
12.663548
12.400548
10.047926
10.763851
10.200464
12.990335
11.230302
11.953956
12.250251
11.039825
12.204933
12.638318
11.987292
12.169469
11.219482
11.505039
11.539632
11.215396
11.668064
11.558371
11.529859
11.418076
12.481286
11.830492
11.657374
12.732919
12.276164
12.544990
12.212400
12.364973
12.035431
12.028804
12.024845
12.020427
12.135322
12.182193
12.484321
12.445508
12.618029
11.823621
12.141808
14.863457
12.711857
13.232837
13.625790
13.685645
13.284917
13.541224
13.438797
13.310662
13.095538
13.035073
12.538627
13.064978
11.731431
12.429372
12.930466
12.738647
12.780156
13.226893
13.144622
11.671852
12.218559
11.990901
12.006381
11.020031
11.021001
10.627667
11.282482
9.785392
10.918994
10.546022
10.716416
10.084147
10.854230
11.882471
11.471246
11.417892
10.961377
12.250642
12.216457
10.980124
10.324774
11.864431
10.229867
10.713542
10.919884
12.560515
12.800343
12.704749
12.654160
12.156214
12.371909
12.316445
12.810021
12.307335
12.485743
12.165584
12.291461
11.869182
11.861164
11.859342
11.857640
11.855812
11.853919
11.852052
11.850270
11.848602
11.847055
11.845625
11.844305
11.843083
11.841948
11.840891
11.839903
11.838974
11.838099
11.837272
11.836486
11.835738
11.835023
11.834338
11.833679
11.833044
11.832429
11.831834
11.831254
11.830689
11.830137
11.829595
11.829062
11.828537
11.828017
11.827501
11.826988
11.826476
11.825964
11.825449
11.824931
11.824407
11.823875
11.823335
11.822782
11.822217
11.821635
11.821034
11.820412
11.819766
11.819092
11.818386
11.817644
11.816861
11.816033
11.815153
11.814214
11.813209
11.812128
11.810962
11.809699
11.808324
11.806822
11.805172
11.803353
11.801336
11.799088
11.796567
11.793721
11.790483
11.786767
11.782462
11.777427
11.771481
11.764402
11.755891
11.745173
11.739409
11.739821
11.745772
11.736560
11.978884
13.813029
13.443171
13.237972
13.109961
12.412451
12.874968
13.145268
12.438947
12.442328
12.716755
12.505506
12.193262
12.972684
12.202091
12.022467
12.315211
12.314111
12.313251
12.312538
12.311923
12.311379
12.310888
12.310439
12.310025
12.309639
12.309277
12.308936
12.308614
12.308307
12.308015
12.307735
12.307466
12.307207
12.306958
12.306717
12.306483
12.306256
12.306034
12.305818
12.305607
12.305401
12.305198
12.304999
12.304803
12.304610
12.304419
12.304230
12.304043
12.303858
12.303673
12.303490
12.303307
12.303124
12.302942
12.302759
12.302576
12.302392
12.302207
12.302021
12.301833
12.301644
12.301452
12.301258
12.301062
12.300862
12.300659
12.300453
12.300242
12.300028
12.299808
12.299583
12.299353
12.299116
12.298873
12.298623
12.298366
12.298100
12.297825
12.297541
12.297246
12.296941
12.296623
12.296293
12.295949
12.295591
12.295217
12.294825
12.294416
12.293987
12.293536
12.293063
12.292566
12.292043
12.291492
12.290911
12.290299
12.289652
12.288969
12.288248
12.287486
12.286680
12.285830
12.284931
12.283983
12.282983
12.281930
12.280820
12.279654
12.278428
12.277142
12.275793
12.274381
12.272902
12.271356
12.269739
12.268048
12.266282
12.264436
12.262507
12.260491
12.258384
12.256183
12.253882
12.251476
12.248961
12.246332
12.243580
12.240700
12.237684
12.234520
12.231199
12.227704
12.224018
12.220114
12.215960
12.211509
12.206697
12.201437
12.195604
12.189024
12.181453
12.172543
12.161800
12.148506
12.131628
12.109705
12.080868
12.043453
11.996981
11.941722
11.879477
11.827998
11.747191
11.691153
11.960718
14.919227
13.042681
13.028064
13.005942
13.041272
13.031258
13.019068
12.995971
12.945030
12.846317
12.703610
12.510885
12.302685
12.181310
12.119961
12.087562
12.047843
11.934777
11.840199
11.830887
11.794409
11.814208
11.752564
11.927913
11.742662
11.750440
11.723399
12.515080
11.903188
11.710604
11.834252
11.702672
11.788696
12.500577
12.514189
12.159835
12.131558
12.285583
12.223900
11.912597
11.842273
11.647574
11.644901
11.734989
11.980667
11.752063
11.673095
11.644374
11.644399
11.611300
11.641803
11.643820
11.643419
11.643047
11.642693
11.642354
11.642022
11.641693
11.641357
11.640998
11.640578
11.639965
11.638391
12.481852
11.725551
11.639412
11.641899
11.782251
11.523825
11.687611
11.709476
11.522020
11.520711
11.520247
11.519771
11.519360
11.518982
11.518632
11.518304
11.517995
11.517702
11.517423
11.517156
11.516900
11.516654
11.516418
11.516190
11.515969
11.515756
11.515550
11.515350
11.515156
11.514967
11.514784
11.514606
11.514432
11.514263
11.514098
11.513938
11.513781
11.513628
11.513478
11.513332
11.513189
11.513049
11.512912
11.512778
11.512647
11.512518
11.512392
11.512269
11.512148
11.512029
11.511913
11.511799
11.511687
11.511577
11.511468
11.511362
11.511258
11.511155
11.511055
11.510956
11.510858
11.510762
11.510668
11.510575
11.510484
11.510394
11.510306
11.510219
11.510133
11.510049
11.509966
11.509884
11.509803
11.509723
11.509645
11.509568
11.509491
11.509416
11.509342
11.509269
11.509197
11.509126
11.509056
11.508986
11.508918
11.508850
11.508784
11.508718
11.508653
11.508589
11.508525
11.508463
11.508401
11.508340
11.508280
11.508220
11.508161
11.508103
11.508045
11.507988
11.507932
11.507876
11.507821
11.507767
11.507713
11.507660
11.507607
11.507555
11.507503
11.507452
11.507402
11.507352
11.507302
11.507253
11.507205
11.507157
11.507109
11.507062
11.507015
11.506969
11.506923
11.506878
11.506833
11.506789
11.506745
11.506701
11.506658
11.506615
11.506573
11.506531
11.506489
11.506448
11.506407
11.506366
11.506326
11.506286
11.506246
11.506207
11.506168
11.506129
11.506091
11.506053
11.506015
11.505977
11.505940
11.505903
11.505867
11.505831
11.505795
11.505759
11.505723
11.505688
11.505653
11.505618
11.505584
11.505550
11.505516
11.505482
11.505448
11.505415
11.505382
11.505349
11.505316
11.505284
11.505252
11.505220
11.505188
11.505156
11.505125
11.505093
11.505062
11.505032
11.505001
11.504970
11.504940
11.504910
11.504880
11.504850
