14.353477
13.536275
13.001524
12.520845
12.058445
11.604198
11.171772
10.774868
10.407525
10.053165
9.699785
9.345048
8.994512
8.657374
8.340744
8.047360
7.777390
7.530185
7.304685
7.099421
6.912762
6.743417
6.590929
6.455656
6.337980
6.237158
6.150909
6.076183
6.010274
5.951310
5.898150
5.850098
5.806675
5.767502
5.732231
5.700519
5.672019
5.646379
5.623251
5.602298
5.583206
5.565695
5.549527
5.534508
5.520482
5.507317
5.494890
5.483055
5.471618
5.460293
5.448648
5.436076
5.421820
5.405127
5.385612
5.363708
5.340816
5.318776
5.299094
5.282735
5.270434
5.262741
5.259136
5.256216
5.246148
5.218984
5.172369
5.117291
5.065702
5.021377
4.984307
4.954628
4.932295
4.917021
4.907916
4.903390
4.901461
4.900361
4.898937
4.896677
4.893497
4.889519
4.884923
4.879871
4.874485
4.868827
4.862892
4.856563
4.849449
4.840578
4.828302
4.811241
4.789768
4.765782
4.740972
4.716035
4.691047
4.665840
4.640153
4.613731
4.586433
4.558344
4.529826
4.501490
4.474107
4.448530
4.425680
4.407397
4.404893
4.409048
4.370131
4.337254
4.300437
4.261755
4.224454
4.196935
4.181963
4.169475
4.153393
4.133562
4.109909
4.084907
4.060904
4.039149
4.018581
3.998912
3.980420
3.963254
3.947376
3.932647
3.918904
3.905985
3.893733
3.881986
3.870586
3.859378
3.848220
3.836990
3.825608
3.814076
3.802549
3.791420
3.781249
3.772372
3.764515
3.757131
3.749928
3.742698
3.735066
3.726574
3.716806
3.705563
3.692912
3.679119
3.664535
3.649517
3.634398
3.619467
3.604951
3.591022
3.577690
3.564082
3.547029
3.523389
3.498328
3.476185
3.459216
3.441236
3.427700
3.394643
3.402572
3.342419
3.561887
3.693852
3.445450
3.411242
3.445788
3.890716
4.257705
3.798913
3.635444
3.623781
3.646987
3.471174
3.458452
3.393901
3.467863
3.420365
3.687333
3.796270
3.836522
4.070253
3.419819
3.704535
3.309852
3.717237
3.506501
4.263016
3.552361
3.457294
4.025723
3.472752
3.438029
3.602387
3.705053
3.542062
3.501075
3.763867
3.136618
4.042082
3.189986
3.881951
3.289783
3.538893
3.404631
3.419954
3.572416
3.490893
4.130563
4.087588
3.645676
3.756223
3.443269
3.484444
3.436763
3.474050
3.356442
3.359410
3.638774
3.315567
2.988802
3.468254
3.224069
3.727826
3.201920
3.512026
3.568018
2.797864
2.972098
3.701490
3.304094
3.399411
3.661595
3.164706
3.112430
2.999719
3.014949
3.504762
3.539407
3.862017
3.429847
3.548448
3.145649
3.370149
3.345797
2.961380
3.225290
4.119523
3.307343
3.639790
2.852798
2.800835
2.907980
2.776150
2.987633
2.757526
2.875989
3.078834
3.850612
3.072503
2.927266
3.185812
3.230391
2.839973
2.870878
2.979341
2.803112
2.932836
2.804829
2.881905
3.123429
2.575180
3.390669
2.694924
2.656358
2.573639
2.568148
2.585447
2.562343
2.848688
3.086295
2.913854
3.237719
3.195962
3.488854
4.202173
2.655630
2.494901
2.918854
2.919598
2.850196
2.608959
2.612977
2.787187
3.273049
2.768359
2.883047
2.876964
3.226851
2.509707
2.970104
3.382512
2.810253
3.081540
3.105961
3.319962
3.209543
2.940480
3.085402
2.918679
2.602073
2.586519
2.632008
2.754423
2.725846
2.854681
3.323268
3.868267
3.180296
2.262456
2.374555
2.379114
2.465260
2.559294
3.072752
2.986248
2.641525
2.779935
3.146490
2.718028
2.645463
3.034510
3.156841
2.486891
2.483823
2.524479
3.045670
2.619964
2.625871
2.650355
2.934712
3.411633
2.504256
2.570084
2.568846
2.593816
4.350481
2.114073
2.370973
2.359139
2.445659
2.287783
2.291086
2.735678
2.631128
1.878901
2.147762
2.587779
2.470545
2.271419
2.402371
2.512689
4.035083
2.754910
2.756988
2.817158
3.649642
2.546408
2.312140
2.199393
2.704145
2.193193
3.187733
2.748786
5.143613
3.011462
3.027999
3.936807
2.949661
3.562646
2.703214
2.779102
2.776842
2.682603
2.608258
2.585985
2.662491
2.406002
2.318250
2.747943
2.583196
2.783496
3.460668
2.180240
3.507363
2.695677
2.559112
5.606589
2.457524
2.546435
2.239433
3.138336
2.428126
2.237601
3.234855
1.916362
1.904407
3.138486
2.081220
6.090307
2.813839
1.834772
2.175809
4.798285
3.926267
2.396985
2.601973
2.124460
2.567206
4.188185
4.059857
2.202164
4.727044
3.309269
3.430471
3.851844
3.513518
4.567057
4.276432
2.672674
4.244036
5.452969
4.284789
4.378910
4.513825
2.506347
3.092548
2.291952
2.543284
2.270427
3.002578
2.680589
3.337414
3.463964
4.201274
3.672551
2.393339
2.781012
4.627269
3.407486
3.288238
1.980348
2.206025
2.430962
1.993462
2.264147
3.184792
2.481392
3.518473
3.125973
3.744941
4.034750
3.674906
2.002504
2.729850
3.159203
2.447733
2.409215
3.000216
3.169528
1.781967
4.151827
2.530158
2.176836
3.820930
2.719240
3.970551
2.418935
2.690512
3.233492
2.751037
2.650161
2.779215
2.400079
2.546064
2.688860
2.766220
2.561504
4.021270
2.692995
2.278945
2.648733
3.311090
3.851696
3.537035
3.208477
1.919098
5.139055
4.652459
4.196990
2.386903
4.635280
2.816305
3.312560
2.701234
2.216184
2.372169
1.758752
1.964544
1.980899
2.320778
3.312211
3.193360
2.103311
2.824329
3.839893
3.960436
6.942190
4.244925
4.024927
2.576069
3.833869
2.639081
2.077612
3.753009
2.774372
1.983139
2.361025
2.142217
3.236945
2.352133
2.290802
2.896912
2.451176
2.349841
3.255437
4.015270
1.523456
2.309833
1.698098
1.592135
3.387140
2.560265
2.789270
1.648615
4.241729
2.456016
2.576285
3.820123
3.816673
3.893552
3.257700
2.937370
2.965083
3.222897
3.195893
3.316427
3.155163
3.435403
2.622486
4.303670
2.610513
2.145591
3.645461
4.128755
1.989812
1.842812
4.389991
1.789267
1.496189
4.294522
2.322709
3.644209
3.578789
1.954041
1.588466
4.006471
3.813592
2.079363
2.383712
2.394113
3.171666
2.428707
1.570488
2.018456
1.694771
3.047438
5.631073
3.280872
2.376697
3.090008
4.919015
3.286785
2.692476
3.224303
2.577094
2.118380
1.874193
1.763025
3.066330
2.625646
2.180078
2.197126
3.342628
4.631152
4.116594
3.367995
3.415392
4.488944
3.501253
3.263317
3.539735
2.205814
2.084854
1.857124
3.394042
1.699424
3.155447
12.540213
4.572367
4.390575
3.639078
3.895501
1.671354
1.709519
3.092025
2.325037
3.454088
4.724765
4.080648
9.050108
3.050604
2.188766
4.528113
2.539164
1.967180
2.476309
2.225632
3.042866
3.304560
2.770986
3.127428
2.995870
3.546893
2.823107
3.255093
3.625324
8.650131
3.723488
2.169282
3.111175
1.913989
3.393025
2.762134
2.980390
2.574032
2.744447
1.840123
2.828071
4.176067
4.323438
3.131452
2.292650
4.037667
2.294724
2.171876
2.138294
5.467506
4.087094
2.596607
3.441829
2.419750
2.789194
2.847789
2.349348
1.690276
2.596678
9.735608
5.597420
2.302276
5.914767
3.358781
3.429210
4.137539
2.511682
3.310350
1.718408
2.044327
2.400977
3.137797
2.828236
4.170243
1.348633
2.221182
2.489870
2.082918
2.831160
1.796495
3.635189
3.138312
1.819351
1.538310
3.785374
2.449074
2.283735
3.130266
5.578640
5.446477
4.210440
1.602718
3.165545
2.754929
3.619432
3.508741
2.775074
1.507967
2.031363
2.737136
2.125099
9.099409
1.843446
4.024884
3.180075
4.972758
6.390148
4.403691
3.837674
1.576358
2.299212
2.267913
3.538125
1.916039
3.594528
2.667787
1.828405
1.607357
1.467782
4.524156
4.622675
3.118638
1.990870
3.817297
2.680603
2.274298
2.304280
3.249145
5.410518
1.758766
5.655391
4.503065
2.929030
4.951009
2.128057
2.474945
2.047042
3.158380
1.797371
1.502791
4.443945
3.986882
1.414590
1.514463
2.039935
1.978413
3.334561
2.685702
1.593164
3.275285
4.565273
2.952511
1.961819
2.182543
1.808307
1.940809
1.898324
8.096024
2.769533
3.595765
4.373535
4.453730
3.439653
5.484656
1.948932
3.316708
2.406051
2.828054
1.698885
5.034505
1.960116
3.324885
5.284383
2.377121
2.590485
2.119557
4.267071
2.884326
7.518043
2.994805
7.575250
2.971907
4.660285
5.120501
7.559004
7.618010
4.185751
5.087277
3.443210
5.128015
3.357072
2.189087
2.574738
1.355782
1.882450
1.704209
2.053155
1.991094
2.365108
2.300300
2.425467
1.701641
2.412664
2.192453
8.321602
2.415412
3.894941
4.014848
2.279635
5.284768
1.653927
3.508469
2.551320
2.194749
7.421640
2.171928
1.978204
2.217689
5.819013
3.666959
2.446158
2.251637
3.025227
5.256447
2.506640
2.750900
3.340741
1.545901
3.246352
1.894268
1.813325
2.237682
2.939962
2.167025
3.016048
1.529867
3.355761
2.566029
1.844757
2.756583
2.058099
2.981532
3.273099
2.315523
3.752535
3.269729
1.831028
2.072222
1.574378
1.411625
3.650938
3.190841
1.947008
2.042324
3.712146
2.778008
1.845855
2.362097
2.550080
2.238961
2.410096
2.313772
7.907659
2.489585
1.426047
1.319403
3.644994
5.108300
4.276956
3.835913
1.345624
3.762216
2.116028
1.342143
2.038112
2.733116
2.001787
1.557912
1.453211
2.145092
1.474476
2.524716
4.130458
2.185536
3.710121
3.571720
4.026124
3.495937
4.680778
4.669383
2.978834
4.858058
3.513970
2.889680
2.415505
1.737368
5.184977
3.317590
3.705808
6.511442
2.858080
2.756512
6.214769
3.534299
1.820439
1.850779
1.920089
2.743161
2.245608
6.659276
1.858344
5.874302
4.275782
3.344513
5.365169
5.265204
5.192448
4.760107
5.640634
3.371985
6.711464
3.909551
2.557550
1.704073
2.139228
1.888030
2.152897
5.865113
3.323513
1.812432
2.414511
3.453583
3.643842
1.814707
1.576263
10.481102
5.397713
3.097909
3.048362
2.681744
2.035150
1.816574
3.480782
1.944439
1.794393
5.388258
2.920400
2.179111
1.315013
2.189464
1.328679
2.068710
1.413101
1.843184
3.284682
1.888014
2.620464
1.741596
12.636855
6.572826
3.134555
2.943200
1.754948
2.535698
1.612132
2.758792
3.804627
2.953965
1.717571
2.813817
1.921744
3.427580
2.143111
1.081597
2.644301
1.293153
2.197701
1.855443
1.529887
1.410278
1.927611
2.022718
1.246191
1.891992
1.639630
1.458046
1.602918
1.485079
1.588232
1.427316
1.294253
1.757613
1.665163
1.475522
1.392648
1.315250
1.841540
1.350944
1.608824
1.285690
1.525727
1.696227
1.385786
1.430528
1.445079
1.423561
1.463820
1.472668
1.466655
1.462541
1.465072
1.468967
1.470428
1.469831
1.469093
1.469023
1.469109
1.468791
1.468136
1.467451
1.466819
1.466125
1.465307
1.464415
1.463518
1.462634
1.461761
1.460906
1.460085
1.459311
1.458585
1.457906
1.457271
1.456677
1.456122
1.455599
1.455104
1.454631
1.454177
1.453739
1.453315
1.452901
1.452497
1.452103
1.451718
1.451343
1.450976
1.450619
1.450272
1.449934
1.449607
1.449289
1.448981
1.448683
1.448394
1.448115
1.447844
1.447581
1.447327
1.447081
1.446842
1.446611
1.446388
1.446171
1.445961
1.445758
1.445562
1.445372
1.445189
1.445012
1.444840
1.444675
1.444515
1.444361
1.444212
1.444069
1.443930
1.443797
1.443668
1.443545
1.443426
1.443311
1.443201
1.443096
1.442995
1.442898
1.442806
1.442718
1.442634
1.442554
1.442478
1.442406
1.442338
1.442275
1.442215
1.442160
1.442108
1.442060
1.442017
1.441977
1.441942
1.441910
1.441883
1.441860
1.441841
1.441827
1.441816
1.441810
1.441809
1.441811
1.441819
1.441831
1.441847
1.441869
1.441895
1.441926
1.441962
1.442004
1.442050
1.442102
1.442160
1.442223
1.442292
1.442368
1.442449
1.442536
1.442630
1.442731
1.442839
1.442954
1.443076
1.443207
1.443345
1.443491
1.443646
1.443811
1.443984
1.444168
1.444361
1.444566
1.444782
1.445010
1.445251
1.445505
1.445773
1.446057
1.446357
1.446674
1.447010
1.447367
1.447745
1.448147
1.448577
1.449035
1.449526
1.450054
1.450624
1.451242
1.451916
1.452657
1.453479
1.454401
1.455451
1.456667
1.458109
1.459860
1.462016
1.464540
1.466508
1.464521
1.458781
1.486706
4.354214
5.902244
4.350959
4.812514
5.753977
2.586068
3.051047
1.809130
2.364407
1.889634
2.726790
4.401579
2.329039
4.030257
4.720684
2.820111
2.733470
3.310946
4.446311
2.040509
2.070854
2.342836
1.583231
1.627301
1.549842
1.349134
2.093885
1.642776
1.618672
1.590116
1.570093
1.514737
1.544466
1.530827
1.541273
1.546826
1.553177
1.557204
1.556840
1.553263
1.549057
1.546112
1.545088
1.546010
1.548554
1.552133
1.556126
1.560058
1.563636
1.566680
1.569062
1.570689
1.571528
1.571624
1.571116
1.570226
1.569232
1.568443
1.568163
1.568669
1.570198
1.572939
1.577012
1.582435
1.589103
1.596757
1.604957
1.613031
1.620067
1.625036
1.627143
1.626346
1.623511
1.619840
1.616119
1.612639
1.609587
1.607279
1.606020
1.605880
1.606665
1.608043
1.609630
1.611014
1.611777
1.611617
1.610499
1.608682
1.606561
1.604475
1.602666
1.601352
1.600755
1.601020
1.602104
1.603727
1.605429
1.606676
1.607027
1.606300
1.604645
1.602407
1.599939
1.597543
1.595522
1.594197
1.593803
1.594372
1.595706
1.597445
1.599128
1.600274
1.600507
1.599721
1.598110
1.596030
1.593851
1.591943
1.590702
1.590487
1.591483
1.593601
1.596500
1.599644
1.602352
1.603944
1.604039
1.602789
1.600696
1.598247
1.595840
1.593939
1.593106
1.593772
1.595959
1.599254
1.602934
1.605995
1.607265
1.606017
1.602754
1.598749
1.594725
1.590892
1.587704
1.586172
1.587547
1.592508
1.601033
1.612295
1.622680
1.623154
1.609054
1.595944
1.590116
1.584145
1.578516
1.570781
1.568717
1.577382
1.598918
1.650714
1.836051
2.109102
1.646245
4.127538
6.436527
3.843363
2.712494
1.969998
1.903608
3.200679
1.545980
2.303020
2.991026
2.985869
4.258296
5.132349
4.460161
3.079576
1.765568
1.721206
1.580111
1.691541
4.498126
3.374874
2.405966
1.736603
3.668637
3.051829
2.741377
4.086432
1.485016
1.352375
1.917276
2.190627
1.674726
2.138426
1.534325
2.375940
1.940225
3.538059
1.877708
11.229571
10.874562
8.303188
3.297524
4.132237
5.953915
4.663519
2.736159
1.411769
7.131119
4.857766
3.062801
1.416323
2.290835
2.535598
1.223358
1.288231
1.065019
3.579749
1.119708
1.131704
1.168894
1.459093
1.598425
1.137920
1.751953
1.941543
3.191323
2.497991
2.213405
1.706299
2.775043
2.119105
7.275667
2.671783
3.846277
5.522460
1.770386
0.983442
2.764001
1.243104
1.236085
1.787377
1.583274
1.876907
1.735571
1.561277
1.899950
1.311369
1.521805
1.793866
1.391531
1.447155
1.323798
1.375603
1.416209
1.476562
1.798587
1.373265
1.534942
5.825930
5.745393
1.383549
1.460948
2.697840
1.548635
1.627666
1.346788
1.740682
1.349030
1.500546
1.851054
1.599876
1.501328
2.061302
1.679260
1.441274
1.728921
1.127704
1.554791
1.112947
6.084279
4.803000
1.470220
1.343564
1.427129
1.063693
2.396585
1.292688
1.222571
1.205584
1.791914
1.270245
1.702786
1.398433
2.052116
3.026637
5.200642
5.514060
1.345297
3.158464
3.562326
2.445047
4.180927
3.202163
5.685069
3.322998
3.157552
2.874164
1.331277
1.225232
1.125792
1.247156
1.422469
4.064927
3.123276
1.058416
1.746336
1.467801
1.237329
1.025163
1.719472
1.369805
1.933579
1.429354
1.364651
1.096501
1.466744
2.471794
1.532416
1.072391
1.244849
1.352383
1.488836
1.047806
1.512498
1.572749
1.567389
1.450074
1.324819
1.514638
1.459031
1.891397
2.101196
1.386517
1.732663
1.277943
1.597709
1.665171
2.201089
1.044522
2.307457
1.412123
1.627393
1.424227
1.237472
1.452763
1.737968
1.763032
2.050941
1.901628
0.919982
1.601590
1.768797
1.834265
2.249501
1.247563
1.238360
1.556700
2.578887
1.187845
1.899137
3.083071
1.743677
1.518987
1.576933
1.470065
1.812638
1.309336
1.479937
1.378199
2.113396
2.288310
2.227450
1.508526
2.599599
2.441663
10.939169
4.820741
3.559923
2.915302
1.560522
1.583845
2.694172
1.962439
3.629255
3.161247
1.585526
1.509713
1.919552
1.241023
3.319797
2.306454
3.206554
2.996664
1.309821
3.531046
1.807966
2.648343
4.687123
5.115786
6.015764
1.830434
2.823945
2.069061
8.592161
4.073017
2.498362
5.085213
4.372994
3.610941
3.152733
2.040949
2.141523
3.270736
2.019247
1.490729
1.936771
2.589464
11.544356
9.076629
6.310166
5.576980
4.921957
5.278257
6.019820
5.629106
2.607149
3.135376
4.243437
2.777148
2.744898
1.895895
2.353923
1.503446
4.132149
2.700350
1.767929
1.873249
2.969350
2.466320
2.287788
2.867221
1.453785
3.749115
1.317272
2.277913
1.367485
1.813687
3.225099
2.107772
1.823895
1.973113
2.301962
1.905258
1.596688
2.036316
1.388681
1.136098
2.339471
1.651817
2.204132
1.662920
1.832728
1.451585
1.798888
2.019745
2.606690
1.962860
1.423187
1.580951
1.269423
1.765347
1.626254
1.587530
1.786325
1.920199
2.659831
1.396964
1.754458
1.331787
1.324868
1.496589
1.074193
1.643417
1.433161
1.541259
1.117614
2.014058
1.061522
1.860234
1.123662
1.251163
2.194917
4.807657
2.280964
2.192434
1.737959
1.913389
3.395964
1.342158
1.439457
1.580544
1.100840
1.554917
1.592878
1.473836
1.124323
1.339184
3.052099
11.956445
1.996455
1.873806
1.456907
11.071601
9.853551
4.493811
7.069431
2.117990
3.151839
3.034112
2.962722
4.874871
1.389548
1.856312
1.470042
1.313369
1.658723
1.245470
1.584300
2.196015
1.219857
1.288417
1.405617
1.784857
1.376118
1.644633
1.454490
1.551611
1.624274
1.415960
1.369846
1.230395
1.398282
1.438399
1.217881
1.546730
4.097651
3.510372
2.104701
1.413294
1.403140
2.289048
2.262978
0.753841
1.291589
1.307633
3.668703
3.514077
8.650611
10.378858
1.861723
5.702588
7.714287
4.678639
2.734113
1.868644
2.591296
4.467997
1.452437
2.032506
1.942641
1.312406
2.410888
1.437649
2.152212
3.461336
1.490431
2.063440
1.344430
2.573539
3.962646
1.242406
1.541658
2.080155
0.967933
1.629334
1.391423
1.371589
1.216420
1.397149
1.397228
1.572352
1.874989
1.375594
1.431527
1.311619
1.358357
1.426604
1.346936
1.656995
0.927410
1.361453
1.630279
1.263991
1.359495
1.420102
1.520665
1.563144
0.987123
1.522035
1.484887
1.489573
1.373126
4.709416
2.979294
4.263851
2.995691
1.904279
0.816209
3.405613
2.192832
1.353376
1.362321
1.968040
2.863261
4.303469
3.513191
3.337910
2.113541
1.356078
1.585756
1.081591
1.950613
1.395361
1.487803
2.317335
1.476487
1.815693
2.021329
1.690379
1.436976
1.256588
1.913229
1.734848
1.353885
1.367865
1.143451
1.258834
1.634442
1.381253
1.310909
1.645730
1.663382
2.662017
1.193687
1.790712
1.077026
1.680691
1.337530
1.255563
1.686343
1.362211
1.277473
1.291905
1.494206
1.444430
1.491414
1.103617
1.092597
1.642525
1.679978
1.421808
4.926614
3.095985
3.200563
5.260834
2.882492
1.240965
1.355363
4.570252
5.366711
3.526743
11.384850
10.953942
8.787098
8.637284
9.042547
11.376008
9.142371
8.474196
3.474609
6.136184
7.977309
3.362523
12.200933
10.809893
3.824037
5.204333
1.698758
2.000368
1.030049
1.004516
0.914632
2.800556
1.657427
1.314785
1.405043
2.037643
1.659468
1.814804
3.335568
1.924340
1.465777
1.465820
1.746756
1.224411
1.886454
1.739135
2.232191
3.868942
4.450996
1.060757
2.389740
3.904583
5.647239
1.004586
0.909909
2.001615
2.730600
2.155518
2.210556
4.593814
2.075289
1.191691
2.760998
1.340254
2.483799
1.778540
2.369839
1.490346
1.514215
2.720556
1.285730
1.657323
1.404483
1.288549
1.652924
1.541499
1.844344
1.296030
1.756963
1.458488
1.480047
1.695383
1.450279
1.475774
1.660239
1.403121
1.164855
3.757861
1.487156
1.244959
1.639530
1.243970
1.412033
2.165550
1.860621
1.755273
1.740616
1.211400
1.296356
1.706994
1.471523
1.251834
1.682745
1.358762
1.188457
1.383439
1.368055
1.344573
1.778279
1.138826
2.321820
3.277809
1.241920
1.275757
1.476353
1.437187
1.382587
1.148247
1.458009
1.600033
3.841097
3.908165
2.726509
4.113688
3.376227
3.014085
6.419057
1.687339
2.064201
1.157612
2.017299
1.246303
1.659844
1.585580
2.003876
2.693845
1.783117
1.231213
1.392715
3.138937
1.479036
1.938962
1.918756
1.627301
0.859755
1.768351
2.047759
1.495084
1.616334
3.603090
1.873210
5.347389
3.506209
1.366311
1.525533
1.719265
3.326229
1.488022
2.188334
1.365499
3.050498
3.306560
4.758972
2.035472
2.718181
1.735302
1.542225
1.052386
1.572426
1.130384
1.592275
2.435497
1.634451
2.113065
1.470197
1.650626
1.558515
1.314646
1.877317
5.647674
4.587606
3.879829
2.079697
2.301130
1.364164
1.748364
1.308746
1.117697
1.771743
1.874317
1.701872
1.059957
1.017816
2.177099
3.058288
1.305008
1.269149
1.721203
1.462394
1.205592
1.657522
1.773183
1.035829
1.150586
1.390775
1.642523
1.445893
1.469234
3.761863
2.527363
4.213648
2.246254
2.967531
1.413410
0.899107
2.177840
1.988538
1.503927
3.240971
1.633218
1.430995
1.757715
1.102071
1.580662
8.402461
4.408709
6.369915
5.051002
4.835210
2.510917
2.972061
1.093474
1.488115
1.151044
0.980808
1.849574
1.655033
0.975246
1.635608
1.418382
1.630979
1.221601
1.397456
2.095523
1.503519
1.438686
1.320411
1.705597
1.345143
1.310131
1.689399
1.179967
1.118537
1.898891
1.392259
1.171829
1.134015
2.727761
1.434655
0.932031
1.417886
2.338472
1.249041
1.097699
1.290366
1.234711
1.168109
1.077647
0.680464
0.990807
3.412706
1.698365
1.418325
1.593358
1.519540
1.494157
1.722703
1.248890
1.260931
3.428980
4.290176
3.664432
2.570454
6.839611
12.134541
11.475337
5.816304
4.201636
1.203684
1.869886
2.647970
4.237604
1.875771
1.560200
1.375550
1.126758
1.405455
2.034513
1.359326
1.463380
2.711078
2.948505
6.555349
6.372899
2.039406
1.545853
1.825179
7.678235
5.383398
2.344356
2.520620
0.954273
3.453207
5.670410
1.611148
3.454779
2.067512
1.666252
2.170638
1.830700
1.674992
3.277304
2.457428
1.526198
1.685977
1.397192
1.394398
1.718305
1.346661
1.430709
1.315576
1.700056
1.451397
1.282055
1.668024
1.568165
1.423661
1.014515
2.475605
1.758209
1.216210
1.454545
1.376460
1.836076
1.347207
1.032866
1.180016
1.532480
1.114204
1.519006
1.148425
1.405044
0.963214
1.802786
1.292437
2.445165
3.615768
2.240208
1.229083
2.978088
1.262679
1.538491
1.368981
1.144801
1.629240
1.143403
0.931081
1.324631
1.069576
4.372044
3.269693
1.330849
1.000097
1.473112
1.413845
1.660513
1.472341
1.733718
1.673600
0.874622
2.907653
2.959083
1.347058
1.109260
1.671224
1.857469
1.965302
2.340711
4.820641
1.855831
4.260317
3.306563
2.964006
1.298418
2.322925
1.936254
1.894335
2.442663
1.328914
1.315542
4.238624
7.034489
3.443599
3.893017
1.374985
4.235488
2.586143
3.258939
1.335409
1.980251
1.435661
1.263941
1.463863
1.793786
1.330409
1.224389
1.430388
1.336749
1.363868
1.633884
1.438388
1.201199
2.211433
1.516089
1.364545
1.031410
1.523793
2.660840
1.350932
1.232701
1.643046
1.758659
1.687368
1.361819
1.177933
1.023243
1.756212
3.170001
4.772451
1.167696
1.055829
1.574038
2.195159
1.191851
1.108930
0.845087
2.777536
11.904574
2.031780
0.759595
1.078922
1.653994
1.340243
1.396411
1.683727
3.590586
3.673726
2.515203
2.812177
1.420946
1.735265
4.566274
4.488898
3.277659
3.810086
1.708126
1.887253
0.919647
1.421564
0.790229
1.549365
1.280533
1.703456
1.498920
1.237534
2.195350
2.974246
1.640974
1.168544
2.097488
3.906431
2.443612
1.550710
1.598186
3.503418
1.550986
2.383307
1.088809
2.154873
3.013870
1.521156
1.571376
1.002240
1.270839
1.770370
1.005167
3.747019
2.244487
1.016558
2.218143
2.433907
7.520071
6.492879
4.346578
3.742904
4.209013
7.745474
7.917032
2.950651
1.034396
0.932184
1.721896
3.242907
1.912287
1.086022
1.561546
1.258812
1.406834
1.637189
1.683940
1.119482
1.256244
1.490037
1.312262
1.118098
1.664350
1.471876
1.337814
1.423433
1.174142
1.228565
1.817319
1.375707
1.395646
1.612147
1.577143
1.363628
1.333486
1.361873
1.156195
1.217729
0.954942
1.720323
1.864263
1.049239
3.681617
1.516373
0.835535
1.754656
1.575083
1.398688
1.146070
1.325945
1.024531
2.266016
1.212666
2.072944
1.799255
1.437580
1.556811
1.619662
1.152546
1.543909
2.799586
2.112899
2.709795
0.799916
2.785101
2.366818
1.046695
2.010224
1.894572
1.342145
2.399584
1.641236
1.863707
0.827448
2.757017
2.346841
1.397717
0.980491
1.633731
1.391422
0.640126
1.460923
3.304712
4.254357
1.317413
0.719891
0.701102
0.838915
0.810987
0.686049
0.855630
0.759800
0.846754
0.730566
1.691553
2.316436
1.597628
1.347717
2.190608
1.082672
3.975568
1.750306
2.441482
1.369038
3.484723
3.510975
1.770037
1.311190
1.472316
1.684769
3.345617
3.578385
2.722038
3.195267
1.814543
1.336459
1.443164
2.134653
2.197021
0.821765
4.916952
3.770705
2.168120
4.525700
3.487452
3.321537
1.546526
1.790244
1.053534
1.064571
1.201115
0.772073
1.506364
1.340996
2.663886
1.295352
1.654715
1.788698
1.368596
1.232119
1.107157
1.419634
1.352317
0.637321
1.986635
1.528064
1.602465
3.096064
1.440986
1.266840
3.945165
2.104216
1.670394
2.997723
1.496599
0.823394
1.665130
1.663672
1.029659
0.758321
1.015113
1.395106
1.568455
1.318103
1.509639
1.155442
2.253262
1.039035
1.407851
2.021344
1.409741
0.749642
1.986743
0.838878
1.307013
1.921337
5.807090
9.606494
3.635735
5.762640
4.835460
2.288152
2.327237
4.020748
7.373093
3.715280
1.722202
0.969082
2.236345
2.927150
1.475484
2.118080
2.295891
2.003612
0.824953
1.747991
0.980442
0.998235
0.700017
1.052755
0.959495
1.965105
2.465010
1.697637
3.225769
4.680758
1.782745
4.862390
3.759770
2.280216
2.246073
1.361453
2.685923
0.724608
4.100502
1.142884
1.533009
0.938451
1.688081
1.831110
1.975255
2.380532
5.678234
2.394576
1.183905
2.187684
1.050327
0.692264
0.845965
2.139987
0.571362
0.502945
0.488365
0.764418
0.438948
0.476161
0.907239
1.025140
0.573555
0.609729
0.866434
0.534755
0.713864
0.728021
0.477416
0.719282
0.763186
0.670317
0.944323
5.703185
3.018192
2.389998
2.510260
10.572152
6.639723
6.864528
2.607036
4.074925
1.586049
1.615793
1.258903
2.303212
1.595068
0.585966
0.634634
0.590977
0.537469
0.581685
0.521409
0.631058
0.573399
0.633689
0.592256
0.724216
0.694730
0.714229
0.718651
0.648286
0.665047
0.673903
0.644312
0.652323
0.666416
0.678244
0.697451
0.721056
0.723497
0.720890
0.725632
0.720060
0.712245
0.718248
0.712881
0.707803
0.711305
0.709167
0.705095
0.707063
0.707331
0.704477
0.705271
0.706667
0.702507
0.693082
0.934656
0.730655
0.686210
0.728080
0.688857
1.117292
0.427305
0.705523
2.179012
3.800597
6.090328
6.561131
3.344257
5.117661
2.826292
2.818110
1.571926
2.451616
4.940859
2.821558
4.179858
4.088776
1.661431
0.842615
1.036976
1.952116
2.568211
3.989390
1.392800
1.407853
2.562110
1.717617
0.676434
0.731799
0.829276
1.624551
4.925406
2.559134
2.674181
2.402762
1.891421
0.721590
2.313496
0.507972
0.606882
0.564259
0.573921
0.552430
1.548082
1.355428
1.920154
1.217160
3.652974
2.384656
4.244820
5.164292
8.672750
8.827188
6.641829
5.372825
3.995270
4.763775
5.938629
3.354643
4.052685
7.206839
5.026437
5.979048
3.969238
4.547034
3.054058
2.336960
7.412224
4.350962
8.490202
4.032469
5.176619
3.635906
2.899737
1.702558
2.028661
5.196773
2.228026
1.574573
4.887244
6.156650
5.389215
7.074545
10.852450
5.256884
3.376828
3.019887
2.083310
3.003527
1.487732
2.018976
1.011817
1.716025
1.788613
1.442004
6.739821
5.201292
9.472136
3.253015
1.468840
1.438167
2.365884
2.295218
1.168848
0.759885
0.777743
1.344575
2.850063
1.830777
2.404342
0.631213
0.629910
0.621002
0.704356
0.957978
3.416634
3.429380
3.269349
2.925903
1.198772
2.684977
1.849147
1.131652
0.977432
3.632992
0.681910
0.657209
0.681063
0.620949
0.612029
0.638252
3.175997
2.179613
3.980437
2.459295
2.494745
2.530728
3.239420
2.336653
2.341411
0.974157
0.933541
3.844753
2.600454
3.016753
0.811675
2.054177
1.503858
1.480003
1.634575
1.077581
1.326455
1.065684
1.283990
3.517803
3.523077
2.935989
2.522722
1.968995
4.283676
2.875236
1.429507
1.236219
2.276091
2.128019
1.844888
1.962581
8.778097
3.791681
4.024863
1.642856
1.954712
2.785932
1.720628
1.292109
0.873079
1.538104
1.543799
1.076825
3.777878
2.545622
1.793956
1.846840
1.327861
1.118951
4.968933
4.051824
2.578073
1.357557
1.087066
5.416584
1.633479
1.187932
4.265891
2.066408
2.266667
1.652862
2.069057
2.226479
0.882659
1.868383
2.818902
1.514619
2.671142
2.328788
2.487948
1.350725
4.839425
2.902129
6.338663
2.855336
1.505958
2.679458
2.830276
2.304081
1.757836
1.442359
1.735037
2.893151
2.939917
1.955559
0.910295
1.713562
0.911999
1.526106
1.466004
1.517155
1.301283
0.664483
2.420617
1.423292
1.316064
0.653001
0.715227
0.492676
0.670471
0.732570
0.748606
0.644909
0.702308
0.739550
0.673317
0.656249
0.731245
0.776590
1.174346
1.202298
0.528016
0.678392
0.596288
0.847906
0.754707
0.609100
0.697865
0.709242
0.656122
0.706493
0.707902
0.651193
0.705201
0.710405
0.639488
0.688817
0.716983
0.648126
0.648309
0.725476
0.684274
0.596301
0.690685
0.707029
0.618922
0.617277
0.740933
0.690980
0.575078
0.624529
0.736650
0.671986
0.580980
0.661373
0.706756
0.625268
0.596347
0.734511
0.685477
0.569425
0.601151
0.745515
0.679403
0.558716
0.624584
0.721339
0.655267
0.576976
0.709265
0.675192
0.599023
0.611181
0.724962
0.667440
0.560497
0.652038
0.702061
0.690694
0.580071
0.632849
0.787601
1.157581
5.568183
6.405002
3.628249
2.860251
2.340366
4.104276
5.475532
2.737287
3.046631
2.626876
0.847445
0.650006
0.832533
0.477509
0.951054
1.038470
0.495957
0.956943
1.082850
3.336313
9.184662
6.634528
4.190566
4.266457
2.457107
2.275062
1.242876
3.211150
1.377735
5.203870
2.397669
1.802911
1.999474
1.223053
2.858158
2.693284
2.813850
2.551815
1.904569
1.533473
1.779289
1.148937
1.817107
1.940738
2.166175
1.014841
1.213432
2.812922
1.679666
2.025407
0.754280
0.751981
0.634540
0.742046
1.004523
1.161882
2.217773
1.478727
4.176906
3.493133
3.351410
1.613855
1.879227
1.100152
0.980999
0.468382
0.497691
1.404662
0.718886
1.437204
1.547601
0.526564
1.420943
2.018338
2.222235
1.974860
1.424942
1.228417
2.191470
1.242178
1.923133
3.726488
2.511072
3.437791
1.707488
2.632155
2.211467
3.883493
1.816443
1.330861
1.103805
1.427840
0.672425
1.455512
1.354176
1.878072
1.096784
0.581855
0.607739
0.503869
0.611941
0.773611
0.742927
0.697090
0.637132
0.727063
0.721010
0.629121
0.696491
0.760061
0.661820
0.575084
2.331722
2.381551
3.608871
1.354312
2.694940
1.058961
2.637044
1.656850
0.987491
0.955955
2.557987
2.328866
1.288677
1.983341
2.015038
0.859814
0.590443
1.267990
1.067429
1.024879
2.756408
1.404993
1.177026
1.915633
1.490243
1.814078
0.732349
0.718866
0.594691
0.598337
0.573470
0.578151
0.664208
0.687746
0.644242
0.656141
0.681315
0.660004
0.658875
0.678582
0.661906
0.652554
0.674072
0.661341
0.641890
0.668149
0.664228
0.629779
0.656463
0.674906
0.624055
0.628849
0.692967
0.641192
0.589935
0.680288
0.684247
0.589111
0.560372
0.566790
1.584119
1.229643
2.984904
6.012572
5.087073
7.988052
4.580122
3.810041
5.350566
1.972017
3.107024
5.507120
4.886768
2.001447
2.322575
1.269704
3.162680
2.732687
4.249001
4.656011
2.233183
2.839125
3.442401
3.916693
1.982203
1.794897
1.309640
1.322280
3.536307
1.480386
1.014694
1.089447
2.357710
2.907293
1.693816
2.093743
1.290197
2.073892
1.444489
1.899105
1.659790
4.667473
2.307584
3.693323
2.125020
1.837218
2.289246
0.744213
0.845419
0.821513
1.225058
0.441507
0.447012
0.880524
1.161288
0.505599
0.343903
0.364286
0.392424
0.332796
0.311528
0.336258
0.387930
0.339944
0.311444
0.340867
0.383545
0.328476
0.301462
0.350564
0.389854
0.314540
0.280869
0.351480
0.413477
0.312735
0.320964
0.284453
0.437992
0.430227
0.862329
5.574194
1.395584
4.428186
3.084110
2.095984
3.743804
3.998679
5.602561
1.967910
1.997863
1.521168
1.356392
2.352830
0.887234
2.016732
1.733175
2.180545
3.416649
2.778668
1.854813
1.220778
2.375304
0.553260
0.536397
0.701410
0.631611
1.117669
0.772152
0.583310
0.755940
0.740670
0.722115
0.568827
1.027153
1.291779
1.722152
2.556169
2.376725
2.445716
1.947453
1.166656
1.080576
2.377254
3.032826
10.596230
10.876205
6.998175
5.206187
2.285524
1.307143
3.550420
3.900816
1.891584
1.065164
2.318227
3.207569
1.166326
1.141825
1.128068
0.678002
1.305057
3.191958
1.803860
1.064141
1.016243
2.601850
2.359343
6.014557
2.547241
3.996367
1.178377
1.267513
1.865312
0.748055
0.611952
0.629362
0.711551
0.638270
0.594957
0.752624
1.822318
5.791083
3.470782
2.079424
1.413354
0.774634
0.985998
0.884894
1.596025
2.473625
1.082315
1.396111
1.061890
1.494064
3.940538
3.939379
1.347007
1.270156
4.161426
2.514109
1.847980
1.673047
1.640974
2.427486
1.177344
0.989031
2.329807
0.628071
0.573874
1.320651
2.617407
0.684663
1.199031
0.518825
0.484556
0.571197
0.594929
0.686950
1.900063
2.128023
1.871356
4.564785
6.761775
3.871694
3.380340
2.505837
1.501156
1.437431
3.477527
1.341290
1.860093
2.069343
2.490935
1.142520
1.425887
1.310242
1.379671
0.762069
1.808348
0.932365
0.518350
0.882845
1.292966
4.028365
2.545362
2.027927
1.327438
2.367976
4.143853
2.391845
2.000830
0.913639
0.884503
0.668524
0.603795
1.054576
1.141193
0.517221
0.471389
0.841190
0.701549
0.891780
0.781707
1.026209
0.926216
0.582911
0.372368
0.731387
0.782507
1.070356
3.397571
2.489211
1.453431
3.958166
2.086436
1.460851
0.649135
0.526693
0.561926
0.403778
1.077172
0.477187
1.358012
1.625728
3.833156
1.339734
2.540759
0.629329
1.342121
0.313017
1.042498
4.468775
2.045314
3.607135
1.872316
1.419049
1.855578
0.902837
0.953802
0.801316
0.793644
0.642525
0.863207
0.997745
1.448169
3.754189
3.210914
4.249884
5.349999
6.165852
3.619017
2.304968
2.128076
0.602246
2.304782
0.870937
1.718685
2.357067
2.179057
3.126705
3.113251
3.105292
1.842687
1.105621
3.207712
4.273644
2.626912
1.730183
0.487554
0.433985
1.497905
5.223675
3.442329
4.519330
1.192546
1.133713
5.151247
6.720893
3.201386
12.583499
7.706953
7.734978
5.146817
7.106429
4.482929
0.419494
2.667327
0.682223
3.540588
3.314010
2.561369
1.438156
2.565752
1.257334
2.314462
1.340775
1.596022
0.442594
0.395522
0.645861
0.756096
0.444092
1.788764
3.211154
3.169974
5.113688
0.861747
5.447142
2.972486
4.325662
4.932609
4.210115
2.124750
4.941614
3.755457
1.776062
1.911882
1.645139
2.100565
2.305882
1.653102
2.639569
1.269799
2.470996
1.294674
0.625405
1.053066
0.676940
0.398953
0.618978
1.362006
2.187969
1.763806
1.412381
1.407657
1.744369
2.450507
3.896893
1.716567
0.735246
1.452586
1.621071
1.992111
0.509874
0.504056
0.501531
0.414195
0.607838
0.540153
0.902608
1.114027
1.307348
1.264580
0.537932
1.519894
1.625273
3.273655
0.499071
0.650903
0.632713
0.226571
0.384110
2.310064
1.096624
2.584878
3.934256
3.293291
3.610276
1.532697
1.706932
3.939261
1.213458
0.768439
1.011051
1.630392
0.848059
0.933382
0.928066
0.743769
4.652398
2.398521
1.326941
2.142769
2.201557
2.035557
0.912071
1.284301
0.636202
0.650142
0.796068
0.772878
0.559435
0.661832
0.659962
1.047354
1.359989
1.857943
2.422222
2.511023
2.437192
1.609990
0.538577
0.524273
0.815823
0.472171
0.604290
0.711094
0.624430
0.733873
1.418975
0.827624
1.634509
2.660384
1.288914
1.617630
2.287009
0.961546
0.734467
0.628478
0.529018
2.805531
2.600865
2.426473
1.555284
1.492286
1.655507
2.206846
0.573517
2.255306
3.564506
8.471452
8.591372
10.442100
6.134619
6.508933
2.940979
6.485619
4.322816
5.169182
5.562195
6.241387
3.648246
6.312202
3.534723
2.550254
3.607471
1.501704
2.048599
5.129010
3.413151
2.303294
1.931364
0.762279
0.941909
3.095753
1.777192
1.011225
2.622967
5.115858
1.355534
1.361878
4.242676
2.963291
4.205242
2.224366
3.464286
2.263735
2.379472
2.966113
1.202467
1.172813
1.511424
1.220617
0.820152
1.319100
1.536917
0.961961
1.245517
1.196348
2.571253
1.657723
2.722709
1.328057
2.205682
0.937429
1.013008
3.359875
5.441806
2.522727
3.362406
1.746828
1.014929
1.395752
0.919833
0.555209
0.661609
2.815536
0.493418
1.388548
1.819282
2.648188
1.873038
2.993609
0.441889
1.046595
1.163833
1.244068
0.992496
0.834481
1.965455
3.664317
1.223938
4.303062
6.389442
4.002273
1.910441
2.560496
1.560870
1.275669
1.601321
1.235934
1.817092
3.262079
2.351425
2.050036
1.562034
1.335886
1.556770
0.916310
2.057730
1.275854
2.006106
0.787182
1.358073
5.419122
0.864910
2.626106
1.747042
1.075993
2.537853
1.282671
1.595438
0.747704
0.763623
0.869047
0.720913
0.707535
1.049866
3.097856
2.895695
1.811599
2.893718
2.260979
5.600989
4.503959
1.383117
2.040339
1.084929
1.378186
2.079814
2.077540
0.848183
2.006642
0.794698
1.888946
1.202603
1.803157
1.398175
1.306237
1.352717
0.491851
0.544243
0.644776
2.470899
0.452020
0.577173
0.508480
1.420451
1.519877
1.562885
0.793364
2.491683
0.948949
0.693856
0.586502
0.591781
1.432238
1.141024
0.574324
0.804843
0.722844
0.973360
0.556730
1.327565
0.750046
1.997186
2.207158
2.077682
5.409932
2.481652
5.927386
1.395191
0.413817
0.323280
0.290330
0.267051
0.889458
0.588676
1.317567
2.073860
4.948338
7.146818
6.314120
5.223335
3.771165
4.282884
2.260377
1.217327
1.011609
1.504606
1.815940
1.512856
2.375270
2.358346
1.616697
1.850701
0.666186
0.527713
0.582532
0.492610
0.702046
1.051804
0.800137
0.420762
1.604711
2.807171
3.423888
1.773986
2.255266
3.360592
2.073331
0.677595
2.140109
1.060084
1.445133
2.691484
2.310266
2.437098
1.261046
1.646990
2.102244
1.896582
1.924479
1.251490
1.277117
1.212381
1.114630
1.369069
0.689285
0.761481
0.655196
1.337334
0.655627
1.469821
0.800793
1.405282
0.721552
2.151071
1.836294
0.887368
0.565831
0.528930
0.650904
4.283971
3.326206
3.142643
1.829941
1.258143
1.302686
1.465819
0.612198
1.129144
0.500947
0.529567
1.232378
1.439313
1.448086
1.333458
1.022313
1.833459
1.850179
3.933555
2.095508
1.595230
0.284660
0.241884
0.306365
1.108797
2.661332
1.879684
1.603162
1.585695
1.082066
0.748263
0.537511
0.463024
0.490440
1.658409
1.699812
0.592217
0.690996
0.512318
0.518024
0.557836
2.328776
2.863040
3.379835
1.082578
5.532940
1.805473
2.012012
3.255588
1.332334
2.370319
3.245051
2.298143
1.133245
0.596116
1.026003
1.065574
1.563408
1.084081
1.819717
1.314579
3.521820
1.779816
1.931130
2.002785
3.577907
1.143182
0.858547
0.784124
2.291943
1.759963
2.891576
0.726686
1.242430
0.654259
0.513751
0.690581
0.949700
0.641806
0.667782
0.803841
0.882150
0.757576
0.880826
0.512293
0.668418
0.648791
0.571710
0.586810
1.842479
1.459159
2.161725
3.713879
2.971247
1.619395
1.518234
0.411176
0.314784
0.296887
0.503204
0.556477
0.383782
0.321369
0.341067
0.400795
0.264198
0.365215
0.442162
0.241722
0.275564
0.520378
0.228090
0.303626
0.448591
0.291228
0.213309
0.181452
0.466763
2.330338
2.092148
1.775283
2.138468
0.843715
1.123583
0.339724
0.248705
0.203009
0.213390
0.361236
2.922814
1.721508
4.545920
1.258926
3.145338
2.771048
1.807650
1.589990
0.856509
1.158510
0.354863
0.247974
0.219126
1.323474
7.730201
6.147438
2.730866
1.866126
0.795355
0.659403
0.584960
0.803799
0.727437
1.842096
1.749984
2.337436
1.424012
2.846016
3.170057
3.140711
1.540485
3.355778
1.517514
5.845385
3.875990
2.750010
1.928278
1.340187
1.268139
2.676169
5.294706
2.243821
1.586432
1.179841
2.015508
0.651546
0.663294
1.110680
2.784677
3.144699
0.903326
0.555985
0.453553
0.481150
0.404334
0.446500
0.621087
0.896826
0.364647
2.278817
0.604302
0.274675
0.244325
0.188910
1.450552
0.575090
1.440875
1.083857
3.477964
4.864592
2.608708
1.070155
0.908706
1.216233
1.044246
1.134117
3.272324
3.090054
1.850722
2.106955
2.671503
2.815129
1.097772
1.818262
1.504108
3.209039
2.468236
3.880525
2.418214
1.913217
0.435753
0.371627
0.863262
0.650825
0.445482
0.709684
0.556061
1.041788
0.534401
3.230018
3.110749
2.907087
2.209198
1.255103
1.296938
4.400520
1.018894
0.686783
0.193854
0.181946
0.164187
0.143607
0.110959
0.093544
0.075993
0.060970
0.052772
0.049577
0.046949
0.045022
0.043349
0.041893
0.040585
0.039401
0.038319
0.037326
0.036409
0.035560
0.034770
0.034033
0.033343
0.032696
0.032087
0.031513
0.030970
0.030456
0.029967
0.029502
0.029059
0.028637
0.028232
0.027845
0.027474
0.027118
0.026775
0.026445
0.026128
0.025821
0.025525
0.025239
0.024963
0.024695
0.024435
0.024184
0.023940
0.023703
0.023472
0.023248
0.023030
0.022818
0.022612
0.022411
0.022215
0.022023
0.021837
0.021654
0.021476
0.021302
0.021132
0.020966
0.020804
0.020644
0.020489
0.020336
0.020186
0.020040
0.019896
0.019755
0.019617
0.019482
0.019349
0.019218
0.019090
0.018964
0.018840
0.018718
0.018599
0.018481
0.018366
0.018252
0.018140
0.018030
0.017922
0.017815
0.017710
0.017607
0.017505
0.017404
0.017306
0.017208
0.017112
0.017017
0.016924
0.016832
0.016741
0.016652
0.016563
0.016476
0.016390
0.016305
0.016221
0.016138
0.016057
0.015976
0.015896
0.015818
0.015740
0.015663
0.015587
0.015512
0.015438
0.015365
0.015292
0.015221
0.015150
0.015080
0.015011
0.014942
0.014875
0.014808
0.014741
0.014676
0.014611
0.014547
0.014483
0.014420
0.014358
0.014297
0.014236
0.014176
0.014116
0.014057
0.013998
0.013940
0.013883
0.013826
0.013770
0.013714
0.013659
0.013604
0.013550
0.013496
0.013443
0.013390
0.013338
0.013286
0.013235
0.013184
0.013134
0.013084
0.013034
0.012985
0.012937
0.012888
0.012841
0.012793
0.012746
0.012699
0.012653
0.012607
0.012562
0.012517
0.012472
0.012428
0.012384
0.012340
0.012297
0.012254
0.012211
0.012169
0.012127
0.012086
0.012044
0.012003
0.011963
0.011922
0.011882
0.011843
0.011803
0.011764
0.011725
0.011687
0.011648
0.011610
0.011573
0.011535
0.011498
0.011461
0.011424
0.011388
0.011352
0.011316
0.011280
0.011245
0.011210
0.011175
0.011140
0.011106
0.011072
0.011038
0.011004
0.010971
0.010938
0.010905
0.010872
0.010839
0.010807
0.010775
0.010743
0.010711
0.010679
0.010648
0.010617
0.010586
0.010555
0.010525
0.010494
0.010464
0.010434
0.010405
0.010375
0.010346
0.010316
0.010287
0.010258
0.010230
0.010201
0.010173
0.010145
0.010117
0.010089
0.010061
0.010034
0.010006
0.009979
0.009952
0.009925
0.009899
0.009872
0.009846
0.009820
0.009793
0.009767
0.009742
0.009716
0.009691
0.009665
0.009640
0.009615
0.009590
0.009565
0.009541
0.009516
0.009492
0.009467
0.009443
0.009419
0.009395
0.009372
0.009348
0.009325
0.009301
0.009278
0.009255
0.009232
0.009209
0.009186
0.009164
0.009141
0.009119
0.009096
0.009074
0.009052
0.009030
0.009009
0.008987
0.008965
0.008944
0.008922
0.008901
0.008880
0.008859
0.008838
0.008817
0.008796
0.008776
0.008755
0.008735
0.008714
0.008694
0.008674
0.008654
0.008634
0.008614
0.008594
0.008575
0.008555
0.008536
0.008516
0.008497
0.008478
0.008459
0.008440
0.008421
0.008402
0.008383
0.008365
0.008346
0.008327
0.008309
0.008291
0.008272
0.008254
0.008236
0.008218
0.008200
0.008182
0.008165
0.008147
0.008129
0.008112
0.008095
0.008077
0.008060
0.008043
0.008026
0.008008
0.007991
0.007975
0.007958
0.007941
0.007924
0.007908
0.007891
0.007875
0.007858
0.007842
0.007826
0.007809
0.007793
0.007777
0.007761
0.007745
0.007729
0.007714
0.007698
0.007682
0.007667
0.007651
0.007636
0.007620
0.007605
0.007590
0.007574
0.007559
0.007544
0.007529
0.007514
0.007499
0.007484
0.007470
0.007455
0.007440
0.007426
0.007411
0.007397
0.007382
0.007368
0.007353
0.007339
0.007325
0.007311
0.007297
0.007283
0.007269
0.007255
0.007241
0.007227
0.007213
0.007200
0.007186
0.007172
0.007159
0.007145
0.007132
0.007118
0.007105
0.007092
0.007078
0.007065
0.007052
0.007039
0.007026
0.007013
0.007000
0.006987
0.006974
0.006961
0.006948
0.006936
0.006923
0.006910
0.006898
0.006885
0.006873
0.006860
0.006848
0.006835
0.006823
0.006811
0.006799
0.006786
0.006774
0.006762
0.006750
0.006738
0.006726
0.006714
0.006702
0.006691
0.006679
0.006667
0.006655
0.006644
0.006632
0.006620
0.006609
0.006597
0.006586
0.006574
0.006563
0.006552
0.006540
0.006529
0.006518
0.006507
0.006495
0.006484
0.006473
0.006462
0.006451
0.006440
0.006429
0.006418
0.006407
0.006397
0.006386
0.006375
0.006364
0.006354
0.006343
0.006332
0.006322
0.006311
0.006301
0.006290
0.006280
0.006269
0.006259
0.006249
0.006238
0.006228
0.006218
0.006208
0.006197
0.006187
0.006177
0.006167
0.006157
0.006147
0.006137
0.006127
0.006117
0.006107
0.006097
0.006088
0.006078
0.006068
0.006058
0.006049
0.006039
0.006029
0.006020
0.006010
0.006001
0.005991
0.005982
0.005972
0.005963
0.005953
0.005944
0.005935
0.005925
0.005916
0.005907
0.005898
0.005888
0.005879
0.005870
0.005861
0.005852
0.005843
0.005834
0.005825
0.005816
0.005807
0.005798
0.005789
0.005780
0.005771
0.005763
0.005754
0.005745
0.005736
0.005728
0.005719
0.005710
0.005702
0.005693
0.005684
0.005676
0.005667
0.005659
0.005650
0.005642
0.005634
0.005625
0.005617
0.005608
0.005600
0.005592
0.005583
0.005575
0.005567
0.005559
0.005551
0.005542
0.005534
0.005526
0.005518
0.005510
0.005502
0.005494
0.005486
0.005478
0.005470
0.005462
0.005454
0.005446
0.005438
0.005431
0.005423
0.005415
0.005407
0.005399
0.005392
0.005384
0.005376
0.005369
0.005361
0.005353
0.005346
0.005338
0.005331
0.005323
0.005316
0.005308
0.005301
0.005293
0.005286
0.005278
0.005271
0.005263
0.005256
0.005249
0.005241
0.005234
0.005227
0.005220
0.005212
0.005205
0.005198
0.005191
0.005184
0.005177
0.005169
0.005162
0.005155
0.005148
0.005141
0.005134
0.005127
0.005120
0.005113
0.005106
0.005099
0.005092
0.005085
0.005079
0.005072
0.005065
0.005058
0.005051
0.005045
0.005038
0.005031
0.005024
0.005018
0.005011
0.005004
0.004998
0.004991
0.004984
0.004978
0.004971
0.004964
0.004958
0.004951
0.004945
0.004938
0.004932
0.004925
0.004919
0.004912
0.004906
0.004900
0.004893
0.004887
0.004881
0.004874
0.004868
0.004862
0.004855
0.004849
0.004843
0.004836
0.004830
0.004824
0.004818
0.004812
0.004805
0.004799
0.004793
0.004787
0.004781
0.004775
0.004769
0.004763
0.004757
0.004751
0.004745
0.004739
0.004733
0.004727
0.004721
0.004715
0.004709
0.004703
0.004697
0.004691
0.004685
0.004679
0.004674
0.004668
0.004662
0.004656
0.004650
0.004645
0.004639
0.004633
0.004627
0.004622
0.004616
0.004610
0.004605
0.004599
0.004593
0.004588
0.004582
0.004577
0.004571
0.004565
0.004560
0.004554
0.004549
0.004543
0.004538
0.004532
0.004527
0.004521
0.004516
0.004510
0.004505
0.004499
0.004494
0.004489
0.004483
0.004478
0.004473
0.004467
0.004462
0.004457
0.004451
0.004446
0.004441
0.004435
0.004430
0.004425
0.004420
0.004415
0.004409
0.004404
0.004399
0.004394
0.004389
0.004383
0.004378
0.004373
0.004368
0.004363
0.004358
0.004353
0.004348
0.004343
0.004338
0.004333
0.004328
0.004323
0.004318
0.004313
0.004308
0.004303
0.004298
0.004293
0.004288
0.004283
0.004278
0.004273
0.004268
0.004263
0.004259
0.004254
0.004249
0.004244
0.004239
0.004234
0.004230
0.004225
0.004220
0.004215
0.004211
0.004206
0.004201
0.004196
0.004192
0.004187
0.004182
0.004178
0.004173
0.004168
0.004164
0.004159
0.004154
0.004150
0.004145
0.004141
0.004136
0.004131
0.004127
0.004122
0.004118
0.004113
0.004109
0.004104
0.004100
0.004095
0.004091
0.004086
0.004082
0.004077
0.004073
0.004068
0.004064
0.004060
0.004055
0.004051
0.004046
0.004042
0.004038
0.004033
0.004029
0.004025
0.004020
0.004016
0.004012
0.004007
0.004003
0.003999
0.003994
0.003990
0.003986
0.003982
0.003977
0.003973
0.003969
0.003965
0.003960
0.003956
0.003952
0.003948
0.003944
0.003940
0.003935
0.003931
0.003927
0.003923
0.003919
0.003915
0.003911
0.003907
0.003903
0.003898
0.003894
0.003890
0.003886
0.003882
0.003878
0.003874
0.003870
0.003866
0.003862
0.003858
0.003854
0.003850
0.003846
0.003842
0.003838
0.003834
0.003830
0.003826
0.003823
0.003819
0.003815
0.003811
0.003807
0.003803
0.003799
0.003795
0.003792
0.003788
0.003784
0.003780
0.003776
0.003772
0.003769
0.003765
0.003761
0.003757
0.003753
0.003750
0.003746
0.003742
0.003738
0.003735
0.003731
0.003727
0.003723
0.003720
0.003716
0.003712
0.003709
0.003705
0.003701
0.003698
0.003694
0.003690
0.003687
0.003683
0.003679
0.003676
0.003672
0.003669
0.003665
0.003661
0.003658
0.003654
0.003651
0.003647
0.003643
0.003640
0.003636
0.003633
0.003629
0.003626
0.003622
0.003619
0.003615
0.003612
0.003608
0.003605
0.003601
0.003598
0.003594
0.003591
0.003587
0.003584
0.003581
0.003577
0.003574
0.003570
0.003567
0.003564
0.003560
0.003557
0.003553
0.003550
0.003547
0.003543
0.003540
0.003537
0.003533
0.003530
0.003527
0.003523
0.003520
0.003517
0.003513
0.003510
0.003507
0.003503
0.003500
0.003497
0.003494
0.003490
0.003487
0.003484
0.003481
0.003477
0.003474
0.003471
0.003468
0.003464
0.003461
0.003458
0.003455
0.003452
0.003448
0.003445
0.003442
0.003439
0.003436
0.003433
0.003429
0.003426
0.003423
0.003420
0.003417
0.003414
0.003411
0.003408
0.003404
0.003401
0.003398
0.003395
0.003392
0.003389
0.003386
0.003383
0.003380
0.003377
0.003374
0.003371
0.003368
0.003365
0.003362
0.003359
0.003356
0.003353
0.003350
0.003347
0.003344
0.003341
0.003338
0.003335
0.003332
0.003329
0.003326
0.003323
0.003320
0.003317
0.003314
0.003311
0.003308
0.003305
0.003302
0.003299
0.003296
0.003294
0.003291
0.003288
0.003285
0.003282
0.003279
0.003276
0.003273
0.003271
0.003268
0.003265
0.003262
0.003259
0.003256
0.003254
0.003251
0.003248
0.003245
0.003242
0.003239
0.003237
0.003234
0.003231
0.003228
0.003226
0.003223
0.003220
0.003217
0.003214
0.003212
0.003209
0.003206
0.003203
0.003201
0.003198
0.003195
0.003193
0.003190
0.003187
0.003184
0.003182
0.003179
0.003176
0.003174
0.003171
0.003168
0.003166
0.003163
0.003160
0.003158
0.003155
0.003152
0.003150
0.003147
0.003144
0.003142
0.003139
0.003137
0.003134
0.003131
0.003129
0.003126
0.003123
0.003121
0.003118
0.003116
0.003113
0.003111
0.003108
0.003105
0.003103
0.003100
0.003098
0.003095
0.003093
0.003090
0.003088
0.003085
0.003082
0.003080
0.003077
0.003075
0.003072
0.003070
0.003067
0.003065
0.003062
0.003060
0.003057
0.003055
0.003052
0.003050
0.003047
0.003045
0.003043
0.003040
0.003038
0.003035
0.003033
0.003030
0.003028
0.003025
0.003023
0.003021
0.003018
0.003016
0.003013
0.003011
0.003009
0.003006
0.003004
0.003001
0.002999
0.002997
0.002994
0.002992
0.002989
0.002987
0.002985
0.002982
0.002980
0.002978
0.002975
0.002973
0.002971
0.002968
0.002966
0.002964
0.002961
0.002959
0.002957
0.002954
0.002952
0.002950
0.002947
0.002945
0.002943
0.002940
0.002938
0.002936
0.002934
0.002931
0.002929
0.002927
0.002924
0.002922
0.002920
0.002918
0.002915
0.002913
0.002911
0.002909
0.002906
0.002904
0.002902
0.002900
0.002898
0.002895
0.002893
0.002891
0.002889
0.002886
0.002884
0.002882
0.002880
0.002878
0.002875
0.002873
0.002871
0.002869
0.002867
0.002865
0.002862
0.002860
0.002858
0.002856
0.002854
0.002852
0.002849
0.002847
0.002845
0.002843
0.002841
0.002839
0.002837
0.002835
0.002832
0.002830
0.002828
0.002826
0.002824
0.002822
0.002820
0.002818
0.002816
0.002813
0.002811
0.002809
0.002807
0.002805
0.002803
0.002801
0.002799
0.002797
0.002795
0.002793
0.002791
0.002789
0.002787
0.002784
0.002782
0.002780
0.002778
0.002776
0.002774
0.002772
0.002770
0.002768
0.002766
0.002764
0.002762
0.002760
0.002758
0.002756
0.002754
0.002752
0.002750
0.002748
0.002746
0.002744
0.002742
0.002740
0.002738
0.002736
0.002734
0.002732
0.002730
0.002728
0.002726
0.002725
0.002723
0.002721
0.002719
0.002717
0.002715
0.002713
0.002711
0.002709
0.002707
0.002705
0.002703
0.002701
0.002699
0.002697
0.002696
0.002694
0.002692
0.002690
0.002688
0.002686
0.002684
0.002682
0.002680
0.002678
0.002677
0.002675
0.002673
0.002671
0.002669
0.002667
0.002665
0.002663
0.002662
0.002660
0.002658
0.002656
0.002654
0.002652
0.002650
0.002649
0.002647
0.002645
0.002643
0.002641
0.002639
0.002638
0.002636
0.002634
0.002632
0.002630
0.002629
0.002627
0.002625
0.002623
0.002621
0.002620
0.002618
0.002616
0.002614
0.002612
0.002611
0.002609
0.002607
0.002605
0.002603
0.002602
0.002600
0.002598
0.002596
0.002595
0.002593
0.002591
0.002589
0.002588
0.002586
0.002584
0.002582
0.002581
0.002579
0.002577
0.002575
0.002574
0.002572
0.002570
0.002568
0.002567
0.002565
0.002563
0.002562
0.002560
0.002558
0.002556
0.002555
0.002553
0.002551
0.002550
0.002548
0.002546
0.002545
0.002543
0.002541
0.002539
0.002538
0.002536
0.002534
0.002533
0.002531
0.002529
0.002528
0.002526
0.002524
0.002523
0.002521
0.002519
0.002518
0.002516
0.002515
0.002513
0.002511
0.002510
0.002508
0.002506
0.002505
0.002503
0.002501
0.002500
0.002498
0.002497
0.002495
0.002493
0.002492
0.002490
0.002488
0.002487
0.002485
0.002484
0.002482
0.002480
0.002479
0.002477
0.002476
0.002474
0.002472
0.002471
0.002469
0.002468
0.002466
0.002464
0.002463
0.002461
0.002460
0.002458
0.002457
0.002455
0.002453
0.002452
0.002450
0.002449
0.002447
0.002446
0.002444
0.002443
0.002441
0.002439
0.002438
0.002436
0.002435
0.002433
0.002432
0.002430
0.002429
0.002427
0.002426
0.002424
0.002423
0.002421
0.002420
0.002418
0.002417
0.002415
0.002414
0.002412
0.002410
0.002409
0.002407
0.002406
0.002404
0.002403
0.002401
0.002400
0.002399
0.002397
0.002396
0.002394
0.002393
0.002391
0.002390
0.002388
0.002387
0.002385
0.002384
0.002382
0.002381
0.002379
0.002378
0.002376
0.002375
0.002373
0.002372
0.002371
0.002369
0.002368
0.002366
0.002365
0.002363
0.002362
0.002360
0.002359
0.002358
0.002356
0.002355
0.002353
0.002352
0.002350
0.002349
0.002348
0.002346
0.002345
0.002343
0.002342
0.002340
0.002339
0.002338
0.002336
0.002335
0.002333
0.002332
0.002331
0.002329
0.002328
0.002326
0.002325
0.002324
0.002322
0.002321
0.002319
0.002318
0.002317
0.002315
0.002314
0.002313
0.002311
0.002310
0.002308
0.002307
0.002306
0.002304
0.002303
0.002302
0.002300
0.002299
0.002297
0.002296
0.002295
0.002293
0.002292
0.002291
0.002289
0.002288
0.002287
0.002285
0.002284
0.002283
0.002281
0.002280
0.002279
0.002277
0.002276
0.002275
0.002273
0.002272
0.002271
0.002269
0.002268
0.002267
0.002265
0.002264
0.002263
0.002261
0.002260
0.002259
0.002257
0.002256
0.002255
0.002254
0.002252
0.002251
0.002250
0.002248
0.002247
0.002246
0.002244
0.002243
0.002242
0.002241
0.002239
0.002238
0.002237
0.002235
0.002234
0.002233
0.002232
0.002230
0.002229
0.002228
0.002227
0.002225
0.002224
0.002223
0.002221
0.002220
0.002219
0.002218
0.002216
0.002215
0.002214
0.002213
0.002211
0.002210
0.002209
0.002208
0.002206
0.002205
0.002204
0.002203
0.002201
0.002200
0.002199
0.002198
0.002196
0.002195
0.002194
0.002193
0.002192
0.002190
0.002189
0.002188
0.002187
0.002185
0.002184
0.002183
0.002182
0.002181
0.002179
0.002178
0.002177
0.002176
0.002175
0.002173
0.002172
0.002171
0.002170
0.002169
0.002167
0.002166
0.002165
0.002164
0.002163
0.002161
0.002160
0.002159
0.002158
0.002157
0.002155
0.002154
0.002153
0.002152
0.002151
0.002149
0.002148
0.002147
0.002146
0.002145
0.002144
0.002142
0.002141
0.002140
0.002139
0.002138
0.002137
0.002135
0.002134
0.002133
0.002132
0.002131
0.002130
0.002129
0.002127
0.002126
0.002125
0.002124
0.002123
0.002122
0.002120
0.002119
0.002118
0.002117
0.002116
0.002115
0.002114
0.002113
0.002111
0.002110
0.002109
0.002108
0.002107
0.002106
0.002105
0.002103
0.002102
0.002101
0.002100
0.002099
0.002098
0.002097
0.002096
0.002095
0.002093
0.002092
0.002091
0.002090
0.002089
0.002088
0.002087
0.002086
0.002085
0.002083
0.002082
0.002081
0.002080
0.002079
0.002078
0.002077
0.002076
0.002075
0.002074
0.002073
0.002071
0.002070
0.002069
0.002068
0.002067
0.002066
0.002065
0.002064
0.002063
0.002062
0.002061
0.002060
0.002058
0.002057
0.002056
0.002055
0.002054
0.002053
0.002052
0.002051
0.002050
0.002049
0.002048
0.002047
0.002046
0.002045
0.002044
0.002043
0.002041
0.002040
0.002039
0.002038
0.002037
0.002036
0.002035
0.002034
0.002033
0.002032
0.002031
0.002030
0.002029
0.002028
0.002027
0.002026
0.002025
0.002024
0.002023
0.002022
0.002021
0.002020
0.002019
0.002018
0.002017
0.002016
0.002014
0.002013
0.002012
0.002011
0.002010
0.002009
0.002008
0.002007
0.002006
0.002005
0.002004
0.002003
0.002002
0.002001
0.002000
0.001999
0.001998
0.001997
0.001996
0.001995
0.001994
0.001993
0.001992
0.001991
0.001990
0.001989
0.001988
0.001987
0.001986
0.001985
0.001984
0.001983
0.001982
0.001981
0.001980
0.001979
0.001978
0.001977
0.001976
0.001975
0.001974
0.001973
0.001972
0.001971
0.001971
0.001970
0.001969
0.001968
0.001967
0.001966
0.001965
0.001964
0.001963
0.001962
0.001961
0.001960
0.001959
0.001958
0.001957
0.001956
0.001955
0.001954
0.001953
0.001952
0.001951
0.001950
0.001949
0.001948
0.001947
0.001946
0.001945
0.001945
0.001944
0.001943
0.001942
0.001941
0.001940
0.001939
0.001938
0.001937
0.001936
0.001935
0.001934
0.001933
0.001932
0.001931
0.001930
0.001929
0.001929
0.001928
0.001927
0.001926
0.001925
0.001924
0.001923
0.001922
0.001921
0.001920
0.001919
0.001918
0.001917
0.001917
0.001916
0.001915
0.001914
0.001913
0.001912
0.001911
0.001910
0.001909
0.001908
0.001907
0.001906
0.001906
0.001905
0.001904
0.001903
0.001902
0.001901
0.001900
0.001899
0.001898
0.001897
0.001897
0.001896
0.001895
0.001894
0.001893
0.001892
0.001891
0.001890
0.001889
0.001888
0.001888
0.001887
0.001886
0.001885
0.001884
0.001883
0.001882
0.001881
0.001880
0.001880
0.001879
0.001878
0.001877
0.001876
0.001875
0.001874
0.001873
0.001873
0.001872
0.001871
0.001870
0.001869
0.001868
0.001867
0.001866
0.001866
0.001865
0.001864
0.001863
0.001862
0.001861
0.001860
0.001860
0.001859
0.001858
0.001857
0.001856
0.001855
0.001854
0.001854
0.001853
0.001852
0.001851
0.001850
0.001849
0.001848
0.001848
0.001847
0.001846
0.001845
0.001844
0.001843
0.001843
0.001842
0.001841
0.001840
0.001839
0.001838
0.001837
0.001837
0.001836
0.001835
0.001834
0.001833
0.001832
0.001832
0.001831
0.001830
0.001829
0.001828
0.001827
0.001827
0.001826
0.001825
0.001824
0.001823
0.001822
0.001822
0.001821
0.001820
0.001819
0.001818
0.001818
0.001817
0.001816
0.001815
0.001814
0.001813
0.001813
0.001812
0.001811
0.001810
0.001809
0.001809
0.001808
0.001807
0.001806
0.001805
0.001805
0.001804
0.001803
0.001802
0.001801
0.001800
0.001800
0.001799
0.001798
0.001797
0.001796
0.001796
0.001795
0.001794
0.001793
0.001792
0.001792
0.001791
0.001790
0.001789
0.001789
0.001788
0.001787
0.001786
0.001785
0.001785
0.001784
0.001783
0.001782
0.001781
0.001781
0.001780
0.001779
0.001778
0.001778
0.001777
0.001776
0.001775
0.001774
0.001774
0.001773
0.001772
0.001771
0.001771
0.001770
0.001769
0.001768
0.001767
0.001767
0.001766
0.001765
0.001764
0.001764
0.001763
0.001762
0.001761
0.001760
0.001760
0.001759
0.001758
0.001757
0.001757
0.001756
0.001755
0.001754
0.001754
0.001753
0.001752
0.001751
0.001751
0.001750
0.001749
0.001748
0.001748
0.001747
0.001746
0.001745
0.001745
0.001744
0.001743
0.001742
0.001742
0.001741
0.001740
0.001739
0.001739
0.001738
0.001737
0.001736
0.001736
0.001735
0.001734
0.001733
0.001733
0.001732
0.001731
0.001730
0.001730
0.001729
0.001728
0.001727
0.001727
0.001726
0.001725
0.001725
0.001724
0.001723
0.001722
0.001722
0.001721
0.001720
0.001719
0.001719
0.001718
0.001717
0.001717
0.001716
0.001715
0.001714
0.001714
0.001713
0.001712
0.001711
0.001711
0.001710
0.001709
0.001709
0.001708
0.001707
0.001706
0.001706
0.001705
0.001704
0.001704
0.001703
0.001702
0.001701
0.001701
0.001700
0.001699
0.001699
0.001698
0.001697
0.001696
0.001696
0.001695
0.001694
0.001694
0.001693
0.001692
0.001692
0.001691
0.001690
0.001689
0.001689
0.001688
0.001687
0.001687
0.001686
0.001685
0.001685
0.001684
0.001683
0.001682
0.001682
0.001681
0.001680
0.001680
0.001679
0.001678
0.001678
0.001677
0.001676
0.001676
0.001675
0.001674
0.001673
0.001673
0.001672
0.001671
0.001671
0.001670
0.001669
0.001669
0.001668
0.001667
0.001667
0.001666
0.001665
0.001665
0.001664
0.001663
0.001663
0.001662
0.001661
0.001661
0.001660
0.001659
0.001659
0.001658
0.001657
0.001656
0.001656
0.001655
0.001654
0.001654
0.001653
0.001652
0.001652
0.001651
0.001650
0.001650
0.001649
0.001648
0.001648
0.001647
0.001646
0.001646
0.001645
0.001644
0.001644
0.001643
0.001643
0.001642
0.001641
0.001641
0.001640
0.001639
0.001639
0.001638
0.001637
0.001637
0.001636
0.001635
0.001635
0.001634
0.001633
0.001633
0.001632
0.001631
0.001631
0.001630
0.001629
0.001629
0.001628
0.001627
0.001627
0.001626
0.001626
0.001625
0.001624
0.001624
0.001623
0.001622
0.001622
0.001621
0.001620
0.001620
0.001619
0.001618
0.001618
0.001617
0.001617
0.001616
0.001615
0.001615
0.001614
0.001613
0.001613
0.001612
0.001611
0.001611
0.001610
0.001610
0.001609
0.001608
0.001608
0.001607
0.001606
0.001606
0.001605
0.001605
0.001604
0.001603
0.001603
0.001602
0.001601
0.001601
0.001600
0.001600
0.001599
0.001598
0.001598
0.001597
0.001596
0.001596
0.001595
0.001595
0.001594
0.001593
0.001593
0.001592
0.001591
0.001591
0.001590
0.001590
0.001589
0.001588
0.001588
0.001587
0.001587
0.001586
0.001585
0.001585
0.001584
0.001584
0.001583
0.001582
0.001582
0.001581
0.001580
0.001580
0.001579
0.001579
0.001578
0.001577
0.001577
0.001576
0.001576
0.001575
0.001574
0.001574
0.001573
0.001573
0.001572
0.001571
0.001571
0.001570
0.001570
0.001569
0.001568
0.001568
0.001567
0.001567
0.001566
0.001565
0.001565
0.001564
0.001564
0.001563
0.001562
0.001562
0.001561
0.001561
0.001560
0.001559
0.001559
0.001558
0.001558
0.001557
0.001557
0.001556
0.001555
0.001555
0.001554
0.001554
0.001553
0.001552
0.001552
0.001551
0.001551
0.001550
0.001550
0.001549
0.001548
0.001548
0.001547
0.001547
0.001546
0.001545
0.001545
0.001544
0.001544
0.001543
0.001543
0.001542
0.001541
0.001541
0.001540
0.001540
0.001539
0.001539
0.001538
0.001537
0.001537
0.001536
0.001536
0.001535
0.001535
0.001534
0.001533
0.001533
0.001532
0.001532
0.001531
0.001531
0.001530
0.001529
0.001529
0.001528
0.001528
0.001527
0.001527
0.001526
0.001525
0.001525
0.001524
0.001524
0.001523
0.001523
0.001522
0.001522
0.001521
0.001520
0.001520
0.001519
0.001519
0.001518
0.001518
0.001517
0.001517
0.001516
0.001515
0.001515
0.001514
0.001514
0.001513
0.001513
0.001512
0.001512
0.001511
0.001510
0.001510
0.001509
0.001509
0.001508
0.001508
0.001507
0.001507
0.001506
0.001505
0.001505
0.001504
0.001504
0.001503
0.001503
0.001502
0.001502
0.001501
0.001501
0.001500
0.001499
0.001499
0.001498
0.001498
0.001497
0.001497
0.001496
0.001496
0.001495
0.001495
0.001494
0.001494
0.001493
0.001492
0.001492
0.001491
0.001491
0.001490
0.001490
0.001489
0.001489
0.001488
0.001488
0.001487
0.001487
0.001486
0.001485
0.001485
0.001484
0.001484
0.001483
0.001483
0.001482
0.001482
0.001481
0.001481
0.001480
0.001480
0.001479
0.001479
0.001478
0.001478
0.001477
0.001477
0.001476
0.001475
0.001475
0.001474
0.001474
0.001473
0.001473
0.001472
0.001472
0.001471
0.001471
0.001470
0.001470
0.001469
0.001469
0.001468
0.001468
0.001467
0.001467
0.001466
0.001466
0.001465
0.001465
0.001464
0.001463
0.001463
0.001462
0.001462
0.001461
0.001461
0.001460
0.001460
0.001459
0.001459
0.001458
0.001458
0.001457
0.001457
0.001456
0.001456
0.001455
0.001455
0.001454
0.001454
0.001453
0.001453
0.001452
0.001452
0.001451
0.001451
0.001450
0.001450
0.001449
0.001449
0.001448
0.001448
0.001447
0.001447
0.001446
0.001446
0.001445
0.001445
0.001444
0.001444
0.001443
0.001443
0.001442
0.001442
0.001441
0.001441
0.001440
0.001440
0.001439
0.001439
0.001438
0.001438
0.001437
0.001437
0.001436
0.001436
0.001435
0.001435
0.001434
0.001434
0.001433
0.001433
0.001432
0.001432
0.001431
0.001431
0.001430
0.001430
0.001429
0.001429
0.001428
0.001428
0.001427
0.001427
0.001426
0.001426
0.001425
0.001425
0.001424
0.001424
0.001423
0.001423
0.001422
0.001422
0.001422
0.001421
0.001421
0.001420
0.001420
0.001419
0.001419
0.001418
0.001418
0.001417
0.001417
0.001416
0.001416
0.001415
0.001415
0.001414
0.001414
0.001413
0.001413
0.001412
0.001412
0.001411
0.001411
0.001410
0.001410
0.001410
0.001409
0.001409
0.001408
0.001408
0.001407
0.001407
0.001406
0.001406
0.001405
0.001405
0.001404
0.001404
0.001403
0.001403
0.001402
0.001402
0.001401
0.001401
0.001401
0.001400
0.001400
0.001399
0.001399
0.001398
0.001398
0.001397
0.001397
0.001396
0.001396
0.001395
0.001395
0.001394
0.001394
0.001394
0.001393
0.001393
0.001392
0.001392
0.001391
0.001391
0.001390
0.001390
0.001389
0.001389
0.001388
0.001388
0.001388
0.001387
0.001387
0.001386
0.001386
0.001385
0.001385
0.001384
0.001384
0.001383
0.001383
0.001382
0.001382
0.001382
0.001381
0.001381
0.001380
0.001380
0.001379
0.001379
0.001378
0.001378
0.001377
0.001377
0.001377
0.001376
0.001376
0.001375
0.001375
0.001374
0.001374
0.001373
0.001373
0.001373
0.001372
0.001372
0.001371
0.001371
0.001370
0.001370
0.001369
0.001369
0.001368
0.001368
0.001368
0.001367
0.001367
0.001366
0.001366
0.001365
0.001365
0.001364
0.001364
0.001364
0.001363
0.001363
0.001362
0.001362
0.001361
0.001361
0.001360
0.001360
0.001360
0.001359
0.001359
0.001358
0.001358
0.001357
0.001357
0.001357
0.001356
0.001356
0.001355
0.001355
0.001354
0.001354
0.001353
0.001353
0.001353
0.001352
0.001352
0.001351
0.001351
0.001350
0.001350
0.001350
0.001349
0.001349
0.001348
0.001348
0.001347
0.001347
0.001347
0.001346
0.001346
0.001345
0.001345
0.001344
0.001344
0.001344
0.001343
0.001343
0.001342
0.001342
0.001341
0.001341
0.001341
0.001340
0.001340
0.001339
0.001339
0.001338
0.001338
0.001338
0.001337
0.001337
0.001336
0.001336
0.001335
0.001335
0.001335
0.001334
0.001334
0.001333
0.001333
0.001332
0.001332
0.001332
0.001331
0.001331
0.001330
0.001330
0.001329
0.001329
0.001329
0.001328
0.001328
0.001327
0.001327
0.001327
0.001326
0.001326
0.001325
0.001325
0.001324
0.001324
0.001324
0.001323
0.001323
0.001322
0.001322
0.001322
0.001321
0.001321
0.001320
0.001320
0.001319
0.001319
0.001319
0.001318
0.001318
0.001317
0.001317
0.001317
0.001316
0.001316
0.001315
0.001315
0.001315
0.001314
0.001314
0.001313
0.001313
0.001313
0.001312
0.001312
0.001311
0.001311
0.001310
0.001310
0.001310
0.001309
0.001309
0.001308
0.001308
0.001308
0.001307
0.001307
0.001306
0.001306
0.001306
0.001305
0.001305
0.001304
0.001304
0.001304
0.001303
0.001303
0.001302
0.001302
0.001302
0.001301
0.001301
0.001300
0.001300
0.001300
0.001299
0.001299
0.001298
0.001298
0.001298
0.001297
0.001297
0.001296
0.001296
0.001296
0.001295
0.001295
0.001294
0.001294
0.001294
0.001293
0.001293
0.001292
0.001292
0.001292
0.001291
0.001291
0.001290
0.001290
0.001290
0.001289
0.001289
0.001288
0.001288
0.001288
0.001287
0.001287
0.001287
0.001286
0.001286
0.001285
0.001285
0.001285
0.001284
0.001284
0.001283
0.001283
0.001283
0.001282
0.001282
0.001281
0.001281
0.001281
0.001280
0.001280
0.001280
0.001279
0.001279
0.001278
0.001278
0.001278
0.001277
0.001277
0.001276
0.001276
0.001276
0.001275
0.001275
0.001274
0.001274
0.001274
0.001273
0.001273
0.001273
0.001272
0.001272
0.001271
0.001271
0.001271
0.001270
0.001270
0.001270
0.001269
0.001269
0.001268
0.001268
0.001268
0.001267
0.001267
0.001266
0.001266
0.001266
0.001265
0.001265
0.001265
0.001264
0.001264
0.001263
0.001263
0.001263
0.001262
0.001262
0.001262
0.001261
0.001261
0.001260
0.001260
0.001260
0.001259
0.001259
0.001259
0.001258
0.001258
0.001257
0.001257
0.001257
0.001256
0.001256
0.001256
0.001255
0.001255
0.001254
0.001254
0.001254
0.001253
0.001253
0.001253
0.001252
0.001252
0.001252
0.001251
0.001251
0.001250
0.001250
0.001250
0.001249
0.001249
0.001249
0.001248
0.001248
0.001247
0.001247
0.001247
0.001246
0.001246
0.001246
0.001245
0.001245
0.001245
0.001244
0.001244
0.001243
0.001243
0.001243
0.001242
0.001242
0.001242
0.001241
0.001241
0.001241
0.001240
0.001240
0.001239
0.001239
0.001239
0.001238
0.001238
0.001238
0.001237
0.001237
0.001237
0.001236
0.001236
0.001236
0.001235
0.001235
0.001234
0.001234
0.001234
0.001233
0.001233
0.001233
0.001232
0.001232
0.001232
0.001231
0.001231
0.001230
0.001230
0.001230
0.001229
0.001229
0.001229
0.001228
0.001228
0.001228
0.001227
0.001227
0.001227
0.001226
0.001226
0.001226
0.001225
0.001225
0.001224
0.001224
0.001224
0.001223
0.001223
0.001223
0.001222
0.001222
0.001222
0.001221
0.001221
0.001221
0.001220
0.001220
0.001220
0.001219
0.001219
0.001219
0.001218
0.001218
0.001217
0.001217
0.001217
0.001216
0.001216
0.001216
0.001215
0.001215
0.001215
0.001214
0.001214
0.001214
0.001213
0.001213
0.001213
0.001212
0.001212
0.001212
0.001211
0.001211
0.001211
0.001210
0.001210
0.001210
0.001209
0.001209
0.001208
0.001208
0.001208
0.001207
0.001207
0.001207
0.001206
0.001206
0.001206
0.001205
0.001205
0.001205
0.001204
0.001204
0.001204
0.001203
0.001203
0.001203
0.001202
0.001202
0.001202
0.001201
0.001201
0.001201
0.001200
0.001200
0.001200
0.001199
0.001199
0.001199
0.001198
0.001198
0.001198
0.001197
0.001197
0.001197
0.001196
0.001196
0.001196
0.001195
0.001195
0.001195
0.001194
0.001194
0.001194
0.001193
0.001193
0.001193
0.001192
0.001192
0.001192
0.001191
0.001191
0.001191
0.001190
0.001190
0.001190
0.001189
0.001189
0.001189
0.001188
0.001188
0.001188
0.001187
0.001187
0.001187
0.001186
0.001186
0.001186
0.001185
0.001185
0.001185
0.001184
0.001184
0.001184
0.001183
0.001183
0.001183
0.001182
0.001182
0.001182
0.001181
0.001181
0.001181
0.001180
0.001180
0.001180
0.001179
0.001179
0.001179
0.001178
0.001178
0.001178
0.001177
0.001177
0.001177
0.001177
0.001176
0.001176
0.001176
0.001175
0.001175
0.001175
0.001174
0.001174
0.001174
0.001173
0.001173
0.001173
0.001172
0.001172
0.001172
0.001171
0.001171
0.001171
0.001170
0.001170
0.001170
0.001169
0.001169
0.001169
0.001168
0.001168
0.001168
0.001168
0.001167
0.001167
0.001167
0.001166
0.001166
0.001166
0.001165
0.001165
0.001165
0.001164
0.001164
0.001164
0.001163
0.001163
0.001163
0.001162
0.001162
0.001162
0.001162
0.001161
0.001161
0.001161
0.001160
0.001160
0.001160
0.001159
0.001159
0.001159
0.001158
0.001158
0.001158
0.001157
0.001157
0.001157
0.001157
0.001156
0.001156
0.001156
0.001155
0.001155
0.001155
0.001154
0.001154
0.001154
0.001153
0.001153
0.001153
0.001152
0.001152
0.001152
0.001152
0.001151
0.001151
0.001151
0.001150
0.001150
0.001150
0.001149
0.001149
0.001149
0.001148
0.001148
0.001148
0.001148
0.001147
0.001147
0.001147
0.001146
0.001146
0.001146
0.001145
0.001145
0.001145
0.001144
0.001144
0.001144
0.001144
0.001143
0.001143
0.001143
0.001142
0.001142
0.001142
0.001141
0.001141
0.001141
0.001141
0.001140
0.001140
0.001140
0.001139
0.001139
0.001139
0.001138
0.001138
0.001138
0.001137
0.001137
0.001137
0.001137
0.001136
0.001136
0.001136
0.001135
0.001135
0.001135
0.001134
0.001134
0.001134
0.001134
0.001133
0.001133
0.001133
0.001132
0.001132
0.001132
0.001132
0.001131
0.001131
0.001131
0.001130
0.001130
0.001130
0.001129
0.001129
0.001129
0.001129
0.001128
0.001128
0.001128
0.001127
0.001127
0.001127
0.001126
0.001126
0.001126
0.001126
0.001125
0.001125
0.001125
0.001124
0.001124
0.001124
0.001124
0.001123
0.001123
0.001123
0.001122
0.001122
0.001122
0.001121
0.001121
0.001121
0.001121
0.001120
0.001120
0.001120
0.001119
0.001119
0.001119
0.001119
0.001118
0.001118
0.001118
0.001117
0.001117
0.001117
0.001117
0.001116
0.001116
0.001116
0.001115
0.001115
0.001115
0.001115
0.001114
0.001114
0.001114
0.001113
0.001113
0.001113
0.001112
0.001112
0.001112
0.001112
0.001111
0.001111
0.001111
0.001110
0.001110
0.001110
0.001110
0.001109
0.001109
0.001109
0.001108
0.001108
0.001108
0.001108
0.001107
0.001107
0.001107
0.001107
0.001106
0.001106
0.001106
0.001105
0.001105
0.001105
0.001105
0.001104
0.001104
0.001104
0.001103
0.001103
0.001103
0.001103
0.001102
0.001102
0.001102
0.001101
0.001101
0.001101
0.001101
0.001100
0.001100
0.001100
0.001099
0.001099
0.001099
0.001099
0.001098
0.001098
0.001098
0.001097
0.001097
0.001097
0.001097
0.001096
0.001096
0.001096
0.001096
0.001095
0.001095
0.001095
0.001094
0.001094
0.001094
0.001094
0.001093
0.001093
0.001093
0.001092
0.001092
0.001092
0.001092
0.001091
0.001091
0.001091
0.001091
0.001090
0.001090
0.001090
0.001089
0.001089
0.001089
0.001089
0.001088
0.001088
0.001088
0.001088
0.001087
0.001087
0.001087
0.001086
0.001086
0.001086
0.001086
0.001085
0.001085
0.001085
0.001085
0.001084
0.001084
0.001084
0.001083
0.001083
0.001083
0.001083
0.001082
0.001082
0.001082
0.001082
0.001081
0.001081
0.001081
0.001080
0.001080
0.001080
0.001080
0.001079
0.001079
0.001079
0.001079
0.001078
0.001078
0.001078
0.001078
0.001077
0.001077
0.001077
0.001076
0.001076
0.001076
0.001076
0.001075
0.001075
0.001075
0.001075
0.001074
0.001074
0.001074
0.001074
0.001073
0.001073
0.001073
0.001072
0.001072
0.001072
0.001072
0.001071
0.001071
0.001071
0.001071
0.001070
0.001070
0.001070
0.001070
0.001069
0.001069
0.001069
0.001068
0.001068
0.001068
0.001068
0.001067
0.001067
0.001067
0.001067
0.001066
0.001066
0.001066
0.001066
0.001065
0.001065
0.001065
0.001065
0.001064
0.001064
0.001064
0.001064
0.001063
0.001063
0.001063
0.001062
0.001062
0.001062
0.001062
0.001061
0.001061
0.001061
0.001061
0.001060
0.001060
0.001060
0.001060
0.001059
0.001059
0.001059
0.001059
0.001058
0.001058
0.001058
0.001058
0.001057
0.001057
0.001057
0.001057
0.001056
0.001056
0.001056
0.001055
0.001055
0.001055
0.001055
0.001054
0.001054
0.001054
0.001054
0.001053
0.001053
0.001053
0.001053
0.001052
0.001052
0.001052
0.001052
0.001051
0.001051
0.001051
0.001051
0.001050
0.001050
0.001050
0.001050
0.001049
0.001049
0.001049
0.001049
0.001048
0.001048
0.001048
0.001048
0.001047
0.001047
0.001047
0.001047
0.001046
0.001046
0.001046
0.001046
0.001045
0.001045
0.001045
0.001045
0.001044
0.001044
0.001044
0.001044
0.001043
0.001043
0.001043
0.001043
0.001042
0.001042
0.001042
0.001042
0.001041
0.001041
0.001041
0.001041
0.001040
0.001040
0.001040
0.001040
0.001039
0.001039
0.001039
0.001039
0.001038
0.001038
0.001038
0.001038
0.001037
0.001037
0.001037
0.001037
0.001036
0.001036
0.001036
0.001036
0.001035
0.001035
0.001035
0.001035
0.001034
0.001034
0.001034
0.001034
0.001033
0.001033
0.001033
0.001033
0.001032
0.001032
0.001032
0.001032
0.001031
0.001031
0.001031
0.001031
0.001030
0.001030
0.001030
0.001030
0.001029
0.001029
0.001029
0.001029
0.001029
0.001028
0.001028
0.001028
0.001028
0.001027
0.001027
0.001027
0.001027
0.001026
0.001026
0.001026
0.001026
0.001025
0.001025
0.001025
0.001025
0.001024
0.001024
0.001024
0.001024
0.001023
0.001023
0.001023
0.001023
0.001022
0.001022
0.001022
0.001022
0.001022
0.001021
0.001021
0.001021
0.001021
0.001020
0.001020
0.001020
0.001020
0.001019
0.001019
0.001019
0.001019
0.001018
0.001018
0.001018
0.001018
0.001017
0.001017
0.001017
0.001017
0.001017
0.001016
0.001016
0.001016
0.001016
0.001015
0.001015
0.001015
0.001015
0.001014
0.001014
0.001014
0.001014
0.001013
0.001013
0.001013
0.001013
0.001013
0.001012
0.001012
0.001012
0.001012
0.001011
0.001011
0.001011
0.001011
0.001010
0.001010
0.001010
0.001010
0.001009
0.001009
0.001009
0.001009
0.001009
0.001008
0.001008
0.001008
0.001008
0.001007
0.001007
0.001007
0.001007
0.001006
0.001006
0.001006
0.001006
0.001006
0.001005
0.001005
0.001005
0.001005
0.001004
0.001004
0.001004
0.001004
0.001003
0.001003
0.001003
0.001003
0.001003
0.001002
0.001002
0.001002
0.001002
0.001001
0.001001
0.001001
0.001001
0.001000
0.001000
0.001000
0.001000
0.001000
0.000999
0.000999
0.000999
0.000999
0.000998
0.000998
0.000998
0.000998
0.000997
0.000997
0.000997
0.000997
0.000997
0.000996
0.000996
0.000996
0.000996
0.000995
0.000995
0.000995
0.000995
0.000995
0.000994
0.000994
0.000994
0.000994
0.000993
0.000993
0.000993
0.000993
0.000993
0.000992
0.000992
0.000992
0.000992
0.000991
0.000991
0.000991
0.000991
0.000990
0.000990
0.000990
0.000990
0.000990
0.000989
0.000989
0.000989
0.000989
0.000988
0.000988
0.000988
0.000988
0.000988
0.000987
0.000987
0.000987
0.000987
0.000986
0.000986
0.000986
0.000986
0.000986
0.000985
0.000985
0.000985
0.000985
0.000984
0.000984
0.000984
0.000984
0.000984
0.000983
0.000983
0.000983
0.000983
0.000982
0.000982
0.000982
0.000982
0.000982
0.000981
0.000981
0.000981
0.000981
0.000981
0.000980
0.000980
0.000980
0.000980
0.000979
0.000979
0.000979
0.000979
0.000979
0.000978
0.000978
0.000978
0.000978
0.000977
0.000977
0.000977
0.000977
0.000977
0.000976
0.000976
0.000976
0.000976
0.000975
0.000975
0.000975
0.000975
0.000975
0.000974
0.000974
0.000974
0.000974
0.000974
0.000973
0.000973
0.000973
0.000973
0.000972
0.000972
0.000972
0.000972
0.000972
0.000971
0.000971
0.000971
0.000971
0.000971
0.000970
0.000970
0.000970
0.000970
0.000969
0.000969
0.000969
0.000969
0.000969
0.000968
0.000968
0.000968
0.000968
0.000968
0.000967
0.000967
0.000967
0.000967
0.000966
0.000966
0.000966
0.000966
0.000966
0.000965
0.000965
0.000965
0.000965
0.000965
0.000964
0.000964
0.000964
0.000964
0.000964
0.000963
0.000963
0.000963
0.000963
0.000962
0.000962
0.000962
0.000962
0.000962
0.000961
0.000961
0.000961
0.000961
0.000961
0.000960
0.000960
0.000960
0.000960
0.000960
0.000959
0.000959
0.000959
0.000959
0.000958
0.000958
0.000958
0.000958
0.000958
0.000957
0.000957
0.000957
0.000957
0.000957
0.000956
0.000956
0.000956
0.000956
0.000956
0.000955
0.000955
0.000955
0.000955
0.000955
0.000954
0.000954
0.000954
0.000954
0.000953
0.000953
0.000953
0.000953
0.000953
0.000952
0.000952
0.000952
0.000952
0.000952
0.000951
0.000951
0.000951
0.000951
0.000951
0.000950
0.000950
0.000950
0.000950
0.000950
0.000949
0.000949
0.000949
0.000949
0.000949
0.000948
0.000948
0.000948
0.000948
0.000948
0.000947
0.000947
0.000947
0.000947
0.000947
0.000946
0.000946
0.000946
0.000946
0.000945
0.000945
0.000945
0.000945
0.000945
0.000944
0.000944
0.000944
0.000944
0.000944
0.000943
0.000943
0.000943
0.000943
0.000943
0.000942
0.000942
0.000942
0.000942
0.000942
0.000941
0.000941
0.000941
0.000941
0.000941
0.000940
0.000940
0.000940
0.000940
0.000940
0.000939
0.000939
0.000939
0.000939
0.000939
0.000938
0.000938
0.000938
0.000938
0.000938
0.000937
0.000937
0.000937
0.000937
0.000937
0.000936
0.000936
0.000936
0.000936
0.000936
0.000935
0.000935
0.000935
0.000935
0.000935
0.000934
0.000934
0.000934
0.000934
0.000934
0.000933
0.000933
0.000933
0.000933
0.000933
0.000933
0.000932
0.000932
0.000932
0.000932
0.000932
0.000931
0.000931
0.000931
0.000931
0.000931
0.000930
0.000930
0.000930
0.000930
0.000930
0.000929
0.000929
0.000929
0.000929
0.000929
0.000928
0.000928
0.000928
0.000928
0.000928
0.000927
0.000927
0.000927
0.000927
0.000927
0.000926
0.000926
0.000926
0.000926
0.000926
0.000925
0.000925
0.000925
0.000925
0.000925
0.000925
0.000924
0.000924
0.000924
0.000924
0.000924
0.000923
0.000923
0.000923
0.000923
0.000923
0.000922
0.000922
0.000922
0.000922
0.000922
0.000921
0.000921
0.000921
0.000921
0.000921
0.000920
0.000920
0.000920
0.000920
0.000920
0.000920
0.000919
0.000919
0.000919
0.000919
0.000919
0.000918
0.000918
0.000918
0.000918
0.000918
0.000917
0.000917
0.000917
0.000917
0.000917
0.000916
0.000916
0.000916
0.000916
0.000916
0.000916
0.000915
0.000915
0.000915
0.000915
0.000915
0.000914
0.000914
0.000914
0.000914
0.000914
0.000913
0.000913
0.000913
0.000913
0.000913
0.000912
0.000912
0.000912
0.000912
0.000912
0.000912
0.000911
0.000911
0.000911
0.000911
0.000911
0.000910
0.000910
0.000910
0.000910
0.000910
0.000909
0.000909
0.000909
0.000909
0.000909
0.000909
0.000908
0.000908
0.000908
0.000908
0.000908
0.000907
0.000907
0.000907
0.000907
0.000907
0.000907
0.000906
0.000906
0.000906
0.000906
0.000906
0.000905
0.000905
0.000905
0.000905
0.000905
0.000904
0.000904
0.000904
0.000904
0.000904
0.000904
0.000903
0.000903
0.000903
0.000903
0.000903
0.000902
0.000902
0.000902
0.000902
0.000902
0.000902
0.000901
0.000901
0.000901
0.000901
0.000901
0.000900
0.000900
0.000900
0.000900
0.000900
0.000900
0.000899
0.000899
0.000899
0.000899
0.000899
0.000898
0.000898
0.000898
0.000898
0.000898
0.000898
0.000897
0.000897
0.000897
0.000897
0.000897
0.000896
0.000896
0.000896
0.000896
0.000896
0.000896
0.000895
0.000895
0.000895
0.000895
0.000895
0.000894
0.000894
0.000894
0.000894
0.000894
0.000894
0.000893
0.000893
0.000893
0.000893
0.000893
0.000892
0.000892
0.000892
0.000892
0.000892
0.000892
0.000891
0.000891
0.000891
0.000891
0.000891
0.000891
0.000890
0.000890
0.000890
0.000890
0.000890
0.000889
0.000889
0.000889
0.000889
0.000889
0.000889
0.000888
0.000888
0.000888
0.000888
0.000888
0.000887
0.000887
0.000887
0.000887
0.000887
0.000887
0.000886
0.000886
0.000886
0.000886
0.000886
0.000886
0.000885
0.000885
0.000885
0.000885
0.000885
0.000884
0.000884
0.000884
0.000884
0.000884
0.000884
0.000883
0.000883
0.000883
0.000883
0.000883
0.000883
0.000882
0.000882
0.000882
0.000882
0.000882
0.000882
0.000881
0.000881
0.000881
0.000881
0.000881
0.000880
0.000880
0.000880
0.000880
0.000880
0.000880
0.000879
0.000879
0.000879
0.000879
0.000879
0.000879
0.000878
0.000878
0.000878
0.000878
0.000878
0.000878
0.000877
0.000877
0.000877
0.000877
0.000877
0.000876
0.000876
0.000876
0.000876
0.000876
0.000876
0.000875
0.000875
0.000875
0.000875
0.000875
0.000875
0.000874
0.000874
0.000874
0.000874
0.000874
0.000874
0.000873
0.000873
0.000873
0.000873
0.000873
0.000873
0.000872
0.000872
0.000872
0.000872
0.000872
0.000871
0.000871
0.000871
0.000871
0.000871
0.000871
0.000870
0.000870
0.000870
0.000870
0.000870
0.000870
0.000869
0.000869
0.000869
0.000869
0.000869
0.000869
0.000868
0.000868
0.000868
0.000868
0.000868
0.000868
0.000867
0.000867
0.000867
0.000867
0.000867
0.000867
0.000866
0.000866
0.000866
0.000866
0.000866
0.000866
0.000865
0.000865
0.000865
0.000865
0.000865
0.000865
0.000864
0.000864
0.000864
0.000864
0.000864
0.000864
0.000863
0.000863
0.000863
0.000863
0.000863
0.000863
0.000862
0.000862
0.000862
0.000862
0.000862
0.000862
0.000861
0.000861
0.000861
0.000861
0.000861
0.000861
0.000860
0.000860
0.000860
0.000860
0.000860
0.000860
0.000859
0.000859
0.000859
0.000859
0.000859
0.000859
0.000858
0.000858
0.000858
0.000858
0.000858
0.000858
0.000857
0.000857
0.000857
0.000857
0.000857
0.000857
0.000856
0.000856
0.000856
0.000856
0.000856
0.000856
0.000855
0.000855
0.000855
0.000855
0.000855
0.000855
0.000854
0.000854
0.000854
0.000854
0.000854
0.000854
0.000854
0.000853
0.000853
0.000853
0.000853
0.000853
0.000853
0.000852
0.000852
0.000852
0.000852
0.000852
0.000852
0.000851
0.000851
0.000851
0.000851
0.000851
0.000851
0.000850
0.000850
0.000850
0.000850
0.000850
0.000850
0.000849
0.000849
0.000849
0.000849
0.000849
0.000849
0.000848
0.000848
0.000848
0.000848
0.000848
0.000848
0.000848
0.000847
0.000847
0.000847
0.000847
0.000847
0.000847
0.000846
0.000846
0.000846
0.000846
0.000846
0.000846
0.000845
0.000845
0.000845
0.000845
0.000845
0.000845
0.000844
0.000844
0.000844
0.000844
0.000844
0.000844
0.000844
0.000843
0.000843
0.000843
0.000843
0.000843
0.000843
0.000842
0.000842
0.000842
0.000842
0.000842
0.000842
0.000841
0.000841
0.000841
0.000841
0.000841
0.000841
0.000841
0.000840
0.000840
0.000840
0.000840
0.000840
0.000840
0.000839
0.000839
0.000839
0.000839
0.000839
0.000839
0.000838
0.000838
0.000838
0.000838
0.000838
0.000838
0.000838
0.000837
0.000837
0.000837
0.000837
0.000837
0.000837
0.000836
0.000836
0.000836
0.000836
0.000836
0.000836
0.000836
0.000835
0.000835
0.000835
0.000835
0.000835
0.000835
0.000834
0.000834
0.000834
0.000834
0.000834
0.000834
0.000833
0.000833
0.000833
0.000833
0.000833
0.000833
0.000833
0.000832
0.000832
0.000832
0.000832
0.000832
0.000832
0.000831
0.000831
0.000831
0.000831
0.000831
0.000831
0.000831
0.000830
0.000830
0.000830
0.000830
0.000830
0.000830
0.000829
0.000829
0.000829
0.000829
0.000829
0.000829
0.000829
0.000828
0.000828
0.000828
0.000828
0.000828
0.000828
0.000827
0.000827
0.000827
0.000827
0.000827
0.000827
0.000827
0.000826
0.000826
0.000826
0.000826
0.000826
0.000826
0.000826
0.000825
0.000825
0.000825
0.000825
0.000825
0.000825
0.000824
0.000824
0.000824
0.000824
0.000824
0.000824
0.000824
0.000823
0.000823
0.000823
0.000823
0.000823
0.000823
0.000822
0.000822
0.000822
0.000822
0.000822
0.000822
0.000822
0.000821
0.000821
0.000821
0.000821
0.000821
0.000821
0.000821
0.000820
0.000820
0.000820
0.000820
0.000820
0.000820
0.000819
0.000819
0.000819
0.000819
0.000819
0.000819
0.000819
0.000818
0.000818
0.000818
0.000818
0.000818
0.000818
0.000818
0.000817
0.000817
0.000817
0.000817
0.000817
0.000817
0.000817
0.000816
0.000816
0.000816
0.000816
0.000816
0.000816
0.000815
0.000815
0.000815
0.000815
0.000815
0.000815
0.000815
0.000814
0.000814
0.000814
0.000814
0.000814
0.000814
0.000814
0.000813
0.000813
0.000813
0.000813
0.000813
0.000813
0.000813
0.000812
0.000812
0.000812
0.000812
0.000812
0.000812
0.000812
0.000811
0.000811
0.000811
0.000811
0.000811
0.000811
0.000810
0.000810
0.000810
0.000810
0.000810
0.000810
0.000810
0.000809
0.000809
0.000809
0.000809
0.000809
0.000809
0.000809
0.000808
0.000808
0.000808
0.000808
0.000808
0.000808
0.000808
0.000807
0.000807
0.000807
0.000807
0.000807
0.000807
0.000807
0.000806
0.000806
0.000806
0.000806
0.000806
0.000806
0.000806
0.000805
0.000805
0.000805
0.000805
0.000805
0.000805
0.000805
0.000804
0.000804
0.000804
0.000804
0.000804
0.000804
0.000804
0.000803
0.000803
0.000803
0.000803
0.000803
0.000803
0.000803
0.000802
0.000802
0.000802
0.000802
0.000802
0.000802
0.000802
0.000801
0.000801
0.000801
0.000801
0.000801
0.000801
0.000801
0.000800
0.000800
0.000800
0.000800
0.000800
0.000800
0.000800
0.000799
0.000799
0.000799
0.000799
0.000799
0.000799
0.000799
0.000798
0.000798
0.000798
0.000798
0.000798
0.000798
0.000798
0.000797
0.000797
0.000797
0.000797
0.000797
0.000797
0.000797
0.000796
0.000796
0.000796
0.000796
0.000796
0.000796
0.000796
0.000795
0.000795
0.000795
0.000795
0.000795
0.000795
0.000795
0.000795
0.000794
0.000794
0.000794
0.000794
0.000794
0.000794
0.000794
0.000793
0.000793
0.000793
0.000793
0.000793
0.000793
0.000793
0.000792
0.000792
0.000792
0.000792
0.000792
0.000792
0.000792
0.000791
0.000791
0.000791
0.000791
0.000791
0.000791
0.000791
0.000790
0.000790
0.000790
0.000790
0.000790
0.000790
0.000790
0.000790
0.000789
0.000789
0.000789
0.000789
0.000789
0.000789
0.000789
0.000788
0.000788
0.000788
0.000788
0.000788
0.000788
0.000788
0.000787
0.000787
0.000787
0.000787
0.000787
0.000787
0.000787
0.000786
0.000786
0.000786
0.000786
0.000786
0.000786
0.000786
0.000786
0.000785
0.000785
0.000785
0.000785
0.000785
0.000785
0.000785
0.000784
0.000784
0.000784
0.000784
0.000784
0.000784
0.000784
0.000783
0.000783
0.000783
0.000783
0.000783
0.000783
0.000783
0.000783
0.000782
0.000782
0.000782
0.000782
0.000782
0.000782
0.000782
0.000781
0.000781
0.000781
0.000781
0.000781
0.000781
0.000781
0.000781
0.000780
0.000780
0.000780
0.000780
0.000780
0.000780
0.000780
0.000779
0.000779
0.000779
0.000779
0.000779
0.000779
0.000779
0.000779
0.000778
0.000778
0.000778
0.000778
0.000778
0.000778
0.000778
0.000777
0.000777
0.000777
0.000777
0.000777
0.000777
0.000777
0.000777
0.000776
0.000776
0.000776
0.000776
0.000776
0.000776
0.000776
0.000775
0.000775
0.000775
0.000775
0.000775
0.000775
0.000775
0.000775
0.000774
0.000774
0.000774
0.000774
0.000774
0.000774
0.000774
0.000773
0.000773
0.000773
0.000773
0.000773
0.000773
0.000773
0.000773
0.000772
0.000772
0.000772
0.000772
0.000772
0.000772
0.000772
0.000771
0.000771
0.000771
0.000771
0.000771
0.000771
0.000771
0.000771
0.000770
0.000770
0.000770
0.000770
0.000770
0.000770
0.000770
0.000770
0.000769
0.000769
0.000769
0.000769
0.000769
0.000769
0.000769
0.000768
0.000768
0.000768
0.000768
0.000768
0.000768
0.000768
0.000768
0.000767
0.000767
0.000767
0.000767
0.000767
0.000767
0.000767
0.000767
0.000766
0.000766
0.000766
0.000766
0.000766
0.000766
0.000766
0.000765
0.000765
0.000765
0.000765
0.000765
0.000765
0.000765
0.000765
0.000764
0.000764
0.000764
0.000764
0.000764
0.000764
0.000764
0.000764
0.000763
0.000763
0.000763
0.000763
0.000763
0.000763
0.000763
0.000763
0.000762
0.000762
0.000762
0.000762
0.000762
0.000762
0.000762
0.000762
0.000761
0.000761
0.000761
0.000761
0.000761
0.000761
0.000761
0.000760
0.000760
0.000760
0.000760
0.000760
0.000760
0.000760
0.000760
0.000759
0.000759
0.000759
0.000759
0.000759
0.000759
0.000759
0.000759
0.000758
0.000758
0.000758
0.000758
0.000758
0.000758
0.000758
0.000758
0.000757
0.000757
0.000757
0.000757
0.000757
0.000757
0.000757
0.000757
0.000756
0.000756
0.000756
0.000756
0.000756
0.000756
0.000756
0.000756
0.000755
0.000755
0.000755
0.000755
0.000755
0.000755
0.000755
0.000755
0.000754
0.000754
0.000754
0.000754
0.000754
0.000754
0.000754
0.000754
0.000753
0.000753
0.000753
0.000753
0.000753
0.000753
0.000753
0.000753
0.000752
0.000752
0.000752
0.000752
0.000752
0.000752
0.000752
0.000752
0.000751
0.000751
0.000751
0.000751
0.000751
0.000751
0.000751
0.000751
0.000750
0.000750
0.000750
0.000750
0.000750
0.000750
0.000750
0.000750
0.000749
0.000749
0.000749
0.000749
0.000749
0.000749
0.000749
0.000749
0.000748
0.000748
0.000748
0.000748
0.000748
0.000748
0.000748
0.000748
0.000748
0.000747
0.000747
0.000747
0.000747
0.000747
0.000747
0.000747
0.000747
0.000746
0.000746
0.000746
0.000746
0.000746
0.000746
0.000746
0.000746
0.000745
0.000745
0.000745
0.000745
0.000745
0.000745
0.000745
0.000745
0.000744
0.000744
0.000744
0.000744
0.000744
0.000744
0.000744
0.000744
0.000743
0.000743
0.000743
0.000743
0.000743
0.000743
0.000743
0.000743
0.000743
0.000742
0.000742
0.000742
0.000742
0.000742
0.000742
0.000742
0.000742
0.000741
0.000741
0.000741
0.000741
0.000741
0.000741
0.000741
0.000741
0.000740
0.000740
0.000740
0.000740
0.000740
0.000740
0.000740
0.000740
0.000740
0.000739
0.000739
0.000739
0.000739
0.000739
0.000739
0.000739
0.000739
0.000738
0.000738
0.000738
0.000738
0.000738
0.000738
0.000738
0.000738
0.000737
0.000737
0.000737
0.000737
0.000737
0.000737
0.000737
0.000737
0.000737
0.000736
0.000736
0.000736
0.000736
0.000736
0.000736
0.000736
0.000736
0.000735
0.000735
0.000735
0.000735
0.000735
0.000735
0.000735
0.000735
0.000735
0.000734
0.000734
0.000734
0.000734
0.000734
0.000734
0.000734
0.000734
0.000733
0.000733
0.000733
0.000733
0.000733
0.000733
0.000733
0.000733
0.000733
0.000732
0.000732
0.000732
0.000732
0.000732
0.000732
0.000732
0.000732
0.000731
0.000731
0.000731
0.000731
0.000731
0.000731
0.000731
0.000731
0.000731
0.000730
0.000730
0.000730
0.000730
0.000730
0.000730
0.000730
0.000730
0.000729
0.000729
0.000729
0.000729
0.000729
0.000729
0.000729
0.000729
0.000729
0.000728
0.000728
0.000728
0.000728
0.000728
0.000728
0.000728
0.000728
0.000728
0.000727
0.000727
0.000727
0.000727
0.000727
0.000727
0.000727
0.000727
0.000726
0.000726
0.000726
0.000726
0.000726
0.000726
0.000726
0.000726
0.000726
0.000725
0.000725
0.000725
0.000725
0.000725
0.000725
0.000725
0.000725
0.000725
0.000724
0.000724
0.000724
0.000724
0.000724
0.000724
0.000724
0.000724
0.000723
0.000723
0.000723
0.000723
0.000723
0.000723
0.000723
0.000723
0.000723
0.000722
0.000722
0.000722
0.000722
0.000722
0.000722
0.000722
0.000722
0.000722
0.000721
0.000721
0.000721
0.000721
0.000721
0.000721
0.000721
0.000721
0.000721
0.000720
0.000720
0.000720
0.000720
0.000720
0.000720
0.000720
0.000720
0.000720
0.000719
0.000719
0.000719
0.000719
0.000719
0.000719
0.000719
0.000719
0.000718
0.000718
0.000718
0.000718
0.000718
0.000718
0.000718
0.000718
0.000718
0.000717
0.000717
0.000717
0.000717
0.000717
0.000717
0.000717
0.000717
0.000717
0.000716
0.000716
0.000716
0.000716
0.000716
0.000716
0.000716
0.000716
0.000716
0.000715
0.000715
0.000715
0.000715
0.000715
0.000715
0.000715
0.000715
0.000715
0.000714
0.000714
0.000714
0.000714
0.000714
0.000714
0.000714
0.000714
0.000714
0.000713
0.000713
0.000713
0.000713
0.000713
0.000713
0.000713
0.000713
0.000713
0.000712
0.000712
0.000712
0.000712
0.000712
0.000712
0.000712
0.000712
0.000712
0.000711
0.000711
0.000711
0.000711
0.000711
0.000711
0.000711
0.000711
0.000711
0.000710
0.000710
0.000710
0.000710
0.000710
0.000710
0.000710
0.000710
0.000710
0.000709
0.000709
0.000709
0.000709
0.000709
0.000709
0.000709
0.000709
0.000709
0.000709
0.000708
0.000708
0.000708
0.000708
0.000708
0.000708
0.000708
0.000708
0.000708
0.000707
0.000707
0.000707
0.000707
0.000707
0.000707
0.000707
0.000707
0.000707
0.000706
0.000706
0.000706
0.000706
0.000706
0.000706
0.000706
0.000706
0.000706
0.000705
0.000705
0.000705
0.000705
0.000705
0.000705
0.000705
0.000705
0.000705
0.000704
0.000704
0.000704
0.000704
0.000704
0.000704
0.000704
0.000704
0.000704
0.000704
0.000703
0.000703
0.000703
0.000703
0.000703
0.000703
0.000703
0.000703
0.000703
0.000702
0.000702
0.000702
0.000702
0.000702
0.000702
0.000702
0.000702
0.000702
0.000701
0.000701
0.000701
0.000701
0.000701
0.000701
0.000701
0.000701
0.000701
0.000701
0.000700
0.000700
0.000700
0.000700
0.000700
0.000700
0.000700
0.000700
0.000700
0.000699
0.000699
0.000699
0.000699
0.000699
0.000699
0.000699
0.000699
0.000699
0.000698
0.000698
0.000698
0.000698
0.000698
0.000698
0.000698
0.000698
0.000698
0.000698
0.000697
0.000697
0.000697
0.000697
0.000697
0.000697
0.000697
0.000697
0.000697
0.000696
0.000696
0.000696
0.000696
0.000696
0.000696
0.000696
0.000696
0.000696
0.000696
0.000695
0.000695
0.000695
0.000695
0.000695
0.000695
0.000695
0.000695
0.000695
0.000694
0.000694
0.000694
0.000694
0.000694
0.000694
0.000694
0.000694
0.000694
0.000694
0.000693
0.000693
0.000693
0.000693
0.000693
0.000693
0.000693
0.000693
0.000693
0.000693
0.000692
0.000692
0.000692
0.000692
0.000692
0.000692
0.000692
0.000692
0.000692
0.000691
0.000691
0.000691
0.000691
0.000691
0.000691
0.000691
0.000691
0.000691
0.000691
0.000690
0.000690
