15.074491
14.156196
14.150118
14.147054
14.144036
14.141040
14.138064
14.135104
14.132158
14.129224
14.126299
14.123381
14.120467
14.117556
14.114645
14.111733
14.108817
14.105895
14.102965
14.100025
14.097073
14.094107
14.091124
14.088123
14.085100
14.082054
14.078981
14.075880
14.072747
14.069579
14.066374
14.063128
14.059839
14.056502
14.053114
14.049671
14.046170
14.042606
14.038974
14.035272
14.031493
14.027633
14.023687
14.019651
14.015518
14.011283
14.006940
14.002484
13.997909
13.993209
13.988377
13.983407
13.978294
13.973030
13.967610
13.962027
13.956274
13.950345
13.944235
13.937936
13.931443
13.924748
13.917847
13.910733
13.903400
13.895841
13.888051
13.880024
13.871752
13.863229
13.854449
13.845405
13.836088
13.826492
13.816609
13.806429
13.795944
13.785144
13.774021
13.762563
13.750760
13.738603
13.726080
13.713182
13.699899
13.686223
13.672146
13.657662
13.642767
13.627458
13.611735
13.595598
13.579050
13.562095
13.544737
13.526981
13.508828
13.490282
13.471339
13.451996
13.432240
13.412056
13.391417
13.370290
13.348628
13.326370
13.303438
13.279730
13.255117
13.229430
13.202454
13.173909
13.143426
13.110525
13.074568
13.034719
12.989883
12.938660
12.879329
12.809915
12.728371
12.632869
12.522070
12.395267
12.252406
12.094021
11.921024
11.734423
11.535083
11.323636
11.100528
10.866162
10.621081
10.366131
10.102385
9.830215
9.546723
9.246924
8.931728
8.605359
8.270158
7.928258
7.588964
7.271499
6.991527
6.752805
6.555463
6.400887
6.290391
6.219108
6.173724
6.134068
6.071833
5.973451
5.858088
5.764869
5.709277
5.707270
5.775455
5.861153
5.932070
6.007375
6.076574
6.122357
6.159041
6.210016
6.273895
6.334290
6.362079
6.291378
6.290038
6.509789
6.757389
6.851260
6.810961
6.709837
6.588579
6.430612
6.284736
6.136818
6.035325
6.085260
6.165931
6.187295
6.173129
6.191403
6.226248
6.232322
6.221396
6.195025
6.174117
6.151963
6.148266
6.140315
6.142368
6.141182
6.145590
6.212440
6.233253
6.145010
6.569604
6.601562
6.634567
6.313150
6.297953
6.502283
6.216925
6.245996
6.204847
6.176351
6.484247
6.220510
6.151338
6.227906
6.195148
5.996475
5.998368
5.906658
5.884186
5.964764
5.864904
5.772388
5.608796
6.043542
6.168986
6.285773
6.463937
5.760538
6.009376
5.818329
5.779910
5.636386
5.752256
5.950551
6.059450
6.275228
5.289828
6.075430
5.940803
5.859071
6.255317
5.305303
6.010600
5.431535
5.290173
5.620554
5.847433
6.071810
6.017534
5.724993
5.494362
5.871978
5.988634
6.142661
6.092176
5.826355
5.431266
6.067013
5.235954
5.651021
5.951840
5.774894
5.435249
5.963904
6.570676
5.347250
5.917238
5.485885
4.960495
5.142363
5.627974
5.260227
5.712843
5.037674
5.851524
5.546890
5.374628
6.069653
5.687947
4.895259
5.054186
5.427154
5.935665
5.319729
4.735904
4.564932
5.215206
5.289098
6.328530
5.164887
5.222859
5.012491
4.859592
4.472487
5.518178
5.724909
6.018457
4.955769
5.216155
5.752219
5.376741
4.574584
4.486181
4.430457
4.740017
5.587678
5.355713
4.925255
4.607486
4.398763
4.511362
4.256600
4.636637
4.327299
4.954651
5.177381
5.807745
5.926770
4.313444
4.723745
4.864863
6.313035
5.176947
4.542286
4.902761
4.045800
4.502785
5.390773
6.281680
4.222749
4.746407
4.279514
4.597651
5.049032
3.841352
3.998823
3.851854
4.487352
4.008748
4.079061
4.749456
3.859455
4.259426
4.679078
3.503845
3.614376
5.313832
4.786348
4.294003
4.639428
3.823522
3.489113
3.801404
4.122115
4.423368
3.982205
4.511682
4.428865
3.812231
3.776423
4.524705
3.569830
4.091123
3.543797
4.770652
3.909236
3.788415
4.244429
4.454139
4.897566
3.824543
4.465170
4.354390
4.393556
4.565092
4.690023
4.175094
3.943169
4.185935
4.027590
3.849657
3.891192
4.980182
5.619172
4.038226
4.361735
3.991682
4.006082
3.825733
4.485210
3.684645
3.757418
3.826122
3.627719
4.834302
4.087066
3.260743
3.456260
4.033212
3.950852
4.315700
3.950813
3.437689
4.024118
3.620814
3.059198
3.944150
4.133038
3.721164
3.813533
4.439736
3.901808
4.931838
3.407854
3.743327
3.505901
3.090714
3.301487
3.594559
3.322033
3.033573
3.333230
2.771703
3.475469
3.275712
3.736519
3.886373
2.365764
3.283435
3.271916
4.418814
3.659967
3.957756
3.047023
4.285940
3.473483
3.036113
3.352101
4.257612
3.063042
2.941969
3.487978
2.603654
2.565148
3.187265
3.018777
4.242319
3.646775
3.643378
3.822105
3.493600
2.814108
3.585019
2.597156
3.852328
4.215120
3.135304
3.958651
3.028644
3.447913
3.338182
2.606663
3.288151
2.701635
4.128181
2.974009
3.195314
2.543303
2.993398
2.595620
3.252162
3.389508
3.703294
2.791628
3.769069
3.534957
1.990457
3.579064
2.524086
4.185262
2.890340
2.776787
3.908909
2.286030
3.184820
3.346248
4.224346
3.009624
3.389014
3.766852
2.231271
4.120841
2.393028
2.770428
3.330932
3.399875
2.732439
2.825272
3.638214
2.377739
3.241902
3.636408
2.094439
3.157513
2.315370
2.471173
2.825264
3.567575
2.934457
3.895744
2.025627
3.012756
2.207458
3.644585
3.651667
3.130950
3.532516
3.598234
2.309861
3.886702
2.454222
2.776351
3.229362
3.630773
2.609804
3.569255
2.871243
3.532815
2.535702
2.732398
3.432244
2.507965
4.390748
2.032019
3.511015
1.819833
4.218140
2.211450
2.784168
2.441323
4.026123
2.651895
1.799713
3.568350
2.397898
2.787100
2.723143
2.314405
3.631980
2.214718
3.938877
2.173544
2.502774
2.041407
3.631635
2.897427
2.230895
3.034587
2.979431
2.240592
3.705472
1.714071
3.870441
2.711294
1.639865
3.707379
2.411701
3.388950
1.745111
2.379750
1.540699
2.540014
1.992856
3.379941
3.928995
2.498103
2.120104
3.372178
1.583426
3.297604
1.844054
2.476860
3.548389
2.349215
1.203522
2.129444
3.874162
2.181625
1.900224
1.379485
2.325162
6.047237
2.239982
2.268853
2.037643
3.600802
2.316040
2.581830
2.341482
3.574537
2.442360
1.463673
2.041735
3.156692
1.464866
3.702872
1.650819
1.537850
1.289208
2.904992
3.180280
2.753371
2.874593
3.004409
1.508395
2.790480
1.328834
3.032337
2.443202
3.742805
2.444502
1.684169
1.660787
1.203170
2.920961
2.233475
2.130387
1.668137
1.475249
1.154272
1.048910
1.257915
1.317262
1.554119
1.565357
1.735966
1.912406
1.800560
1.793761
3.669036
1.898897
1.187058
3.016999
1.668998
1.440291
1.451856
1.913274
3.181281
1.606993
1.623805
1.522749
1.384249
0.877726
1.424989
1.481608
3.075259
1.647219
2.715733
2.301889
2.713298
3.525275
1.802605
1.193491
1.185632
1.803770
1.713767
1.428597
1.476208
2.333736
1.512283
1.929531
4.631190
2.474161
3.418107
4.307808
1.438956
0.680583
0.688361
1.421477
0.662049
0.860385
2.078041
1.439925
2.551245
1.740508
2.241698
2.784728
1.796692
0.762546
2.386893
0.441602
1.623732
1.641713
4.944700
2.862666
2.382859
3.153146
2.928963
2.451595
0.731373
1.152937
1.349864
1.968128
1.947843
1.839542
2.440075
4.856290
1.534121
0.626285
0.480550
0.480304
0.208696
0.414473
0.845023
0.796233
1.555761
1.945781
3.447501
4.420477
3.123168
1.720760
0.628589
1.194465
1.371367
1.029269
1.163005
3.761002
6.122750
4.121139
2.856208
0.975755
1.052124
1.506069
1.997213
2.522856
1.185396
3.783080
0.995691
1.597335
1.025822
2.735232
3.928420
2.114326
3.064972
4.807073
1.637033
0.821514
0.734384
0.528728
0.385876
0.239012
0.490017
0.475669
0.723382
0.629946
1.013376
1.360934
0.550138
0.796799
0.706977
2.057309
0.857035
1.178260
1.789682
0.134244
0.509770
0.649474
0.643432
0.627073
0.236739
0.460479
0.422563
0.452167
0.422403
0.491029
0.704720
0.808283
0.704862
2.826690
1.015048
4.046688
2.825032
0.869595
2.249067
3.736906
3.308657
0.834246
3.768915
2.170399
1.209113
3.272588
2.521263
4.370466
1.884958
2.687247
1.903194
0.748780
1.697072
4.476661
1.675207
1.262432
0.360000
0.521401
0.466243
0.592157
0.495682
0.459437
0.601050
0.490438
0.481183
0.540867
0.604362
0.585857
0.497220
0.423647
0.447929
0.566956
0.581890
0.528238
0.556735
0.418376
0.656510
0.653200
1.745597
3.217123
0.297649
4.146150
1.456061
3.892118
1.217974
0.859955
0.408383
0.496075
1.092944
0.483333
0.765897
2.025428
1.447488
2.175173
2.957959
1.594996
2.616837
2.225813
2.121914
1.293361
0.128067
0.280899
0.439389
0.422411
0.550184
0.563098
0.496095
0.412350
0.689228
0.490050
0.251115
0.539711
2.024211
0.407067
3.049514
3.097676
3.650000
2.721165
2.222129
0.148608
0.176445
0.524471
0.562563
1.167047
0.427914
0.509485
1.145287
3.139155
0.765199
0.435856
0.139990
0.778522
4.030929
1.077782
0.265641
1.462026
0.951789
0.656746
0.997931
2.468759
1.372452
1.438718
1.963865
0.413296
0.357455
0.611796
0.643882
0.518878
1.860709
3.739531
3.905995
4.421361
2.508251
1.814426
1.069326
3.545351
3.403319
4.345427
3.107869
4.964588
0.796454
1.254313
0.113904
0.179385
0.307677
0.485332
0.180004
0.308714
0.505283
0.181172
0.424672
1.358453
5.520004
2.099000
1.603313
0.729231
0.104211
0.153644
0.334111
0.414053
0.460274
0.401515
0.338495
0.514280
0.299233
0.132231
0.516932
0.606255
0.520008
0.558229
0.056182
0.038462
0.034355
0.032538
0.030969
0.029601
0.028386
0.027294
0.026304
0.025400
0.024570
0.023804
0.023095
0.022436
0.021821
0.021246
0.020706
0.020199
0.019720
0.019268
0.018840
0.018435
0.018049
0.017683
0.017333
0.017000
0.016682
0.016377
0.016085
0.015805
0.015537
0.015279
0.015031
0.014792
0.014561
0.014339
0.014125
0.013918
0.013718
0.013525
0.013338
0.013156
0.012981
0.012810
0.012645
0.012484
0.012329
0.012177
0.012030
0.011887
0.011747
0.011612
0.011479
0.011351
0.011225
0.011103
0.010983
0.010867
0.010753
0.010642
0.010534
0.010427
0.010324
0.010222
0.010123
0.010026
0.009931
0.009839
0.009748
0.009658
0.009571
0.009486
0.009402
0.009320
0.009239
0.009160
0.009082
0.009006
0.008932
0.008858
0.008786
0.008716
0.008646
0.008578
0.008511
0.008445
0.008380
0.008316
0.008254
0.008192
0.008132
0.008072
0.008013
0.007956
0.007899
0.007843
0.007788
0.007734
0.007680
0.007628
0.007576
0.007525
0.007475
0.007425
0.007376
0.007328
0.007281
0.007234
0.007188
0.007143
0.007098
0.007054
0.007010
0.006967
0.006924
0.006882
0.006841
0.006800
0.006760
0.006720
0.006681
0.006642
0.006604
0.006566
0.006529
0.006492
0.006455
0.006419
0.006384
0.006349
0.006314
0.006280
0.006246
0.006212
0.006179
0.006146
0.006114
0.006082
0.006050
0.006019
0.005988
0.005957
0.005927
0.005897
0.005868
0.005838
0.005809
0.005781
0.005752
0.005724
0.005696
0.005669
0.005642
0.005615
0.005588
0.005562
0.005536
0.005510
0.005484
0.005459
0.005434
0.005409
0.005384
0.005360
0.005336
0.005312
0.005288
0.005265
0.005242
0.005219
0.005196
0.005173
0.005151
0.005129
0.005107
0.005085
0.005063
0.005042
0.005021
0.005000
0.004979
0.004958
0.004938
0.004918
0.004898
0.004878
0.004858
0.004838
0.004819
0.004800
0.004781
0.004762
0.004743
0.004725
0.004706
0.004688
0.004670
0.004652
0.004634
0.004616
0.004599
0.004581
0.004564
0.004547
0.004530
0.004513
0.004496
0.004479
0.004463
0.004447
0.004430
0.004414
0.004398
0.004383
0.004367
0.004351
0.004336
0.004320
0.004305
0.004290
0.004275
0.004260
0.004245
0.004230
0.004216
0.004201
0.004187
0.004173
0.004158
0.004144
0.004130
0.004116
0.004103
0.004089
0.004075
0.004062
0.004048
0.004035
0.004022
0.004009
0.003996
0.003983
0.003970
0.003957
0.003944
0.003932
0.003919
0.003907
0.003895
0.003882
0.003870
0.003858
0.003846
0.003834
0.003822
0.003810
0.003799
0.003787
0.003775
0.003764
0.003752
0.003741
0.003730
0.003719
0.003707
0.003696
0.003685
0.003674
0.003664
0.003653
0.003642
0.003631
0.003621
0.003610
0.003600
0.003589
0.003579
0.003569
0.003559
0.003548
0.003538
0.003528
0.003518
0.003508
0.003498
0.003489
0.003479
0.003469
0.003460
0.003450
0.003440
0.003431
0.003422
0.003412
0.003403
0.003394
0.003384
0.003375
0.003366
0.003357
0.003348
0.003339
0.003330
0.003321
0.003313
0.003304
0.003295
0.003287
0.003278
0.003269
0.003261
0.003252
0.003244
0.003236
0.003227
0.003219
0.003211
0.003202
0.003194
0.003186
0.003178
0.003170
0.003162
0.003154
0.003146
0.003138
0.003131
0.003123
0.003115
0.003107
0.003100
0.003092
0.003084
0.003077
0.003069
0.003062
0.003054
0.003047
0.003040
0.003032
0.003025
0.003018
0.003011
0.003003
0.002996
0.002989
0.002982
0.002975
0.002968
0.002961
0.002954
0.002947
0.002940
0.002934
0.002927
0.002920
0.002913
0.002907
0.002900
0.002893
0.002887
0.002880
0.002874
0.002867
0.002861
0.002854
0.002848
0.002841
0.002835
0.002829
0.002822
0.002816
0.002810
0.002803
0.002797
0.002791
0.002785
0.002779
0.002773
0.002767
0.002761
0.002755
0.002749
0.002743
0.002737
0.002731
0.002725
0.002719
0.002713
0.002708
0.002702
0.002696
0.002690
0.002685
0.002679
0.002673
0.002668
0.002662
0.002657
0.002651
0.002646
0.002640
0.002635
0.002629
0.002624
0.002618
0.002613
0.002608
0.002602
0.002597
0.002592
0.002586
0.002581
0.002576
0.002571
0.002566
0.002560
0.002555
0.002550
0.002545
0.002540
0.002535
0.002530
0.002525
0.002520
0.002515
0.002510
0.002505
0.002500
0.002495
0.002490
0.002485
0.002481
0.002476
0.002471
0.002466
0.002461
0.002457
0.002452
0.002447
0.002443
0.002438
0.002433
0.002429
0.002424
0.002419
0.002415
0.002410
0.002406
0.002401
0.002397
0.002392
0.002388
0.002383
0.002379
0.002375
0.002370
0.002366
0.002361
0.002357
0.002353
0.002348
0.002344
0.002340
0.002335
0.002331
0.002327
0.002323
0.002319
0.002314
0.002310
0.002306
0.002302
0.002298
0.002294
0.002290
0.002285
0.002281
0.002277
0.002273
0.002269
0.002265
0.002261
0.002257
0.002253
0.002249
0.002245
0.002241
0.002238
0.002234
0.002230
0.002226
0.002222
0.002218
0.002214
0.002211
0.002207
0.002203
0.002199
0.002195
0.002192
0.002188
0.002184
0.002181
0.002177
0.002173
0.002169
0.002166
0.002162
0.002159
0.002155
0.002151
0.002148
0.002144
0.002141
0.002137
0.002133
0.002130
0.002126
0.002123
0.002119
0.002116
0.002112
0.002109
0.002105
0.002102
0.002099
0.002095
0.002092
0.002088
0.002085
0.002082
0.002078
0.002075
0.002072
0.002068
0.002065
0.002062
0.002058
0.002055
0.002052
0.002048
0.002045
0.002042
0.002039
0.002036
0.002032
0.002029
0.002026
0.002023
0.002020
0.002016
0.002013
0.002010
0.002007
0.002004
0.002001
0.001998
0.001995
0.001991
0.001988
0.001985
0.001982
0.001979
0.001976
0.001973
0.001970
0.001967
0.001964
0.001961
0.001958
0.001955
0.001952
0.001949
0.001946
0.001943
0.001941
0.001938
0.001935
0.001932
0.001929
0.001926
0.001923
0.001920
0.001917
0.001915
0.001912
0.001909
0.001906
0.001903
0.001901
0.001898
0.001895
0.001892
0.001889
0.001887
0.001884
0.001881
0.001878
0.001876
0.001873
0.001870
0.001868
0.001865
0.001862
0.001859
0.001857
0.001854
0.001851
0.001849
0.001846
0.001844
0.001841
0.001838
0.001836
0.001833
0.001831
0.001828
0.001825
0.001823
0.001820
0.001818
0.001815
0.001813
0.001810
0.001807
0.001805
0.001802
0.001800
0.001797
0.001795
0.001792
0.001790
0.001788
0.001785
0.001783
0.001780
0.001778
0.001775
0.001773
0.001770
0.001768
0.001766
0.001763
0.001761
0.001758
0.001756
0.001754
0.001751
0.001749
0.001746
0.001744
0.001742
0.001739
0.001737
0.001735
0.001732
0.001730
0.001728
0.001726
0.001723
0.001721
0.001719
0.001716
0.001714
0.001712
0.001710
0.001707
0.001705
0.001703
0.001701
0.001698
0.001696
0.001694
0.001692
0.001690
0.001687
0.001685
0.001683
0.001681
0.001679
0.001676
0.001674
0.001672
0.001670
0.001668
0.001666
0.001664
0.001661
0.001659
0.001657
0.001655
0.001653
0.001651
0.001649
0.001647
0.001645
0.001642
0.001640
0.001638
0.001636
0.001634
0.001632
0.001630
0.001628
0.001626
0.001624
0.001622
0.001620
0.001618
0.001616
0.001614
0.001612
0.001610
0.001608
0.001606
0.001604
0.001602
0.001600
0.001598
0.001596
0.001594
0.001592
0.001590
0.001588
0.001586
0.001584
0.001582
0.001580
0.001579
0.001577
0.001575
0.001573
0.001571
0.001569
0.001567
0.001565
0.001563
0.001561
0.001560
0.001558
0.001556
0.001554
0.001552
0.001550
0.001548
0.001547
0.001545
0.001543
0.001541
0.001539
0.001537
0.001536
0.001534
0.001532
0.001530
0.001528
0.001527
0.001525
0.001523
0.001521
0.001519
0.001518
0.001516
0.001514
0.001512
0.001511
0.001509
0.001507
0.001505
0.001504
0.001502
0.001500
0.001498
0.001497
0.001495
0.001493
0.001492
0.001490
0.001488
0.001486
0.001485
0.001483
0.001481
0.001480
0.001478
0.001476
0.001475
0.001473
0.001471
0.001470
0.001468
0.001466
0.001465
0.001463
0.001461
0.001460
0.001458
0.001456
0.001455
0.001453
0.001452
0.001450
0.001448
0.001447
0.001445
0.001444
0.001442
0.001440
0.001439
0.001437
0.001436
0.001434
0.001432
0.001431
0.001429
0.001428
0.001426
0.001425
0.001423
0.001421
0.001420
0.001418
0.001417
0.001415
0.001414
0.001412
0.001411
0.001409
0.001408
0.001406
0.001405
0.001403
0.001402
0.001400
0.001399
0.001397
0.001396
0.001394
0.001393
0.001391
0.001390
0.001388
0.001387
0.001385
0.001384
0.001382
0.001381
0.001379
0.001378
0.001376
0.001375
0.001373
0.001372
0.001371
0.001369
0.001368
0.001366
0.001365
0.001363
0.001362
0.001361
0.001359
0.001358
0.001356
0.001355
0.001353
0.001352
0.001351
0.001349
0.001348
0.001346
0.001345
0.001344
0.001342
0.001341
0.001340
0.001338
0.001337
0.001335
0.001334
0.001333
0.001331
0.001330
0.001329
0.001327
0.001326
0.001325
0.001323
0.001322
0.001321
0.001319
0.001318
0.001317
0.001315
0.001314
0.001313
0.001311
0.001310
0.001309
0.001307
0.001306
0.001305
0.001303
0.001302
0.001301
0.001299
0.001298
0.001297
0.001296
0.001294
0.001293
0.001292
0.001290
0.001289
0.001288
0.001287
0.001285
0.001284
0.001283
0.001282
0.001280
0.001279
0.001278
0.001277
0.001275
0.001274
0.001273
0.001272
0.001270
0.001269
0.001268
0.001267
0.001265
0.001264
0.001263
0.001262
0.001261
0.001259
0.001258
0.001257
0.001256
0.001254
0.001253
0.001252
0.001251
0.001250
0.001248
0.001247
0.001246
0.001245
0.001244
0.001243
0.001241
0.001240
0.001239
0.001238
0.001237
0.001235
0.001234
0.001233
0.001232
0.001231
0.001230
0.001228
0.001227
0.001226
0.001225
0.001224
0.001223
0.001222
0.001220
0.001219
0.001218
0.001217
0.001216
0.001215
0.001214
0.001213
0.001211
0.001210
0.001209
0.001208
0.001207
0.001206
0.001205
0.001204
0.001202
0.001201
0.001200
0.001199
0.001198
0.001197
0.001196
0.001195
0.001194
0.001193
0.001191
0.001190
0.001189
0.001188
0.001187
0.001186
0.001185
0.001184
0.001183
0.001182
0.001181
0.001180
0.001179
0.001177
0.001176
0.001175
0.001174
0.001173
0.001172
0.001171
0.001170
0.001169
0.001168
0.001167
0.001166
0.001165
0.001164
0.001163
0.001162
0.001161
0.001160
0.001159
0.001158
0.001157
0.001156
0.001155
0.001154
0.001153
0.001152
0.001151
0.001149
0.001148
0.001147
0.001146
0.001145
0.001144
0.001143
0.001142
0.001141
0.001140
0.001139
0.001138
0.001137
0.001136
0.001135
0.001135
0.001134
0.001133
0.001132
0.001131
0.001130
0.001129
0.001128
0.001127
0.001126
0.001125
0.001124
0.001123
0.001122
0.001121
0.001120
0.001119
0.001118
0.001117
0.001116
0.001115
0.001114
0.001113
0.001112
0.001111
0.001110
0.001109
0.001109
0.001108
0.001107
0.001106
0.001105
0.001104
0.001103
0.001102
0.001101
0.001100
0.001099
0.001098
0.001097
0.001096
0.001095
0.001095
0.001094
0.001093
0.001092
0.001091
0.001090
0.001089
0.001088
0.001087
0.001086
0.001085
0.001085
0.001084
0.001083
0.001082
0.001081
0.001080
0.001079
0.001078
0.001077
0.001077
0.001076
0.001075
0.001074
0.001073
0.001072
0.001071
0.001070
0.001069
0.001069
0.001068
0.001067
0.001066
0.001065
0.001064
0.001063
0.001063
0.001062
0.001061
0.001060
0.001059
0.001058
0.001057
0.001056
0.001056
0.001055
0.001054
0.001053
0.001052
0.001051
0.001051
0.001050
0.001049
0.001048
0.001047
0.001046
0.001046
0.001045
0.001044
0.001043
0.001042
0.001041
0.001041
0.001040
0.001039
0.001038
0.001037
0.001036
0.001036
0.001035
0.001034
0.001033
0.001032
0.001031
0.001031
0.001030
0.001029
0.001028
0.001027
0.001027
0.001026
0.001025
0.001024
0.001023
0.001023
0.001022
0.001021
0.001020
0.001019
0.001019
0.001018
0.001017
0.001016
0.001015
0.001015
0.001014
0.001013
0.001012
0.001012
0.001011
0.001010
0.001009
0.001008
0.001008
0.001007
0.001006
0.001005
0.001005
0.001004
0.001003
0.001002
0.001001
0.001001
0.001000
0.000999
0.000998
0.000998
0.000997
0.000996
0.000995
0.000995
0.000994
0.000993
0.000992
0.000992
0.000991
0.000990
0.000989
0.000989
0.000988
0.000987
0.000986
0.000986
0.000985
0.000984
0.000983
0.000983
0.000982
0.000981
0.000980
0.000980
0.000979
0.000978
0.000977
0.000977
0.000976
0.000975
0.000975
0.000974
0.000973
0.000972
0.000972
0.000971
0.000970
0.000969
0.000969
0.000968
0.000967
0.000967
0.000966
0.000965
0.000964
0.000964
0.000963
0.000962
0.000962
0.000961
0.000960
0.000960
0.000959
0.000958
0.000957
0.000957
0.000956
0.000955
0.000955
0.000954
0.000953
0.000953
0.000952
0.000951
0.000950
0.000950
0.000949
0.000948
0.000948
0.000947
0.000946
0.000946
0.000945
0.000944
0.000944
0.000943
0.000942
0.000942
0.000941
0.000940
0.000940
0.000939
0.000938
0.000937
0.000937
0.000936
0.000935
0.000935
0.000934
0.000933
0.000933
0.000932
0.000931
0.000931
0.000930
0.000929
0.000929
0.000928
0.000928
0.000927
0.000926
0.000926
0.000925
0.000924
0.000924
0.000923
0.000922
0.000922
0.000921
0.000920
0.000920
0.000919
0.000918
0.000918
0.000917
0.000916
0.000916
0.000915
0.000915
0.000914
0.000913
0.000913
0.000912
0.000911
0.000911
0.000910
0.000909
0.000909
0.000908
0.000908
0.000907
0.000906
0.000906
0.000905
0.000904
0.000904
0.000903
0.000903
0.000902
0.000901
0.000901
0.000900
0.000899
0.000899
0.000898
0.000898
0.000897
0.000896
0.000896
0.000895
0.000895
0.000894
0.000893
0.000893
0.000892
0.000891
0.000891
0.000890
0.000890
0.000889
0.000888
0.000888
0.000887
0.000887
0.000886
0.000885
0.000885
0.000884
0.000884
0.000883
0.000882
0.000882
0.000881
0.000881
0.000880
0.000879
0.000879
0.000878
0.000878
0.000877
0.000877
0.000876
0.000875
0.000875
0.000874
0.000874
0.000873
0.000872
0.000872
0.000871
0.000871
0.000870
0.000870
0.000869
0.000868
0.000868
0.000867
0.000867
0.000866
0.000865
0.000865
0.000864
0.000864
0.000863
0.000863
0.000862
0.000861
0.000861
0.000860
0.000860
0.000859
0.000859
0.000858
0.000858
0.000857
0.000856
0.000856
0.000855
0.000855
0.000854
0.000854
0.000853
0.000852
0.000852
0.000851
0.000851
0.000850
0.000850
0.000849
0.000849
0.000848
0.000848
0.000847
0.000846
0.000846
0.000845
0.000845
0.000844
0.000844
0.000843
0.000843
0.000842
0.000842
0.000841
0.000840
0.000840
0.000839
0.000839
0.000838
0.000838
0.000837
0.000837
0.000836
0.000836
0.000835
0.000835
0.000834
0.000833
0.000833
0.000832
0.000832
0.000831
0.000831
0.000830
0.000830
0.000829
0.000829
0.000828
0.000828
0.000827
0.000827
0.000826
0.000826
0.000825
0.000825
0.000824
0.000823
0.000823
0.000822
0.000822
0.000821
0.000821
0.000820
0.000820
0.000819
0.000819
0.000818
0.000818
0.000817
0.000817
0.000816
0.000816
0.000815
0.000815
0.000814
0.000814
0.000813
0.000813
0.000812
0.000812
0.000811
0.000811
0.000810
0.000810
0.000809
0.000809
0.000808
0.000808
0.000807
0.000807
0.000806
0.000806
0.000805
0.000805
0.000804
0.000804
0.000803
0.000803
0.000802
0.000802
0.000801
0.000801
0.000800
0.000800
0.000799
0.000799
0.000798
0.000798
0.000797
0.000797
0.000796
0.000796
0.000795
0.000795
0.000794
0.000794
0.000793
0.000793
0.000793
0.000792
0.000792
0.000791
0.000791
0.000790
0.000790
0.000789
0.000789
0.000788
0.000788
0.000787
0.000787
0.000786
0.000786
0.000785
0.000785
0.000784
0.000784
0.000783
0.000783
0.000783
0.000782
0.000782
0.000781
0.000781
0.000780
0.000780
0.000779
0.000779
0.000778
0.000778
0.000777
0.000777
0.000777
0.000776
0.000776
0.000775
0.000775
0.000774
0.000774
0.000773
0.000773
0.000772
0.000772
0.000771
0.000771
0.000771
0.000770
0.000770
0.000769
0.000769
0.000768
0.000768
0.000767
0.000767
0.000766
0.000766
0.000766
0.000765
0.000765
0.000764
0.000764
0.000763
0.000763
0.000762
0.000762
0.000762
0.000761
0.000761
0.000760
0.000760
0.000759
0.000759
0.000758
0.000758
0.000758
0.000757
0.000757
0.000756
0.000756
0.000755
0.000755
0.000755
0.000754
0.000754
0.000753
0.000753
0.000752
0.000752
0.000752
0.000751
0.000751
0.000750
0.000750
0.000749
0.000749
0.000748
0.000748
0.000748
0.000747
0.000747
0.000746
0.000746
0.000745
0.000745
0.000745
0.000744
0.000744
0.000743
0.000743
0.000743
0.000742
0.000742
0.000741
0.000741
0.000740
0.000740
0.000740
0.000739
0.000739
0.000738
0.000738
0.000738
0.000737
0.000737
0.000736
0.000736
0.000735
0.000735
0.000735
0.000734
0.000734
0.000733
0.000733
0.000733
0.000732
0.000732
0.000731
0.000731
0.000730
0.000730
0.000730
0.000729
0.000729
0.000728
0.000728
0.000728
0.000727
0.000727
0.000726
0.000726
0.000726
0.000725
0.000725
0.000724
0.000724
0.000724
0.000723
0.000723
0.000722
0.000722
0.000722
0.000721
0.000721
0.000720
0.000720
0.000720
0.000719
0.000719
0.000718
0.000718
0.000718
0.000717
0.000717
0.000716
0.000716
0.000716
0.000715
0.000715
0.000715
0.000714
0.000714
0.000713
0.000713
0.000713
0.000712
0.000712
0.000711
0.000711
0.000711
0.000710
0.000710
0.000709
0.000709
0.000709
0.000708
0.000708
0.000708
0.000707
0.000707
0.000706
0.000706
0.000706
0.000705
0.000705
0.000704
0.000704
0.000704
0.000703
0.000703
0.000703
0.000702
0.000702
0.000701
0.000701
0.000701
0.000700
0.000700
0.000700
0.000699
0.000699
0.000698
0.000698
0.000698
0.000697
0.000697
0.000697
0.000696
0.000696
0.000695
0.000695
0.000695
0.000694
0.000694
0.000694
0.000693
0.000693
0.000693
0.000692
0.000692
0.000691
0.000691
0.000691
0.000690
0.000690
0.000690
0.000689
0.000689
0.000689
0.000688
0.000688
0.000687
0.000687
0.000687
0.000686
0.000686
0.000686
0.000685
0.000685
0.000685
0.000684
0.000684
0.000683
0.000683
0.000683
0.000682
0.000682
0.000682
0.000681
0.000681
0.000681
0.000680
0.000680
0.000680
0.000679
0.000679
0.000678
0.000678
0.000678
0.000677
0.000677
0.000677
0.000676
0.000676
0.000676
0.000675
0.000675
0.000675
0.000674
0.000674
0.000674
0.000673
0.000673
0.000673
0.000672
0.000672
0.000672
0.000671
0.000671
0.000670
0.000670
0.000670
0.000669
0.000669
0.000669
0.000668
0.000668
0.000668
0.000667
0.000667
0.000667
0.000666
0.000666
0.000666
0.000665
0.000665
0.000665
0.000664
0.000664
0.000664
0.000663
0.000663
0.000663
0.000662
0.000662
0.000662
0.000661
0.000661
0.000661
0.000660
0.000660
0.000660
0.000659
0.000659
0.000659
0.000658
0.000658
0.000658
0.000657
0.000657
0.000657
0.000656
0.000656
0.000656
0.000655
0.000655
0.000655
0.000654
0.000654
0.000654
0.000653
0.000653
0.000653
0.000652
0.000652
0.000652
0.000651
0.000651
0.000651
0.000650
0.000650
0.000650
0.000649
0.000649
0.000649
0.000648
0.000648
0.000648
0.000648
0.000647
0.000647
0.000647
0.000646
0.000646
0.000646
0.000645
0.000645
0.000645
0.000644
0.000644
0.000644
0.000643
0.000643
0.000643
0.000642
0.000642
0.000642
0.000641
0.000641
0.000641
0.000641
0.000640
0.000640
0.000640
0.000639
0.000639
0.000639
0.000638
0.000638
0.000638
0.000637
0.000637
0.000637
0.000636
0.000636
0.000636
0.000636
0.000635
0.000635
0.000635
0.000634
0.000634
0.000634
0.000633
0.000633
0.000633
0.000632
0.000632
0.000632
0.000632
0.000631
0.000631
0.000631
0.000630
0.000630
0.000630
0.000629
0.000629
0.000629
0.000629
0.000628
0.000628
0.000628
0.000627
0.000627
0.000627
0.000626
0.000626
0.000626
0.000625
0.000625
0.000625
0.000625
0.000624
0.000624
0.000624
0.000623
0.000623
0.000623
0.000623
0.000622
0.000622
0.000622
0.000621
0.000621
0.000621
0.000620
0.000620
0.000620
0.000620
0.000619
0.000619
0.000619
0.000618
0.000618
0.000618
0.000617
0.000617
0.000617
0.000617
0.000616
0.000616
0.000616
0.000615
0.000615
0.000615
0.000615
0.000614
0.000614
0.000614
0.000613
0.000613
0.000613
0.000613
0.000612
0.000612
0.000612
0.000611
0.000611
0.000611
0.000611
0.000610
0.000610
0.000610
0.000609
0.000609
0.000609
0.000609
0.000608
0.000608
0.000608
0.000607
0.000607
0.000607
0.000607
0.000606
0.000606
0.000606
0.000605
0.000605
0.000605
0.000605
0.000604
0.000604
0.000604
0.000603
0.000603
0.000603
0.000603
0.000602
0.000602
0.000602
0.000602
0.000601
0.000601
0.000601
0.000600
0.000600
0.000600
0.000600
0.000599
0.000599
0.000599
0.000599
0.000598
0.000598
0.000598
0.000597
0.000597
0.000597
0.000597
0.000596
0.000596
0.000596
0.000596
0.000595
0.000595
0.000595
0.000594
0.000594
0.000594
0.000594
0.000593
0.000593
0.000593
0.000593
0.000592
0.000592
0.000592
0.000591
0.000591
0.000591
0.000591
0.000590
0.000590
0.000590
0.000590
0.000589
0.000589
0.000589
0.000589
0.000588
0.000588
0.000588
0.000587
0.000587
0.000587
0.000587
0.000586
0.000586
0.000586
0.000586
0.000585
0.000585
0.000585
0.000585
0.000584
0.000584
0.000584
0.000584
0.000583
0.000583
0.000583
0.000582
0.000582
0.000582
0.000582
0.000581
0.000581
0.000581
0.000581
0.000580
0.000580
0.000580
0.000580
0.000579
0.000579
0.000579
0.000579
0.000578
0.000578
0.000578
0.000578
0.000577
0.000577
0.000577
0.000577
0.000576
0.000576
0.000576
0.000576
0.000575
0.000575
0.000575
0.000575
0.000574
0.000574
0.000574
0.000573
0.000573
0.000573
0.000573
0.000572
0.000572
0.000572
0.000572
0.000571
0.000571
0.000571
0.000571
0.000570
0.000570
0.000570
0.000570
0.000569
0.000569
0.000569
0.000569
0.000568
0.000568
0.000568
0.000568
0.000568
0.000567
0.000567
0.000567
0.000567
0.000566
0.000566
0.000566
0.000566
0.000565
0.000565
0.000565
0.000565
0.000564
0.000564
0.000564
0.000564
0.000563
0.000563
0.000563
0.000563
0.000562
0.000562
0.000562
0.000562
0.000561
0.000561
0.000561
0.000561
0.000560
0.000560
0.000560
0.000560
0.000559
0.000559
0.000559
0.000559
0.000559
0.000558
0.000558
0.000558
0.000558
0.000557
0.000557
0.000557
0.000557
0.000556
0.000556
0.000556
0.000556
0.000555
0.000555
0.000555
0.000555
0.000554
0.000554
0.000554
0.000554
0.000554
0.000553
0.000553
0.000553
0.000553
0.000552
0.000552
0.000552
0.000552
0.000551
0.000551
0.000551
0.000551
0.000550
0.000550
0.000550
0.000550
0.000550
0.000549
0.000549
0.000549
0.000549
0.000548
0.000548
0.000548
0.000548
0.000547
0.000547
0.000547
0.000547
0.000547
0.000546
0.000546
0.000546
0.000546
0.000545
0.000545
0.000545
0.000545
0.000545
0.000544
0.000544
0.000544
0.000544
0.000543
0.000543
0.000543
0.000543
0.000542
0.000542
0.000542
0.000542
0.000542
0.000541
0.000541
0.000541
0.000541
0.000540
0.000540
0.000540
0.000540
0.000540
0.000539
0.000539
0.000539
0.000539
0.000538
0.000538
0.000538
0.000538
0.000538
0.000537
0.000537
0.000537
0.000537
0.000536
0.000536
0.000536
0.000536
0.000536
0.000535
0.000535
0.000535
0.000535
0.000534
0.000534
0.000534
0.000534
0.000534
0.000533
0.000533
0.000533
0.000533
0.000532
0.000532
0.000532
0.000532
0.000532
0.000531
0.000531
0.000531
0.000531
0.000531
0.000530
0.000530
0.000530
0.000530
0.000529
0.000529
0.000529
0.000529
0.000529
0.000528
0.000528
0.000528
0.000528
0.000528
0.000527
0.000527
0.000527
0.000527
0.000526
0.000526
0.000526
0.000526
0.000526
0.000525
0.000525
0.000525
0.000525
0.000525
0.000524
0.000524
0.000524
0.000524
0.000523
0.000523
0.000523
0.000523
0.000523
0.000522
0.000522
0.000522
0.000522
0.000522
0.000521
0.000521
0.000521
0.000521
0.000521
0.000520
0.000520
0.000520
0.000520
0.000520
0.000519
0.000519
0.000519
0.000519
0.000518
0.000518
0.000518
0.000518
0.000518
0.000517
0.000517
0.000517
0.000517
0.000517
0.000516
0.000516
0.000516
0.000516
0.000516
0.000515
0.000515
0.000515
0.000515
0.000515
0.000514
0.000514
0.000514
0.000514
0.000514
0.000513
0.000513
0.000513
0.000513
0.000513
0.000512
0.000512
0.000512
0.000512
0.000512
0.000511
0.000511
0.000511
0.000511
0.000511
0.000510
0.000510
0.000510
0.000510
0.000510
0.000509
0.000509
0.000509
0.000509
0.000509
0.000508
0.000508
0.000508
0.000508
0.000508
0.000507
0.000507
0.000507
0.000507
0.000507
0.000506
0.000506
0.000506
0.000506
0.000506
0.000505
0.000505
0.000505
0.000505
0.000505
0.000504
0.000504
0.000504
0.000504
0.000504
0.000503
0.000503
0.000503
0.000503
0.000503
0.000502
0.000502
0.000502
0.000502
0.000502
0.000502
0.000501
0.000501
0.000501
0.000501
0.000501
0.000500
0.000500
0.000500
0.000500
0.000500
0.000499
0.000499
0.000499
0.000499
0.000499
0.000498
0.000498
0.000498
0.000498
0.000498
0.000497
0.000497
0.000497
0.000497
0.000497
0.000497
0.000496
0.000496
0.000496
0.000496
0.000496
0.000495
0.000495
0.000495
0.000495
0.000495
0.000494
0.000494
0.000494
0.000494
0.000494
0.000494
0.000493
0.000493
0.000493
0.000493
0.000493
0.000492
0.000492
0.000492
0.000492
0.000492
0.000491
0.000491
0.000491
0.000491
0.000491
0.000491
0.000490
0.000490
0.000490
0.000490
0.000490
0.000489
0.000489
0.000489
0.000489
0.000489
0.000489
0.000488
0.000488
0.000488
0.000488
0.000488
0.000487
0.000487
0.000487
0.000487
0.000487
0.000486
0.000486
0.000486
0.000486
0.000486
0.000486
0.000485
0.000485
0.000485
0.000485
0.000485
0.000485
0.000484
0.000484
0.000484
0.000484
0.000484
0.000483
0.000483
0.000483
0.000483
0.000483
0.000483
0.000482
0.000482
0.000482
0.000482
0.000482
0.000481
0.000481
0.000481
0.000481
0.000481
0.000481
0.000480
0.000480
0.000480
0.000480
0.000480
0.000480
0.000479
0.000479
0.000479
0.000479
0.000479
0.000478
0.000478
0.000478
0.000478
0.000478
0.000478
0.000477
0.000477
0.000477
0.000477
0.000477
0.000477
0.000476
0.000476
0.000476
0.000476
0.000476
0.000475
0.000475
0.000475
0.000475
0.000475
0.000475
0.000474
0.000474
0.000474
0.000474
0.000474
0.000474
0.000473
0.000473
0.000473
0.000473
0.000473
0.000473
0.000472
0.000472
0.000472
0.000472
0.000472
0.000472
0.000471
0.000471
0.000471
0.000471
0.000471
0.000470
0.000470
0.000470
0.000470
0.000470
0.000470
0.000469
0.000469
0.000469
0.000469
0.000469
0.000469
0.000468
0.000468
0.000468
0.000468
0.000468
0.000468
0.000467
0.000467
0.000467
0.000467
0.000467
0.000467
0.000466
0.000466
0.000466
0.000466
0.000466
0.000466
0.000465
0.000465
0.000465
0.000465
0.000465
0.000465
0.000464
0.000464
0.000464
0.000464
0.000464
0.000464
0.000463
0.000463
0.000463
0.000463
0.000463
0.000463
0.000462
0.000462
0.000462
0.000462
0.000462
0.000462
0.000461
0.000461
0.000461
0.000461
0.000461
0.000461
0.000460
0.000460
0.000460
0.000460
0.000460
0.000460
0.000459
0.000459
0.000459
0.000459
0.000459
0.000459
0.000459
0.000458
0.000458
0.000458
0.000458
0.000458
0.000458
0.000457
0.000457
0.000457
0.000457
0.000457
0.000457
0.000456
0.000456
0.000456
0.000456
0.000456
0.000456
0.000455
0.000455
0.000455
0.000455
0.000455
0.000455
0.000455
0.000454
0.000454
0.000454
0.000454
0.000454
0.000454
0.000453
0.000453
0.000453
0.000453
0.000453
0.000453
0.000452
0.000452
0.000452
0.000452
0.000452
0.000452
0.000452
0.000451
0.000451
0.000451
0.000451
0.000451
0.000451
0.000450
0.000450
0.000450
0.000450
0.000450
0.000450
0.000449
0.000449
0.000449
0.000449
0.000449
0.000449
0.000449
0.000448
0.000448
0.000448
0.000448
0.000448
0.000448
0.000447
0.000447
0.000447
0.000447
0.000447
0.000447
0.000447
0.000446
0.000446
0.000446
0.000446
0.000446
0.000446
0.000445
0.000445
0.000445
0.000445
0.000445
0.000445
0.000445
0.000444
0.000444
0.000444
0.000444
0.000444
0.000444
0.000443
0.000443
0.000443
0.000443
0.000443
0.000443
0.000443
0.000442
0.000442
0.000442
0.000442
0.000442
0.000442
0.000442
0.000441
0.000441
0.000441
0.000441
0.000441
0.000441
0.000440
0.000440
0.000440
0.000440
0.000440
0.000440
0.000440
0.000439
0.000439
0.000439
0.000439
0.000439
0.000439
0.000439
0.000438
0.000438
0.000438
0.000438
0.000438
0.000438
0.000438
0.000437
0.000437
0.000437
0.000437
0.000437
0.000437
0.000436
0.000436
0.000436
0.000436
0.000436
0.000436
0.000436
0.000435
0.000435
0.000435
0.000435
0.000435
0.000435
0.000435
0.000434
0.000434
0.000434
0.000434
0.000434
0.000434
0.000434
0.000433
0.000433
0.000433
0.000433
0.000433
0.000433
0.000433
0.000432
0.000432
0.000432
0.000432
0.000432
0.000432
0.000432
0.000431
0.000431
0.000431
0.000431
0.000431
0.000431
0.000431
0.000430
0.000430
0.000430
0.000430
0.000430
0.000430
0.000430
0.000429
0.000429
0.000429
0.000429
0.000429
0.000429
0.000429
0.000428
0.000428
0.000428
0.000428
0.000428
0.000428
0.000428
0.000427
0.000427
0.000427
0.000427
0.000427
0.000427
0.000427
0.000426
0.000426
0.000426
0.000426
0.000426
0.000426
0.000426
0.000425
0.000425
0.000425
0.000425
0.000425
0.000425
0.000425
0.000424
0.000424
0.000424
0.000424
0.000424
0.000424
0.000424
0.000424
0.000423
0.000423
0.000423
0.000423
0.000423
0.000423
0.000423
0.000422
0.000422
0.000422
0.000422
0.000422
0.000422
0.000422
0.000421
0.000421
0.000421
0.000421
0.000421
0.000421
0.000421
0.000421
0.000420
0.000420
0.000420
0.000420
0.000420
0.000420
0.000420
0.000419
0.000419
0.000419
0.000419
0.000419
0.000419
0.000419
0.000418
0.000418
0.000418
0.000418
0.000418
0.000418
0.000418
0.000418
0.000417
0.000417
0.000417
0.000417
0.000417
0.000417
0.000417
0.000416
0.000416
0.000416
0.000416
0.000416
0.000416
0.000416
0.000416
0.000415
0.000415
0.000415
0.000415
0.000415
0.000415
0.000415
0.000414
0.000414
0.000414
0.000414
0.000414
0.000414
0.000414
0.000414
0.000413
0.000413
0.000413
0.000413
0.000413
0.000413
0.000413
0.000412
0.000412
0.000412
0.000412
0.000412
0.000412
0.000412
0.000412
0.000411
0.000411
0.000411
0.000411
0.000411
0.000411
0.000411
0.000411
0.000410
0.000410
0.000410
0.000410
0.000410
0.000410
0.000410
0.000409
0.000409
0.000409
0.000409
0.000409
0.000409
0.000409
0.000409
0.000408
0.000408
0.000408
0.000408
0.000408
0.000408
0.000408
0.000408
0.000407
0.000407
0.000407
0.000407
0.000407
0.000407
0.000407
0.000407
0.000406
0.000406
0.000406
0.000406
0.000406
0.000406
0.000406
0.000406
0.000405
0.000405
0.000405
0.000405
0.000405
0.000405
0.000405
0.000405
0.000404
0.000404
0.000404
0.000404
0.000404
0.000404
0.000404
0.000404
0.000403
0.000403
0.000403
0.000403
0.000403
0.000403
0.000403
0.000402
0.000402
0.000402
0.000402
0.000402
0.000402
0.000402
0.000402
0.000402
0.000401
0.000401
0.000401
0.000401
0.000401
0.000401
0.000401
0.000401
0.000400
0.000400
0.000400
0.000400
0.000400
0.000400
0.000400
0.000400
0.000399
0.000399
0.000399
0.000399
0.000399
0.000399
0.000399
0.000399
0.000398
0.000398
0.000398
0.000398
0.000398
0.000398
0.000398
0.000398
0.000397
0.000397
0.000397
0.000397
0.000397
0.000397
0.000397
0.000397
0.000396
0.000396
0.000396
0.000396
0.000396
0.000396
0.000396
0.000396
0.000395
0.000395
0.000395
0.000395
0.000395
0.000395
0.000395
0.000395
0.000395
0.000394
0.000394
0.000394
0.000394
0.000394
0.000394
0.000394
0.000394
0.000393
0.000393
0.000393
0.000393
0.000393
0.000393
0.000393
0.000393
0.000393
0.000392
0.000392
0.000392
0.000392
0.000392
0.000392
0.000392
0.000392
0.000391
0.000391
0.000391
0.000391
0.000391
0.000391
0.000391
0.000391
0.000390
0.000390
0.000390
0.000390
0.000390
0.000390
0.000390
0.000390
0.000390
0.000389
0.000389
0.000389
0.000389
0.000389
0.000389
0.000389
0.000389
0.000389
0.000388
0.000388
0.000388
0.000388
0.000388
0.000388
0.000388
0.000388
0.000387
0.000387
0.000387
0.000387
0.000387
0.000387
0.000387
0.000387
0.000387
0.000386
0.000386
0.000386
0.000386
0.000386
0.000386
0.000386
0.000386
0.000385
0.000385
0.000385
0.000385
0.000385
0.000385
0.000385
0.000385
0.000385
0.000384
0.000384
0.000384
0.000384
0.000384
0.000384
0.000384
0.000384
0.000384
0.000383
0.000383
0.000383
0.000383
0.000383
0.000383
0.000383
0.000383
0.000383
0.000382
0.000382
0.000382
0.000382
0.000382
0.000382
0.000382
0.000382
0.000382
0.000381
0.000381
0.000381
0.000381
0.000381
0.000381
0.000381
0.000381
0.000381
0.000380
0.000380
0.000380
0.000380
0.000380
0.000380
0.000380
0.000380
0.000380
0.000379
0.000379
0.000379
0.000379
0.000379
0.000379
0.000379
0.000379
0.000379
0.000378
0.000378
0.000378
0.000378
0.000378
0.000378
0.000378
0.000378
0.000378
0.000377
0.000377
0.000377
0.000377
0.000377
0.000377
0.000377
0.000377
0.000377
0.000376
0.000376
0.000376
0.000376
0.000376
0.000376
0.000376
0.000376
0.000376
0.000375
0.000375
0.000375
0.000375
0.000375
0.000375
0.000375
0.000375
0.000375
0.000374
0.000374
0.000374
0.000374
0.000374
0.000374
0.000374
0.000374
0.000374
0.000373
0.000373
0.000373
0.000373
0.000373
0.000373
0.000373
0.000373
0.000373
0.000373
0.000372
0.000372
0.000372
0.000372
0.000372
0.000372
0.000372
0.000372
0.000372
0.000371
0.000371
0.000371
0.000371
0.000371
0.000371
0.000371
0.000371
0.000371
0.000370
0.000370
0.000370
0.000370
0.000370
0.000370
0.000370
0.000370
0.000370
0.000370
0.000369
0.000369
0.000369
0.000369
0.000369
0.000369
0.000369
0.000369
0.000369
0.000368
0.000368
0.000368
0.000368
0.000368
0.000368
0.000368
0.000368
0.000368
0.000368
0.000367
0.000367
0.000367
0.000367
0.000367
0.000367
0.000367
0.000367
0.000367
0.000367
0.000366
0.000366
0.000366
0.000366
0.000366
0.000366
0.000366
0.000366
0.000366
0.000365
0.000365
0.000365
0.000365
0.000365
0.000365
0.000365
0.000365
0.000365
0.000365
0.000364
0.000364
0.000364
0.000364
0.000364
0.000364
0.000364
0.000364
0.000364
0.000364
0.000363
0.000363
0.000363
0.000363
0.000363
0.000363
0.000363
0.000363
0.000363
0.000363
0.000362
0.000362
0.000362
0.000362
0.000362
0.000362
0.000362
0.000362
0.000362
0.000361
0.000361
0.000361
0.000361
0.000361
0.000361
0.000361
0.000361
0.000361
0.000361
0.000360
0.000360
0.000360
0.000360
0.000360
0.000360
0.000360
0.000360
0.000360
0.000360
0.000359
0.000359
0.000359
0.000359
0.000359
0.000359
0.000359
0.000359
0.000359
0.000359
0.000358
0.000358
0.000358
0.000358
0.000358
0.000358
0.000358
0.000358
0.000358
0.000358
0.000357
0.000357
0.000357
0.000357
0.000357
0.000357
0.000357
0.000357
0.000357
0.000357
0.000357
0.000356
0.000356
0.000356
0.000356
0.000356
0.000356
0.000356
0.000356
0.000356
0.000356
0.000355
0.000355
0.000355
0.000355
0.000355
0.000355
0.000355
0.000355
0.000355
0.000355
0.000354
0.000354
0.000354
0.000354
0.000354
0.000354
0.000354
0.000354
0.000354
0.000354
0.000353
0.000353
0.000353
0.000353
0.000353
0.000353
0.000353
0.000353
0.000353
0.000353
0.000353
0.000352
0.000352
0.000352
0.000352
0.000352
0.000352
0.000352
0.000352
0.000352
0.000352
0.000351
0.000351
0.000351
0.000351
0.000351
0.000351
0.000351
0.000351
0.000351
0.000351
0.000351
0.000350
0.000350
0.000350
0.000350
0.000350
0.000350
0.000350
0.000350
0.000350
0.000350
0.000349
0.000349
0.000349
0.000349
0.000349
0.000349
0.000349
0.000349
0.000349
0.000349
0.000349
0.000348
0.000348
0.000348
0.000348
0.000348
0.000348
0.000348
0.000348
0.000348
0.000348
0.000348
0.000347
0.000347
0.000347
0.000347
0.000347
0.000347
0.000347
0.000347
0.000347
0.000347
0.000346
0.000346
0.000346
0.000346
0.000346
0.000346
0.000346
0.000346
0.000346
0.000346
0.000346
0.000345
0.000345
0.000345
0.000345
0.000345
0.000345
0.000345
0.000345
0.000345
0.000345
0.000345
0.000344
0.000344
0.000344
0.000344
0.000344
0.000344
0.000344
0.000344
0.000344
0.000344
0.000344
0.000343
0.000343
0.000343
0.000343
0.000343
0.000343
0.000343
0.000343
0.000343
0.000343
0.000343
0.000342
0.000342
0.000342
0.000342
0.000342
0.000342
0.000342
0.000342
0.000342
0.000342
0.000342
0.000341
0.000341
0.000341
0.000341
0.000341
0.000341
0.000341
0.000341
0.000341
0.000341
0.000341
0.000340
0.000340
0.000340
0.000340
0.000340
0.000340
0.000340
0.000340
0.000340
0.000340
0.000340
0.000339
0.000339
0.000339
0.000339
0.000339
0.000339
0.000339
0.000339
0.000339
0.000339
0.000339
0.000338
0.000338
0.000338
0.000338
0.000338
0.000338
0.000338
0.000338
0.000338
0.000338
0.000338
0.000338
0.000337
0.000337
0.000337
0.000337
0.000337
0.000337
0.000337
0.000337
0.000337
0.000337
0.000337
0.000336
0.000336
0.000336
0.000336
0.000336
0.000336
0.000336
0.000336
0.000336
0.000336
0.000336
0.000336
0.000335
0.000335
0.000335
0.000335
0.000335
0.000335
0.000335
0.000335
0.000335
0.000335
0.000335
0.000334
0.000334
0.000334
0.000334
0.000334
0.000334
0.000334
0.000334
0.000334
0.000334
0.000334
0.000334
0.000333
0.000333
0.000333
0.000333
0.000333
0.000333
0.000333
0.000333
0.000333
0.000333
0.000333
0.000332
0.000332
0.000332
0.000332
0.000332
0.000332
0.000332
0.000332
0.000332
0.000332
0.000332
0.000332
0.000331
0.000331
0.000331
0.000331
0.000331
0.000331
0.000331
0.000331
0.000331
0.000331
0.000331
0.000331
0.000330
0.000330
0.000330
0.000330
0.000330
0.000330
0.000330
0.000330
0.000330
0.000330
0.000330
0.000330
0.000329
0.000329
0.000329
0.000329
0.000329
0.000329
0.000329
0.000329
0.000329
0.000329
0.000329
0.000329
0.000328
0.000328
0.000328
0.000328
0.000328
0.000328
0.000328
0.000328
0.000328
0.000328
0.000328
0.000328
0.000327
0.000327
0.000327
0.000327
0.000327
0.000327
0.000327
0.000327
0.000327
0.000327
0.000327
0.000327
0.000326
0.000326
0.000326
0.000326
0.000326
0.000326
0.000326
0.000326
0.000326
0.000326
0.000326
0.000326
0.000325
0.000325
0.000325
0.000325
0.000325
0.000325
0.000325
0.000325
0.000325
0.000325
0.000325
0.000325
0.000324
0.000324
0.000324
0.000324
0.000324
0.000324
0.000324
0.000324
0.000324
0.000324
0.000324
0.000324
0.000323
0.000323
0.000323
0.000323
0.000323
0.000323
0.000323
0.000323
0.000323
0.000323
0.000323
0.000323
0.000323
0.000322
0.000322
0.000322
0.000322
0.000322
0.000322
0.000322
0.000322
0.000322
0.000322
0.000322
0.000322
0.000321
0.000321
0.000321
0.000321
0.000321
0.000321
0.000321
0.000321
0.000321
0.000321
0.000321
0.000321
0.000321
0.000320
0.000320
0.000320
0.000320
0.000320
0.000320
0.000320
0.000320
0.000320
0.000320
0.000320
0.000320
0.000319
0.000319
0.000319
0.000319
0.000319
0.000319
0.000319
0.000319
0.000319
0.000319
0.000319
0.000319
0.000319
0.000318
0.000318
0.000318
0.000318
0.000318
0.000318
0.000318
0.000318
0.000318
0.000318
0.000318
0.000318
0.000318
0.000317
0.000317
0.000317
0.000317
0.000317
0.000317
0.000317
0.000317
0.000317
0.000317
0.000317
0.000317
0.000317
0.000316
0.000316
0.000316
0.000316
0.000316
0.000316
0.000316
0.000316
0.000316
0.000316
0.000316
0.000316
0.000315
0.000315
0.000315
0.000315
0.000315
0.000315
0.000315
0.000315
0.000315
0.000315
0.000315
0.000315
0.000315
0.000314
0.000314
0.000314
0.000314
0.000314
0.000314
0.000314
0.000314
0.000314
0.000314
0.000314
0.000314
0.000314
0.000314
0.000313
0.000313
0.000313
0.000313
0.000313
0.000313
0.000313
0.000313
0.000313
0.000313
0.000313
0.000313
0.000313
0.000312
0.000312
0.000312
0.000312
0.000312
0.000312
0.000312
0.000312
0.000312
0.000312
0.000312
0.000312
0.000312
0.000311
0.000311
0.000311
0.000311
0.000311
0.000311
0.000311
0.000311
0.000311
0.000311
0.000311
0.000311
0.000311
0.000310
0.000310
0.000310
0.000310
0.000310
0.000310
0.000310
0.000310
0.000310
0.000310
0.000310
0.000310
0.000310
0.000310
0.000309
0.000309
0.000309
0.000309
0.000309
0.000309
0.000309
0.000309
0.000309
0.000309
0.000309
0.000309
0.000309
0.000308
0.000308
0.000308
0.000308
0.000308
0.000308
0.000308
0.000308
0.000308
0.000308
0.000308
0.000308
0.000308
0.000308
0.000307
0.000307
0.000307
0.000307
0.000307
0.000307
0.000307
0.000307
0.000307
0.000307
0.000307
0.000307
0.000307
0.000306
0.000306
0.000306
0.000306
0.000306
0.000306
0.000306
0.000306
0.000306
0.000306
0.000306
0.000306
0.000306
0.000306
0.000305
0.000305
0.000305
0.000305
0.000305
0.000305
0.000305
0.000305
0.000305
0.000305
0.000305
0.000305
0.000305
0.000305
0.000304
0.000304
0.000304
0.000304
0.000304
0.000304
0.000304
0.000304
0.000304
0.000304
0.000304
0.000304
0.000304
0.000304
0.000303
0.000303
0.000303
0.000303
0.000303
0.000303
0.000303
0.000303
0.000303
0.000303
0.000303
0.000303
0.000303
0.000303
0.000302
0.000302
0.000302
0.000302
0.000302
0.000302
0.000302
0.000302
0.000302
0.000302
0.000302
0.000302
0.000302
0.000302
0.000301
0.000301
0.000301
0.000301
0.000301
0.000301
0.000301
0.000301
0.000301
0.000301
0.000301
0.000301
0.000301
0.000301
0.000300
0.000300
0.000300
0.000300
0.000300
0.000300
0.000300
0.000300
0.000300
0.000300
0.000300
0.000300
0.000300
0.000300
0.000300
0.000299
0.000299
0.000299
0.000299
0.000299
0.000299
0.000299
0.000299
0.000299
0.000299
0.000299
0.000299
0.000299
0.000299
0.000298
0.000298
0.000298
0.000298
0.000298
0.000298
0.000298
0.000298
0.000298
0.000298
0.000298
0.000298
0.000298
0.000298
0.000298
0.000297
0.000297
0.000297
0.000297
0.000297
0.000297
0.000297
0.000297
0.000297
0.000297
0.000297
0.000297
0.000297
0.000297
0.000296
0.000296
0.000296
0.000296
0.000296
0.000296
0.000296
0.000296
0.000296
0.000296
0.000296
0.000296
0.000296
0.000296
0.000296
0.000295
0.000295
0.000295
0.000295
0.000295
0.000295
0.000295
0.000295
0.000295
0.000295
0.000295
0.000295
0.000295
0.000295
0.000295
0.000294
0.000294
0.000294
0.000294
0.000294
0.000294
0.000294
0.000294
0.000294
0.000294
0.000294
0.000294
0.000294
0.000294
0.000294
0.000293
0.000293
0.000293
0.000293
0.000293
0.000293
0.000293
0.000293
0.000293
0.000293
0.000293
0.000293
0.000293
0.000293
0.000293
0.000292
0.000292
0.000292
0.000292
0.000292
0.000292
0.000292
0.000292
0.000292
0.000292
0.000292
0.000292
0.000292
0.000292
0.000292
0.000291
0.000291
0.000291
0.000291
0.000291
0.000291
0.000291
0.000291
0.000291
0.000291
0.000291
0.000291
0.000291
0.000291
0.000291
0.000290
0.000290
0.000290
0.000290
0.000290
0.000290
0.000290
0.000290
0.000290
0.000290
0.000290
0.000290
0.000290
0.000290
0.000290
0.000289
0.000289
0.000289
0.000289
0.000289
0.000289
0.000289
0.000289
0.000289
0.000289
0.000289
0.000289
0.000289
0.000289
0.000289
0.000289
0.000288
0.000288
0.000288
0.000288
0.000288
0.000288
0.000288
0.000288
0.000288
0.000288
0.000288
0.000288
0.000288
0.000288
0.000288
0.000287
0.000287
0.000287
0.000287
0.000287
0.000287
0.000287
0.000287
0.000287
0.000287
0.000287
0.000287
0.000287
0.000287
0.000287
0.000287
0.000286
0.000286
0.000286
0.000286
0.000286
0.000286
0.000286
0.000286
0.000286
0.000286
0.000286
0.000286
0.000286
0.000286
0.000286
0.000286
0.000285
0.000285
0.000285
0.000285
0.000285
0.000285
0.000285
0.000285
0.000285
0.000285
0.000285
0.000285
0.000285
0.000285
0.000285
0.000284
0.000284
0.000284
0.000284
0.000284
0.000284
0.000284
0.000284
0.000284
0.000284
0.000284
0.000284
0.000284
0.000284
0.000284
0.000284
0.000283
0.000283
0.000283
0.000283
0.000283
0.000283
0.000283
0.000283
0.000283
0.000283
0.000283
0.000283
0.000283
0.000283
0.000283
0.000283
0.000283
0.000282
0.000282
0.000282
0.000282
0.000282
0.000282
0.000282
0.000282
0.000282
0.000282
0.000282
0.000282
0.000282
0.000282
0.000282
0.000282
0.000281
0.000281
0.000281
0.000281
0.000281
0.000281
0.000281
0.000281
0.000281
0.000281
0.000281
0.000281
0.000281
0.000281
0.000281
0.000281
0.000280
0.000280
0.000280
0.000280
0.000280
0.000280
0.000280
0.000280
0.000280
0.000280
0.000280
0.000280
0.000280
0.000280
0.000280
0.000280
0.000279
0.000279
0.000279
0.000279
0.000279
0.000279
0.000279
0.000279
0.000279
0.000279
0.000279
0.000279
0.000279
0.000279
0.000279
0.000279
0.000279
0.000278
0.000278
0.000278
0.000278
0.000278
0.000278
0.000278
0.000278
0.000278
0.000278
0.000278
0.000278
0.000278
0.000278
0.000278
0.000278
0.000278
0.000277
0.000277
0.000277
0.000277
0.000277
0.000277
0.000277
0.000277
0.000277
0.000277
0.000277
0.000277
0.000277
0.000277
0.000277
0.000277
0.000276
0.000276
0.000276
0.000276
0.000276
0.000276
0.000276
0.000276
0.000276
0.000276
0.000276
0.000276
0.000276
0.000276
0.000276
0.000276
0.000276
0.000275
0.000275
0.000275
0.000275
0.000275
0.000275
0.000275
0.000275
0.000275
0.000275
0.000275
0.000275
0.000275
0.000275
0.000275
0.000275
0.000275
0.000274
0.000274
0.000274
0.000274
0.000274
0.000274
0.000274
0.000274
0.000274
0.000274
0.000274
0.000274
0.000274
0.000274
0.000274
0.000274
0.000274
0.000273
0.000273
0.000273
0.000273
0.000273
0.000273
0.000273
0.000273
0.000273
0.000273
0.000273
0.000273
0.000273
0.000273
0.000273
0.000273
0.000273
0.000273
0.000272
0.000272
0.000272
0.000272
0.000272
0.000272
0.000272
0.000272
0.000272
0.000272
0.000272
0.000272
0.000272
0.000272
0.000272
0.000272
0.000272
0.000271
0.000271
0.000271
0.000271
0.000271
0.000271
0.000271
0.000271
0.000271
0.000271
0.000271
0.000271
0.000271
0.000271
0.000271
0.000271
0.000271
0.000270
0.000270
0.000270
0.000270
0.000270
0.000270
0.000270
0.000270
0.000270
0.000270
0.000270
0.000270
0.000270
0.000270
0.000270
0.000270
0.000270
0.000270
0.000269
0.000269
0.000269
0.000269
0.000269
0.000269
0.000269
0.000269
0.000269
0.000269
0.000269
0.000269
0.000269
0.000269
0.000269
0.000269
0.000269
0.000269
0.000268
0.000268
0.000268
0.000268
0.000268
0.000268
0.000268
0.000268
0.000268
0.000268
0.000268
0.000268
0.000268
0.000268
0.000268
0.000268
0.000268
0.000268
0.000267
0.000267
0.000267
0.000267
0.000267
0.000267
0.000267
0.000267
0.000267
0.000267
0.000267
0.000267
0.000267
0.000267
0.000267
0.000267
0.000267
0.000267
0.000266
0.000266
0.000266
0.000266
0.000266
0.000266
0.000266
0.000266
0.000266
0.000266
0.000266
0.000266
0.000266
0.000266
0.000266
0.000266
0.000266
0.000266
0.000265
0.000265
0.000265
0.000265
0.000265
0.000265
0.000265
0.000265
0.000265
0.000265
0.000265
0.000265
0.000265
0.000265
0.000265
0.000265
0.000265
0.000265
0.000264
0.000264
0.000264
0.000264
0.000264
0.000264
0.000264
0.000264
0.000264
0.000264
0.000264
0.000264
0.000264
0.000264
0.000264
0.000264
0.000264
0.000264
0.000264
0.000263
0.000263
0.000263
0.000263
0.000263
0.000263
0.000263
0.000263
0.000263
0.000263
0.000263
0.000263
0.000263
0.000263
0.000263
0.000263
0.000263
0.000263
0.000262
0.000262
0.000262
0.000262
0.000262
0.000262
0.000262
0.000262
0.000262
0.000262
0.000262
0.000262
0.000262
0.000262
0.000262
0.000262
0.000262
0.000262
0.000262
0.000261
0.000261
0.000261
0.000261
0.000261
0.000261
0.000261
0.000261
0.000261
0.000261
0.000261
0.000261
0.000261
0.000261
0.000261
0.000261
0.000261
0.000261
0.000261
0.000260
0.000260
0.000260
0.000260
0.000260
0.000260
0.000260
0.000260
0.000260
0.000260
0.000260
0.000260
0.000260
0.000260
0.000260
0.000260
0.000260
0.000260
0.000260
0.000259
0.000259
0.000259
0.000259
0.000259
0.000259
0.000259
0.000259
0.000259
0.000259
0.000259
0.000259
0.000259
0.000259
0.000259
0.000259
0.000259
0.000259
0.000259
0.000258
0.000258
0.000258
0.000258
0.000258
0.000258
0.000258
0.000258
0.000258
0.000258
0.000258
0.000258
0.000258
0.000258
0.000258
0.000258
0.000258
0.000258
0.000258
0.000257
0.000257
0.000257
0.000257
0.000257
0.000257
0.000257
0.000257
0.000257
0.000257
0.000257
0.000257
0.000257
0.000257
0.000257
0.000257
0.000257
0.000257
0.000257
0.000257
0.000256
0.000256
0.000256
0.000256
0.000256
0.000256
0.000256
0.000256
0.000256
0.000256
0.000256
0.000256
0.000256
0.000256
0.000256
0.000256
0.000256
0.000256
0.000256
0.000255
0.000255
0.000255
0.000255
0.000255
0.000255
0.000255
0.000255
0.000255
0.000255
0.000255
0.000255
0.000255
0.000255
0.000255
0.000255
0.000255
0.000255
0.000255
0.000255
0.000254
0.000254
0.000254
0.000254
0.000254
0.000254
0.000254
0.000254
0.000254
0.000254
0.000254
0.000254
0.000254
0.000254
0.000254
0.000254
0.000254
0.000254
0.000254
0.000254
0.000253
0.000253
0.000253
0.000253
0.000253
0.000253
0.000253
0.000253
0.000253
0.000253
0.000253
0.000253
0.000253
0.000253
0.000253
0.000253
0.000253
0.000253
0.000253
0.000253
0.000252
0.000252
0.000252
0.000252
0.000252
0.000252
0.000252
0.000252
0.000252
0.000252
0.000252
0.000252
0.000252
0.000252
0.000252
0.000252
0.000252
0.000252
0.000252
0.000252
0.000251
0.000251
0.000251
0.000251
0.000251
0.000251
0.000251
0.000251
0.000251
0.000251
0.000251
0.000251
0.000251
0.000251
0.000251
0.000251
0.000251
0.000251
0.000251
0.000251
0.000251
0.000250
0.000250
0.000250
0.000250
0.000250
0.000250
0.000250
0.000250
0.000250
0.000250
0.000250
0.000250
0.000250
0.000250
0.000250
0.000250
0.000250
0.000250
0.000250
0.000250
0.000249
0.000249
0.000249
0.000249
0.000249
0.000249
0.000249
0.000249
0.000249
0.000249
0.000249
0.000249
0.000249
0.000249
0.000249
0.000249
0.000249
0.000249
0.000249
0.000249
0.000249
0.000248
0.000248
0.000248
0.000248
0.000248
0.000248
0.000248
0.000248
0.000248
0.000248
0.000248
0.000248
0.000248
0.000248
0.000248
0.000248
0.000248
0.000248
0.000248
0.000248
0.000248
0.000247
0.000247
0.000247
0.000247
0.000247
0.000247
0.000247
0.000247
0.000247
0.000247
0.000247
0.000247
0.000247
0.000247
0.000247
0.000247
0.000247
0.000247
0.000247
0.000247
0.000247
0.000246
0.000246
0.000246
0.000246
0.000246
0.000246
0.000246
0.000246
0.000246
0.000246
0.000246
0.000246
0.000246
0.000246
0.000246
0.000246
0.000246
0.000246
0.000246
0.000246
0.000246
0.000245
0.000245
0.000245
0.000245
0.000245
0.000245
0.000245
0.000245
0.000245
0.000245
0.000245
0.000245
0.000245
0.000245
0.000245
0.000245
0.000245
0.000245
0.000245
0.000245
0.000245
0.000244
0.000244
0.000244
0.000244
0.000244
0.000244
0.000244
0.000244
0.000244
0.000244
0.000244
0.000244
0.000244
0.000244
0.000244
0.000244
0.000244
0.000244
0.000244
0.000244
0.000244
0.000244
0.000243
0.000243
0.000243
0.000243
0.000243
0.000243
0.000243
0.000243
0.000243
0.000243
0.000243
0.000243
0.000243
0.000243
0.000243
0.000243
0.000243
0.000243
0.000243
0.000243
0.000243
0.000243
0.000242
0.000242
0.000242
0.000242
0.000242
0.000242
0.000242
0.000242
0.000242
0.000242
0.000242
0.000242
0.000242
0.000242
0.000242
0.000242
0.000242
0.000242
0.000242
0.000242
0.000242
0.000241
0.000241
0.000241
0.000241
0.000241
0.000241
0.000241
0.000241
0.000241
0.000241
0.000241
0.000241
0.000241
0.000241
0.000241
0.000241
0.000241
0.000241
0.000241
0.000241
0.000241
0.000241
0.000241
0.000240
0.000240
0.000240
0.000240
0.000240
0.000240
0.000240
0.000240
0.000240
0.000240
0.000240
0.000240
0.000240
0.000240
0.000240
0.000240
0.000240
0.000240
0.000240
0.000240
0.000240
0.000240
0.000239
0.000239
0.000239
0.000239
0.000239
0.000239
0.000239
0.000239
0.000239
0.000239
0.000239
0.000239
0.000239
0.000239
0.000239
0.000239
0.000239
0.000239
0.000239
0.000239
0.000239
0.000239
0.000238
0.000238
0.000238
0.000238
0.000238
0.000238
0.000238
0.000238
0.000238
0.000238
0.000238
0.000238
0.000238
0.000238
0.000238
0.000238
0.000238
0.000238
0.000238
0.000238
0.000238
0.000238
0.000238
0.000237
0.000237
0.000237
0.000237
0.000237
0.000237
0.000237
0.000237
0.000237
0.000237
0.000237
0.000237
0.000237
0.000237
0.000237
0.000237
0.000237
0.000237
0.000237
0.000237
0.000237
0.000237
0.000237
0.000236
0.000236
0.000236
0.000236
0.000236
0.000236
0.000236
0.000236
0.000236
0.000236
0.000236
0.000236
0.000236
0.000236
0.000236
0.000236
0.000236
0.000236
0.000236
0.000236
0.000236
0.000236
0.000236
0.000235
0.000235
0.000235
0.000235
0.000235
0.000235
0.000235
0.000235
0.000235
0.000235
0.000235
0.000235
0.000235
0.000235
0.000235
0.000235
0.000235
0.000235
0.000235
0.000235
0.000235
0.000235
0.000235
0.000234
0.000234
0.000234
0.000234
0.000234
0.000234
0.000234
0.000234
0.000234
0.000234
0.000234
0.000234
0.000234
0.000234
0.000234
0.000234
0.000234
0.000234
0.000234
0.000234
0.000234
0.000234
0.000234
0.000233
0.000233
0.000233
0.000233
0.000233
0.000233
0.000233
0.000233
0.000233
0.000233
0.000233
0.000233
0.000233
0.000233
0.000233
0.000233
0.000233
0.000233
0.000233
0.000233
0.000233
0.000233
0.000233
0.000233
0.000232
0.000232
0.000232
0.000232
0.000232
0.000232
0.000232
0.000232
0.000232
0.000232
0.000232
0.000232
0.000232
0.000232
0.000232
0.000232
0.000232
0.000232
0.000232
0.000232
0.000232
0.000232
0.000232
0.000232
0.000231
0.000231
0.000231
0.000231
0.000231
0.000231
0.000231
0.000231
0.000231
0.000231
0.000231
0.000231
0.000231
0.000231
0.000231
0.000231
0.000231
0.000231
0.000231
0.000231
0.000231
0.000231
0.000231
0.000231
0.000230
0.000230
0.000230
0.000230
0.000230
0.000230
0.000230
0.000230
0.000230
0.000230
0.000230
0.000230
0.000230
0.000230
0.000230
0.000230
0.000230
0.000230
0.000230
0.000230
0.000230
0.000230
0.000230
0.000230
0.000229
0.000229
0.000229
0.000229
0.000229
0.000229
0.000229
0.000229
0.000229
0.000229
0.000229
0.000229
0.000229
0.000229
0.000229
0.000229
0.000229
0.000229
0.000229
0.000229
0.000229
0.000229
0.000229
0.000229
0.000228
0.000228
0.000228
0.000228
0.000228
0.000228
0.000228
0.000228
0.000228
0.000228
0.000228
0.000228
0.000228
0.000228
0.000228
0.000228
0.000228
0.000228
0.000228
0.000228
0.000228
0.000228
0.000228
0.000228
0.000228
0.000227
0.000227
0.000227
0.000227
0.000227
0.000227
0.000227
0.000227
0.000227
0.000227
0.000227
0.000227
0.000227
0.000227
0.000227
0.000227
0.000227
0.000227
0.000227
0.000227
0.000227
0.000227
0.000227
0.000227
0.000227
0.000226
0.000226
0.000226
0.000226
0.000226
0.000226
0.000226
0.000226
0.000226
0.000226
0.000226
0.000226
0.000226
0.000226
0.000226
0.000226
0.000226
0.000226
0.000226
0.000226
0.000226
0.000226
0.000226
0.000226
0.000226
0.000225
0.000225
0.000225
0.000225
0.000225
0.000225
0.000225
0.000225
0.000225
0.000225
0.000225
0.000225
0.000225
0.000225
0.000225
0.000225
0.000225
0.000225
0.000225
0.000225
0.000225
0.000225
0.000225
0.000225
0.000225
0.000224
0.000224
0.000224
0.000224
0.000224
0.000224
0.000224
0.000224
0.000224
0.000224
0.000224
0.000224
0.000224
0.000224
0.000224
0.000224
0.000224
0.000224
0.000224
0.000224
0.000224
0.000224
0.000224
0.000224
0.000224
0.000224
0.000223
0.000223
0.000223
0.000223
0.000223
0.000223
0.000223
0.000223
0.000223
0.000223
0.000223
0.000223
0.000223
0.000223
0.000223
0.000223
0.000223
0.000223
0.000223
0.000223
0.000223
0.000223
0.000223
0.000223
0.000223
0.000222
0.000222
0.000222
0.000222
0.000222
0.000222
0.000222
0.000222
0.000222
0.000222
0.000222
0.000222
0.000222
0.000222
0.000222
0.000222
0.000222
0.000222
0.000222
0.000222
0.000222
0.000222
0.000222
0.000222
0.000222
0.000222
0.000221
0.000221
0.000221
0.000221
0.000221
0.000221
0.000221
0.000221
0.000221
0.000221
0.000221
0.000221
0.000221
0.000221
0.000221
0.000221
0.000221
0.000221
0.000221
0.000221
0.000221
0.000221
0.000221
0.000221
0.000221
0.000221
0.000220
0.000220
0.000220
0.000220
0.000220
0.000220
0.000220
0.000220
0.000220
0.000220
0.000220
0.000220
0.000220
0.000220
0.000220
0.000220
0.000220
0.000220
0.000220
0.000220
0.000220
0.000220
0.000220
0.000220
0.000220
0.000220
0.000220
0.000219
0.000219
0.000219
0.000219
0.000219
0.000219
0.000219
0.000219
0.000219
0.000219
0.000219
0.000219
0.000219
0.000219
0.000219
0.000219
0.000219
0.000219
0.000219
0.000219
0.000219
0.000219
0.000219
0.000219
0.000219
0.000219
0.000219
0.000218
0.000218
0.000218
0.000218
0.000218
0.000218
0.000218
0.000218
0.000218
0.000218
0.000218
0.000218
0.000218
0.000218
0.000218
0.000218
0.000218
0.000218
0.000218
0.000218
0.000218
0.000218
0.000218
0.000218
0.000218
0.000218
0.000218
0.000217
0.000217
0.000217
0.000217
0.000217
0.000217
0.000217
0.000217
0.000217
0.000217
0.000217
0.000217
0.000217
0.000217
0.000217
0.000217
0.000217
0.000217
0.000217
0.000217
0.000217
0.000217
0.000217
0.000217
0.000217
0.000217
0.000217
0.000216
0.000216
0.000216
0.000216
0.000216
0.000216
0.000216
0.000216
0.000216
0.000216
0.000216
0.000216
0.000216
0.000216
0.000216
0.000216
0.000216
0.000216
0.000216
0.000216
0.000216
0.000216
0.000216
0.000216
0.000216
0.000216
0.000216
0.000215
0.000215
0.000215
0.000215
0.000215
0.000215
0.000215
0.000215
0.000215
0.000215
0.000215
0.000215
0.000215
0.000215
0.000215
0.000215
0.000215
0.000215
0.000215
0.000215
0.000215
0.000215
0.000215
0.000215
0.000215
0.000215
0.000215
0.000215
0.000214
0.000214
0.000214
0.000214
0.000214
0.000214
0.000214
0.000214
0.000214
0.000214
0.000214
0.000214
0.000214
0.000214
0.000214
0.000214
0.000214
0.000214
0.000214
0.000214
0.000214
0.000214
0.000214
0.000214
0.000214
0.000214
0.000214
0.000214
0.000213
0.000213
0.000213
0.000213
0.000213
0.000213
0.000213
0.000213
0.000213
0.000213
0.000213
0.000213
0.000213
0.000213
0.000213
0.000213
0.000213
0.000213
0.000213
0.000213
0.000213
0.000213
0.000213
0.000213
0.000213
0.000213
0.000213
0.000213
0.000212
0.000212
0.000212
0.000212
0.000212
0.000212
0.000212
0.000212
0.000212
0.000212
0.000212
0.000212
0.000212
0.000212
0.000212
0.000212
0.000212
0.000212
0.000212
0.000212
0.000212
0.000212
0.000212
0.000212
0.000212
0.000212
0.000212
0.000212
0.000211
0.000211
0.000211
0.000211
0.000211
0.000211
0.000211
0.000211
0.000211
0.000211
0.000211
0.000211
0.000211
0.000211
0.000211
0.000211
0.000211
0.000211
0.000211
0.000211
0.000211
0.000211
0.000211
0.000211
0.000211
0.000211
0.000211
0.000211
0.000211
0.000210
0.000210
0.000210
0.000210
0.000210
0.000210
0.000210
0.000210
0.000210
0.000210
0.000210
0.000210
0.000210
0.000210
0.000210
0.000210
0.000210
0.000210
0.000210
0.000210
0.000210
0.000210
0.000210
0.000210
0.000210
0.000210
0.000210
0.000210
0.000210
0.000209
0.000209
0.000209
0.000209
0.000209
0.000209
0.000209
0.000209
0.000209
0.000209
0.000209
0.000209
0.000209
0.000209
0.000209
0.000209
0.000209
0.000209
0.000209
0.000209
0.000209
0.000209
0.000209
0.000209
0.000209
0.000209
0.000209
0.000209
0.000209
0.000208
0.000208
0.000208
0.000208
0.000208
0.000208
0.000208
0.000208
0.000208
0.000208
0.000208
0.000208
0.000208
0.000208
0.000208
0.000208
0.000208
0.000208
0.000208
0.000208
0.000208
0.000208
0.000208
0.000208
0.000208
0.000208
0.000208
0.000208
0.000208
0.000208
0.000207
0.000207
0.000207
0.000207
0.000207
0.000207
0.000207
0.000207
0.000207
0.000207
0.000207
0.000207
0.000207
0.000207
0.000207
0.000207
0.000207
0.000207
0.000207
0.000207
0.000207
0.000207
0.000207
0.000207
0.000207
0.000207
0.000207
0.000207
0.000207
0.000206
0.000206
0.000206
0.000206
0.000206
0.000206
0.000206
0.000206
0.000206
0.000206
0.000206
0.000206
0.000206
0.000206
0.000206
0.000206
0.000206
0.000206
0.000206
0.000206
0.000206
0.000206
0.000206
0.000206
0.000206
0.000206
0.000206
0.000206
0.000206
0.000206
0.000206
0.000205
0.000205
0.000205
0.000205
0.000205
0.000205
0.000205
0.000205
0.000205
0.000205
0.000205
0.000205
0.000205
0.000205
0.000205
0.000205
0.000205
0.000205
0.000205
0.000205
0.000205
0.000205
0.000205
0.000205
0.000205
0.000205
0.000205
0.000205
0.000205
0.000205
0.000204
0.000204
0.000204
0.000204
0.000204
0.000204
0.000204
0.000204
0.000204
0.000204
0.000204
0.000204
0.000204
0.000204
0.000204
0.000204
0.000204
0.000204
0.000204
0.000204
0.000204
0.000204
0.000204
0.000204
0.000204
0.000204
0.000204
0.000204
0.000204
0.000204
0.000204
0.000203
0.000203
0.000203
0.000203
0.000203
0.000203
0.000203
0.000203
0.000203
0.000203
0.000203
0.000203
0.000203
0.000203
0.000203
0.000203
0.000203
0.000203
0.000203
0.000203
0.000203
0.000203
0.000203
0.000203
0.000203
0.000203
0.000203
0.000203
0.000203
0.000203
0.000203
0.000202
0.000202
0.000202
0.000202
0.000202
0.000202
0.000202
0.000202
0.000202
0.000202
0.000202
0.000202
0.000202
0.000202
0.000202
0.000202
0.000202
0.000202
0.000202
0.000202
0.000202
0.000202
0.000202
0.000202
0.000202
0.000202
0.000202
0.000202
0.000202
0.000202
0.000202
0.000201
0.000201
0.000201
0.000201
0.000201
0.000201
0.000201
0.000201
0.000201
0.000201
0.000201
0.000201
0.000201
0.000201
0.000201
0.000201
0.000201
0.000201
0.000201
0.000201
0.000201
0.000201
0.000201
0.000201
0.000201
0.000201
0.000201
0.000201
0.000201
0.000201
0.000201
0.000201
0.000200
0.000200
0.000200
0.000200
0.000200
0.000200
0.000200
0.000200
0.000200
0.000200
0.000200
0.000200
0.000200
0.000200
0.000200
0.000200
0.000200
0.000200
0.000200
0.000200
0.000200
0.000200
0.000200
0.000200
0.000200
0.000200
0.000200
0.000200
0.000200
0.000200
0.000200
0.000199
0.000199
0.000199
0.000199
0.000199
0.000199
0.000199
0.000199
0.000199
0.000199
0.000199
0.000199
0.000199
0.000199
0.000199
0.000199
0.000199
0.000199
0.000199
0.000199
0.000199
0.000199
0.000199
0.000199
0.000199
0.000199
0.000199
0.000199
0.000199
0.000199
0.000199
0.000199
0.000199
0.000198
0.000198
0.000198
0.000198
0.000198
0.000198
0.000198
0.000198
0.000198
0.000198
0.000198
0.000198
0.000198
0.000198
0.000198
0.000198
0.000198
0.000198
0.000198
0.000198
0.000198
0.000198
0.000198
0.000198
0.000198
0.000198
0.000198
0.000198
0.000198
0.000198
0.000198
0.000198
0.000197
0.000197
0.000197
0.000197
0.000197
0.000197
0.000197
0.000197
0.000197
0.000197
0.000197
0.000197
0.000197
0.000197
0.000197
0.000197
0.000197
0.000197
0.000197
0.000197
0.000197
0.000197
0.000197
0.000197
0.000197
0.000197
0.000197
0.000197
0.000197
0.000197
0.000197
0.000197
0.000197
0.000196
0.000196
0.000196
0.000196
0.000196
0.000196
0.000196
0.000196
0.000196
0.000196
0.000196
0.000196
0.000196
0.000196
0.000196
0.000196
0.000196
0.000196
0.000196
0.000196
0.000196
0.000196
0.000196
0.000196
0.000196
0.000196
0.000196
0.000196
0.000196
0.000196
0.000196
0.000196
0.000196
0.000195
0.000195
0.000195
0.000195
0.000195
0.000195
0.000195
0.000195
0.000195
0.000195
0.000195
0.000195
0.000195
0.000195
0.000195
0.000195
0.000195
0.000195
0.000195
0.000195
0.000195
0.000195
0.000195
0.000195
0.000195
0.000195
0.000195
0.000195
0.000195
0.000195
0.000195
0.000195
0.000195
0.000195
0.000194
0.000194
0.000194
0.000194
0.000194
0.000194
0.000194
0.000194
0.000194
0.000194
0.000194
0.000194
0.000194
0.000194
0.000194
0.000194
0.000194
0.000194
0.000194
0.000194
0.000194
0.000194
0.000194
0.000194
0.000194
0.000194
0.000194
0.000194
0.000194
0.000194
0.000194
0.000194
0.000194
0.000194
0.000193
0.000193
0.000193
0.000193
0.000193
0.000193
0.000193
0.000193
0.000193
0.000193
0.000193
0.000193
0.000193
0.000193
0.000193
0.000193
0.000193
0.000193
0.000193
0.000193
0.000193
0.000193
0.000193
0.000193
0.000193
0.000193
0.000193
0.000193
0.000193
0.000193
0.000193
0.000193
0.000193
0.000193
0.000192
0.000192
0.000192
0.000192
0.000192
0.000192
0.000192
0.000192
0.000192
0.000192
0.000192
0.000192
0.000192
0.000192
0.000192
0.000192
0.000192
0.000192
0.000192
0.000192
0.000192
0.000192
0.000192
0.000192
0.000192
0.000192
0.000192
0.000192
0.000192
0.000192
0.000192
0.000192
0.000192
0.000192
0.000191
0.000191
0.000191
0.000191
0.000191
0.000191
0.000191
0.000191
0.000191
0.000191
0.000191
0.000191
0.000191
0.000191
0.000191
0.000191
0.000191
0.000191
0.000191
0.000191
0.000191
0.000191
0.000191
0.000191
0.000191
0.000191
0.000191
0.000191
0.000191
0.000191
0.000191
0.000191
0.000191
0.000191
0.000191
0.000190
0.000190
0.000190
0.000190
0.000190
0.000190
0.000190
0.000190
0.000190
0.000190
0.000190
0.000190
0.000190
0.000190
0.000190
0.000190
0.000190
0.000190
0.000190
0.000190
0.000190
0.000190
0.000190
0.000190
0.000190
0.000190
0.000190
0.000190
0.000190
0.000190
0.000190
0.000190
0.000190
0.000190
0.000190
0.000190
0.000189
0.000189
0.000189
0.000189
0.000189
0.000189
0.000189
0.000189
0.000189
0.000189
0.000189
0.000189
0.000189
0.000189
0.000189
0.000189
0.000189
0.000189
0.000189
0.000189
0.000189
0.000189
0.000189
0.000189
0.000189
0.000189
0.000189
0.000189
0.000189
0.000189
0.000189
0.000189
0.000189
0.000189
0.000189
0.000188
0.000188
0.000188
0.000188
0.000188
0.000188
0.000188
0.000188
0.000188
0.000188
0.000188
0.000188
0.000188
0.000188
0.000188
0.000188
0.000188
0.000188
0.000188
0.000188
0.000188
0.000188
0.000188
0.000188
0.000188
0.000188
0.000188
0.000188
0.000188
0.000188
0.000188
0.000188
0.000188
0.000188
0.000188
0.000188
0.000187
0.000187
0.000187
0.000187
0.000187
0.000187
0.000187
0.000187
0.000187
0.000187
0.000187
0.000187
0.000187
0.000187
0.000187
0.000187
0.000187
0.000187
0.000187
0.000187
0.000187
0.000187
0.000187
0.000187
0.000187
0.000187
0.000187
0.000187
0.000187
0.000187
0.000187
0.000187
0.000187
0.000187
0.000187
0.000187
0.000187
0.000186
0.000186
0.000186
0.000186
0.000186
0.000186
0.000186
0.000186
0.000186
0.000186
0.000186
0.000186
0.000186
0.000186
0.000186
0.000186
0.000186
0.000186
0.000186
0.000186
0.000186
0.000186
0.000186
0.000186
0.000186
0.000186
0.000186
0.000186
0.000186
0.000186
0.000186
0.000186
0.000186
0.000186
0.000186
0.000186
0.000186
0.000185
0.000185
0.000185
0.000185
0.000185
0.000185
0.000185
0.000185
0.000185
0.000185
0.000185
0.000185
0.000185
0.000185
0.000185
0.000185
0.000185
0.000185
0.000185
0.000185
0.000185
0.000185
0.000185
0.000185
0.000185
0.000185
0.000185
0.000185
0.000185
0.000185
0.000185
0.000185
0.000185
0.000185
0.000185
0.000185
0.000185
0.000184
0.000184
0.000184
0.000184
0.000184
0.000184
0.000184
0.000184
0.000184
0.000184
0.000184
0.000184
0.000184
0.000184
0.000184
0.000184
0.000184
0.000184
0.000184
0.000184
0.000184
0.000184
0.000184
0.000184
0.000184
0.000184
0.000184
0.000184
0.000184
0.000184
0.000184
0.000184
0.000184
0.000184
0.000184
0.000184
0.000184
0.000183
0.000183
0.000183
0.000183
0.000183
0.000183
0.000183
0.000183
0.000183
0.000183
0.000183
0.000183
0.000183
0.000183
0.000183
0.000183
0.000183
0.000183
0.000183
0.000183
0.000183
0.000183
0.000183
0.000183
0.000183
0.000183
0.000183
0.000183
0.000183
0.000183
0.000183
0.000183
0.000183
0.000183
0.000183
0.000183
0.000183
0.000183
0.000182
0.000182
0.000182
0.000182
0.000182
0.000182
0.000182
0.000182
0.000182
0.000182
0.000182
0.000182
0.000182
0.000182
0.000182
0.000182
0.000182
0.000182
0.000182
0.000182
0.000182
0.000182
0.000182
0.000182
0.000182
0.000182
0.000182
0.000182
0.000182
0.000182
0.000182
0.000182
0.000182
0.000182
0.000182
0.000182
0.000182
0.000182
0.000182
0.000181
0.000181
0.000181
0.000181
0.000181
0.000181
0.000181
0.000181
0.000181
0.000181
0.000181
0.000181
0.000181
0.000181
0.000181
0.000181
0.000181
0.000181
0.000181
0.000181
0.000181
0.000181
0.000181
0.000181
0.000181
0.000181
0.000181
0.000181
0.000181
0.000181
0.000181
0.000181
0.000181
0.000181
0.000181
0.000181
0.000181
0.000181
0.000181
0.000180
0.000180
0.000180
0.000180
0.000180
0.000180
0.000180
0.000180
0.000180
0.000180
0.000180
0.000180
0.000180
0.000180
0.000180
0.000180
0.000180
0.000180
0.000180
0.000180
0.000180
0.000180
0.000180
0.000180
0.000180
0.000180
0.000180
0.000180
0.000180
0.000180
0.000180
0.000180
0.000180
0.000180
0.000180
0.000180
0.000180
0.000180
0.000180
0.000179
0.000179
0.000179
0.000179
0.000179
0.000179
0.000179
0.000179
0.000179
0.000179
0.000179
0.000179
0.000179
0.000179
0.000179
0.000179
0.000179
0.000179
0.000179
0.000179
0.000179
0.000179
0.000179
0.000179
0.000179
0.000179
0.000179
0.000179
0.000179
0.000179
0.000179
0.000179
0.000179
0.000179
0.000179
0.000179
0.000179
0.000179
0.000179
0.000179
0.000178
0.000178
0.000178
0.000178
0.000178
0.000178
0.000178
0.000178
0.000178
0.000178
0.000178
0.000178
0.000178
0.000178
0.000178
0.000178
0.000178
0.000178
0.000178
0.000178
0.000178
0.000178
0.000178
0.000178
0.000178
0.000178
0.000178
0.000178
0.000178
0.000178
0.000178
0.000178
0.000178
0.000178
0.000178
0.000178
0.000178
0.000178
0.000178
0.000178
0.000177
0.000177
0.000177
0.000177
0.000177
0.000177
0.000177
0.000177
0.000177
0.000177
0.000177
0.000177
0.000177
0.000177
0.000177
0.000177
0.000177
0.000177
0.000177
0.000177
0.000177
0.000177
0.000177
0.000177
0.000177
0.000177
0.000177
0.000177
0.000177
0.000177
0.000177
0.000177
0.000177
0.000177
0.000177
0.000177
0.000177
0.000177
0.000177
0.000177
0.000177
0.000176
0.000176
0.000176
0.000176
0.000176
0.000176
0.000176
0.000176
0.000176
0.000176
0.000176
0.000176
0.000176
0.000176
0.000176
0.000176
0.000176
0.000176
0.000176
0.000176
0.000176
0.000176
0.000176
0.000176
0.000176
0.000176
0.000176
0.000176
0.000176
0.000176
0.000176
0.000176
0.000176
0.000176
0.000176
0.000176
0.000176
0.000176
0.000176
0.000176
0.000176
0.000175
0.000175
0.000175
0.000175
0.000175
0.000175
0.000175
0.000175
0.000175
0.000175
0.000175
0.000175
0.000175
0.000175
0.000175
0.000175
0.000175
0.000175
0.000175
0.000175
0.000175
0.000175
0.000175
0.000175
0.000175
0.000175
0.000175
0.000175
0.000175
0.000175
0.000175
0.000175
0.000175
0.000175
0.000175
0.000175
0.000175
0.000175
0.000175
0.000175
0.000175
0.000174
0.000174
0.000174
0.000174
0.000174
0.000174
0.000174
0.000174
0.000174
0.000174
0.000174
0.000174
0.000174
0.000174
0.000174
0.000174
0.000174
0.000174
0.000174
0.000174
0.000174
0.000174
0.000174
0.000174
0.000174
0.000174
0.000174
0.000174
0.000174
0.000174
0.000174
0.000174
0.000174
0.000174
0.000174
0.000174
0.000174
0.000174
0.000174
0.000174
0.000174
0.000174
0.000173
0.000173
0.000173
0.000173
0.000173
0.000173
0.000173
0.000173
0.000173
0.000173
0.000173
0.000173
0.000173
0.000173
0.000173
0.000173
0.000173
0.000173
0.000173
0.000173
0.000173
0.000173
0.000173
0.000173
0.000173
0.000173
0.000173
0.000173
0.000173
0.000173
0.000173
0.000173
0.000173
0.000173
0.000173
0.000173
0.000173
0.000173
0.000173
0.000173
0.000173
0.000173
0.000173
0.000172
0.000172
0.000172
0.000172
0.000172
0.000172
0.000172
0.000172
0.000172
0.000172
0.000172
0.000172
0.000172
0.000172
0.000172
0.000172
0.000172
0.000172
0.000172
0.000172
0.000172
0.000172
0.000172
0.000172
0.000172
0.000172
0.000172
0.000172
0.000172
0.000172
0.000172
0.000172
0.000172
0.000172
0.000172
0.000172
0.000172
0.000172
0.000172
0.000172
0.000172
0.000172
0.000172
0.000171
0.000171
0.000171
0.000171
0.000171
0.000171
0.000171
0.000171
0.000171
0.000171
0.000171
0.000171
0.000171
0.000171
0.000171
0.000171
0.000171
0.000171
0.000171
0.000171
0.000171
0.000171
0.000171
0.000171
0.000171
0.000171
0.000171
0.000171
0.000171
0.000171
0.000171
0.000171
0.000171
0.000171
0.000171
0.000171
0.000171
0.000171
0.000171
0.000171
0.000171
0.000171
0.000171
0.000170
0.000170
0.000170
0.000170
0.000170
0.000170
0.000170
0.000170
0.000170
0.000170
0.000170
0.000170
0.000170
0.000170
0.000170
0.000170
0.000170
0.000170
0.000170
0.000170
0.000170
0.000170
0.000170
0.000170
0.000170
0.000170
0.000170
0.000170
0.000170
0.000170
0.000170
0.000170
0.000170
0.000170
0.000170
0.000170
0.000170
0.000170
0.000170
0.000170
0.000170
0.000170
0.000170
0.000170
0.000169
0.000169
0.000169
0.000169
0.000169
0.000169
0.000169
0.000169
0.000169
0.000169
0.000169
0.000169
0.000169
0.000169
0.000169
0.000169
0.000169
0.000169
0.000169
0.000169
0.000169
0.000169
0.000169
0.000169
0.000169
0.000169
0.000169
0.000169
0.000169
0.000169
0.000169
0.000169
0.000169
0.000169
0.000169
0.000169
0.000169
0.000169
0.000169
0.000169
0.000169
0.000169
0.000169
0.000169
0.000168
0.000168
0.000168
0.000168
0.000168
0.000168
0.000168
0.000168
0.000168
0.000168
0.000168
0.000168
0.000168
0.000168
0.000168
0.000168
0.000168
0.000168
0.000168
0.000168
0.000168
0.000168
0.000168
0.000168
0.000168
0.000168
0.000168
0.000168
0.000168
0.000168
0.000168
0.000168
0.000168
0.000168
0.000168
0.000168
0.000168
0.000168
0.000168
0.000168
0.000168
0.000168
0.000168
0.000168
0.000168
0.000167
0.000167
0.000167
0.000167
0.000167
0.000167
0.000167
0.000167
0.000167
0.000167
0.000167
0.000167
0.000167
0.000167
0.000167
0.000167
0.000167
0.000167
0.000167
0.000167
0.000167
0.000167
0.000167
0.000167
0.000167
0.000167
0.000167
0.000167
0.000167
0.000167
0.000167
0.000167
0.000167
0.000167
0.000167
0.000167
0.000167
0.000167
0.000167
0.000167
0.000167
0.000167
0.000167
0.000167
0.000167
0.000167
0.000166
0.000166
0.000166
0.000166
0.000166
0.000166
0.000166
0.000166
0.000166
0.000166
0.000166
0.000166
0.000166
0.000166
0.000166
0.000166
0.000166
0.000166
0.000166
0.000166
0.000166
0.000166
0.000166
0.000166
0.000166
0.000166
0.000166
0.000166
0.000166
0.000166
0.000166
0.000166
0.000166
0.000166
0.000166
0.000166
0.000166
0.000166
0.000166
0.000166
0.000166
0.000166
0.000166
0.000166
0.000166
0.000166
0.000165
0.000165
0.000165
0.000165
0.000165
0.000165
0.000165
0.000165
0.000165
0.000165
0.000165
0.000165
0.000165
0.000165
0.000165
0.000165
0.000165
0.000165
0.000165
0.000165
0.000165
0.000165
0.000165
0.000165
0.000165
0.000165
0.000165
0.000165
0.000165
0.000165
0.000165
0.000165
0.000165
0.000165
0.000165
0.000165
0.000165
0.000165
0.000165
0.000165
0.000165
0.000165
0.000165
0.000165
0.000165
0.000165
0.000165
0.000164
0.000164
0.000164
0.000164
0.000164
0.000164
0.000164
0.000164
0.000164
0.000164
0.000164
0.000164
0.000164
0.000164
0.000164
0.000164
0.000164
0.000164
0.000164
0.000164
0.000164
0.000164
0.000164
0.000164
0.000164
0.000164
0.000164
0.000164
0.000164
0.000164
0.000164
0.000164
0.000164
0.000164
0.000164
0.000164
0.000164
0.000164
0.000164
0.000164
0.000164
0.000164
0.000164
0.000164
0.000164
0.000164
0.000164
0.000163
0.000163
0.000163
0.000163
0.000163
0.000163
0.000163
0.000163
0.000163
0.000163
0.000163
0.000163
0.000163
0.000163
0.000163
0.000163
0.000163
0.000163
0.000163
0.000163
0.000163
0.000163
0.000163
0.000163
0.000163
0.000163
0.000163
0.000163
0.000163
0.000163
0.000163
0.000163
0.000163
0.000163
0.000163
0.000163
0.000163
0.000163
0.000163
0.000163
0.000163
0.000163
0.000163
0.000163
0.000163
0.000163
0.000163
0.000163
0.000162
0.000162
0.000162
0.000162
0.000162
0.000162
0.000162
0.000162
0.000162
0.000162
0.000162
0.000162
0.000162
0.000162
0.000162
0.000162
0.000162
0.000162
0.000162
0.000162
0.000162
0.000162
0.000162
0.000162
0.000162
0.000162
0.000162
0.000162
0.000162
0.000162
0.000162
0.000162
0.000162
0.000162
0.000162
0.000162
0.000162
0.000162
0.000162
0.000162
0.000162
0.000162
0.000162
0.000162
0.000162
0.000162
0.000162
0.000162
0.000161
0.000161
0.000161
0.000161
0.000161
0.000161
0.000161
0.000161
0.000161
0.000161
0.000161
0.000161
0.000161
0.000161
0.000161
0.000161
0.000161
0.000161
0.000161
0.000161
0.000161
0.000161
0.000161
0.000161
0.000161
0.000161
0.000161
0.000161
0.000161
0.000161
0.000161
0.000161
0.000161
0.000161
0.000161
0.000161
0.000161
0.000161
0.000161
0.000161
0.000161
0.000161
0.000161
0.000161
0.000161
0.000161
0.000161
0.000161
0.000161
0.000160
0.000160
0.000160
0.000160
0.000160
0.000160
0.000160
0.000160
0.000160
0.000160
0.000160
0.000160
0.000160
0.000160
0.000160
0.000160
0.000160
0.000160
0.000160
0.000160
0.000160
0.000160
0.000160
0.000160
0.000160
0.000160
0.000160
0.000160
0.000160
0.000160
0.000160
0.000160
0.000160
0.000160
0.000160
0.000160
0.000160
0.000160
0.000160
0.000160
0.000160
0.000160
0.000160
0.000160
0.000160
0.000160
0.000160
0.000160
0.000160
0.000159
0.000159
0.000159
0.000159
0.000159
0.000159
0.000159
0.000159
0.000159
0.000159
0.000159
0.000159
0.000159
0.000159
0.000159
0.000159
0.000159
0.000159
0.000159
0.000159
0.000159
0.000159
0.000159
0.000159
0.000159
0.000159
0.000159
0.000159
0.000159
0.000159
0.000159
0.000159
0.000159
0.000159
0.000159
0.000159
0.000159
0.000159
0.000159
0.000159
0.000159
0.000159
0.000159
0.000159
0.000159
0.000159
0.000159
0.000159
0.000159
0.000159
0.000159
0.000158
0.000158
0.000158
0.000158
0.000158
0.000158
0.000158
0.000158
0.000158
0.000158
0.000158
0.000158
0.000158
0.000158
0.000158
0.000158
0.000158
0.000158
0.000158
0.000158
0.000158
0.000158
0.000158
0.000158
0.000158
0.000158
0.000158
0.000158
0.000158
0.000158
0.000158
0.000158
0.000158
0.000158
0.000158
0.000158
0.000158
0.000158
0.000158
0.000158
0.000158
0.000158
0.000158
0.000158
0.000158
0.000158
0.000158
0.000158
0.000158
0.000158
0.000157
0.000157
0.000157
0.000157
0.000157
0.000157
0.000157
0.000157
0.000157
0.000157
0.000157
0.000157
0.000157
0.000157
0.000157
0.000157
0.000157
0.000157
0.000157
0.000157
0.000157
0.000157
0.000157
0.000157
0.000157
0.000157
0.000157
0.000157
0.000157
0.000157
0.000157
0.000157
0.000157
0.000157
0.000157
0.000157
0.000157
0.000157
0.000157
0.000157
0.000157
0.000157
0.000157
0.000157
0.000157
0.000157
0.000157
0.000157
0.000157
0.000157
0.000157
0.000157
0.000156
0.000156
0.000156
0.000156
0.000156
0.000156
0.000156
0.000156
0.000156
0.000156
0.000156
0.000156
0.000156
0.000156
0.000156
0.000156
0.000156
0.000156
0.000156
0.000156
0.000156
0.000156
0.000156
0.000156
0.000156
0.000156
0.000156
0.000156
0.000156
0.000156
0.000156
0.000156
0.000156
0.000156
0.000156
0.000156
0.000156
0.000156
0.000156
0.000156
0.000156
0.000156
0.000156
0.000156
0.000156
0.000156
0.000156
0.000156
0.000156
0.000156
0.000156
0.000156
0.000155
0.000155
0.000155
0.000155
0.000155
0.000155
0.000155
0.000155
0.000155
0.000155
0.000155
0.000155
0.000155
0.000155
0.000155
0.000155
0.000155
0.000155
0.000155
0.000155
0.000155
0.000155
0.000155
0.000155
0.000155
0.000155
0.000155
0.000155
0.000155
0.000155
0.000155
0.000155
0.000155
0.000155
0.000155
0.000155
0.000155
0.000155
0.000155
0.000155
0.000155
0.000155
0.000155
0.000155
0.000155
0.000155
0.000155
0.000155
0.000155
0.000155
0.000155
0.000155
0.000155
0.000154
0.000154
0.000154
0.000154
0.000154
0.000154
0.000154
0.000154
0.000154
0.000154
0.000154
0.000154
0.000154
0.000154
0.000154
0.000154
0.000154
0.000154
0.000154
0.000154
0.000154
0.000154
0.000154
0.000154
0.000154
0.000154
0.000154
0.000154
0.000154
0.000154
0.000154
0.000154
0.000154
0.000154
0.000154
0.000154
0.000154
0.000154
0.000154
0.000154
0.000154
0.000154
0.000154
0.000154
0.000154
0.000154
0.000154
0.000154
0.000154
0.000154
0.000154
0.000154
0.000154
0.000153
0.000153
0.000153
0.000153
0.000153
0.000153
0.000153
0.000153
0.000153
0.000153
0.000153
0.000153
0.000153
0.000153
0.000153
0.000153
0.000153
0.000153
0.000153
0.000153
0.000153
0.000153
0.000153
0.000153
0.000153
0.000153
0.000153
0.000153
0.000153
0.000153
0.000153
0.000153
0.000153
0.000153
0.000153
0.000153
0.000153
0.000153
0.000153
0.000153
0.000153
0.000153
0.000153
0.000153
0.000153
0.000153
0.000153
0.000153
0.000153
0.000153
0.000153
0.000153
0.000153
0.000153
0.000152
0.000152
0.000152
0.000152
0.000152
0.000152
0.000152
0.000152
0.000152
0.000152
0.000152
0.000152
0.000152
0.000152
0.000152
0.000152
0.000152
0.000152
0.000152
0.000152
0.000152
0.000152
0.000152
0.000152
0.000152
0.000152
0.000152
0.000152
0.000152
0.000152
0.000152
0.000152
0.000152
0.000152
0.000152
0.000152
0.000152
0.000152
0.000152
0.000152
0.000152
0.000152
0.000152
0.000152
0.000152
0.000152
0.000152
0.000152
0.000152
0.000152
0.000152
0.000152
0.000152
0.000152
0.000152
0.000151
0.000151
0.000151
0.000151
0.000151
0.000151
0.000151
0.000151
0.000151
0.000151
0.000151
0.000151
0.000151
0.000151
0.000151
0.000151
0.000151
0.000151
0.000151
0.000151
0.000151
0.000151
0.000151
0.000151
0.000151
0.000151
0.000151
0.000151
0.000151
0.000151
0.000151
0.000151
0.000151
0.000151
0.000151
0.000151
0.000151
0.000151
0.000151
0.000151
0.000151
0.000151
0.000151
0.000151
0.000151
0.000151
0.000151
0.000151
0.000151
0.000151
0.000151
0.000151
0.000151
0.000151
0.000151
0.000151
0.000150
0.000150
0.000150
0.000150
0.000150
0.000150
0.000150
0.000150
0.000150
0.000150
0.000150
0.000150
0.000150
0.000150
0.000150
0.000150
0.000150
0.000150
0.000150
0.000150
0.000150
0.000150
0.000150
0.000150
0.000150
0.000150
0.000150
0.000150
0.000150
0.000150
0.000150
0.000150
0.000150
0.000150
0.000150
0.000150
0.000150
0.000150
0.000150
0.000150
0.000150
0.000150
0.000150
0.000150
0.000150
0.000150
0.000150
0.000150
0.000150
0.000150
0.000150
0.000150
0.000150
0.000150
0.000150
0.000150
0.000149
0.000149
0.000149
0.000149
0.000149
0.000149
0.000149
0.000149
0.000149
0.000149
0.000149
0.000149
0.000149
0.000149
0.000149
0.000149
0.000149
0.000149
0.000149
0.000149
0.000149
0.000149
0.000149
0.000149
0.000149
0.000149
0.000149
0.000149
0.000149
0.000149
0.000149
0.000149
0.000149
0.000149
0.000149
0.000149
0.000149
0.000149
0.000149
0.000149
0.000149
0.000149
0.000149
0.000149
0.000149
0.000149
0.000149
0.000149
0.000149
0.000149
0.000149
0.000149
0.000149
0.000149
0.000149
0.000149
0.000149
0.000148
0.000148
0.000148
0.000148
0.000148
0.000148
0.000148
0.000148
0.000148
0.000148
0.000148
0.000148
0.000148
0.000148
0.000148
0.000148
0.000148
0.000148
0.000148
0.000148
0.000148
0.000148
0.000148
0.000148
0.000148
0.000148
0.000148
0.000148
0.000148
0.000148
0.000148
0.000148
0.000148
0.000148
0.000148
0.000148
0.000148
0.000148
0.000148
0.000148
0.000148
0.000148
0.000148
0.000148
0.000148
0.000148
0.000148
0.000148
0.000148
0.000148
0.000148
0.000148
0.000148
0.000148
0.000148
0.000148
0.000148
0.000148
0.000147
0.000147
0.000147
0.000147
0.000147
0.000147
0.000147
0.000147
0.000147
0.000147
0.000147
0.000147
0.000147
0.000147
0.000147
0.000147
0.000147
0.000147
0.000147
0.000147
0.000147
0.000147
0.000147
0.000147
0.000147
0.000147
0.000147
0.000147
0.000147
0.000147
0.000147
0.000147
0.000147
0.000147
0.000147
0.000147
0.000147
0.000147
0.000147
0.000147
0.000147
0.000147
0.000147
0.000147
0.000147
0.000147
0.000147
0.000147
0.000147
0.000147
0.000147
0.000147
0.000147
0.000147
0.000147
0.000147
0.000147
0.000147
0.000146
0.000146
0.000146
0.000146
0.000146
0.000146
0.000146
0.000146
0.000146
0.000146
0.000146
0.000146
0.000146
0.000146
0.000146
0.000146
0.000146
0.000146
0.000146
0.000146
0.000146
0.000146
0.000146
0.000146
0.000146
0.000146
0.000146
0.000146
0.000146
0.000146
0.000146
0.000146
0.000146
0.000146
0.000146
0.000146
0.000146
0.000146
0.000146
0.000146
0.000146
0.000146
0.000146
0.000146
0.000146
0.000146
0.000146
0.000146
0.000146
0.000146
0.000146
0.000146
0.000146
0.000146
0.000146
0.000146
0.000146
0.000146
0.000146
0.000146
0.000145
0.000145
0.000145
0.000145
0.000145
0.000145
0.000145
0.000145
0.000145
0.000145
0.000145
0.000145
0.000145
0.000145
0.000145
0.000145
0.000145
0.000145
0.000145
0.000145
0.000145
0.000145
0.000145
0.000145
0.000145
0.000145
0.000145
0.000145
0.000145
0.000145
0.000145
0.000145
0.000145
0.000145
0.000145
0.000145
0.000145
0.000145
0.000145
0.000145
0.000145
0.000145
0.000145
0.000145
0.000145
0.000145
0.000145
0.000145
0.000145
0.000145
0.000145
0.000145
0.000145
0.000145
0.000145
0.000145
0.000145
0.000145
0.000145
0.000145
0.000144
0.000144
0.000144
0.000144
0.000144
0.000144
0.000144
0.000144
0.000144
0.000144
0.000144
0.000144
0.000144
0.000144
0.000144
0.000144
0.000144
0.000144
0.000144
0.000144
0.000144
0.000144
0.000144
0.000144
0.000144
0.000144
0.000144
0.000144
0.000144
0.000144
0.000144
0.000144
0.000144
0.000144
0.000144
0.000144
0.000144
0.000144
0.000144
0.000144
0.000144
0.000144
0.000144
0.000144
0.000144
0.000144
0.000144
0.000144
0.000144
0.000144
0.000144
0.000144
0.000144
0.000144
0.000144
0.000144
0.000144
0.000144
0.000144
0.000144
0.000144
0.000143
0.000143
0.000143
0.000143
0.000143
0.000143
0.000143
0.000143
0.000143
0.000143
0.000143
0.000143
0.000143
0.000143
0.000143
0.000143
0.000143
0.000143
0.000143
0.000143
0.000143
0.000143
0.000143
0.000143
0.000143
0.000143
0.000143
0.000143
0.000143
0.000143
0.000143
0.000143
0.000143
0.000143
0.000143
0.000143
0.000143
0.000143
0.000143
0.000143
0.000143
0.000143
0.000143
0.000143
0.000143
0.000143
0.000143
0.000143
0.000143
0.000143
0.000143
0.000143
0.000143
0.000143
0.000143
0.000143
0.000143
0.000143
0.000143
0.000143
0.000143
0.000143
0.000142
0.000142
0.000142
0.000142
0.000142
0.000142
0.000142
0.000142
0.000142
0.000142
0.000142
0.000142
0.000142
0.000142
0.000142
0.000142
0.000142
0.000142
0.000142
0.000142
0.000142
0.000142
0.000142
0.000142
0.000142
0.000142
0.000142
0.000142
0.000142
0.000142
0.000142
0.000142
0.000142
0.000142
0.000142
0.000142
0.000142
0.000142
0.000142
0.000142
0.000142
0.000142
0.000142
0.000142
0.000142
0.000142
0.000142
0.000142
0.000142
0.000142
0.000142
0.000142
0.000142
0.000142
0.000142
0.000142
0.000142
0.000142
0.000142
0.000142
0.000142
0.000142
0.000141
0.000141
0.000141
0.000141
0.000141
0.000141
0.000141
0.000141
0.000141
0.000141
0.000141
0.000141
0.000141
0.000141
0.000141
0.000141
0.000141
0.000141
0.000141
0.000141
0.000141
0.000141
0.000141
0.000141
0.000141
0.000141
0.000141
0.000141
0.000141
0.000141
0.000141
0.000141
0.000141
0.000141
0.000141
0.000141
0.000141
0.000141
0.000141
0.000141
0.000141
0.000141
0.000141
0.000141
0.000141
0.000141
0.000141
0.000141
0.000141
0.000141
0.000141
0.000141
0.000141
0.000141
0.000141
0.000141
0.000141
0.000141
0.000141
0.000141
0.000141
0.000141
0.000141
0.000141
0.000140
