15.240137
15.188955
15.090755
14.977941
14.852249
14.712922
14.570304
14.441615
14.325827
14.218010
14.122476
14.044420
13.984904
13.941448
13.909850
13.886339
13.868291
13.854024
13.842464
13.832904
13.824866
13.818013
13.812101
13.806949
13.802421
13.798410
13.794834
13.791626
13.788733
13.786110
13.783723
13.781541
13.779540
13.777697
13.775996
13.774421
13.772957
13.771595
13.770324
13.769135
13.768021
13.766975
13.765991
13.765064
13.764189
13.763362
13.762579
13.761836
13.761131
13.760461
13.759824
13.759216
13.758637
13.758084
13.757555
13.757049
13.756565
13.756101
13.755656
13.755228
13.754818
13.754423
13.754044
13.753678
13.753326
13.752986
13.752658
13.752342
13.752037
13.751741
13.751456
13.751180
13.750913
13.750654
13.750403
13.750160
13.749924
13.749695
13.749473
13.749257
13.749048
13.748844
13.748646
13.748454
13.748266
13.748084
13.747906
13.747734
13.747565
13.747401
13.747241
13.747085
13.746932
13.746784
13.746639
13.746497
13.746359
13.746223
13.746091
13.745962
13.745836
13.745713
13.745592
13.745474
13.745358
13.745245
13.745134
13.745026
13.744920
13.744816
13.744714
13.744614
13.744516
13.744420
13.744326
13.744233
13.744143
13.744054
13.743966
13.743881
13.743797
13.743714
13.743633
13.743554
13.743475
13.743398
13.743323
13.743249
13.743176
13.743104
13.743034
13.742964
13.742896
13.742829
13.742763
13.742698
13.742635
13.742572
13.742510
13.742449
13.742389
13.742330
13.742272
13.742215
13.742159
13.742103
13.742048
13.741994
13.741941
13.741889
13.741837
13.741787
13.741737
13.741687
13.741638
13.741590
13.741543
13.741496
13.741450
13.741405
13.741360
13.741316
13.741272
13.741229
13.741186
13.741145
13.741103
13.741062
13.741022
13.740982
13.740943
13.740904
13.740865
13.740828
13.740790
13.740753
13.740717
13.740681
13.740645
13.740610
13.740575
13.740540
13.740506
13.740473
13.740440
13.740407
13.740374
13.740342
13.740311
13.740279
13.740248
13.740217
13.740187
13.740157
13.740128
13.740098
13.740069
13.740040
13.740012
13.739984
13.739956
13.739929
13.739901
13.739874
13.739848
13.739821
13.739795
13.739769
13.739744
13.739718
13.739693
13.739669
13.739644
13.739620
13.739596
13.739572
13.739548
13.739525
13.739502
13.739479
13.739456
13.739433
13.739411
13.739389
13.739367
13.739345
13.739324
13.739303
13.739282
13.739261
13.739240
13.739219
13.739199
13.739179
13.739159
13.739139
13.739120
13.739100
13.739081
13.739062
13.739043
13.739024
13.739006
13.738987
13.738969
13.738951
13.738933
13.738915
13.738897
13.738880
13.738862
13.738845
13.738828
13.738811
13.738794
13.738777
13.738761
13.738744
13.738728
13.738712
13.738696
13.738680
13.738664
13.738649
13.738633
13.738618
13.738603
13.738587
13.738572
13.738557
13.738543
13.738528
13.738513
13.738499
13.738484
13.738470
13.738456
13.738442
13.738428
13.738414
13.738400
13.738387
13.738373
13.738360
13.738347
13.738333
13.738320
13.738307
13.738294
13.738281
13.738268
13.738256
13.738243
13.738231
13.738218
13.738206
13.738194
13.738182
13.738169
13.738157
13.738146
13.738134
13.738122
13.738110
13.738099
13.738087
13.738076
13.738064
13.738053
13.738042
13.738031
13.738020
13.738009
13.737998
13.737987
13.737976
13.737965
13.737955
13.737944
13.737934
13.737923
13.737913
13.737903
13.737892
13.737882
13.737872
13.737862
13.737852
13.737842
13.737832
13.737822
13.737813
13.737803
13.737793
13.737784
13.737774
13.737765
13.737755
13.737746
13.737737
13.737728
13.737718
13.737709
13.737700
13.737691
13.737682
13.737673
13.737664
13.737656
13.737647
13.737638
13.737630
13.737621
13.737612
13.737604
13.737596
13.737587
13.737579
13.737570
13.737562
13.737554
13.737546
13.737538
13.737530
13.737522
13.737514
13.737506
13.737498
13.737490
13.737482
13.737474
13.737467
13.737459
13.737451
13.737444
13.737436
13.737429
13.737421
13.737414
13.737406
13.737399
13.737392
13.737384
13.737377
13.737370
13.737363
13.737355
13.737348
13.737341
13.737334
13.737327
13.737320
13.737313
13.737307
13.737300
13.737293
13.737286
13.737279
13.737273
13.737266
13.737259
13.737253
13.737246
13.737240
13.737233
13.737227
13.737220
13.737214
13.737207
13.737201
13.737195
13.737188
13.737182
13.737176
13.737170
13.737163
13.737157
13.737151
13.737145
13.737139
13.737133
13.737127
13.737121
13.737115
13.737109
13.737103
13.737097
13.737092
13.737086
13.737080
13.737074
13.737069
13.737063
13.737057
13.737052
13.737046
13.737040
13.737035
13.737029
13.737024
13.737018
13.737013
13.737007
13.737002
13.736997
13.736991
13.736986
13.736980
13.736975
13.736970
13.736965
13.736959
13.736954
13.736949
13.736944
13.736939
13.736934
13.736929
13.736923
13.736918
13.736913
13.736908
13.736903
13.736898
13.736893
13.736889
13.736884
13.736879
13.736874
13.736869
13.736864
13.736859
13.736855
13.736850
13.736845
13.736840
13.736836
13.736831
13.736826
13.736822
13.736817
13.736812
13.736808
13.736803
13.736799
13.736794
13.736790
13.736785
13.736781
13.736776
13.736772
13.736767
13.736763
13.736759
13.736754
13.736750
13.736746
13.736741
13.736737
13.736733
13.736728
13.736724
13.736720
13.736716
13.736712
13.736707
13.736703
13.736699
13.736695
13.736691
13.736687
13.736683
13.736678
13.736674
13.736670
13.736666
13.736662
13.736658
13.736654
13.736650
13.736646
13.736642
13.736639
13.736635
13.736631
13.736627
13.736623
13.736619
13.736615
13.736611
13.736608
13.736604
13.736600
13.736596
13.736593
13.736589
13.736585
13.736581
13.736578
13.736574
13.736570
13.736567
13.736563
13.736559
13.736556
13.736552
13.736549
13.736545
13.736541
13.736538
13.736534
13.736531
13.736527
13.736524
13.736520
13.736517
13.736513
13.736510
13.736506
13.736503
13.736500
13.736496
13.736493
13.736489
13.736486
13.736483
13.736479
13.736476
13.736473
13.736469
13.736466
13.736463
13.736459
13.736456
13.736453
13.736450
13.736446
13.736443
13.736440
13.736437
13.736433
13.736430
13.736427
13.736424
13.736421
13.736418
13.736414
13.736411
13.736408
13.736405
13.736402
13.736399
13.736396
13.736393
13.736390
13.736387
13.736384
13.736381
13.736378
13.736375
13.736372
13.736369
13.736366
13.736363
13.736360
13.736357
13.736354
13.736351
13.736348
13.736345
13.736342
13.736339
13.736336
13.736333
13.736331
13.736328
13.736325
13.736322
13.736319
13.736316
13.736314
13.736311
13.736308
13.736305
13.736302
13.736300
13.736297
13.736294
13.736291
13.736289
13.736286
13.736283
13.736280
13.736278
13.736275
13.736272
13.736270
13.736267
13.736264
13.736262
13.736259
13.736256
13.736254
13.736251
13.736249
13.736246
13.736243
13.736241
13.736238
13.736236
13.736233
13.736230
13.736228
13.736225
13.736223
13.736220
13.736218
13.736215
13.736213
13.736210
13.736208
13.736205
13.736203
13.736200
13.736198
13.736195
13.736193
13.736190
13.736188
13.736185
13.736183
13.736181
13.736178
13.736176
13.736173
13.736171
13.736169
13.736166
13.736164
13.736161
13.736159
13.736157
13.736154
13.736152
13.736150
13.736147
13.736145
13.736143
13.736140
13.736138
13.736136
13.736134
13.736131
13.736129
13.736127
13.736124
13.736122
13.736120
13.736118
13.736115
13.736113
13.736111
13.736109
13.736107
13.736104
13.736102
13.736100
13.736098
13.736096
13.736093
13.736091
13.736089
13.736087
13.736085
13.736083
13.736080
13.736078
13.736076
13.736074
13.736072
13.736070
13.736068
13.736065
13.736063
13.736061
13.736059
13.736057
13.736055
13.736053
13.736051
13.736049
13.736047
13.736045
13.736043
13.736041
13.736039
13.736036
13.736034
13.736032
13.736030
13.736028
13.736026
13.736024
13.736022
13.736020
13.736018
13.736016
13.736014
13.736012
13.736010
13.736008
13.736007
13.736005
13.736003
13.736001
13.735999
13.735997
13.735995
13.735993
13.735991
13.735989
13.735987
13.735985
13.735983
13.735981
13.735980
13.735978
13.735976
13.735974
13.735972
13.735970
13.735968
13.735966
13.735965
13.735963
13.735961
13.735959
13.735957
13.735955
13.735953
13.735952
13.735950
13.735948
13.735946
13.735944
13.735943
13.735941
13.735939
13.735937
13.735935
13.735934
13.735932
13.735930
13.735928
13.735927
13.735925
13.735923
13.735921
13.735919
13.735918
13.735916
13.735914
13.735913
13.735911
13.735909
13.735907
13.735906
13.735904
13.735902
13.735900
13.735899
13.735897
13.735895
13.735894
13.735892
13.735890
13.735889
13.735887
13.735885
13.735884
13.735882
13.735880
13.735879
13.735877
13.735875
13.735874
13.735872
13.735870
13.735869
13.735867
13.735865
13.735864
13.735862
13.735861
13.735859
13.735857
13.735856
13.735854
13.735853
13.735851
13.735849
13.735848
13.735846
13.735845
13.735843
13.735841
13.735840
13.735838
13.735837
13.735835
13.735834
13.735832
13.735830
13.735829
13.735827
13.735826
13.735824
13.735823
13.735821
13.735820
13.735818
13.735817
13.735815
13.735814
13.735812
13.735810
13.735809
13.735807
13.735806
13.735804
13.735803
13.735801
13.735800
13.735799
13.735797
13.735796
13.735794
13.735793
13.735791
13.735790
13.735788
13.735787
13.735785
13.735784
13.735782
13.735781
13.735779
13.735778
13.735777
13.735775
13.735774
13.735772
13.735771
13.735769
13.735768
13.735767
13.735765
13.735764
13.735762
13.735761
13.735759
13.735758
13.735757
13.735755
13.735754
13.735752
13.735751
13.735750
13.735748
13.735747
13.735746
13.735744
13.735743
13.735741
13.735740
13.735739
13.735737
13.735736
13.735735
13.735733
13.735732
13.735731
13.735729
13.735728
13.735726
13.735725
13.735724
13.735722
13.735721
13.735720
13.735718
13.735717
13.735716
13.735715
13.735713
13.735712
13.735711
13.735709
13.735708
13.735707
13.735705
13.735704
13.735703
13.735701
13.735700
13.735699
13.735698
13.735696
13.735695
13.735694
13.735692
13.735691
13.735690
13.735689
13.735687
13.735686
13.735685
13.735684
13.735682
13.735681
13.735680
13.735679
13.735677
13.735676
13.735675
13.735674
13.735672
13.735671
13.735670
13.735669
13.735667
13.735666
13.735665
13.735664
13.735662
13.735661
13.735660
13.735659
13.735658
13.735656
13.735655
13.735654
13.735653
13.735652
13.735650
13.735649
13.735648
13.735647
13.735646
13.735644
13.735643
13.735642
13.735641
13.735640
13.735638
13.735637
13.735636
13.735635
13.735634
13.735633
13.735631
13.735630
13.735629
13.735628
13.735627
13.735626
13.735624
13.735623
13.735622
13.735621
13.735620
13.735619
13.735618
13.735616
13.735615
13.735614
13.735613
13.735612
13.735611
13.735610
13.735609
13.735607
13.735606
13.735605
13.735604
13.735603
13.735602
13.735601
13.735600
13.735598
13.735597
13.735596
13.735595
13.735594
13.735593
13.735592
13.735591
13.735590
13.735589
13.735587
13.735586
13.735585
13.735584
13.735583
13.735582
13.735581
13.735580
13.735579
13.735578
13.735577
13.735576
13.735574
13.735573
13.735572
13.735571
13.735570
13.735569
13.735568
13.735567
13.735566
13.735565
13.735564
13.735563
13.735562
13.735561
13.735560
13.735559
13.735558
13.735557
13.735556
13.735554
13.735553
13.735552
13.735551
13.735550
13.735549
13.735548
13.735547
13.735546
13.735545
13.735544
13.735543
13.735542
13.735541
13.735540
13.735539
13.735538
13.735537
13.735536
13.735535
13.735534
13.735533
13.735532
13.735531
13.735530
13.735529
13.735528
13.735527
13.735526
13.735525
13.735524
13.735523
13.735522
13.735521
13.735520
13.735519
13.735518
13.735517
13.735516
13.735515
13.735514
13.735513
13.735512
13.735511
13.735510
13.735509
13.735509
13.735508
13.735507
13.735506
13.735505
13.735504
13.735503
13.735502
13.735501
13.735500
13.735499
13.735498
13.735497
13.735496
13.735495
13.735494
13.735493
13.735492
13.735491
13.735490
13.735490
13.735489
13.735488
13.735487
13.735486
13.735485
13.735484
13.735483
13.735482
13.735481
13.735480
13.735479
13.735478
13.735477
13.735477
13.735476
13.735475
13.735474
13.735473
13.735472
13.735471
13.735470
13.735469
13.735468
13.735467
13.735467
13.735466
13.735465
13.735464
13.735463
13.735462
13.735461
13.735460
13.735459
13.735458
13.735458
13.735457
13.735456
13.735455
13.735454
13.735453
13.735452
13.735451
13.735451
13.735450
13.735449
13.735448
13.735447
13.735446
13.735445
13.735444
13.735444
13.735443
13.735442
13.735441
13.735440
13.735439
13.735438
13.735438
13.735437
13.735436
13.735435
13.735434
13.735433
13.735432
13.735432
13.735431
13.735430
13.735429
13.735428
13.735427
13.735426
13.735426
13.735425
13.735424
13.735423
13.735422
13.735421
13.735421
13.735420
13.735419
13.735418
13.735417
13.735416
13.735416
13.735415
13.735414
13.735413
13.735412
13.735411
13.735411
13.735410
13.735409
13.735408
13.735407
13.735406
13.735406
13.735405
13.735404
13.735403
13.735402
13.735402
13.735401
13.735400
13.735399
13.735398
13.735398
13.735397
13.735396
13.735395
13.735394
13.735394
13.735393
13.735392
13.735391
13.735390
13.735390
13.735389
13.735388
13.735387
13.735386
13.735386
13.735385
13.735384
13.735383
13.735382
13.735382
13.735381
13.735380
13.735379
13.735379
13.735378
13.735377
13.735376
13.735375
13.735375
13.735374
13.735373
13.735372
13.735372
13.735371
13.735370
13.735369
13.735368
13.735368
13.735367
13.735366
13.735365
13.735365
13.735364
13.735363
13.735362
13.735362
13.735361
13.735360
13.735359
13.735359
13.735358
13.735357
13.735356
13.735356
13.735355
13.735354
13.735353
13.735353
13.735352
13.735351
13.735350
13.735350
13.735349
13.735348
13.735347
13.735347
13.735346
13.735345
13.735344
13.735344
13.735343
13.735342
13.735341
13.735341
13.735340
13.735339
13.735339
13.735338
13.735337
13.735336
13.735336
13.735335
13.735334
13.735333
13.735333
13.735332
13.735331
13.735331
13.735330
13.735329
13.735328
13.735328
13.735327
13.735326
13.735326
13.735325
13.735324
13.735323
13.735323
13.735322
13.735321
13.735321
13.735320
13.735319
13.735318
13.735318
13.735317
13.735316
13.735316
13.735315
13.735314
13.735314
13.735313
13.735312
13.735311
13.735311
13.735310
13.735309
13.735309
13.735308
13.735307
13.735307
13.735306
13.735305
13.735305
13.735304
13.735303
13.735302
13.735302
13.735301
13.735300
13.735300
13.735299
13.735298
13.735298
13.735297
13.735296
13.735296
13.735295
13.735294
13.735294
13.735293
13.735292
13.735292
13.735291
13.735290
13.735290
13.735289
13.735288
13.735288
13.735287
13.735286
13.735286
13.735285
13.735284
13.735284
13.735283
13.735282
13.735282
13.735281
13.735280
13.735280
13.735279
13.735278
13.735278
13.735277
13.735276
13.735276
13.735275
13.735274
13.735274
13.735273
13.735272
13.735272
13.735271
13.735270
13.735270
13.735269
13.735268
13.735268
13.735267
13.735266
13.735266
13.735265
13.735265
13.735264
13.735263
13.735263
13.735262
13.735261
13.735261
13.735260
13.735259
13.735259
13.735258
13.735257
13.735257
13.735256
13.735256
13.735255
13.735254
13.735254
13.735253
13.735252
13.735252
13.735251
13.735251
13.735250
13.735249
13.735249
13.735248
13.735247
13.735247
13.735246
13.735246
13.735245
13.735244
13.735244
13.735243
13.735242
13.735242
13.735241
13.735241
13.735240
13.735239
13.735239
13.735238
13.735237
13.735237
13.735236
13.735236
13.735235
13.735234
13.735234
13.735233
13.735233
13.735232
13.735231
13.735231
13.735230
13.735230
13.735229
13.735228
13.735228
13.735227
13.735226
13.735226
13.735225
13.735225
13.735224
13.735223
13.735223
13.735222
13.735222
13.735221
13.735220
13.735220
13.735219
13.735219
13.735218
13.735217
13.735217
13.735216
13.735216
13.735215
13.735215
13.735214
13.735213
13.735213
13.735212
13.735212
13.735211
13.735210
13.735210
13.735209
13.735209
13.735208
13.735207
13.735207
13.735206
13.735206
13.735205
13.735205
13.735204
13.735203
13.735203
13.735202
13.735202
13.735201
13.735200
13.735200
13.735199
13.735199
13.735198
13.735198
13.735197
13.735196
13.735196
13.735195
13.735195
13.735194
13.735194
13.735193
13.735192
13.735192
13.735191
13.735191
13.735190
13.735190
13.735189
13.735188
13.735188
13.735187
13.735187
13.735186
13.735186
13.735185
13.735184
13.735184
13.735183
13.735183
13.735182
13.735182
13.735181
13.735181
13.735180
13.735179
13.735179
13.735178
13.735178
13.735177
13.735177
13.735176
13.735176
13.735175
13.735174
13.735174
13.735173
13.735173
13.735172
13.735172
13.735171
13.735171
13.735170
13.735169
13.735169
13.735168
13.735168
13.735167
13.735167
13.735166
13.735166
13.735165
13.735165
13.735164
13.735163
13.735163
13.735162
13.735162
13.735161
13.735161
13.735160
13.735160
13.735159
13.735159
13.735158
13.735158
13.735157
13.735156
13.735156
13.735155
13.735155
13.735154
13.735154
13.735153
13.735153
13.735152
13.735152
13.735151
13.735151
13.735150
13.735150
13.735149
13.735148
13.735148
13.735147
13.735147
13.735146
13.735146
13.735145
13.735145
13.735144
13.735144
13.735143
13.735143
13.735142
13.735142
13.735141
13.735141
13.735140
13.735139
13.735139
13.735138
13.735138
13.735137
13.735137
13.735136
13.735136
13.735135
13.735135
13.735134
13.735134
13.735133
13.735133
13.735132
13.735132
13.735131
13.735131
13.735130
13.735130
13.735129
13.735129
13.735128
13.735128
13.735127
13.735127
13.735126
13.735126
13.735125
13.735125
13.735124
13.735124
13.735123
13.735122
13.735122
13.735121
13.735121
13.735120
13.735120
13.735119
13.735119
13.735118
13.735118
13.735117
13.735117
13.735116
13.735116
13.735115
13.735115
13.735114
13.735114
13.735113
13.735113
13.735112
13.735112
13.735111
13.735111
13.735110
13.735110
13.735109
13.735109
13.735108
13.735108
13.735107
13.735107
13.735106
13.735106
13.735105
13.735105
13.735104
13.735104
13.735103
13.735103
13.735102
13.735102
13.735101
13.735101
13.735101
13.735100
13.735100
13.735099
13.735099
13.735098
13.735098
13.735097
13.735097
13.735096
13.735096
13.735095
13.735095
13.735094
13.735094
13.735093
13.735093
13.735092
13.735092
13.735091
13.735091
13.735090
13.735090
13.735089
13.735089
13.735088
13.735088
13.735087
13.735087
13.735086
13.735086
13.735085
13.735085
13.735085
13.735084
13.735084
13.735083
13.735083
13.735082
13.735082
13.735081
13.735081
13.735080
13.735080
13.735079
13.735079
13.735078
13.735078
13.735077
13.735077
13.735076
13.735076
13.735076
13.735075
13.735075
13.735074
13.735074
13.735073
13.735073
13.735072
13.735072
13.735071
13.735071
13.735070
13.735070
13.735069
13.735069
13.735068
13.735068
13.735068
13.735067
13.735067
13.735066
13.735066
13.735065
13.735065
13.735064
13.735064
13.735063
13.735063
13.735062
13.735062
13.735062
13.735061
13.735061
13.735060
13.735060
13.735059
13.735059
13.735058
13.735058
13.735057
13.735057
13.735056
13.735056
13.735056
13.735055
13.735055
13.735054
13.735054
13.735053
13.735053
13.735052
13.735052
13.735051
13.735051
13.735051
13.735050
13.735050
13.735049
13.735049
13.735048
13.735048
13.735047
13.735047
13.735046
13.735046
13.735046
13.735045
13.735045
13.735044
13.735044
13.735043
13.735043
13.735042
13.735042
13.735041
13.735041
13.735041
13.735040
13.735040
13.735039
13.735039
13.735038
13.735038
13.735037
13.735037
13.735037
13.735036
13.735036
13.735035
13.735035
13.735034
13.735034
13.735033
13.735033
13.735033
13.735032
13.735032
13.735031
13.735031
13.735030
13.735030
13.735030
13.735029
13.735029
13.735028
13.735028
13.735027
13.735027
13.735026
13.735026
13.735026
13.735025
13.735025
13.735024
13.735024
13.735023
13.735023
13.735022
13.735022
13.735022
13.735021
13.735021
13.735020
13.735020
13.735019
13.735019
13.735019
13.735018
13.735018
13.735017
13.735017
13.735016
13.735016
13.735016
13.735015
13.735015
13.735014
13.735014
13.735013
13.735013
13.735013
13.735012
13.735012
13.735011
13.735011
13.735010
13.735010
13.735010
13.735009
13.735009
13.735008
13.735008
13.735007
13.735007
13.735007
13.735006
13.735006
13.735005
13.735005
13.735004
13.735004
13.735004
13.735003
13.735003
13.735002
13.735002
13.735001
13.735001
13.735001
13.735000
13.735000
13.734999
13.734999
13.734998
13.734998
13.734998
13.734997
13.734997
13.734996
13.734996
13.734996
13.734995
13.734995
13.734994
13.734994
13.734993
13.734993
13.734993
13.734992
13.734992
13.734991
13.734991
13.734991
13.734990
13.734990
13.734989
13.734989
13.734988
13.734988
13.734988
13.734987
13.734987
13.734986
13.734986
13.734986
13.734985
13.734985
13.734984
13.734984
13.734983
13.734983
13.734983
13.734982
13.734982
13.734981
13.734981
13.734981
13.734980
13.734980
13.734979
13.734979
13.734979
13.734978
13.734978
13.734977
13.734977
13.734976
13.734976
13.734976
13.734975
13.734975
13.734974
13.734974
13.734974
13.734973
13.734973
13.734972
13.734972
13.734972
13.734971
13.734971
13.734970
13.734970
13.734970
13.734969
13.734969
13.734968
13.734968
13.734967
13.734967
13.734967
13.734966
13.734966
13.734965
13.734965
13.734965
13.734964
13.734964
13.734963
13.734963
13.734963
13.734962
13.734962
13.734961
13.734961
13.734961
13.734960
13.734960
13.734959
13.734959
13.734959
13.734958
13.734958
13.734957
13.734957
13.734957
13.734956
13.734956
13.734955
13.734955
13.734955
13.734954
13.734954
13.734953
13.734953
13.734953
13.734952
13.734952
13.734951
13.734951
13.734951
13.734950
13.734950
13.734949
13.734949
13.734949
13.734948
13.734948
13.734947
13.734947
13.734947
13.734946
13.734946
13.734945
13.734945
13.734945
13.734944
13.734944
13.734944
13.734943
13.734943
13.734942
13.734942
13.734942
13.734941
13.734941
13.734940
13.734940
13.734940
13.734939
13.734939
13.734938
13.734938
13.734938
13.734937
13.734937
13.734936
13.734936
13.734936
13.734935
13.734935
13.734934
13.734934
13.734934
13.734933
13.734933
13.734933
13.734932
13.734932
13.734931
13.734931
13.734931
13.734930
13.734930
13.734929
13.734929
13.734929
13.734928
13.734928
13.734927
13.734927
13.734927
13.734926
13.734926
13.734926
13.734925
13.734925
13.734924
13.734924
13.734924
13.734923
13.734923
13.734922
13.734922
13.734922
13.734921
13.734921
13.734921
13.734920
13.734920
13.734919
13.734919
13.734919
13.734918
13.734918
13.734917
13.734917
13.734917
13.734916
13.734916
13.734916
13.734915
13.734915
13.734914
13.734914
13.734914
13.734913
13.734913
13.734912
13.734912
13.734912
13.734911
13.734911
13.734911
13.734910
13.734910
13.734909
13.734909
13.734909
13.734908
13.734908
13.734907
13.734907
13.734907
13.734906
13.734906
13.734906
13.734905
13.734905
13.734904
13.734904
13.734904
13.734903
13.734903
13.734903
13.734902
13.734902
13.734901
13.734901
13.734901
13.734900
13.734900
13.734900
13.734899
13.734899
13.734898
13.734898
13.734898
13.734897
13.734897
13.734897
13.734896
13.734896
13.734895
13.734895
13.734895
13.734894
13.734894
13.734893
13.734893
13.734893
13.734892
13.734892
13.734892
13.734891
13.734891
13.734890
13.734890
13.734890
13.734889
13.734889
13.734889
13.734888
13.734888
13.734887
13.734887
13.734887
13.734886
13.734886
13.734886
13.734885
13.734885
13.734884
13.734884
13.734884
13.734883
13.734883
13.734883
13.734882
13.734882
13.734882
13.734881
13.734881
13.734880
13.734880
13.734880
13.734879
13.734879
13.734879
13.734878
13.734878
13.734877
13.734877
13.734877
13.734876
13.734876
13.734876
13.734875
13.734875
13.734874
13.734874
13.734874
13.734873
13.734873
13.734873
13.734872
13.734872
13.734871
13.734871
13.734871
13.734870
13.734870
13.734870
13.734869
13.734869
13.734868
13.734868
13.734868
13.734867
13.734867
13.734867
13.734866
13.734866
13.734866
13.734865
13.734865
13.734864
13.734864
13.734864
13.734863
13.734863
13.734863
13.734862
13.734862
13.734861
13.734861
13.734861
13.734860
13.734860
13.734860
13.734859
13.734859
13.734859
13.734858
13.734858
13.734857
13.734857
13.734857
13.734856
13.734856
13.734856
13.734855
13.734855
13.734854
13.734854
13.734854
13.734853
13.734853
13.734853
13.734852
13.734852
13.734852
13.734851
13.734851
13.734850
13.734850
13.734850
13.734849
13.734849
13.734849
13.734848
13.734848
13.734848
13.734847
13.734847
13.734846
13.734846
13.734846
13.734845
13.734845
13.734845
13.734844
13.734844
13.734843
13.734843
13.734843
13.734842
13.734842
13.734842
13.734841
13.734841
13.734841
13.734840
13.734840
13.734839
13.734839
13.734839
13.734838
13.734838
13.734838
13.734837
13.734837
13.734837
13.734836
13.734836
13.734835
13.734835
13.734835
13.734834
13.734834
13.734834
13.734833
13.734833
13.734833
13.734832
13.734832
13.734831
13.734831
13.734831
13.734830
13.734830
13.734830
13.734829
13.734829
13.734828
13.734828
13.734828
13.734827
13.734827
13.734827
13.734826
13.734826
13.734826
13.734825
13.734825
13.734824
13.734824
13.734824
13.734823
13.734823
13.734823
13.734822
13.734822
13.734822
13.734821
13.734821
13.734820
13.734820
13.734820
13.734819
13.734819
13.734819
13.734818
13.734818
13.734818
13.734817
13.734817
13.734816
13.734816
13.734816
13.734815
13.734815
13.734815
13.734814
13.734814
13.734814
13.734813
13.734813
13.734812
13.734812
13.734812
13.734811
13.734811
13.734811
13.734810
13.734810
13.734810
13.734809
13.734809
13.734808
13.734808
13.734808
13.734807
13.734807
13.734807
13.734806
13.734806
13.734806
13.734805
13.734805
13.734804
13.734804
13.734804
13.734803
13.734803
13.734803
13.734802
13.734802
13.734802
13.734801
13.734801
13.734800
13.734800
13.734800
13.734799
13.734799
13.734799
13.734798
13.734798
13.734797
13.734797
13.734797
13.734796
13.734796
13.734796
13.734795
13.734795
13.734795
13.734794
13.734794
13.734793
13.734793
13.734793
13.734792
13.734792
13.734792
13.734791
13.734791
13.734791
13.734790
13.734790
13.734789
13.734789
13.734789
13.734788
13.734788
13.734788
13.734787
13.734787
13.734787
13.734786
13.734786
13.734785
13.734785
13.734785
13.734784
13.734784
13.734784
13.734783
13.734783
13.734782
13.734782
13.734782
13.734781
13.734781
13.734781
13.734780
13.734780
13.734780
13.734779
13.734779
13.734778
13.734778
13.734778
13.734777
13.734777
13.734777
13.734776
13.734776
13.734776
13.734775
13.734775
13.734774
13.734774
13.734774
13.734773
13.734773
13.734773
13.734772
13.734772
13.734771
13.734771
13.734771
13.734770
13.734770
13.734770
13.734769
13.734769
13.734769
13.734768
13.734768
13.734767
13.734767
13.734767
13.734766
13.734766
13.734766
13.734765
13.734765
13.734764
13.734764
13.734764
13.734763
13.734763
13.734763
13.734762
13.734762
13.734761
13.734761
13.734761
13.734760
13.734760
13.734760
13.734759
13.734759
13.734759
13.734758
13.734758
13.734757
13.734757
13.734757
13.734756
13.734756
13.734756
13.734755
13.734755
13.734754
13.734754
13.734754
13.734753
13.734753
13.734753
13.734752
13.734752
13.734751
13.734751
13.734751
13.734750
13.734750
13.734750
13.734749
13.734749
13.734748
13.734748
13.734748
13.734747
13.734747
13.734747
13.734746
13.734746
13.734745
13.734745
13.734745
13.734744
13.734744
13.734744
13.734743
13.734743
13.734742
13.734742
13.734742
13.734741
13.734741
13.734741
13.734740
13.734740
13.734739
13.734739
13.734739
13.734738
13.734738
13.734738
13.734737
13.734737
13.734736
13.734736
13.734736
13.734735
13.734735
13.734734
13.734734
13.734734
13.734733
13.734733
13.734733
13.734732
13.734732
13.734731
13.734731
13.734731
13.734730
13.734730
13.734730
13.734729
13.734729
13.734728
13.734728
13.734728
13.734727
13.734727
13.734726
13.734726
13.734726
13.734725
13.734725
13.734725
13.734724
13.734724
13.734723
13.734723
13.734723
13.734722
13.734722
13.734721
13.734721
13.734721
13.734720
13.734720
13.734720
13.734719
13.734719
13.734718
13.734718
13.734718
13.734717
13.734717
13.734716
13.734716
13.734716
13.734715
13.734715
13.734715
13.734714
13.734714
13.734713
13.734713
13.734713
13.734712
13.734712
13.734711
13.734711
13.734711
13.734710
13.734710
13.734709
13.734709
13.734709
13.734708
13.734708
13.734707
13.734707
13.734707
13.734706
13.734706
13.734706
13.734705
13.734705
13.734704
13.734704
13.734704
13.734703
13.734703
13.734702
13.734702
13.734702
13.734701
13.734701
13.734700
13.734700
13.734700
13.734699
13.734699
13.734698
13.734698
13.734698
13.734697
13.734697
13.734696
13.734696
13.734696
13.734695
13.734695
13.734694
13.734694
13.734694
13.734693
13.734693
13.734692
13.734692
13.734692
13.734691
13.734691
13.734690
13.734690
13.734690
13.734689
13.734689
13.734688
13.734688
13.734688
13.734687
13.734687
13.734686
13.734686
13.734686
13.734685
13.734685
13.734684
13.734684
13.734683
13.734683
13.734683
13.734682
13.734682
13.734681
13.734681
13.734681
13.734680
13.734680
13.734679
13.734679
13.734679
13.734678
13.734678
13.734677
13.734677
13.734676
13.734676
13.734676
13.734675
13.734675
13.734674
13.734674
13.734674
13.734673
13.734673
13.734672
13.734672
13.734671
13.734671
13.734671
13.734670
13.734670
13.734669
13.734669
13.734669
13.734668
13.734668
13.734667
13.734667
13.734666
13.734666
13.734666
13.734665
13.734665
13.734664
13.734664
13.734663
13.734663
13.734663
13.734662
13.734662
13.734661
13.734661
13.734661
13.734660
13.734660
13.734659
13.734659
13.734658
13.734658
13.734658
13.734657
13.734657
13.734656
13.734656
13.734655
13.734655
13.734654
13.734654
13.734654
13.734653
13.734653
13.734652
13.734652
13.734651
13.734651
13.734651
13.734650
13.734650
13.734649
13.734649
13.734648
13.734648
13.734648
13.734647
13.734647
13.734646
13.734646
13.734645
13.734645
13.734644
13.734644
13.734644
13.734643
13.734643
13.734642
13.734642
13.734641
13.734641
13.734640
13.734640
13.734640
13.734639
13.734639
13.734638
13.734638
13.734637
13.734637
13.734636
13.734636
13.734635
13.734635
13.734635
13.734634
13.734634
13.734633
13.734633
13.734632
13.734632
13.734631
13.734631
13.734630
13.734630
13.734630
13.734629
13.734629
13.734628
13.734628
13.734627
13.734627
13.734626
13.734626
13.734625
13.734625
13.734624
13.734624
13.734624
13.734623
13.734623
13.734622
13.734622
13.734621
13.734621
13.734620
13.734620
13.734619
13.734619
13.734618
13.734618
13.734617
13.734617
13.734616
13.734616
13.734616
13.734615
13.734615
13.734614
13.734614
13.734613
13.734613
13.734612
13.734612
13.734611
13.734611
13.734610
13.734610
13.734609
13.734609
13.734608
13.734608
13.734607
13.734607
13.734606
13.734606
13.734605
13.734605
13.734604
13.734604
13.734603
13.734603
13.734602
13.734602
13.734601
13.734601
13.734600
13.734600
13.734600
13.734599
13.734599
13.734598
13.734598
13.734597
13.734597
13.734596
13.734596
13.734595
13.734594
13.734594
13.734593
13.734593
13.734592
13.734592
13.734591
13.734591
13.734590
13.734590
13.734589
13.734589
13.734588
13.734588
13.734587
13.734587
13.734586
13.734586
13.734585
13.734585
13.734584
13.734584
13.734583
13.734583
13.734582
13.734582
13.734581
13.734581
13.734580
13.734580
13.734579
13.734579
13.734578
13.734577
13.734577
13.734576
13.734576
13.734575
13.734575
13.734574
13.734574
13.734573
13.734573
13.734572
13.734572
13.734571
13.734570
13.734570
13.734569
13.734569
13.734568
13.734568
13.734567
13.734567
13.734566
13.734566
13.734565
13.734564
13.734564
13.734563
13.734563
13.734562
13.734562
13.734561
13.734561
13.734560
13.734559
13.734559
13.734558
13.734558
13.734557
13.734557
13.734556
13.734556
13.734555
13.734554
13.734554
13.734553
13.734553
13.734552
13.734552
13.734551
13.734550
13.734550
13.734549
13.734549
13.734548
13.734547
13.734547
13.734546
13.734546
13.734545
13.734545
13.734544
13.734543
13.734543
13.734542
13.734542
13.734541
13.734540
13.734540
13.734539
13.734539
13.734538
13.734537
13.734537
13.734536
13.734536
13.734535
13.734534
13.734534
13.734533
13.734533
13.734532
13.734531
13.734531
13.734530
13.734530
13.734529
13.734528
13.734528
13.734527
13.734526
13.734526
13.734525
13.734525
13.734524
13.734523
13.734523
13.734522
13.734521
13.734521
13.734520
13.734519
13.734519
13.734518
13.734518
13.734517
13.734516
13.734516
13.734515
13.734514
13.734514
13.734513
13.734512
13.734512
13.734511
13.734510
13.734510
13.734509
13.734508
13.734508
13.734507
13.734506
13.734506
13.734505
13.734504
13.734504
13.734503
13.734502
13.734502
13.734501
13.734500
13.734500
13.734499
13.734498
13.734498
13.734497
13.734496
13.734496
13.734495
13.734494
13.734493
13.734493
13.734492
13.734491
13.734491
13.734490
13.734489
13.734489
13.734488
13.734487
13.734486
13.734486
13.734485
13.734484
13.734484
13.734483
13.734482
13.734481
13.734481
13.734480
13.734479
13.734478
13.734478
13.734477
13.734476
13.734476
13.734475
13.734474
13.734473
13.734473
13.734472
13.734471
13.734470
13.734470
13.734469
13.734468
13.734467
13.734467
13.734466
13.734465
13.734464
13.734463
13.734463
13.734462
13.734461
13.734460
13.734460
13.734459
13.734458
13.734457
13.734456
13.734456
13.734455
13.734454
13.734453
13.734452
13.734452
13.734451
13.734450
13.734449
13.734448
13.734448
13.734447
13.734446
13.734445
13.734444
13.734444
13.734443
13.734442
13.734441
13.734440
13.734439
13.734439
13.734438
13.734437
13.734436
13.734435
13.734434
13.734433
13.734433
13.734432
13.734431
13.734430
13.734429
13.734428
13.734427
13.734426
13.734426
13.734425
13.734424
13.734423
13.734422
13.734421
13.734420
13.734419
13.734418
13.734418
13.734417
13.734416
13.734415
13.734414
13.734413
13.734412
13.734411
13.734410
13.734409
13.734408
13.734407
13.734407
13.734406
13.734405
13.734404
13.734403
13.734402
13.734401
13.734400
13.734399
13.734398
13.734397
13.734396
13.734395
13.734394
13.734393
13.734392
13.734391
13.734390
13.734389
13.734388
13.734387
13.734386
13.734385
13.734384
13.734383
13.734382
13.734381
13.734380
13.734379
13.734378
13.734377
13.734376
13.734375
13.734374
13.734373
13.734372
13.734371
13.734370
13.734369
13.734368
13.734366
13.734365
13.734364
13.734363
13.734362
13.734361
13.734360
13.734359
13.734358
13.734357
13.734356
13.734354
13.734353
13.734352
13.734351
13.734350
13.734349
13.734348
13.734347
13.734345
13.734344
13.734343
13.734342
13.734341
13.734340
13.734338
13.734337
13.734336
13.734335
13.734334
13.734332
13.734331
13.734330
13.734329
13.734328
13.734326
13.734325
13.734324
13.734323
13.734322
13.734320
13.734319
13.734318
13.734317
13.734315
13.734314
13.734313
13.734311
13.734310
13.734309
13.734308
13.734306
13.734305
13.734304
13.734302
13.734301
13.734300
13.734298
13.734297
13.734296
13.734294
13.734293
13.734292
13.734290
13.734289
13.734288
13.734286
13.734285
13.734283
13.734282
13.734281
13.734279
13.734278
13.734276
13.734275
13.734273
13.734272
13.734271
13.734269
13.734268
13.734266
13.734265
13.734263
13.734262
13.734260
13.734259
13.734257
13.734256
13.734254
13.734253
13.734251
13.734250
13.734248
13.734246
13.734245
13.734243
13.734242
13.734240
13.734239
13.734237
13.734235
13.734234
13.734232
13.734231
13.734229
13.734227
13.734226
13.734224
13.734222
13.734221
13.734219
13.734217
13.734215
13.734214
13.734212
13.734210
13.734209
13.734207
13.734205
13.734203
13.734202
13.734200
13.734198
13.734196
13.734194
13.734193
13.734191
13.734189
13.734187
13.734185
13.734183
13.734182
13.734180
13.734178
13.734176
13.734174
13.734172
13.734170
13.734168
13.734166
13.734164
13.734162
13.734160
13.734158
13.734156
13.734154
13.734152
13.734150
13.734148
13.734146
13.734144
13.734142
13.734140
13.734138
13.734136
13.734134
13.734132
13.734129
13.734127
13.734125
13.734123
13.734121
13.734119
13.734116
13.734114
13.734112
13.734110
13.734107
13.734105
13.734103
13.734101
13.734098
13.734096
13.734094
13.734091
13.734089
13.734086
13.734084
13.734082
13.734079
13.734077
13.734074
13.734072
13.734069
13.734067
13.734064
13.734062
13.734059
13.734057
13.734054
13.734052
13.734049
13.734046
13.734044
13.734041
13.734039
13.734036
13.734033
13.734030
13.734028
13.734025
13.734022
13.734019
13.734017
13.734014
13.734011
13.734008
13.734005
13.734002
13.733999
13.733997
13.733994
13.733991
13.733988
13.733985
13.733982
13.733979
13.733976
13.733973
13.733969
13.733966
13.733963
13.733960
13.733957
13.733954
13.733950
13.733947
13.733944
13.733941
13.733937
13.733934
13.733931
13.733927
13.733924
13.733920
13.733917
13.733913
13.733910
13.733906
13.733903
13.733899
13.733896
13.733892
13.733888
13.733885
13.733881
13.733877
13.733874
13.733870
13.733866
13.733862
13.733858
13.733854
13.733851
13.733847
13.733843
13.733839
13.733835
13.733831
13.733826
13.733822
13.733818
13.733814
13.733810
13.733806
13.733801
13.733797
13.733793
13.733788
13.733784
13.733779
13.733775
13.733770
13.733766
13.733761
13.733757
13.733752
13.733747
13.733743
13.733738
13.733733
13.733728
13.733723
13.733718
13.733713
13.733708
13.733703
13.733698
13.733693
13.733688
13.733683
13.733677
13.733672
13.733667
13.733661
13.733656
13.733650
13.733645
13.733639
13.733634
13.733628
13.733622
13.733617
13.733611
13.733605
13.733599
13.733593
13.733587
13.733581
13.733575
13.733569
13.733562
13.733556
13.733550
13.733543
13.733537
13.733530
13.733524
13.733517
13.733510
13.733504
13.733497
13.733490
13.733483
13.733476
13.733469
13.733462
13.733454
13.733447
13.733440
13.733432
13.733425
13.733417
13.733410
13.733402
13.733394
13.733386
13.733378
13.733370
13.733362
13.733354
13.733346
13.733337
13.733329
13.733320
13.733312
13.733303
13.733294
13.733285
13.733276
13.733267
13.733258
13.733249
13.733239
13.733230
13.733220
13.733211
13.733201
13.733191
13.733181
13.733171
13.733161
13.733151
13.733140
13.733130
13.733119
13.733108
13.733097
13.733086
13.733075
13.733064
13.733052
13.733041
13.733029
13.733017
13.733006
13.732993
13.732981
13.732969
13.732956
13.732944
13.732931
13.732918
13.732905
13.732892
13.732878
13.732865
13.732851
13.732837
13.732823
13.732808
13.732794
13.732779
13.732764
13.732749
13.732734
13.732719
13.732703
13.732687
13.732671
13.732655
13.732639
13.732622
13.732605
13.732588
13.732571
13.732553
13.732535
13.732517
13.732499
13.732480
13.732461
13.732442
13.732423
13.732403
13.732383
13.732363
13.732343
13.732322
13.732301
13.732279
13.732257
13.732235
13.732213
13.732190
13.732167
13.732144
13.732120
13.732096
13.732071
13.732046
13.732021
13.731995
13.731969
13.731943
13.731916
13.731888
13.731860
13.731832
13.731803
13.731774
13.731744
13.731714
13.731683
13.731652
13.731620
13.731588
13.731555
13.731521
13.731487
13.731452
13.731417
13.731381
13.731344
13.731307
13.731268
13.731230
13.731190
13.731150
13.731109
13.731067
13.731024
13.730981
13.730936
13.730891
13.730845
13.730798
13.730750
13.730701
13.730651
13.730600
13.730548
13.730494
13.730440
13.730384
13.730327
13.730269
13.730210
13.730149
13.730087
13.730024
13.729959
13.729892
13.729824
13.729754
13.729683
13.729610
13.729535
13.729458
13.729380
13.729299
13.729216
13.729131
13.729044
13.728955
13.728863
13.728769
13.728673
13.728573
13.728471
13.728366
13.728258
13.728147
13.728032
13.727915
13.727793
13.727669
13.727540
13.727407
13.727270
13.727129
13.726983
13.726833
13.726677
13.726517
13.726350
13.726179
13.726001
13.725817
13.725626
13.725428
13.725223
13.725010
13.724789
13.724560
13.724321
13.724073
13.723815
13.723547
13.723267
13.722975
13.722670
13.722352
13.722019
13.721671
13.721307
13.720926
13.720526
13.720106
13.719665
13.719201
13.718713
13.718199
13.717657
13.717084
13.716478
13.715836
13.715156
13.714435
13.713667
13.712851
13.711980
13.711050
13.710055
13.708989
13.707845
13.706614
13.705288
13.703855
13.702304
13.700622
13.698792
13.696796
13.694614
13.692221
13.689588
13.686682
13.683463
13.679882
13.675883
13.671395
13.666334
13.660595
13.654047
13.646529
13.637839
13.627721
13.615843
13.601768
13.584932
13.564735
13.540856
13.513527
13.483111
13.448298
13.404057
13.343607
13.269112
13.193222
13.128154
13.082676
13.058924
13.059049
13.095900
13.152588
13.121482
13.193041
13.209800
13.254851
13.191269
13.138282
13.080035
13.053210
13.093146
13.020153
13.070845
13.060580
13.054206
13.054574
13.040771
13.063494
12.998220
12.961250
12.929313
12.902610
12.878108
12.868684
12.863435
12.894551
12.850702
12.920836
12.862779
12.886073
12.872842
12.891157
12.916676
12.769661
12.863522
12.861637
12.776739
12.828394
12.816926
12.995895
12.808407
12.673825
12.543177
13.655208
12.657730
12.339947
13.628530
12.717780
12.211499
13.801988
12.741306
13.218212
12.201612
13.563205
12.497437
12.561654
12.612651
12.038299
12.504207
14.249424
13.225545
13.832551
13.130333
12.851446
13.142709
12.974599
12.692916
12.062381
13.039897
12.455173
12.833061
13.064893
13.527884
12.430785
13.005233
13.238073
13.741991
13.741906
13.741819
13.741730
13.741639
13.741545
13.741450
13.741351
13.741251
13.741147
13.741040
13.740930
13.740817
13.740700
13.740579
13.740454
13.740324
13.740190
13.740049
13.739903
13.739750
13.739589
13.739420
13.739241
13.739051
13.738848
13.738629
13.738391
13.738130
13.737840
13.737512
13.737132
13.736678
13.736111
13.735354
13.734222
13.732104
13.724145
13.227596
13.948513
13.852259
12.444914
13.957378
12.795324
13.840367
13.248206
13.138145
12.838851
12.387144
13.041555
12.389144
12.694070
12.609893
12.257405
11.932285
13.545992
12.610397
12.998343
12.895706
12.109403
13.079856
13.549575
13.277167
12.533463
13.860908
13.346454
13.280152
12.734022
13.171613
12.773683
12.630831
12.590658
11.958505
11.664545
11.684035
12.307326
12.731987
11.860015
12.101672
12.445573
11.345426
11.913995
12.006690
13.221494
13.496955
12.045674
12.756639
13.746284
13.746246
13.746208
13.746170
13.746132
13.746094
13.746055
13.746016
13.745976
13.745937
13.745897
13.745856
13.745815
13.745774
13.745733
13.745691
13.745649
13.745606
13.745563
13.745519
13.745475
13.745431
13.745386
13.745340
13.745294
13.745247
13.745200
13.745152
13.745104
13.745054
13.745004
13.744954
13.744902
13.744850
13.744797
13.744744
13.744689
13.744633
13.744577
13.744519
13.744461
13.744401
13.744340
13.744278
13.744215
13.744151
13.744085
13.744017
13.743949
13.743878
13.743806
13.743732
13.743656
13.743579
13.743499
13.743417
13.743332
13.743245
13.743155
13.743063
13.742967
13.742867
13.742764
13.742657
13.742546
13.742430
13.742308
13.742180
13.742046
13.741904
13.741754
13.741594
13.741422
13.741236
13.741035
13.740812
13.740565
13.740283
13.739956
13.739563
13.739066
13.738385
13.737302
13.734875
13.689282
12.443113
12.308522
12.729861
12.781229
11.531363
11.191336
11.442957
12.765106
13.136297
12.308073
12.424573
11.480318
12.691136
12.029118
11.314687
12.338762
11.851489
11.850403
11.275126
12.429987
11.372436
11.848793
12.224286
12.249040
11.623099
11.718052
13.036818
12.372477
13.391356
12.426990
13.743787
13.735710
12.982165
11.426131
11.026733
10.739444
11.079150
10.905694
11.653689
12.373759
10.817537
14.267518
13.276986
12.689264
12.619718
12.718101
12.560891
12.258805
12.236222
12.317717
11.779319
12.750521
11.988095
11.288533
11.065824
12.549260
11.196813
11.774811
12.140014
11.505158
12.118458
11.900450
11.688841
11.394309
10.732595
14.863918
12.809407
12.639440
11.536301
11.252577
11.143202
15.022657
13.265740
11.798833
11.086995
12.304828
12.183116
11.249587
12.769330
11.343474
11.224931
10.864168
10.808428
11.008068
11.424823
11.133224
12.874450
11.189351
10.706837
10.686919
11.818024
12.077570
10.509349
11.748039
10.678345
11.041695
11.139878
11.398050
10.539629
12.065018
11.326980
10.692256
12.468166
11.215075
10.670574
10.971803
10.993286
11.588104
11.080595
12.326752
10.609621
10.463008
11.411050
12.377737
12.769974
11.346848
10.905895
10.618179
11.310956
11.778998
11.400855
11.114151
11.582058
10.731515
11.078780
11.262327
11.115852
10.615695
11.092800
12.467532
12.208147
11.450061
11.180342
11.374283
11.808045
11.525351
11.172652
11.556769
11.425158
11.404479
11.417747
10.728865
11.262688
10.299266
11.427233
11.006654
10.523093
10.788586
11.674882
12.290782
12.300466
10.999584
10.990493
11.870141
11.818693
11.153711
11.766082
10.960499
11.954563
11.018419
11.007887
10.496796
11.091191
10.703811
10.750342
10.573819
10.988358
10.598090
10.768242
10.762533
10.175452
10.258119
10.514403
10.525160
10.246873
12.257110
10.961133
11.052718
11.145230
10.484625
10.572952
10.658645
10.115896
10.959967
11.007451
10.965923
10.471632
10.559710
10.184830
10.069479
10.281127
10.145886
10.401476
10.734384
10.539105
10.410810
10.122044
10.075970
10.039283
9.955806
10.417508
10.142646
9.935335
10.203870
10.256875
10.608636
10.422055
10.203693
10.943686
9.957934
10.708239
10.624722
10.306062
10.208014
10.188589
10.291095
10.365800
10.151592
10.598758
9.829911
10.170307
9.969634
10.514212
10.436264
10.257076
10.564458
11.071988
9.842770
11.390377
9.746977
9.728510
9.879011
10.071281
10.070345
10.208644
10.111473
10.226434
10.181073
10.269211
12.947288
10.479535
9.711939
10.103872
11.187803
11.405012
9.949811
9.667651
10.248148
9.913987
11.598263
10.066941
10.995577
9.987474
11.064923
10.353927
10.087794
10.808368
10.223551
10.810196
10.624020
11.029715
10.170882
9.965918
10.782452
10.266825
11.638707
10.416091
10.644901
9.994259
10.078318
9.920588
9.888778
9.643510
9.548583
9.621212
10.487360
9.945837
10.967153
10.148693
9.987451
10.674252
11.430997
12.114831
12.258802
10.738721
10.544763
10.392194
10.381599
10.361918
11.507464
11.467013
10.409674
11.856701
10.184917
10.450037
9.987393
10.271191
9.953992
10.231771
10.304666
9.750159
10.431991
10.322230
10.095711
10.709257
11.079640
10.805437
10.798555
12.004552
12.033813
10.747421
12.070620
11.201477
10.245211
12.191866
11.576755
10.053918
10.153956
10.924333
11.577510
10.629398
11.225870
9.998139
10.831961
9.676462
9.647998
9.628941
9.962244
9.891452
10.525297
10.030186
9.585523
10.615586
12.420679
11.254747
10.137443
9.796698
9.469996
9.399665
9.744693
11.967255
11.278486
12.367916
10.602140
9.897433
10.655241
9.860500
10.133551
12.201370
10.544055
10.288257
9.660600
9.688620
10.420759
10.698241
12.706541
11.224130
10.160966
10.457608
10.830730
10.252676
9.903242
10.192193
9.879342
10.225054
9.617161
9.436404
9.383590
9.384978
9.379702
9.376633
9.375440
9.374504
9.373740
9.373102
9.372557
9.372084
9.371670
9.371301
9.370972
9.370674
9.370404
9.370157
9.369930
9.369720
9.369525
9.369343
9.369173
9.369014
9.368864
9.368723
9.368589
9.368462
9.368342
9.368227
9.368117
9.368012
9.367912
9.367816
9.367723
9.367635
9.367549
9.367467
9.367387
9.367310
9.367235
9.367163
9.367093
9.367025
9.366960
9.366896
9.366833
9.366773
9.366713
9.366656
9.366600
9.366545
9.366491
9.366439
9.366387
9.366337
9.366288
9.366240
9.366192
9.366146
9.366100
9.366056
9.366012
9.365968
9.365926
9.365884
9.365843
9.365802
9.365762
9.365723
9.365684
9.365646
9.365608
9.365571
9.365534
9.365498
9.365462
9.365426
9.365391
9.365356
9.365322
9.365288
9.365254
9.365220
9.365187
9.365154
9.365122
9.365090
9.365058
9.365026
9.364994
9.364963
9.364932
9.364901
9.364870
9.364840
9.364810
9.364779
9.364750
9.364720
9.364690
9.364661
9.364631
9.364602
9.364573
9.364544
9.364515
9.364487
9.364458
9.364430
9.364401
9.364373
9.364345
9.364317
9.364289
9.364261
9.364233
9.364205
9.364177
9.364149
9.364122
9.364094
9.364066
9.364039
9.364011
9.363984
9.363956
9.363929
9.363901
9.363874
9.363847
9.363819
9.363792
9.363764
9.363737
9.363710
9.363682
9.363655
9.363627
9.363600
9.363572
9.363545
9.363517
9.363490
9.363462
9.363434
9.363407
9.363379
9.363351
9.363324
9.363296
9.363268
9.363240
9.363212
9.363184
9.363156
9.363127
9.363099
9.363071
9.363043
9.363014
9.362986
9.362957
9.362928
9.362899
9.362870
9.362842
9.362812
9.362783
9.362754
9.362725
9.362695
9.362666
9.362636
9.362606
9.362576
9.362546
9.362516
9.362486
9.362456
9.362425
9.362394
9.362364
9.362333
9.362302
9.362271
9.362239
9.362208
9.362176
9.362145
9.362113
9.362081
9.362049
9.362016
9.361984
9.361951
9.361918
9.361885
9.361852
9.361819
9.361785
9.361752
9.361718
9.361684
9.361649
9.361615
9.361580
9.361545
9.361510
9.361475
9.361440
9.361404
9.361368
9.361332
9.361296
9.361259
9.361223
9.361186
9.361149
9.361111
9.361074
9.361036
9.360998
9.360959
9.360921
9.360882
9.360843
9.360804
9.360764
9.360724
9.360684
9.360644
9.360603
9.360562
9.360521
9.360480
9.360438
9.360396
9.360354
9.360311
9.360268
9.360225
9.360182
9.360138
9.360094
9.360050
9.360005
9.359960
9.359915
9.359870
9.359824
9.359778
9.359732
9.359685
9.359638
9.359590
9.359543
9.359495
9.359446
9.359398
9.359349
9.359300
9.359250
9.359200
9.359150
9.359099
9.359048
9.358997
9.358945
9.358893
9.358841
9.358788
9.358735
9.358682
9.358628
9.358574
9.358519
9.358465
9.358409
9.358354
9.358298
9.358241
9.358184
9.358127
9.358070
9.358012
9.357953
9.357894
9.357835
9.357775
9.357714
9.357653
9.357592
9.357530
9.357468
9.357404
9.357341
9.357276
9.357211
9.357145
9.357079
9.357012
9.356944
9.356875
9.356805
9.356734
9.356662
9.356589
9.356515
9.356440
9.356364
9.356286
9.356207
9.356126
9.356043
9.355959
9.355873
9.355785
9.355695
9.355603
9.355508
9.355410
9.355310
9.355207
9.355100
9.354990
9.354876
9.354758
9.354635
9.354508
9.354375
9.354236
9.354091
9.353939
9.353779
9.353610
9.353432
9.353243
9.353042
9.352828
9.352599
9.352353
9.352087
9.351799
9.351485
9.351141
9.350761
9.350339
9.349866
9.349332
9.348723
9.348019
9.347196
9.346219
9.345037
9.343579
9.341736
9.339336
9.336092
9.331434
9.324235
9.376045
11.433246
12.605858
9.839041
11.773717
11.343181
10.059943
10.064657
9.933223
9.728506
9.487756
9.168774
8.957016
8.965500
8.409386
10.334530
7.813227
13.031613
12.578406
9.679502
11.739744
11.766878
10.865454
10.067085
9.379868
9.077582
13.129064
9.815511
11.025990
10.829623
9.637694
11.006415
9.431876
10.840586
13.957606
11.134169
10.981207
11.293485
9.356563
9.868722
9.476867
11.625534
11.375495
11.330957
14.222369
12.159605
11.355738
11.330146
11.313704
11.296662
11.279012
11.162837
12.310344
12.213114
11.823204
10.922765
10.760838
10.784055
10.725194
10.741969
10.760333
10.577311
11.348080
11.813302
11.631475
11.114686
11.098985
11.088427
11.060600
10.671958
8.631904
8.567416
8.538895
8.521163
8.508351
8.498346
8.490060
8.483775
8.479749
8.477028
8.474954
8.473258
8.471803
8.470501
8.469290
8.468117
8.466927
8.465650
8.464175
8.462290
8.459459
8.453833
10.120366
10.372266
10.369481
10.367530
10.365733
10.364194
10.362716
10.360711
11.337294
12.459255
12.414634
12.398061
12.385224
12.391754
12.240603
12.237189
12.234469
12.232212
12.230297
12.228648
12.227210
12.225943
12.224816
12.223805
12.222894
12.222067
12.221315
12.220627
12.219997
12.219419
12.218888
12.218399
12.217947
12.217530
12.217144
12.216786
12.216454
12.216144
12.215854
12.215582
12.215327
12.215086
12.214858
12.214641
12.214435
12.214238
12.214050
12.213868
12.213694
12.213525
12.213363
12.213205
12.213051
12.212902
12.212757
12.212615
12.212476
12.212341
12.212208
12.212078
12.211950
12.211825
12.211702
12.211581
12.211462
12.211344
12.211229
12.211115
12.211003
12.210892
12.210783
12.210675
12.210568
12.210463
12.210359
12.210256
12.210154
12.210054
12.209954
12.209855
12.209758
12.209661
12.209565
12.209470
12.209376
12.209283
12.209190
12.209098
12.209007
12.208916
12.208827
12.208737
12.208649
12.208561
12.208473
12.208386
12.208300
12.208214
12.208129
12.208044
12.207959
12.207875
12.207791
12.207708
12.207625
12.207542
12.207460
12.207378
12.207296
12.207214
12.207133
12.207052
12.206971
12.206891
12.206810
12.206730
12.206650
12.206570
12.206490
12.206410
12.206331
12.206251
12.206172
12.206092
12.206013
12.205934
12.205854
12.205775
12.205695
12.205616
12.205537
12.205457
12.205377
12.205298
12.205218
12.205138
12.205058
12.204977
12.204897
12.204816
12.204735
12.204654
12.204573
12.204491
12.204410
12.204328
12.204245
12.204163
12.204080
12.203996
12.203913
12.203829
12.203744
12.203660
12.203575
12.203489
12.203403
12.203317
12.203230
12.203143
12.203055
12.202967
12.202878
12.202789
12.202700
12.202609
12.202519
12.202428
12.202336
12.202244
12.202151
12.202058
12.201964
12.201870
12.201775
12.201680
12.201584
12.201487
12.201391
12.201293
12.201195
12.201097
12.200998
12.200899
12.200800
12.200700
12.200600
12.200499
12.200399
12.200298
12.200197
12.200095
12.199994
12.199892
12.199791
12.199690
12.199588
12.199487
12.199387
12.199286
12.199186
12.199086
12.198987
12.198889
12.198791
12.198694
12.198598
12.198503
12.198408
12.198315
12.198223
12.198132
12.198043
12.197955
12.197868
12.197783
12.197699
12.197617
12.197537
12.197458
12.197381
12.197306
12.197232
12.197160
12.197090
12.197022
12.196956
12.196891
12.196828
12.196767
12.196708
12.196650
12.196594
12.196539
12.196486
12.196435
12.196385
12.196336
12.196289
12.196243
12.196198
12.196155
12.196113
12.196071
12.196031
12.195992
12.195954
12.195916
12.195880
12.195844
12.195809
12.195774
12.195741
12.195707
12.195675
12.195643
12.195611
12.195580
12.195549
12.195518
12.195488
12.195458
12.195428
12.195398
12.195368
12.195338
12.195308
12.195278
12.195247
12.195215
12.195183
12.195150
12.195114
12.195077
12.195035
12.194988
12.194930
12.194855
12.194742
12.194526
12.193862
13.746583
13.700679
13.683220
13.672359
13.664915
13.659476
13.655317
13.652026
13.649353
13.647136
13.645264
13.643660
13.642270
13.641052
13.639974
13.639014
13.638152
13.637373
13.636665
13.636019
13.635426
13.634879
13.634374
13.633905
13.633468
13.633059
13.632677
13.632317
13.631979
13.631659
13.631357
13.631070
13.630798
13.630538
13.630291
13.630055
13.629828
13.629612
13.629403
13.629203
13.629010
13.628824
13.628645
13.628471
13.628303
13.628139
13.627981
13.627826
13.627676
13.627529
13.627386
13.627245
13.627108
13.626973
13.626840
13.626709
13.626579
13.626451
13.626324
13.626197
13.626070
13.625943
13.625815
13.625685
13.625551
13.625414
13.625270
13.625118
13.624951
13.624762
13.624537
13.624239
13.623769
13.622635
13.366964
12.873035
12.756593
12.751359
12.751174
12.751000
12.750834
12.750673
12.750517
12.750364
12.750214
12.750067
12.749921
12.749777
12.749634
12.749492
12.749351
12.749210
12.749070
12.748931
12.748791
12.748652
12.748512
12.748372
12.748232
12.748092
12.747951
12.747810
12.747669
12.747526
12.747383
12.747239
12.747095
12.746949
12.746803
12.746656
12.746507
12.746358
12.746207
12.746056
12.745903
12.745749
12.745594
12.745437
12.745279
12.745120
12.744960
12.744798
12.744635
12.744470
12.744304
12.744137
12.743968
12.743797
12.743625
12.743451
12.743276
12.743098
12.742918
12.742734
12.742547
12.742353
12.742146
12.741910
12.741544
12.337398
11.333587
11.326133
11.317913
12.306430
14.564573
14.700720
15.063453
17.322935
16.265743
14.256690
13.328469
13.309828
13.288474
13.275194
13.266610
13.249863
13.227067
13.160851
13.005668
12.594460
12.458896
12.181326
12.101859
11.736052
11.598896
11.405734
11.248041
11.014072
10.832706
11.139502
10.948645
11.133939
10.982306
10.996719
10.844033
10.957747
10.648828
10.799176
10.675954
10.563133
10.481412
12.881189
11.563733
11.561656
11.660170
10.102158
10.567615
10.780372
10.554165
10.784209
9.759509
12.663247
12.426172
11.248262
12.403646
11.275771
12.103355
10.520372
10.845532
11.565141
11.654590
11.627782
11.594525
12.177917
11.805842
11.201253
11.984282
11.775141
11.297761
11.165222
11.010244
11.047672
11.423999
11.225881
11.283096
11.219519
10.902374
10.884487
10.872406
10.885456
10.994489
10.638335
11.716249
12.539526
11.676024
10.462887
11.254632
12.441693
12.070133
11.973732
11.715950
10.599621
10.908637
11.065646
9.931177
10.467106
10.619703
10.556267
10.110415
9.772348
9.645995
10.154767
9.550505
9.552727
9.804518
10.202777
11.546315
12.244772
11.469771
10.162222
10.781938
10.718594
12.689489
11.625073
11.509489
11.007471
11.935245
12.250877
11.959968
11.880070
11.592894
11.592137
11.380675
11.019676
10.974273
10.981584
11.464891
11.196664
10.725831
10.853955
10.511152
10.360415
10.089409
9.727199
9.558562
9.534683
9.522259
9.514968
9.508593
10.854263
11.802513
12.058033
11.617617
11.615700
11.614464
11.613572
11.612875
11.612303
11.611815
11.611390
11.611012
11.610672
11.610362
11.610078
11.609815
11.609570
11.609342
11.609127
11.608924
11.608731
11.608549
11.608375
11.608208
11.608049
11.607895
11.607747
11.607604
11.607466
11.607331
11.607200
11.607071
11.606945
11.606821
11.606698
11.606575
11.606451
11.606326
11.606196
11.606060
11.605912
11.605744
11.605536
11.605244
11.604702
11.602745
12.144225
11.602309
12.527416
12.349446
12.343358
12.340034
12.337968
12.336595
12.335639
12.334947
12.334431
12.334035
12.333724
12.333475
12.333272
12.333104
12.332961
12.332840
12.332735
12.332643
12.332561
12.332489
12.332423
12.332363
12.332309
12.332258
12.332211
12.332168
12.332127
12.332088
12.332052
12.332017
12.331983
12.331952
12.331921
12.331891
12.331863
12.331835
12.331808
12.331782
12.331757
12.331732
12.331708
12.331684
12.331660
12.331638
12.331615
12.331593
12.331571
12.331550
12.331529
12.331508
12.331488
12.331468
12.331448
12.331428
12.331408
12.331389
12.331370
12.331351
12.331333
12.331314
12.331296
12.331278
12.331260
12.331242
12.331225
12.331207
12.331190
12.331173
12.331156
12.331139
12.331123
12.331106
12.331090
12.331074
12.331057
12.331041
12.331025
12.331010
12.330994
12.330978
12.330963
12.330947
12.330932
12.330917
12.330902
12.330887
12.330872
12.330857
12.330842
12.330828
12.330813
12.330799
12.330784
12.330770
12.330756
12.330742
12.330727
12.330713
12.330699
12.330685
12.330672
12.330658
12.330644
12.330630
12.330617
12.330603
12.330590
12.330576
12.330563
12.330549
12.330536
12.330522
12.330509
12.330496
12.330482
12.330469
12.330456
12.330443
12.330429
12.330416
12.330403
12.330390
12.330377
12.330363
12.330350
12.330337
12.330324
12.330310
12.330297
12.330284
12.330270
12.330257
12.330243
12.330230
12.330216
12.330203
12.330189
12.330175
12.330161
12.330147
12.330132
12.330118
12.330103
12.330089
12.330074
12.330058
12.330043
12.330027
12.330011
12.329995
12.329978
12.329961
12.329944
12.329926
12.329908
12.329889
12.329869
12.329849
12.329828
12.329806
12.329783
12.329759
12.329734
12.329708
12.329681
12.329652
12.329621
12.329589
12.329554
12.329518
12.329479
12.329437
12.329393
12.329346
12.329296
12.329243
12.329187
12.329127
12.329063
12.328996
12.328923
12.328847
12.328765
12.328678
12.328585
12.328485
12.328378
12.328262
12.328135
12.327996
12.327845
12.327678
12.327494
12.327290
12.327062
12.326803
12.326503
12.326138
12.325614
12.323048
11.824072
10.219450
10.243826
10.070535
10.210916
9.697645
9.666448
10.106059
10.845484
12.325862
9.841523
9.961702
11.078161
12.791322
12.062646
11.904902
11.902317
11.900655
11.899467
11.898928
11.684929
10.470432
9.967897
10.736171
10.242236
10.847888
12.905782
12.282952
10.386228
10.141719
10.925388
12.324672
12.949819
11.605924
11.602934
11.614742
11.082192
9.921202
9.489926
9.411569
10.357721
10.188649
10.052655
10.517740
11.223822
11.105390
12.682187
11.293859
11.293174
11.292593
11.292060
11.291542
11.291015
11.290451
11.289806
11.289000
11.287843
11.285693
11.077822
11.119130
12.009763
11.380130
10.789548
11.248009
11.122916
10.775306
9.834323
10.557473
10.489312
10.142845
9.957078
10.675346
13.153993
12.574307
10.585694
13.605534
12.481356
9.490531
11.577198
11.931442
10.613587
11.610757
10.871164
9.691532
9.811315
9.539357
9.760680
9.846435
10.485606
9.681889
9.739714
9.409260
9.477312
10.025530
10.960779
11.148905
9.825352
9.797404
10.680775
11.818762
10.600901
10.970849
9.370528
10.722579
11.659916
12.314536
11.199178
13.004348
10.678316
10.455816
10.446209
10.442039
10.440150
10.439158
10.438535
10.438079
10.437705
10.437377
10.437077
10.436796
10.436530
10.436275
10.436030
10.435794
10.435566
10.435344
10.435129
10.434919
10.434715
10.434516
10.434321
10.434131
10.433945
10.433762
10.433583
10.433407
10.433234
10.433064
10.432896
10.432731
10.432569
10.432409
10.432251
10.432095
10.431942
10.431790
10.431640
10.431491
10.431345
10.431200
10.431056
10.430914
10.430774
10.430635
10.430497
10.430361
10.430226
10.430092
10.429960
10.429829
10.429699
10.429571
10.429444
10.429318
10.429193
10.429069
10.428947
10.428826
10.428706
10.428587
10.428469
10.428353
10.428238
10.428124
10.428011
10.427899
10.427789
10.427680
10.427572
10.427465
10.427359
10.427255
10.427152
10.427050
10.426949
10.426850
10.426751
10.426654
10.426558
10.426464
10.426370
10.426278
10.426187
10.426097
10.426008
10.425920
10.425834
10.425748
10.425664
10.425581
10.425499
10.425418
10.425338
10.425259
10.425181
10.425104
10.425028
10.424953
10.424879
10.424806
10.424733
10.424662
10.424592
10.424522
10.424453
10.424385
10.424317
10.424250
10.424184
10.424118
10.424053
10.423989
10.423925
10.423861
10.423798
10.423735
10.423673
10.423611
10.423549
10.423487
10.423425
10.423363
10.423302
10.423240
10.423177
10.423115
10.423051
10.422987
10.422923
10.422857
10.422790
10.422722
10.422651
10.422579
10.422503
10.422425
10.422342
10.422255
10.422161
10.422059
10.421946
10.421820
10.421675
10.421503
10.421289
10.421002
10.420546
10.419023
10.291696
9.937177
10.585976
9.790133
10.707025
11.485960
11.448412
11.438882
11.432622
10.975496
10.637118
12.140446
11.878293
11.884856
11.259703
10.805090
11.928712
10.616327
10.602777
10.602398
10.602084
10.601807
10.601544
10.601273
10.600958
10.600517
10.599472
10.503111
10.815402
10.447283
12.353661
11.334329
11.274637
11.273516
11.272611
11.271290
10.935763
10.448311
10.435736
10.429398
10.426398
10.424955
10.424203
10.423762
10.423471
10.423257
10.423087
10.422944
10.422818
10.422705
10.422601
10.422504
10.422413
10.422326
10.422244
10.422165
10.422089
10.422015
10.421944
10.421875
10.421808
10.421742
10.421678
10.421616
10.421555
10.421495
10.421436
10.421379
10.421322
10.421266
10.421211
10.421157
10.421103
10.421050
10.420998
10.420946
10.420895
10.420844
10.420794
10.420744
10.420694
10.420645
10.420596
10.420547
10.420498
10.420449
10.420401
10.420352
10.420303
10.420254
10.420205
10.420155
10.420105
10.420055
10.420003
10.419950
10.419897
10.419841
10.419784
10.419724
10.419661
10.419593
10.419520
10.419439
10.419346
10.419237
10.419101
10.418917
10.418628
10.418021
10.413939
10.240441
10.238745
10.238033
10.237702
10.237521
10.237404
10.237317
10.237246
10.237183
10.237125
10.237070
10.237017
10.236966
10.236917
10.236868
10.236820
10.236773
10.236727
10.236682
10.236637
10.236593
10.236549
10.236506
10.236463
10.236421
10.236379
10.236338
10.236297
10.236256
10.236216
10.236176
10.236137
10.236098
10.236059
10.236020
10.235982
10.235944
10.235907
10.235869
10.235832
10.235795
10.235759
10.235723
10.235687
10.235651
10.235615
10.235580
10.235545
10.235510
10.235475
10.235441
10.235406
10.235372
10.235338
10.235305
10.235271
10.235238
10.235205
10.235172
10.235139
10.235106
10.235073
10.235041
10.235009
10.234977
10.234945
10.234913
10.234881
10.234850
10.234818
10.234787
10.234756
10.234725
10.234694
10.234663
10.234633
10.234602
10.234572
10.234541
10.234511
10.234481
10.234451
10.234421
10.234391
10.234361
10.234332
10.234302
10.234273
10.234243
10.234214
10.234185
10.234156
10.234127
10.234098
10.234069
10.234040
10.234012
10.233983
10.233954
10.233926
10.233897
10.233869
10.233841
10.233813
10.233784
10.233756
10.233728
10.233700
10.233672
10.233645
10.233617
10.233589
10.233561
10.233534
10.233506
10.233479
10.233451
10.233424
10.233396
10.233369
10.233342
10.233314
10.233287
10.233260
10.233233
10.233206
10.233179
10.233152
10.233125
10.233098
10.233071
10.233044
10.233017
10.232990
10.232963
10.232937
10.232910
10.232883
10.232856
10.232830
10.232803
10.232777
10.232750
10.232723
10.232697
10.232670
10.232644
10.232618
10.232591
10.232565
10.232538
10.232512
10.232485
10.232459
10.232433
10.232406
10.232380
10.232354
10.232328
10.232301
10.232275
10.232249
10.232223
10.232196
10.232170
10.232144
10.232118
10.232091
10.232065
10.232039
10.232013
10.231987
10.231961
10.231934
10.231908
10.231882
10.231856
10.231830
10.231804
10.231777
10.231751
10.231725
10.231699
10.231673
10.231647
10.231620
10.231594
10.231568
10.231542
10.231516
10.231490
10.231463
10.231437
10.231411
10.231385
10.231358
10.231332
10.231306
10.231280
10.231253
10.231227
10.231201
10.231175
10.231148
10.231122
10.231096
10.231069
10.231043
10.231017
10.230990
10.230964
10.230938
10.230911
10.230885
10.230858
10.230832
10.230805
10.230779
10.230752
10.230726
10.230699
10.230673
10.230646
10.230620
10.230593
10.230567
10.230540
10.230513
10.230487
10.230460
10.230433
10.230407
10.230380
10.230353
10.230327
10.230300
10.230273
10.230246
10.230219
10.230192
10.230166
10.230139
10.230112
10.230085
10.230058
10.230031
10.230004
10.229977
10.229950
10.229923
10.229896
10.229869
10.229842
10.229814
10.229787
10.229760
10.229733
10.229706
10.229678
10.229651
10.229624
10.229597
10.229569
10.229542
10.229514
10.229487
10.229459
10.229432
10.229404
10.229377
10.229349
10.229322
10.229294
10.229266
10.229238
10.229211
10.229183
10.229155
10.229127
10.229099
10.229071
10.229043
10.229015
10.228987
10.228958
10.228930
10.228902
10.228873
10.228845
10.228816
10.228787
10.228758
10.228730
10.228701
10.228671
10.228642
10.228613
10.228583
10.228554
10.228524
10.228494
10.228464
10.228434
10.228403
10.228372
10.228341
10.228310
10.228278
10.228246
10.228214
10.228181
10.228147
10.228114
10.228079
10.228044
10.228009
10.227972
10.227935
10.227896
10.227856
10.227815
10.227772
10.227728
10.227681
10.227631
10.227578
10.227521
10.227458
10.227390
10.227312
10.227224
10.227121
10.226996
10.226840
10.226638
10.226370
10.226023
10.225699
10.225492
10.225047
10.224965
10.224379
10.225635
10.226570
10.226327
10.225977
10.225411
10.224292
10.221960
10.265318
10.340004
10.319651
10.996082
11.636818
10.594094
10.592995
10.592425
10.592116
10.591934
10.591814
10.591726
10.591656
10.591596
10.591542
10.591492
10.591445
10.591400
10.591356
10.591315
10.591274
10.591234
10.591196
10.591158
10.591121
10.591084
10.591048
10.591013
10.590978
10.590944
10.590910
10.590877
10.590844
10.590812
10.590780
10.590748
10.590716
10.590685
10.590654
10.590624
10.590594
10.590564
10.590534
10.590504
10.590475
10.590446
10.590417
10.590388
10.590359
10.590331
10.590303
10.590274
10.590246
10.590219
10.590191
10.590163
10.590136
10.590108
10.590081
10.590054
10.590027
10.590000
10.589973
10.589946
10.589920
10.589893
10.589866
10.589840
10.589813
10.589787
10.589761
10.589734
10.589708
10.589682
10.589656
10.589630
10.589604
10.589578
10.589552
10.589527
10.589501
10.589475
10.589449
10.589424
10.589398
10.589373
10.589347
10.589322
10.589296
10.589271
10.589245
10.589220
10.589195
10.589169
10.589144
10.589119
10.589094
10.589069
10.589044
10.589018
10.588993
10.588968
10.588944
10.588919
10.588894
10.588869
10.588844
10.588819
10.588795
10.588770
10.588745
10.588721
10.588696
10.588672
10.588647
10.588623
10.588598
10.588574
10.588550
10.588526
10.588501
10.588477
10.588453
10.588429
10.588405
10.588381
10.588358
10.588334
10.588310
10.588286
10.588263
10.588239
10.588216
10.588192
10.588169
10.588146
10.588123
10.588100
10.588077
10.588054
10.588031
10.588008
10.587985
10.587963
10.587940
10.587918
10.587895
10.587873
10.587851
10.587829
10.587807
10.587785
10.587763
10.587741
10.587719
10.587698
10.587676
10.587655
10.587634
10.587612
10.587591
10.587570
10.587549
10.587528
10.587508
10.587487
10.587467
10.587446
10.587426
10.587406
10.587386
10.587366
10.587346
10.587326
10.587306
10.587286
10.587267
10.587248
10.587228
10.587209
10.587190
10.587171
10.587152
10.587133
10.587114
10.587096
10.587077
10.587059
10.587041
10.587022
10.587004
10.586986
10.586968
10.586950
10.586933
10.586915
10.586897
10.586880
10.586862
10.586845
10.586828
10.586811
10.586794
10.586777
10.586760
10.586743
10.586726
10.586709
10.586693
10.586676
10.586660
10.586644
10.586627
10.586611
10.586595
10.586579
10.586563
10.586547
10.586531
10.586515
10.586499
10.586484
10.586468
10.586452
10.586437
10.586421
10.586406
10.586390
10.586375
10.586360
10.586345
10.586330
10.586314
10.586299
10.586284
10.586269
10.586254
10.586240
10.586225
10.586210
10.586195
10.586180
10.586166
10.586151
10.586136
10.586122
10.586107
10.586093
10.586078
10.586064
10.586049
10.586035
10.586021
10.586006
10.585992
10.585978
10.585963
10.585949
10.585935
10.585921
10.585906
10.585892
10.585878
10.585864
10.585850
10.585836
10.585821
10.585807
10.585793
10.585779
10.585765
10.585751
10.585737
10.585723
10.585709
10.585695
10.585681
10.585667
10.585653
10.585639
10.585625
10.585611
10.585597
10.585583
10.585569
10.585555
10.585541
10.585527
10.585513
10.585499
10.585485
10.585471
10.585457
10.585443
10.585429
10.585415
10.585401
10.585387
10.585373
10.585359
10.585345
10.585331
10.585317
10.585303
10.585289
10.585274
10.585260
10.585246
10.585232
10.585217
10.585203
10.585189
10.585174
10.585160
10.585145
10.585131
10.585116
10.585102
10.585087
10.585072
10.585057
10.585042
10.585027
10.585012
10.584997
10.584982
10.584967
10.584951
10.584936
10.584920
10.584904
10.584888
10.584872
10.584855
10.584839
10.584822
10.584805
10.584787
10.584769
10.584751
10.584732
10.584713
10.584693
10.584673
10.584652
10.584629
10.584606
10.584582
10.584555
10.584527
10.584496
10.584462
10.584424
10.584380
10.584328
10.584265
10.584186
10.584081
10.583941
10.583760
10.583580
10.583439
10.583293
10.583123
10.582938
10.582715
10.582457
10.582081
10.580273
10.408163
10.407112
10.406547
10.406230
10.406040
10.405918
10.405831
10.405766
10.405713
10.405667
10.405627
10.405590
10.405555
10.405522
10.405490
10.405459
10.405429
10.405400
10.405371
10.405343
10.405315
10.405288
10.405261
10.405234
10.405208
10.405182
10.405156
10.405131
10.405106
10.405082
10.405057
10.405033
10.405009
10.404986
10.404962
10.404939
10.404916
10.404893
10.404871
10.404848
10.404826
10.404804
10.404782
10.404760
10.404739
10.404718
10.404696
10.404675
10.404654
10.404633
10.404612
10.404592
10.404571
10.404551
10.404531
10.404510
10.404490
10.404470
10.404450
10.404430
10.404411
10.404391
10.404371
10.404352
10.404332
10.404313
10.404294
10.404274
10.404255
10.404236
10.404217
10.404198
10.404179
10.404160
10.404141
10.404122
10.404103
10.404085
10.404066
10.404047
10.404029
10.404010
10.403992
10.403973
10.403955
10.403936
10.403918
10.403899
10.403881
10.403863
10.403844
10.403826
10.403808
10.403789
10.403771
10.403753
10.403735
10.403717
10.403699
10.403680
10.403662
10.403644
10.403626
10.403608
10.403590
10.403572
10.403554
10.403536
10.403518
10.403500
10.403482
10.403464
10.403446
10.403428
10.403410
10.403392
10.403374
10.403356
10.403338
10.403320
10.403302
10.403284
10.403266
10.403248
10.403230
10.403212
10.403194
10.403176
10.403158
10.403140
10.403122
10.403104
10.403086
10.403068
10.403050
10.403032
10.403014
10.402996
10.402978
10.402960
10.402942
10.402924
10.402906
10.402888
10.402870
10.402852
10.402834
10.402816
10.402798
10.402780
10.402762
10.402743
10.402725
10.402707
10.402689
10.402671
10.402653
10.402635
10.402616
10.402598
10.402580
10.402562
10.402544
10.402525
10.402507
10.402489
10.402471
10.402452
10.402434
10.402416
10.402397
10.402379
10.402361
10.402342
10.402324
10.402305
10.402287
10.402269
10.402250
10.402232
10.402213
10.402195
10.402176
10.402158
10.402139
10.402121
10.402102
10.402083
10.402065
10.402046
10.402028
10.402009
10.401990
10.401972
10.401953
10.401934
10.401915
10.401897
10.401878
10.401859
10.401840
10.401821
10.401803
10.401784
10.401765
10.401746
10.401727
10.401708
10.401689
10.401670
10.401651
10.401632
10.401613
10.401594
10.401575
10.401556
10.401537
10.401518
10.401499
10.401480
10.401460
10.401441
10.401422
10.401403
10.401383
10.401364
10.401345
10.401326
10.401306
10.401287
10.401268
10.401248
10.401229
10.401209
10.401190
10.401170
10.401151
10.401131
10.401112
10.401092
10.401073
10.401053
10.401034
10.401014
10.400994
10.400975
10.400955
10.400935
10.400916
10.400896
10.400876
10.400856
10.400837
10.400817
10.400797
10.400777
10.400757
10.400737
10.400717
10.400698
10.400678
10.400658
10.400638
10.400618
10.400598
10.400578
10.400558
10.400538
10.400517
10.400497
10.400477
10.400457
10.400437
10.400417
10.400397
10.400376
10.400356
10.400336
10.400316
10.400295
10.400275
10.400255
10.400235
10.400214
10.400194
10.400173
10.400153
10.400133
10.400112
10.400092
10.400071
10.400051
10.400031
10.400010
10.399990
10.399969
10.399949
10.399928
10.399907
10.399887
10.399866
10.399846
10.399825
10.399805
10.399784
10.399763
10.399743
10.399722
10.399701
10.399681
10.399660
10.399639
10.399619
10.399598
10.399577
10.399556
10.399536
10.399515
10.399494
10.399473
10.399453
10.399432
10.399411
10.399390
10.399369
10.399349
10.399328
10.399307
10.399286
10.399265
10.399244
10.399224
10.399203
10.399182
10.399161
10.399140
10.399119
10.399098
10.399078
10.399057
10.399036
10.399015
10.398994
10.398973
10.398952
10.398931
10.398911
10.398890
10.398869
10.398848
10.398827
10.398806
10.398785
10.398764
10.398744
10.398723
10.398702
10.398681
10.398660
10.398639
10.398619
10.398598
10.398577
10.398556
10.398535
10.398514
10.398494
10.398473
10.398452
10.398431
10.398411
10.398390
10.398369
10.398348
10.398328
10.398307
10.398286
10.398266
10.398245
10.398224
10.398204
10.398183
10.398163
10.398142
10.398121
10.398101
10.398080
10.398060
10.398039
10.398019
10.397998
10.397978
10.397957
10.397937
10.397916
10.397896
10.397876
10.397855
10.397835
10.397815
10.397795
10.397774
10.397754
10.397734
10.397714
10.397693
10.397673
10.397653
10.397633
10.397613
10.397593
10.397573
10.397553
10.397533
10.397513
10.397493
10.397473
10.397453
10.397434
10.397414
10.397394
10.397374
10.397355
10.397335
10.397315
10.397296
10.397276
10.397256
10.397237
10.397217
10.397198
10.397179
10.397159
10.397140
10.397120
10.397101
10.397082
10.397063
10.397043
10.397024
10.397005
10.396986
10.396967
10.396948
10.396929
10.396910
10.396891
10.396872
10.396853
10.396835
10.396816
10.396797
10.396778
10.396760
10.396741
10.396723
10.396704
10.396686
10.396667
10.396649
10.396630
10.396612
10.396594
10.396575
10.396557
10.396539
10.396521
10.396503
10.396485
10.396467
10.396449
10.396431
10.396413
10.396395
10.396377
10.396359
10.396341
10.396324
10.396306
10.396288
10.396271
10.396253
10.396236
10.396218
10.396201
10.396183
10.396166
10.396149
10.396131
10.396114
10.396097
10.396080
10.396063
10.396046
10.396029
10.396012
10.395995
10.395978
10.395961
10.395944
10.395927
10.395910
10.395893
10.395877
10.395860
10.395843
10.395827
10.395810
10.395794
10.395777
10.395761
10.395744
10.395728
10.395711
10.395695
10.395679
10.395662
10.395646
10.395630
10.395614
10.395597
10.395581
10.395565
10.395549
10.395533
10.395517
10.395501
10.395485
10.395469
10.395453
10.395437
10.395421
10.395405
10.395389
10.395373
10.395357
10.395341
10.395325
10.395309
10.395293
10.395278
10.395262
10.395246
10.395230
10.395214
10.395198
10.395182
10.395166
10.395150
10.395134
10.395118
10.395102
10.395086
10.395070
10.395054
10.395038
10.395022
10.395006
10.394989
10.394973
10.394957
10.394940
10.394924
10.394907
10.394890
10.394873
10.394856
10.394839
10.394822
10.394805
10.394787
10.394770
10.394752
10.394734
10.394716
10.394697
10.394678
10.394659
10.394640
10.394620
10.394600
10.394580
10.394559
10.394538
10.394516
10.394494
10.394471
10.394447
10.394422
10.394397
10.394370
10.394343
10.394314
10.394284
10.394252
10.394218
10.394182
10.394144
10.394103
10.394059
10.394011
10.393959
10.393902
10.393840
10.393773
10.393700
10.393622
10.393541
10.393459
10.393375
10.393291
10.393204
10.393113
10.393016
10.392914
10.392806
10.392691
10.392570
10.392442
10.392307
10.392163
10.392011
10.391851
10.391681
10.391502
10.391313
10.391113
10.390902
10.390680
10.390445
10.390197
10.389937
10.389662
10.389373
10.389069
10.388749
10.388411
10.388055
10.387679
10.387281
10.386858
10.386405
10.385915
10.385372
10.384717
10.383088
10.263220
10.052318
15.234564
12.939589
11.886330
12.733736
10.933349
11.432266
11.200774
11.316210
10.618216
10.577663
10.576757
10.576367
10.576116
10.575946
10.575824
10.575730
10.575653
10.575586
10.575527
10.575472
10.575421
10.575373
10.575328
10.575284
10.575242
10.575202
10.575163
10.575125
10.575089
10.575054
10.575019
10.574986
10.574954
10.574922
10.574892
10.574862
10.574833
10.574804
10.574776
10.574749
10.574722
10.574696
10.574671
10.574646
10.574621
10.574597
10.574573
10.574550
10.574527
10.574504
10.574482
10.574460
10.574438
10.574417
10.574396
10.574376
10.574355
10.574335
10.574315
10.574296
10.574276
10.574257
10.574238
10.574220
10.574201
10.574183
10.574165
10.574147
10.574129
10.574111
10.574094
10.574077
10.574059
10.574042
10.574026
10.574009
10.573992
10.573976
10.573959
10.573943
10.573927
10.573911
10.573895
10.573879
10.573863
10.573847
10.573832
10.573816
10.573800
10.573785
10.573770
10.573754
10.573739
10.573724
10.573709
10.573694
10.573679
10.573663
10.573648
10.573633
10.573619
10.573604
10.573589
10.573574
10.573559
10.573544
10.573529
10.573514
10.573499
10.573484
10.573469
10.573454
10.573440
10.573425
10.573409
10.573394
10.573379
10.573364
10.573349
10.573334
10.573318
10.573303
10.573287
10.573272
10.573256
10.573240
10.573224
10.573208
10.573192
10.573176
10.573160
10.573143
10.573126
10.573109
10.573092
10.573075
10.573057
10.573040
10.573022
10.573003
10.572985
10.572966
10.572947
10.572927
10.572907
10.572887
10.572866
10.572845
10.572823
10.572800
10.572777
10.572754
10.572729
10.572704
10.572678
10.572651
10.572623
10.572594
10.572563
10.572531
10.572497
10.572461
10.572424
10.572383
10.572340
10.572294
10.572244
10.572189
10.572129
10.572062
10.571986
10.571900
10.571799
10.571680
10.571532
10.571344
10.571087
10.570704
10.570033
10.568439
10.564777
10.566247
10.560553
10.390412
10.388337
10.385220
10.380134
10.379175
10.378335
10.377826
10.375989
10.374300
10.370842
10.201896
11.070206
10.958843
11.084428
11.275127
11.853423
12.529411
13.208387
10.094869
13.045486
12.232082
12.291001
10.573703
9.733196
9.674454
10.339963
9.828918
9.441279
9.443886
9.463416
10.455699
10.296585
10.704842
10.645294
9.567729
9.494468
9.784359
10.336571
10.492728
9.505664
9.553628
9.517948
9.311991
9.665373
9.603381
10.792467
10.698099
9.902892
9.665528
9.637976
9.406850
10.508959
9.720595
9.449241
9.273705
9.339127
9.231535
9.223917
9.222847
9.222331
9.222040
9.221845
9.221671
9.221503
9.221343
9.221189
9.221043
9.220903
9.220770
9.220643
9.220522
9.220406
9.220295
9.220189
9.220087
9.219989
9.219894
9.219803
9.219715
9.219631
9.219549
9.219470
9.219394
9.219320
9.219249
9.219179
9.219112
9.219047
9.218983
9.218921
9.218862
9.218803
9.218747
9.218691
9.218637
9.218585
9.218534
9.218484
9.218435
9.218388
9.218341
9.218296
9.218251
9.218208
9.218165
9.218123
9.218083
9.218043
9.218004
9.217965
9.217928
9.217891
9.217854
9.217819
9.217784
9.217749
9.217716
9.217683
9.217650
9.217618
9.217586
9.217555
9.217525
9.217494
9.217465
9.217436
9.217407
9.217378
9.217350
9.217323
9.217295
9.217268
9.217242
9.217216
9.217190
9.217164
9.217139
9.217114
9.217089
9.217065
9.217040
9.217017
9.216993
9.216969
9.216946
9.216923
9.216901
9.216878
9.216856
9.216834
9.216812
9.216790
9.216768
9.216747
9.216726
9.216705
9.216684
9.216663
9.216642
9.216622
9.216602
9.216582
9.216561
9.216542
9.216522
9.216502
9.216483
9.216463
9.216444
9.216425
9.216405
9.216386
9.216367
9.216348
9.216330
9.216311
9.216292
9.216274
9.216255
9.216237
9.216218
9.216200
9.216182
9.216163
9.216145
9.216127
9.216109
9.216091
9.216072
9.216054
9.216036
9.216018
9.216000
9.215982
9.215964
9.215946
9.215927
9.215909
9.215891
9.215873
9.215854
9.215836
9.215817
9.215798
9.215779
9.215760
9.215741
9.215722
9.215702
9.215683
9.215663
9.215642
9.215622
9.215601
9.215580
9.215558
9.215535
9.215513
9.215489
9.215465
9.215440
9.215414
9.215388
9.215360
9.215330
9.215300
9.215267
9.215233
9.215197
9.215158
9.215116
9.215070
9.215021
9.214966
9.214906
9.214838
9.214761
9.214671
9.214563
9.214426
9.214233
9.213893
9.212857
9.209477
9.207910
10.723159
11.547447
11.480178
11.452416
11.438458
11.430657
11.425976
11.423021
11.421082
11.419769
11.418857
11.418210
11.417740
11.417393
11.417133
11.416934
11.416779
11.416656
11.416558
11.416478
11.416411
11.416355
11.416307
11.416265
11.416228
11.416196
11.416167
11.416140
11.416115
11.416093
11.416072
11.416052
11.416033
11.416015
11.415998
11.415982
11.415966
11.415950
11.415935
11.415921
11.415906
11.415892
11.415878
11.415864
11.415849
11.415835
11.415821
11.415807
11.415793
11.415779
11.415764
11.415749
11.415734
11.415719
11.415703
11.415687
11.415670
11.415653
11.415635
11.415616
11.415597
11.415576
11.415555
11.415533
11.415509
11.415484
11.415458
11.415429
11.415399
11.415366
11.415331
11.415292
11.415250
11.415203
11.415152
11.415094
11.415029
11.414955
11.414869
11.414769
11.414650
11.414506
11.414328
11.414099
11.413789
11.413330
11.412576
11.412210
11.410920
11.410055
11.122007
9.989398
10.187256
10.756016
11.605219
10.677819
11.768592
10.404109
11.357274
10.228505
10.222525
10.219280
10.217517
10.216446
10.215665
10.214994
10.214364
10.213746
10.213134
10.212522
10.211910
10.211296
10.210678
10.210051
10.209410
10.208745
10.208044
10.207285
10.206435
10.205437
10.204182
10.202438
10.199601
10.194225
10.181558
11.499783
10.860904
10.486700
9.595628
9.701571
9.690803
9.562667
9.878146
9.571968
9.538046
9.413873
9.695761
9.239676
9.231962
9.228879
9.226895
9.224958
9.223627
9.222214
9.221246
9.220260
9.219519
9.218832
9.218262
9.217759
9.217322
9.216938
9.216597
9.216294
9.216022
9.215777
9.215554
9.215351
9.215163
9.214990
9.214828
9.214675
9.214531
9.214394
9.214261
9.214132
9.214005
9.213877
9.213745
9.213603
9.213442
9.213240
9.212935
9.212313
9.210266
10.658306
12.254123
12.189531
11.161557
10.112419
9.617560
9.584035
9.797996
9.920502
9.437404
12.436487
9.456011
11.366383
11.868863
11.597009
10.748833
10.073916
10.906670
11.597369
11.270980
10.378430
9.703160
9.375012
9.289701
9.521896
9.242464
9.709700
9.226226
9.220056
9.217548
9.216332
9.215205
9.214199
9.213197
9.212225
9.211227
9.210203
9.209110
9.207932
9.206627
9.205158
9.203466
9.201484
9.199108
9.196202
9.192555
9.187850
9.181572
9.172848
9.160059
9.139903
9.104159
9.026756
8.804095
7.532190
8.677197
8.678972
10.685329
12.678691
13.636546
13.362259
13.300881
11.878317
12.143791
11.972910
12.420111
12.202608
10.878819
9.828302
9.575084
8.736440
10.241623
9.882617
10.078174
10.349453
8.230722
12.739436
13.446366
12.836278
12.746774
9.978286
10.508228
10.012224
11.400870
11.239432
11.475968
11.707979
12.543697
11.121749
10.827749
10.316423
11.090125
10.291452
11.195138
11.498749
10.926085
12.431812
11.037652
10.007821
9.711369
9.886962
10.048126
9.490149
9.467823
9.488943
9.441424
9.439258
9.437632
9.436403
9.435369
9.434471
9.433678
9.432972
9.432341
9.431776
9.431270
9.430816
9.430409
9.430043
9.429713
9.429417
9.429150
9.428908
9.428690
9.428490
9.428309
9.428142
9.427988
9.427844
9.427708
9.427577
9.427444
9.427287
9.426971
10.646536
11.804148
10.389183
9.580530
9.236257
9.228378
9.221969
9.220847
9.220176
9.219694
9.219304
9.218964
9.218659
9.218378
9.218117
9.217870
9.217636
9.217409
9.217188
9.216969
9.216750
9.216529
9.216303
9.216068
9.215822
9.215560
9.215280
9.214975
9.214640
9.214269
9.213856
9.213395
9.212880
9.212305
9.211669
9.210967
9.210213
9.209341
9.208816
9.205281
9.567988
10.227536
11.244471
12.238172
11.275019
9.557097
9.870877
9.243882
9.850408
9.880850
9.783702
9.241504
9.432404
9.424333
9.417519
11.169755
10.260925
9.248873
9.224144
9.210186
9.210476
9.866184
9.898528
9.759735
9.222760
9.213064
9.757209
9.218076
9.211826
9.723841
9.219962
9.217730
9.216885
9.216482
9.216204
9.215925
9.215569
9.215032
9.213993
9.210230
9.424251
9.425658
9.423790
9.419944
10.856216
11.348046
11.296120
11.278110
11.269023
11.264011
11.261075
11.259278
11.258140
11.257401
11.256909
11.256576
11.256345
11.256182
11.256064
11.255978
11.255913
11.255863
11.255823
11.255790
11.255762
11.255739
11.255718
11.255699
11.255681
11.255665
11.255650
11.255635
11.255621
11.255608
11.255595
11.255582
11.255569
11.255557
11.255545
11.255533
11.255521
11.255510
11.255498
11.255487
11.255476
11.255465
11.255454
11.255443
11.255432
11.255422
11.255411
11.255401
11.255391
11.255380
11.255370
11.255360
11.255350
11.255340
11.255330
11.255321
11.255311
11.255301
11.255292
11.255282
11.255273
11.255264
11.255254
11.255245
11.255236
11.255227
11.255218
11.255209
11.255200
11.255191
11.255182
11.255173
11.255165
11.255156
11.255147
11.255139
11.255130
11.255122
11.255113
11.255105
11.255097
11.255088
11.255080
11.255072
11.255064
11.255056
11.255048
11.255040
11.255032
11.255024
11.255016
11.255008
11.255001
11.254993
11.254985
11.254978
11.254970
11.254963
11.254955
11.254948
11.254940
11.254933
11.254925
11.254918
11.254911
11.254904
11.254897
11.254889
11.254882
11.254875
11.254868
11.254861
11.254854
11.254847
11.254840
11.254834
11.254827
11.254820
11.254813
11.254807
11.254800
11.254793
11.254787
11.254780
11.254774
11.254767
11.254761
11.254754
11.254748
11.254742
11.254735
11.254729
11.254723
11.254716
11.254710
11.254704
11.254698
11.254692
11.254686
11.254680
11.254674
11.254668
11.254662
11.254656
11.254650
11.254644
11.254638
11.254633
11.254627
11.254621
11.254615
11.254610
11.254604
11.254598
11.254593
11.254587
11.254582
11.254576
11.254571
11.254565
11.254560
11.254554
11.254549
11.254544
11.254538
11.254533
11.254528
11.254522
11.254517
11.254512
11.254507
11.254502
11.254496
11.254491
11.254486
11.254481
11.254476
11.254471
11.254466
11.254461
11.254456
11.254451
11.254447
11.254442
11.254437
11.254432
11.254427
11.254422
11.254418
11.254413
11.254408
11.254404
11.254399
11.254394
11.254390
11.254385
11.254380
11.254376
11.254371
11.254367
11.254362
11.254358
11.254353
11.254349
11.254344
11.254340
11.254336
11.254331
11.254327
11.254323
11.254318
11.254314
11.254310
11.254306
11.254301
11.254297
11.254293
11.254289
11.254285
11.254281
11.254276
11.254272
11.254268
11.254264
11.254260
11.254256
11.254252
11.254248
11.254244
11.254240
11.254236
11.254232
11.254228
11.254224
11.254221
11.254217
11.254213
11.254209
11.254205
11.254201
11.254198
11.254194
11.254190
11.254186
11.254183
11.254179
11.254175
11.254172
11.254168
11.254164
11.254161
11.254157
11.254153
11.254150
11.254146
11.254143
11.254139
11.254136
11.254132
11.254128
11.254125
11.254122
11.254118
11.254115
11.254111
11.254108
11.254104
11.254101
11.254098
11.254094
11.254091
11.254087
11.254084
11.254081
11.254077
11.254074
11.254071
11.254068
11.254064
11.254061
11.254058
11.254055
11.254051
11.254048
11.254045
11.254042
11.254039
11.254035
11.254032
11.254029
11.254026
11.254023
11.254020
11.254017
11.254014
11.254010
11.254007
11.254004
11.254001
11.253998
11.253995
11.253992
11.253989
11.253986
11.253983
11.253980
11.253977
11.253974
11.253971
11.253968
11.253965
11.253963
11.253960
11.253957
11.253954
11.253951
11.253948
11.253945
11.253942
11.253940
11.253937
11.253934
11.253931
11.253928
11.253925
11.253923
11.253920
11.253917
11.253914
11.253912
11.253909
11.253906
11.253903
11.253901
11.253898
11.253895
11.253892
11.253890
11.253887
11.253884
11.253882
11.253879
11.253876
11.253874
11.253871
11.253868
11.253866
11.253863
11.253861
11.253858
11.253855
11.253853
11.253850
11.253848
11.253845
11.253842
11.253840
11.253837
11.253835
11.253832
11.253830
11.253827
11.253825
11.253822
11.253820
11.253817
11.253815
11.253812
11.253810
11.253807
11.253805
11.253802
11.253800
11.253797
11.253795
11.253792
11.253790
11.253788
11.253785
11.253783
11.253780
11.253778
11.253775
11.253773
11.253771
11.253768
11.253766
11.253764
11.253761
11.253759
11.253756
11.253754
11.253752
11.253749
11.253747
11.253745
11.253742
11.253740
11.253738
11.253735
11.253733
11.253731
11.253729
11.253726
11.253724
11.253722
11.253719
11.253717
11.253715
11.253713
11.253710
11.253708
11.253706
11.253704
11.253701
11.253699
11.253697
11.253695
11.253692
11.253690
11.253688
11.253686
11.253684
11.253681
11.253679
11.253677
11.253675
11.253673
11.253670
11.253668
11.253666
11.253664
11.253662
11.253660
11.253657
11.253655
11.253653
11.253651
11.253649
11.253647
11.253645
11.253642
11.253640
11.253638
11.253636
11.253634
11.253632
11.253630
11.253628
11.253626
11.253623
11.253621
11.253619
11.253617
11.253615
11.253613
11.253611
11.253609
11.253607
11.253605
11.253603
11.253601
11.253599
11.253597
11.253595
11.253592
11.253590
11.253588
11.253586
11.253584
11.253582
11.253580
11.253578
11.253576
11.253574
11.253572
11.253570
11.253568
11.253566
11.253564
11.253562
11.253560
11.253558
11.253556
11.253554
11.253552
11.253550
11.253548
11.253546
11.253544
11.253542
11.253540
11.253538
11.253536
11.253534
11.253532
11.253531
11.253529
11.253527
11.253525
11.253523
11.253521
11.253519
11.253517
11.253515
11.253513
11.253511
11.253509
11.253507
11.253505
11.253503
11.253502
11.253500
11.253498
11.253496
11.253494
11.253492
11.253490
11.253488
11.253486
11.253484
11.253482
11.253481
11.253479
11.253477
11.253475
11.253473
11.253471
11.253469
11.253467
11.253466
11.253464
11.253462
11.253460
11.253458
11.253456
11.253454
11.253452
11.253451
11.253449
11.253447
11.253445
11.253443
11.253441
11.253440
11.253438
11.253436
11.253434
11.253432
11.253430
11.253428
11.253427
11.253425
11.253423
11.253421
11.253419
11.253418
11.253416
11.253414
11.253412
11.253410
11.253408
11.253407
11.253405
11.253403
11.253401
11.253399
11.253398
11.253396
11.253394
11.253392
11.253390
11.253389
11.253387
11.253385
11.253383
11.253381
11.253380
11.253378
11.253376
11.253374
11.253373
11.253371
11.253369
11.253367
11.253365
11.253364
11.253362
11.253360
11.253358
11.253357
11.253355
11.253353
11.253351
11.253350
11.253348
11.253346
11.253344
11.253342
11.253341
11.253339
11.253337
11.253335
11.253334
11.253332
11.253330
11.253328
11.253327
11.253325
11.253323
11.253322
11.253320
11.253318
11.253316
11.253315
11.253313
11.253311
11.253309
11.253308
11.253306
11.253304
11.253302
11.253301
11.253299
11.253297
11.253296
11.253294
11.253292
11.253290
11.253289
11.253287
11.253285
11.253284
11.253282
11.253280
11.253278
11.253277
11.253275
11.253273
11.253272
11.253270
11.253268
11.253266
11.253265
11.253263
11.253261
11.253260
11.253258
11.253256
11.253255
11.253253
11.253251
11.253249
11.253248
11.253246
11.253244
11.253243
11.253241
11.253239
11.253238
11.253236
11.253234
11.253233
11.253231
11.253229
11.253228
11.253226
11.253224
11.253222
11.253221
11.253219
11.253217
11.253216
11.253214
11.253212
11.253211
11.253209
11.253207
11.253206
11.253204
11.253202
11.253201
11.253199
11.253197
11.253196
11.253194
11.253192
11.253191
11.253189
11.253187
11.253186
11.253184
11.253182
11.253181
11.253179
11.253177
11.253176
11.253174
11.253172
11.253171
11.253169
11.253167
11.253166
11.253164
11.253162
11.253161
11.253159
11.253157
11.253156
11.253154
11.253152
11.253151
11.253149
11.253147
11.253146
11.253144
11.253142
11.253141
11.253139
11.253137
11.253136
11.253134
11.253132
11.253131
11.253129
11.253127
11.253126
11.253124
11.253122
11.253121
11.253119
11.253117
11.253116
11.253114
11.253112
11.253111
11.253109
11.253107
11.253106
11.253104
11.253102
11.253101
11.253099
11.253097
11.253096
11.253094
11.253092
11.253091
11.253089
11.253087
11.253086
11.253084
11.253082
11.253081
11.253079
11.253077
11.253076
11.253074
11.253072
11.253071
11.253069
11.253067
11.253066
11.253064
11.253062
11.253061
11.253059
11.253057
11.253056
11.253054
11.253052
11.253050
11.253049
11.253047
11.253045
11.253044
11.253042
11.253040
11.253039
11.253037
11.253035
11.253034
11.253032
11.253030
11.253028
11.253027
11.253025
11.253023
11.253022
11.253020
11.253018
11.253016
11.253015
11.253013
11.253011
11.253010
11.253008
11.253006
11.253004
11.253003
11.253001
11.252999
11.252997
11.252996
11.252994
11.252992
11.252990
11.252989
11.252987
11.252985
11.252983
11.252982
11.252980
11.252978
11.252976
11.252975
11.252973
11.252971
11.252969
11.252968
11.252966
11.252964
11.252962
11.252960
11.252959
11.252957
11.252955
11.252953
11.252951
11.252950
11.252948
11.252946
11.252944
11.252942
11.252940
11.252939
11.252937
11.252935
11.252933
11.252931
11.252929
11.252927
11.252926
11.252924
11.252922
11.252920
11.252918
11.252916
11.252914
11.252912
11.252910
11.252908
11.252907
11.252905
11.252903
11.252901
11.252899
11.252897
11.252895
11.252893
11.252891
11.252889
11.252887
11.252885
11.252883
11.252881
11.252879
11.252877
11.252875
11.252873
11.252871
11.252869
11.252867
11.252864
11.252862
11.252860
11.252858
11.252856
11.252854
11.252852
11.252850
11.252847
11.252845
11.252843
11.252841
11.252839
11.252836
11.252834
11.252832
11.252830
11.252827
11.252825
11.252823
11.252821
11.252818
11.252816
11.252814
11.252811
11.252809
11.252806
11.252804
11.252802
11.252799
11.252797
11.252794
11.252792
11.252789
11.252787
11.252784
11.252781
11.252779
11.252776
11.252774
11.252771
11.252768
11.252765
11.252763
11.252760
11.252757
11.252754
11.252751
11.252749
11.252746
11.252743
11.252740
11.252737
11.252734
11.252731
11.252728
11.252724
11.252721
11.252718
11.252715
11.252711
11.252708
11.252705
11.252701
11.252698
11.252694
11.252691
11.252687
11.252684
11.252680
11.252676
11.252672
11.252668
11.252664
11.252660
11.252656
11.252652
11.252648
11.252644
11.252639
11.252635
11.252630
11.252626
11.252621
11.252616
11.252611
11.252606
11.252601
11.252596
11.252591
11.252585
11.252580
11.252574
11.252568
11.252562
11.252556
11.252550
11.252544
11.252537
11.252530
11.252523
11.252516
11.252509
11.252501
11.252493
11.252485
11.252477
11.252468
11.252459
11.252450
11.252441
11.252431
11.252421
11.252410
11.252399
11.252387
11.252375
11.252363
11.252350
11.252336
11.252322
11.252307
11.252291
11.252274
11.252257
11.252238
11.252219
11.252198
11.252176
11.252152
11.252127
11.252100
11.252071
11.252039
11.252005
11.251968
11.251928
11.251883
11.251834
11.251779
11.251718
11.251648
11.251568
11.251475
11.251366
11.251234
11.251072
11.250864
11.250584
11.250178
11.249510
11.248079
11.237974
10.464662
11.066349
12.386043
13.030425
11.279468
11.616279
9.840864
10.227691
13.706371
13.080529
13.027282
12.343106
11.734203
12.200689
13.316897
13.260486
11.975161
13.179309
12.720680
10.038417
9.673820
9.887105
10.020719
9.348446
9.296838
9.266350
9.252305
9.246720
9.243450
9.241496
9.239744
9.238281
9.236892
9.235584
9.234324
9.233106
9.231919
9.230759
9.229624
9.228511
9.227422
9.226357
9.225321
9.224316
9.223347
9.222418
9.221532
9.220694
9.219906
9.219170
9.218487
9.217856
9.217277
9.216749
9.216268
9.215832
9.215438
9.215083
9.214762
9.214474
9.214214
9.213981
9.213770
9.213580
9.213409
9.213254
9.213113
9.212985
9.212869
9.212763
9.212665
9.212576
9.212493
9.212417
9.212347
9.212281
9.212220
9.212163
9.212109
9.212058
9.212010
9.211965
9.211922
9.211881
9.211841
9.211804
9.211767
9.211732
9.211698
9.211666
9.211634
9.211602
9.211572
9.211542
9.211513
9.211484
9.211455
9.211427
9.211399
9.211371
9.211343
9.211315
9.211288
9.211260
9.211232
9.211204
9.211175
9.211147
9.211117
9.211088
9.211058
9.211027
9.210996
9.210964
9.210932
9.210898
9.210864
9.210828
9.210791
9.210753
9.210713
9.210672
9.210629
9.210584
9.210536
9.210487
9.210434
9.210378
9.210319
9.210256
9.210189
9.210116
9.210038
9.209953
9.209860
9.209758
9.209646
9.209521
9.209381
9.209222
9.209040
9.208828
9.208580
9.208281
9.207913
9.207448
9.206834
9.205977
9.204670
9.202346
9.196434
9.045969
7.600534
5.272949
9.507160
9.256713
8.990105
8.064495
11.327424
10.958253
10.943091
10.936837
10.933570
10.931410
10.929639
10.927937
10.926118
10.924002
10.921204
11.091127
11.208132
10.077031
9.235649
9.216190
9.202018
9.166216
7.753901
9.913884
11.453070
11.319776
11.073582
11.099241
11.705624
11.782975
12.040078
12.825875
11.619690
12.031065
11.109611
11.069214
11.410949
9.642659
8.252687
9.497918
7.862132
7.220601
6.356106
7.176623
8.195591
7.497880
7.692837
7.374301
7.397359
6.271372
9.371853
6.121876
5.411266
5.412830
6.126993
8.130644
7.349961
4.933080
6.004515
5.972284
5.137145
8.459477
6.403053
4.516553
4.832624
4.348952
5.455339
8.065443
7.045438
7.510066
6.277624
4.952259
5.996498
5.173627
5.893466
8.008953
6.038201
6.479220
6.713247
6.809638
5.041274
5.248418
6.738818
5.241377
5.076130
4.616802
5.620988
5.691548
6.410432
5.231914
4.621079
4.064479
7.089992
5.881035
6.434174
8.806875
5.841946
6.088937
6.719403
6.977539
5.779279
3.952111
4.235982
5.861025
6.462798
14.441950
13.331625
12.753889
8.881655
6.913085
4.920211
4.795509
4.505059
6.591099
9.492629
7.105031
9.545942
7.674490
4.414812
4.042448
8.566840
4.050018
9.880299
10.897046
6.566475
6.275590
5.089113
6.285676
7.832147
4.075161
4.169179
5.795404
6.760589
9.492642
8.716864
6.495548
5.444738
6.218261
5.939902
3.537322
3.843790
9.025243
12.083287
9.724946
9.265049
6.670452
4.342909
4.088012
8.254660
8.998263
7.689198
5.161007
6.659395
8.150289
8.174886
7.470508
9.812212
8.531091
4.783972
4.364462
5.527617
4.750410
4.498475
5.355707
9.001125
8.634377
8.844059
5.476052
6.062646
8.001242
5.965352
7.956354
7.181824
8.236276
5.886447
8.933048
6.867336
4.141044
3.859449
6.454923
6.963157
7.572080
6.985528
8.535325
6.986313
8.893309
7.238069
9.713387
7.592785
6.454308
4.766739
3.995315
3.739566
4.324371
4.768613
9.535559
9.827014
7.147915
7.887493
10.483538
13.469320
12.719719
12.620782
12.567752
12.496218
12.165748
11.548112
9.534859
9.145373
8.844540
7.326021
7.397462
11.885614
10.753154
9.713844
8.253198
5.945629
5.685527
9.296263
7.872392
6.465737
6.670137
9.085871
7.641557
7.198217
8.985731
6.431986
10.970213
9.558315
7.831458
9.079739
7.441885
5.144836
4.990856
7.438224
5.963738
6.949754
8.434172
10.198954
7.785024
6.275267
9.038150
10.775275
5.412320
6.763924
6.341638
4.904233
5.291672
3.707224
5.617952
5.092360
4.866237
6.237158
8.600104
7.027032
8.795487
8.755901
6.036432
4.845536
7.137389
8.808545
8.914802
11.104172
7.915697
6.804887
5.670190
5.033650
4.004183
5.493413
4.641269
11.524570
7.456018
7.279590
5.064165
7.103818
7.728109
4.478286
3.868415
3.851228
3.791824
3.569914
3.640417
7.847014
11.764861
11.071556
5.685500
5.083310
8.109576
5.387700
6.630035
8.208260
3.819924
3.532444
3.329422
5.385223
6.528063
7.362843
8.632692
5.747135
6.888689
5.199513
6.693454
7.358090
9.127581
5.595391
5.333589
4.492352
7.987183
5.007498
9.739700
6.538860
4.624533
5.007484
4.294248
3.503161
3.332410
3.257171
3.285661
8.230421
6.286974
7.044281
13.843448
8.235467
7.472004
7.214925
8.691528
5.251104
3.847793
3.946252
4.524948
3.537031
3.419496
3.427373
3.385751
4.067967
11.228477
7.559361
5.069638
7.605562
5.976633
6.886192
6.709445
7.109813
4.353169
4.719161
5.562439
5.195299
4.385684
9.881445
7.004838
6.536914
4.424579
3.659635
6.542595
7.792492
3.930573
3.765485
7.515899
8.796080
11.957207
12.624200
7.800656
7.895402
6.560084
11.071054
6.399482
6.393177
6.946434
3.931984
4.467540
4.280901
7.611471
8.083664
6.692907
9.961512
4.669260
6.833196
6.695286
5.171976
5.387625
4.184816
3.373391
3.392589
3.387725
9.222249
8.582442
6.114186
10.455692
8.590615
5.730680
6.111311
4.588918
5.469368
6.874981
5.250996
5.253832
4.995543
4.235453
3.598432
3.550605
5.773085
5.440093
5.252393
4.920785
3.853735
6.093833
7.284993
6.666979
6.392198
5.270072
8.000764
9.014735
7.333083
10.543159
7.033240
5.170468
11.527473
4.532474
4.107303
4.163871
4.285182
5.315173
15.476068
9.191565
6.031358
8.966527
4.099688
4.385934
4.887235
7.551235
5.289549
3.953739
11.241850
6.576934
11.810720
10.386834
8.323757
5.200188
11.799310
11.262459
10.038281
9.651946
7.239313
6.130726
4.203513
9.830823
10.029268
9.535663
8.219503
7.215204
4.661193
6.182855
3.910640
3.485636
3.788411
6.610667
6.031128
6.087895
6.480016
5.645445
6.632207
5.129795
3.855104
4.022584
7.267141
9.477695
5.090881
4.519257
3.908725
3.703884
6.621514
5.965177
3.554219
5.862704
4.413408
7.869197
10.166535
8.407303
5.373985
4.732938
8.644387
4.879413
4.694723
3.469935
6.042271
10.516713
5.799713
4.384486
6.096878
9.929334
7.797244
5.725987
3.845940
8.721931
3.589117
6.338626
7.210300
8.959568
11.609352
9.027124
6.033920
7.519381
6.691934
10.176930
9.611458
7.015533
5.873417
6.765960
