15.144125
15.052536
14.938608
14.844484
14.762914
14.689417
14.620710
14.554024
14.486887
14.417233
14.343665
14.265680
14.183727
14.099007
14.013146
13.927866
13.844745
13.765020
13.689463
13.618371
13.551680
13.489112
13.430292
13.374817
13.322303
13.272422
13.224921
13.179618
13.136375
13.095034
13.055349
13.016924
12.979218
12.941619
12.903589
12.864792
12.825128
12.784672
12.743554
12.701843
12.659454
12.616099
12.571266
12.524245
12.474203
12.420297
12.361839
12.298488
12.230421
12.158400
12.083553
12.006441
11.925575
11.837669
11.741213
11.640119
11.542048
11.450122
11.358738
11.262819
11.167551
10.915253
10.584013
10.201783
9.950592
10.033480
9.979627
9.621933
8.906183
8.671814
9.845358
9.241833
9.191188
8.660284
10.630835
8.869723
8.408223
8.792280
8.666997
8.099561
9.182080
8.154995
8.194671
7.420911
7.597554
9.184538
7.335714
7.020754
6.916444
7.001205
6.932050
6.193794
9.231387
8.058288
6.968018
6.628248
6.982353
7.583734
6.753689
6.380401
6.591910
6.881988
6.492216
5.917345
6.752306
5.420592
7.059616
6.318532
5.340734
8.179015
5.836241
6.918627
6.809260
7.059480
5.246040
7.895057
7.894835
7.620274
7.165983
6.102666
6.679305
6.557354
7.663455
7.116757
6.858915
5.666874
6.123014
5.231622
5.843174
5.669054
6.046421
5.527264
5.863856
5.512298
5.637413
5.610755
5.599968
5.638053
6.737684
5.301732
7.462656
5.525967
6.943265
5.403812
8.121250
5.724738
6.793275
5.625855
5.399914
5.144266
5.505477
5.246383
5.754782
5.811540
6.456636
6.397663
5.211537
6.222208
5.362280
6.154590
5.454711
5.065843
5.688299
5.739315
6.191847
5.169869
5.873440
4.957746
6.986929
5.037892
7.015072
5.197622
5.910919
5.002896
6.059583
5.591677
5.837251
5.801005
7.208059
5.318672
5.684091
6.160675
5.106113
5.464401
4.976194
5.732009
4.937354
4.932049
6.912798
5.328610
5.014592
4.724500
4.879735
4.761607
5.037436
4.953576
4.647468
4.528896
4.664824
5.396841
6.118870
5.014657
6.410378
5.207475
4.984876
5.133569
4.970474
4.608807
7.379746
4.831129
4.701033
5.421133
4.595224
4.984767
4.996900
5.109026
4.773627
4.902719
5.165260
5.587132
5.053552
6.272572
4.402526
4.911021
5.638686
4.570338
4.597164
4.420322
5.370430
5.912806
6.800412
6.139073
4.304135
4.224514
5.167709
5.976857
5.435794
5.302390
5.609878
7.342885
6.723989
3.708968
8.737974
10.688918
7.152650
5.891179
6.397093
5.831739
4.395881
3.716511
6.888116
5.387935
4.975253
4.643638
5.186684
9.367063
4.887721
5.143707
5.246733
5.512093
5.102962
5.549361
6.296208
5.559499
4.117318
4.525666
4.421357
4.799232
6.294043
6.987507
5.172546
3.959379
4.148857
3.723391
7.733738
5.057064
6.745369
4.747852
4.474089
4.443284
4.900553
5.276614
3.966469
5.451772
8.681430
5.321630
4.642115
3.972305
3.244662
9.156139
6.297141
4.952395
7.516642
5.255205
9.095878
6.369089
5.921030
6.054571
4.901154
4.202046
3.769299
6.054042
7.181864
5.480075
10.517362
8.063883
5.237267
4.348735
3.867055
4.789219
6.279455
6.053983
3.858555
8.934257
4.482029
4.139839
3.098443
5.813142
6.748110
7.512383
6.219569
4.972739
4.051143
7.570937
4.713707
3.406966
5.822439
8.816892
7.119565
5.196453
6.685528
5.650251
4.106507
8.789065
6.606563
5.509520
3.835122
7.778013
5.976459
5.921670
6.399068
4.616335
6.273274
4.094516
4.989518
4.164175
3.019237
2.971455
5.027796
4.471916
6.396718
5.831437
11.241623
9.271592
8.255079
7.744266
7.061139
7.963345
8.285208
5.123608
3.932348
5.574588
7.382851
6.079279
5.576061
3.670150
6.013688
5.455413
4.148863
6.267153
5.911356
6.352797
5.214827
4.320288
3.281555
5.755003
8.641189
5.305096
3.033702
7.032390
7.745690
5.630516
3.991081
3.995367
3.082856
3.974492
2.651356
5.535066
3.094836
3.509785
5.336733
6.972366
9.967444
5.925542
3.824674
3.914542
4.317683
6.219197
3.289004
3.402606
3.433913
3.464389
7.095068
5.797226
8.117675
9.253898
4.368019
3.990707
10.442099
8.946039
8.500249
7.749660
8.762821
6.991109
6.891096
3.564405
4.499195
4.237682
4.490550
2.706097
6.210383
4.756878
6.158642
3.660595
4.042875
4.541406
4.364421
3.794865
7.038951
8.228071
4.905870
6.835187
4.681324
3.007701
2.795859
5.848099
5.474295
4.603537
5.650387
5.132891
4.340442
3.732813
4.661391
4.657836
4.954452
3.204753
3.153768
2.734780
8.304745
13.560218
12.592592
9.438850
7.676301
8.459710
7.720571
6.960768
7.500566
7.423417
7.880721
7.611949
6.347530
6.392590
6.753232
6.032686
7.749960
9.165260
6.358359
6.448732
8.178037
7.360730
7.616594
8.661555
7.042802
6.612771
6.036125
8.024714
6.009159
8.154403
8.351115
6.916779
8.087573
6.718983
7.123002
5.837719
5.857450
6.586601
4.144865
3.785060
5.010536
4.861528
2.617016
3.083001
2.039312
4.655088
5.135660
5.185683
7.803439
4.200139
7.732040
8.880132
4.046752
4.060315
5.916980
7.270192
4.668467
5.217851
6.975617
8.762310
9.701875
9.378616
4.670205
4.296164
7.687022
4.532841
4.865802
5.934320
3.867208
2.960229
8.037380
3.514476
3.874861
2.796881
4.865992
5.788836
12.095454
7.040116
3.498292
4.711102
7.416318
4.553863
4.831386
6.225157
7.189262
6.419292
7.502611
3.258552
2.860949
5.916834
5.959756
4.080970
6.709881
5.863655
5.248485
3.672209
5.441967
5.065982
6.873711
5.523006
6.160705
3.814771
2.706942
6.145050
5.644133
8.868106
5.793753
3.003939
2.768644
3.364514
3.110412
7.863330
5.050034
10.866802
5.814095
4.602640
4.486562
8.981386
3.002445
6.624709
3.105934
7.203337
4.037513
4.393031
3.266838
3.743485
2.360921
6.304062
3.352612
4.209088
4.482230
2.483992
2.809179
5.984575
5.211704
2.481753
4.661673
4.502639
9.877728
8.171153
3.399084
2.413608
4.142092
3.965946
5.229259
6.847370
2.709246
3.335663
4.392684
6.295395
2.566476
3.369358
5.011288
2.612522
3.953033
9.141276
7.026497
5.679218
4.944548
4.721971
6.009137
8.550874
7.365323
3.576428
3.785571
5.848764
8.180069
3.455751
5.760085
3.715085
5.806184
4.843530
7.410112
6.352597
5.926080
4.649609
3.870721
2.942130
5.493957
3.802394
4.268356
3.342284
4.224900
3.125335
2.876054
2.499029
4.502615
10.096062
5.032444
5.268595
3.861982
4.243686
2.957389
2.326153
2.680848
2.871692
2.441959
2.809219
11.914324
8.615895
8.067362
7.390624
8.159973
6.013272
4.388631
4.487633
4.880987
2.383527
5.428996
4.860385
2.575909
3.802842
3.251500
4.554636
5.971002
4.231542
3.026682
6.165478
3.035889
6.165694
7.794409
7.969014
6.855631
7.759287
6.441034
4.987988
2.991113
8.591272
8.818617
4.585250
4.422283
3.364066
2.832395
5.674284
4.195640
5.980744
3.876912
7.652339
2.730230
6.688314
5.125469
4.166469
3.750819
7.279126
4.647953
6.097819
3.631751
4.820568
7.289737
5.484644
4.143014
8.175786
7.635184
5.694473
3.203271
4.643304
7.981204
6.665225
4.617936
5.446046
5.165625
4.189971
6.385435
3.332148
4.250592
3.017176
4.053044
2.504455
3.328793
3.176063
3.991287
8.460708
7.406606
6.118434
3.969390
6.260419
3.478768
4.348305
6.910757
4.743860
3.325940
2.589040
4.273641
4.450364
2.999878
8.430850
4.594389
6.629786
4.003614
3.563599
7.596838
4.464102
6.258042
4.128988
2.236502
5.397637
6.774647
2.507122
4.008076
10.133636
10.345179
8.449879
6.726881
4.651589
3.127764
3.901013
2.984084
5.989033
3.442084
4.154723
3.113420
4.137045
2.929165
1.873423
3.554748
7.525216
3.890775
5.373625
5.577120
6.256007
9.721724
7.739187
4.289913
4.068503
3.933876
2.843616
3.377041
6.393995
3.144584
6.418495
5.196043
2.754316
8.854315
7.774790
3.843946
4.129139
4.176117
5.286047
8.302320
4.786535
5.185651
5.986745
3.854300
6.591532
3.706240
4.648567
8.041772
4.159999
5.013561
2.868456
11.126479
11.822951
9.190353
8.284577
7.028334
6.369162
6.455776
5.555210
5.146022
3.696966
3.563356
6.903992
4.030494
4.551510
6.242908
5.769942
3.566844
5.291957
4.164273
2.422069
4.471498
6.436070
5.131353
2.632164
3.817990
4.772111
3.952799
8.640842
10.554069
6.629720
4.519304
3.851993
2.407677
4.339350
4.221945
5.137148
4.103079
6.271744
3.678617
6.564709
3.967065
5.858400
7.503305
6.326471
5.461235
3.005838
7.387844
4.544007
3.728914
2.655895
2.843889
7.621558
10.070490
7.725853
6.962941
8.194498
6.933312
7.215179
6.762767
7.591342
6.643163
5.365767
3.327881
4.297823
5.427687
7.580544
4.284943
5.464352
4.667746
7.850923
4.695616
3.787762
3.526940
4.756631
4.453256
3.102191
2.768154
10.291723
5.883594
2.546491
5.630826
4.953308
4.172149
3.545360
7.459392
7.134335
7.282150
4.541747
3.995803
5.366533
3.080089
2.631934
5.762750
7.369547
6.246205
5.357386
2.816098
7.684274
3.430032
4.433768
2.939488
2.477018
4.920245
3.760146
4.094987
3.418219
4.787900
3.141123
5.661314
4.421461
4.521220
3.395060
2.504713
5.587980
7.972220
4.697350
7.057759
6.685783
3.779191
5.408461
3.002137
2.491581
2.753865
6.971031
8.212951
5.082482
4.325399
6.393031
3.770954
4.554811
4.187105
3.300832
10.606576
4.267292
5.432947
5.110737
7.279724
4.610324
3.528404
5.490703
5.958434
3.389699
2.723173
2.582796
1.861548
3.975369
2.079792
2.972652
3.065349
4.908864
6.676155
9.189716
11.298724
5.913769
2.526763
3.723309
3.056496
5.310937
7.282059
12.457440
7.635667
5.901842
5.050593
5.190553
3.889673
3.511825
4.708673
3.428469
3.039369
3.572872
2.588062
7.110083
3.681107
4.397667
6.162802
2.878110
2.384914
2.068226
2.039460
3.638252
2.197386
7.672603
5.645830
6.553004
5.434896
2.085328
6.336418
8.526419
5.617458
5.019782
3.680782
7.264033
4.734888
4.309371
5.276892
4.234174
4.528554
5.326015
6.836453
6.230673
3.577841
4.484837
3.010171
2.360519
6.988752
6.158543
2.839893
3.756869
5.714244
6.826255
7.519598
9.665364
6.017855
5.189102
3.396578
6.070429
4.096074
3.124972
2.654950
2.646808
2.326156
3.125760
7.076549
3.358650
2.037214
2.823453
1.609562
8.329354
7.900985
3.810444
4.259098
2.697335
4.423544
3.950674
2.974437
2.672245
7.053722
5.230379
4.582601
6.643405
3.550478
3.818912
3.376846
5.976898
3.594387
2.576895
5.370974
11.300439
5.178579
6.896618
4.929434
3.627777
2.882351
3.041305
6.546693
5.248835
3.955985
3.535557
2.281380
1.883831
3.218728
8.233318
6.888910
5.016528
5.619365
5.647982
4.743720
2.119430
4.801091
4.776750
2.492804
6.593329
7.859833
3.032438
1.975429
5.856852
2.659440
4.993284
2.658011
10.331181
8.053068
4.556153
4.941918
3.509881
4.167618
2.933903
1.923534
2.166704
2.108759
1.144525
9.400867
4.731670
9.190004
5.872178
4.588380
2.903231
4.077199
2.580868
7.340312
2.298202
3.996418
5.558838
2.985743
2.704733
2.792943
3.505067
4.339231
2.335762
2.682911
5.241399
4.637409
3.518978
4.556972
3.830437
1.882384
2.863903
3.704733
3.404623
4.278040
6.356750
6.014532
3.809731
2.711363
7.309868
7.461467
3.171071
2.055550
2.039178
5.109824
2.203865
5.514922
7.239806
3.460471
4.922621
3.710381
6.500718
3.614253
2.804076
2.039934
2.135853
8.930169
11.601033
12.233564
9.909107
8.188210
8.560681
6.615722
8.139400
9.148234
8.595711
6.826198
8.348224
6.311925
7.168752
7.225843
5.091300
12.645878
7.981864
4.039429
6.510513
3.744088
2.752441
1.730516
3.538844
5.623404
3.642356
2.450975
2.275693
2.080294
2.061855
4.105774
7.413862
2.662978
4.176542
6.658691
10.601036
9.474372
6.513211
4.491596
4.322777
7.073847
4.989768
4.254245
2.567183
2.550174
6.358180
6.006838
6.800062
4.986298
4.245350
5.623956
2.426064
4.174768
2.846402
7.040022
4.527535
3.292748
4.052289
5.104415
3.767463
4.708916
4.273713
2.935441
3.915547
2.796707
3.933374
2.045553
4.909933
12.372327
5.581135
5.905126
4.676886
5.117151
3.108781
2.507908
5.834216
4.514197
2.937920
5.337361
7.178431
3.656259
5.067273
3.871554
3.754377
2.665161
2.610776
3.184571
2.718334
2.962219
9.457983
11.809497
10.062339
10.041717
8.000441
7.223805
7.985665
6.019999
4.233646
7.311232
6.623080
7.460548
8.438880
4.215902
3.908124
3.601595
6.446395
4.980695
5.855368
4.612384
4.282178
6.522384
5.240288
3.281560
4.715284
3.045278
3.166947
2.700070
2.542693
2.097769
1.817791
1.437117
1.497492
6.414704
6.465507
3.998048
2.344434
6.197973
6.801656
4.075782
5.530575
3.066906
4.506359
3.112317
3.365031
3.151449
2.703430
1.450634
3.707724
7.898743
6.850693
4.407216
3.435116
4.894004
3.660931
1.910639
3.606937
5.750040
4.012354
2.135847
2.703406
5.264487
2.726895
2.905084
5.522476
4.354136
2.554578
5.519478
1.642077
2.271856
1.073915
2.074178
2.145738
2.113492
3.206885
1.936349
1.519534
1.397596
2.690608
3.091589
3.436125
8.067882
5.834107
3.165907
2.634524
2.203071
1.818393
6.525539
3.288974
2.011211
4.803801
5.816652
2.794834
3.061291
2.563604
4.520200
2.464567
3.792918
4.453644
4.116025
5.008365
3.196385
3.723814
2.848828
3.284533
3.654751
2.591025
2.779209
3.577969
3.143890
4.600418
2.861251
5.279341
5.687686
2.587155
1.458923
1.694257
3.014759
2.521524
1.446227
2.370066
4.909129
2.662899
3.817058
5.577463
2.094245
5.221938
2.336968
1.272333
2.084175
4.170450
2.392554
1.667307
3.278273
1.969648
1.312923
1.891954
1.882619
1.680872
13.895069
10.151091
7.261971
4.746713
3.348803
2.436957
5.771076
3.808813
1.983133
3.164417
4.511857
2.037151
2.573963
6.172256
2.095401
1.676221
2.628697
6.992700
4.781410
2.575528
6.567713
3.527106
2.791090
4.784696
1.396496
5.519695
4.674452
2.352229
4.092201
2.660523
4.896185
3.741529
6.416490
4.718020
1.856258
2.369214
4.388167
1.358336
2.112190
1.181727
2.738130
2.120586
7.994443
7.197290
4.689993
2.170312
2.878189
1.804684
1.330714
2.271853
3.560618
1.816645
5.404456
5.543970
4.892571
3.528147
4.096070
3.992131
4.990288
4.160164
4.474474
3.200881
3.180319
2.603081
3.124235
2.988606
2.095520
3.542976
4.057880
7.662191
7.915631
7.937581
4.784720
3.324968
1.915867
3.438418
3.854560
3.406816
5.187087
3.171499
7.232042
5.548341
3.359269
1.840974
3.448774
4.698338
2.787331
1.864827
1.198803
2.047679
5.661255
4.727858
2.569616
3.793270
3.103216
3.054731
2.145455
3.916880
4.996014
5.293544
3.619955
3.585046
2.556158
3.679759
6.726867
2.818796
2.504753
1.795872
9.512875
5.911274
6.203859
5.050549
2.680068
3.649677
5.407487
3.799632
2.376681
4.103689
12.130281
9.909933
7.056554
6.319726
5.347634
3.391120
6.974574
2.203535
3.547061
4.702656
2.621980
5.704168
4.121110
5.412611
3.865396
3.857586
1.622108
1.859959
5.144737
3.694233
3.472125
3.871078
2.730874
5.600935
3.052523
1.843355
3.007859
5.600474
6.806360
4.609491
5.191233
4.701561
2.630233
1.364212
3.094942
7.069342
7.163006
2.881532
1.903746
1.175489
1.851987
3.559844
3.468649
4.643061
3.388246
1.538726
2.206518
2.587238
1.461591
2.138420
1.242486
1.322996
1.131972
1.592811
2.457521
3.936296
3.918867
4.650332
2.444125
3.487371
3.452250
2.565827
4.898131
4.337098
7.016677
4.516524
1.485890
2.971286
1.650929
4.813264
5.726259
1.615674
2.623604
1.817487
2.941776
2.286286
1.533725
0.967364
1.348636
1.671828
1.820196
4.497876
4.463169
4.597579
4.050569
2.058642
2.318875
2.693686
1.919530
3.648494
3.280036
2.170697
1.913305
3.704053
2.060512
1.758407
1.668071
5.041819
2.841974
3.095320
4.466190
3.130179
1.692431
2.036412
1.209752
5.915037
10.495254
6.324356
2.607059
2.710886
4.445692
6.114256
3.260919
1.967158
4.835065
6.240042
4.053987
2.813007
2.637911
5.234485
4.273562
1.998432
1.762972
1.868722
4.415308
4.803725
2.452897
2.744653
3.736395
2.544218
2.281727
4.259950
6.402236
3.611246
2.659988
1.800654
3.446332
2.420330
3.323476
2.742752
5.480574
4.458607
3.847915
2.203782
2.282277
3.775901
2.431148
1.239357
1.101842
1.340826
1.266712
2.195266
1.170258
1.442144
1.026403
1.555318
1.210687
2.308850
1.672135
3.310914
3.968198
4.598766
2.323472
2.235170
1.365632
1.811256
3.785660
2.253696
4.781615
3.925817
3.636644
2.900354
2.782645
2.766677
3.822423
8.199270
4.299141
3.689431
1.698059
1.738362
1.425734
8.850612
9.031103
4.044618
3.052755
5.866378
3.426865
1.703881
2.652437
3.671646
9.126473
6.333020
2.320086
3.046975
1.427222
2.060927
1.269273
1.276670
1.303181
1.118149
1.301851
1.241645
1.856641
1.489842
1.912501
1.333437
1.185354
1.201363
1.145074
1.134802
1.401938
11.938430
9.569924
6.628780
3.432223
4.785229
2.258305
4.390285
3.062058
2.872385
5.061636
3.031856
5.328189
2.870683
4.963422
2.998086
1.459790
2.179572
1.231146
1.369868
1.356651
1.859886
1.150925
6.777403
8.837006
6.807996
4.860235
6.901913
4.111775
1.924408
1.688424
2.738854
3.838841
5.934928
4.496222
2.392571
1.577680
1.675386
2.516858
4.256871
4.382861
1.763301
1.409259
2.281268
2.561529
2.749599
2.038351
4.503342
1.944819
3.644920
4.956869
2.816430
2.618346
3.659978
1.513284
1.226666
1.195006
1.708082
1.173667
1.376995
1.309561
3.515238
1.502236
2.742995
1.737381
0.994766
4.085042
12.023738
6.841138
4.955499
3.238497
2.010008
3.712067
1.987221
1.636681
4.834232
6.149407
5.194059
3.640534
6.589371
4.518885
4.045757
2.783330
1.412514
5.271105
4.597291
5.004511
5.100083
2.354760
3.251099
3.855890
5.310900
3.854368
1.336668
1.724811
3.488968
5.472887
4.371498
1.617545
1.201934
4.408265
2.466789
2.076053
1.123244
1.189609
3.052107
6.252693
6.858657
4.114718
2.581727
5.226344
2.720720
3.679252
3.171418
4.141779
2.556605
2.420725
2.432275
3.541772
4.741656
7.203295
6.282922
3.517682
1.635553
1.571505
1.799840
2.095434
1.951925
1.068921
0.955647
4.617240
8.137683
6.068941
2.921727
4.057310
4.955447
3.282389
5.872857
3.695180
3.540243
2.899793
2.204871
4.457190
3.645138
2.001987
2.256121
3.335275
4.124996
6.806498
4.522603
2.704033
2.452629
1.677315
2.001139
3.014861
4.936494
6.573434
3.784337
2.728856
1.924661
3.276134
4.411887
1.942382
1.943980
5.471375
3.015621
2.777043
2.726265
1.732056
1.919905
1.888929
2.928079
1.692188
1.845184
1.177977
1.503642
1.328884
1.223348
1.374923
1.128558
1.130168
1.023854
1.085264
1.058379
1.297859
1.171061
2.619116
4.885268
6.453929
3.019368
3.862188
3.157656
4.975621
3.381509
1.890104
2.211370
2.774651
1.577329
10.135028
7.286055
3.230024
1.959750
2.581083
2.652732
3.882183
3.220531
1.939670
2.105313
5.371237
8.471112
3.058826
3.046006
3.742171
4.582559
3.920251
3.273151
1.465165
1.499518
1.414337
1.339660
1.485115
1.757556
1.191191
1.156851
1.200133
1.214467
1.043617
2.851010
3.339639
5.048837
4.252814
3.575704
3.128341
3.389423
5.034210
2.382428
12.054948
6.178795
6.526969
4.218450
3.593964
5.660049
3.943027
2.898731
1.505677
3.350406
4.352555
2.321183
1.555555
1.852078
2.812971
1.400836
1.614905
5.112036
4.907327
4.305841
3.271449
5.023626
2.313524
2.123819
1.432860
1.214234
1.258455
7.209360
3.057941
2.617660
2.303890
2.999940
1.698240
1.756044
2.574732
5.792247
6.652817
3.775544
2.642547
1.413389
1.332308
1.088707
1.060467
1.074148
1.118762
1.528900
1.069535
1.090279
1.566609
1.175077
1.204123
1.202182
1.064831
0.988727
1.217031
1.012104
1.321088
4.446767
6.577260
7.755794
5.999797
2.163055
4.172813
2.627822
2.639672
1.820156
2.838417
2.818248
1.905377
4.746490
4.821719
2.435950
2.758953
3.386266
2.800422
1.342997
1.915172
1.501432
1.138775
0.963772
1.028910
0.878297
0.984666
1.203342
2.131504
5.948256
4.319576
3.976352
6.416490
4.235116
2.567198
2.262012
1.315338
2.028901
3.496311
3.300764
2.863674
3.811205
5.199375
3.965185
1.539776
1.281361
1.522874
4.126981
2.520294
1.637711
3.275315
5.717227
3.277946
2.831260
3.072502
2.975353
1.764948
1.401142
1.375035
1.661148
1.078039
2.913122
3.268622
6.894575
9.312134
4.579901
2.373314
3.380602
2.311654
6.200455
2.598695
1.811584
1.411804
3.409656
2.399737
1.867718
5.983904
2.496251
1.616749
3.025389
6.161148
3.581654
4.380748
2.569889
3.725810
8.038527
4.819237
2.612952
1.903604
1.403482
1.817288
4.612412
3.441318
4.640539
2.422253
2.866650
9.652798
7.200824
2.355304
1.711937
3.854393
3.960678
2.532283
2.479739
3.354721
3.517189
2.079887
1.226949
1.034620
1.304528
1.354216
2.369096
4.655360
5.671383
4.126149
2.219639
3.179903
1.963567
1.161295
1.376096
1.141924
1.212560
0.916063
0.922445
1.101103
1.068070
0.953174
1.129308
1.254023
1.050279
1.043617
1.031439
1.380060
2.062561
6.403040
4.253564
3.477662
2.434508
1.918332
5.143515
3.543286
2.517998
3.030301
3.617085
4.006163
3.383729
2.343404
2.951081
5.112079
3.044724
2.777085
2.253669
3.491016
3.041177
1.766417
2.214903
1.837572
2.216543
2.572441
2.446148
1.272282
1.031639
1.046758
1.291866
1.043995
1.129394
1.052746
1.718650
5.300046
5.703117
4.081567
4.340176
6.528254
5.200467
4.236884
1.640621
1.460737
2.752581
3.742802
3.640411
6.406507
3.033935
1.445077
8.106511
3.126427
1.943628
7.411819
2.579417
3.099803
2.684650
1.598174
4.684895
4.356088
2.100260
1.303329
3.571171
1.792424
4.252926
1.741988
2.073383
1.758189
1.249263
1.066414
1.042734
1.107308
1.651560
9.115333
7.176092
8.710601
5.106761
5.141612
2.858969
1.915583
2.397353
4.494915
4.840975
3.871969
3.339144
1.853694
1.418359
1.241638
1.611925
2.339492
4.677425
2.987891
1.176305
4.987867
2.036582
2.342073
2.651104
3.171700
4.116174
3.814690
3.463806
3.014880
1.562917
2.752871
1.276079
2.966380
3.871775
2.354458
1.401502
1.379129
2.562144
1.307852
0.981127
0.846630
0.925628
2.121403
1.235903
3.449857
2.218626
4.341624
3.295323
1.466729
2.048426
3.860998
4.452183
4.632876
2.156397
1.058540
3.192926
11.226159
8.880448
4.937898
3.355493
1.734151
2.227053
2.126535
2.113210
2.281466
1.103977
1.317158
1.588503
1.396717
1.183500
0.877537
0.944677
3.085721
2.646868
4.698342
4.131891
1.700752
3.019418
4.531519
4.296910
2.367876
1.463179
1.223142
1.225498
1.359507
5.379502
4.804382
2.231192
2.263910
1.756651
0.851807
1.687725
2.325537
2.314250
2.535809
0.852074
1.242799
1.583552
3.988096
4.536811
3.054705
2.971736
1.490820
1.073141
0.884020
0.886857
1.077040
5.811185
4.615169
11.182347
3.615329
2.691233
1.447074
1.474503
1.132057
1.678667
0.923796
0.892302
0.876028
0.930321
2.122787
1.731810
6.572812
9.142207
5.780211
3.277735
3.417280
2.268777
2.447740
1.107806
1.086584
0.972226
0.937830
0.885494
0.961808
0.951230
1.016208
0.897592
1.186847
2.863895
5.882516
4.132516
4.916490
4.877642
3.726437
1.548858
1.025497
1.043649
0.843579
3.106906
5.525132
5.004826
3.800743
2.159142
1.905571
3.037719
0.862290
5.157787
4.100127
1.924846
1.111246
2.203349
1.674719
2.896637
2.431565
6.423896
1.324020
4.094534
3.261912
2.239314
2.467301
2.145600
6.036880
3.714791
5.985035
2.196420
5.586023
2.359528
2.900494
1.970142
1.961781
3.062341
1.140364
1.242139
1.113203
2.951534
3.644592
4.577145
8.720587
7.070754
3.250762
3.106459
3.023578
5.212503
2.367172
1.801166
3.924935
8.350263
3.391000
1.821817
1.041256
1.373156
1.365558
1.359879
1.229046
0.959793
1.033775
0.932731
0.782853
1.984150
0.876552
5.632239
5.107673
1.185185
3.071943
4.597463
2.710468
1.697375
1.223023
0.997917
1.154996
1.273498
0.713875
1.284216
4.098907
5.650635
4.381083
4.199973
1.828668
2.363237
2.227572
1.064674
0.842038
0.889970
0.883956
1.579189
2.829518
3.326400
2.227076
1.654708
0.942622
1.188714
1.127945
1.002135
1.055677
0.911878
1.133744
0.849365
1.888235
2.903293
1.140277
2.457338
1.534377
6.328747
3.220943
0.865880
0.702462
1.980668
1.594339
1.128298
8.797950
10.758833
7.483275
3.376294
2.170532
1.950125
3.019053
0.924561
2.500078
5.313565
7.889998
2.840503
2.872532
2.327876
1.372913
1.082830
3.476114
1.411789
1.803409
3.013456
1.610010
1.202250
1.178624
4.205470
2.990315
5.025920
6.027559
1.887810
1.569918
0.822316
0.884773
0.755741
0.892640
0.593091
0.418452
5.540323
9.451773
4.268975
3.243746
1.485936
1.142678
3.850895
5.059550
1.287689
1.488473
5.243688
3.131472
1.034402
2.025023
3.499776
1.016366
2.902980
1.668072
5.119414
6.629757
2.286410
0.688203
4.330186
4.615701
3.048002
3.643423
2.792507
1.853534
1.753640
7.286736
5.369931
11.327893
4.551145
2.889778
1.684199
3.021643
2.952512
2.103584
2.459771
1.942631
1.449023
4.052335
1.780861
10.828023
5.917339
3.663382
2.280821
1.752192
1.129295
4.807658
2.463806
2.157423
2.993132
2.113921
1.670458
4.154939
5.833777
7.522368
4.648896
2.321587
0.942411
1.101533
0.950852
2.618187
1.467701
2.724577
2.116275
3.591300
2.386135
1.186161
1.269045
7.624404
2.193055
2.044357
3.869423
1.267942
1.228618
6.044126
3.363488
3.133757
2.920973
1.780244
0.815348
1.896354
0.818216
1.374826
9.284175
3.449097
3.656390
2.347219
2.759871
2.110671
3.036180
1.945662
2.224162
2.808881
1.637785
1.234583
0.671636
3.174036
0.755122
0.643298
1.962294
9.925545
3.818977
2.267630
2.749575
1.669819
0.866282
0.689280
0.761314
1.961407
4.935371
6.242538
1.577771
1.478919
2.071904
1.892996
2.546969
2.131074
3.006903
2.235068
3.315155
4.287575
7.555267
1.858924
1.278657
4.338218
1.522043
1.581421
7.778980
4.055008
3.154045
1.463897
1.484930
0.908530
1.586534
11.023786
10.995715
7.776219
5.569179
3.040421
2.815444
1.326014
2.201388
1.277347
3.155494
4.197436
5.140933
3.248552
2.181746
1.733053
2.573793
5.724671
3.597606
1.579866
1.888949
3.977462
3.147809
1.705694
4.075018
2.909399
2.591645
1.925580
2.313506
1.029214
1.040470
0.709999
3.187500
5.144595
12.560917
3.204085
1.927140
2.972264
1.428596
0.874953
4.162406
2.224963
2.509246
1.123773
1.254244
1.865795
5.148130
5.065839
1.792081
4.729155
2.011548
1.896307
3.303236
3.641083
1.967117
3.432117
2.808673
2.459392
2.804149
3.079037
1.283442
1.517605
1.218635
0.835638
1.197682
1.060090
7.554714
5.953644
3.430253
3.225701
1.271020
2.305110
3.270643
2.147531
5.269709
1.585024
1.281008
2.244209
1.340320
4.985313
2.795275
2.261449
1.564578
1.189309
2.662259
2.679112
4.442043
6.733708
3.182981
2.479778
0.827005
1.216293
3.354010
1.424036
2.414390
1.324809
2.299208
0.848111
4.065856
5.558775
3.152577
1.795134
2.227496
3.218851
1.727860
3.466610
3.446568
1.049186
1.218648
2.129187
2.080837
3.329381
1.060258
2.105962
0.860001
3.215950
1.811192
1.267248
0.710967
0.629538
0.668069
1.492948
0.646544
0.749194
4.846444
1.042757
7.356847
2.510254
1.476944
2.554937
1.362161
2.658895
2.179469
3.775258
3.048167
1.196512
2.025322
2.392135
3.400957
4.389145
1.433567
2.303769
5.447988
2.419554
2.226900
2.543241
6.615207
3.655573
1.067250
0.882752
0.863387
1.431081
1.061146
0.680259
4.735561
4.495759
2.623147
3.471696
1.809465
2.266256
2.499611
7.119046
5.236945
2.103590
0.796353
1.553251
0.839338
4.762515
3.715332
2.664643
2.922197
5.224729
2.215092
2.272664
0.821104
0.795822
2.206604
0.667846
0.828022
3.849073
6.819984
5.002390
1.494132
2.709283
2.160451
1.958979
1.130145
1.337476
1.141098
1.854230
7.155721
2.679541
1.963781
1.143860
2.603356
0.988003
0.905500
0.899777
0.613908
0.868147
12.372524
6.611675
6.269180
6.770244
5.372026
4.064988
3.706686
3.328242
5.068790
6.336589
2.578671
2.584417
2.811070
1.036955
0.837210
1.912860
3.671039
1.193819
3.431150
2.242521
0.978230
0.878309
0.642590
0.565576
1.412414
16.097678
9.773628
6.118273
7.462496
3.834022
1.448560
1.663530
0.712083
0.583312
0.602177
3.454756
5.850669
3.856769
3.932896
1.569509
4.420840
5.000258
2.190055
2.945207
4.969518
2.832539
2.566717
8.933769
6.612687
5.448313
3.088548
2.120122
2.265589
5.110926
3.142061
4.767592
4.615641
4.327442
3.244013
3.002028
3.767563
3.401144
5.333108
1.509094
1.036710
2.732511
1.184575
3.584858
3.399215
4.484787
5.053877
6.064153
2.967561
1.774966
0.856477
3.191096
1.411532
3.563088
0.594979
1.619067
1.603088
3.224440
4.604098
3.490870
0.886554
0.756987
0.548836
2.794038
5.310899
4.372856
2.967961
3.345102
3.990605
3.335916
4.442287
2.377928
1.798331
3.426257
6.783706
3.530790
1.797964
2.777044
2.867608
1.544833
4.078055
2.456289
2.983294
4.564159
2.070984
0.954612
0.967861
0.914128
1.407085
4.580165
12.841355
3.476626
2.615271
2.327873
3.535530
3.143234
1.232483
1.906438
2.523644
0.742705
1.021486
0.644593
0.522515
2.286934
0.466865
0.362064
0.300537
0.398656
2.073794
1.516489
15.047304
9.517540
12.398218
5.314609
3.729317
2.042051
3.827341
1.509974
1.485828
0.963013
2.593372
0.708733
0.511119
0.412176
1.296086
7.234114
5.014305
6.248352
2.127869
1.172286
1.235746
0.788821
0.713980
1.126995
4.887801
4.886437
2.580275
2.819659
2.150285
2.630843
2.970784
1.194362
1.949502
2.264630
1.989070
7.882774
5.237491
1.548174
3.832521
4.089914
2.313927
3.450046
2.979479
1.593429
0.599154
0.472345
0.375060
0.329805
0.289489
1.987203
4.469298
12.460321
10.790586
5.503325
2.589809
1.614199
3.889001
3.400542
3.265438
1.186659
0.985347
0.792776
3.482426
0.722467
0.495402
0.446068
0.378426
3.015341
2.687310
7.066321
7.516192
4.096106
1.921768
2.023592
3.917005
2.220198
0.804666
0.597883
0.913070
0.783304
1.596036
1.663958
1.610174
2.761957
1.702692
3.728352
0.974032
0.535295
0.530951
0.511472
0.770078
0.804024
5.768986
7.925894
4.403080
1.846794
2.546023
1.222971
2.492022
4.545859
1.140615
1.856041
1.517398
1.257131
1.113835
4.606024
0.804380
0.493515
1.210289
0.400384
0.324305
0.297928
0.271493
0.274564
0.272706
0.277631
0.278734
0.266090
5.255524
7.993159
8.172692
5.539660
5.492953
3.506364
6.525321
5.266529
1.755920
2.340061
1.448298
2.621908
2.999847
0.665766
0.476718
0.375126
0.329223
0.296619
0.310396
2.515912
5.095431
5.783562
1.881122
3.215557
5.383137
7.721626
3.581622
3.002270
3.020536
1.158736
3.560621
2.135353
2.650649
1.824855
2.357779
5.799103
4.381022
2.238642
3.592072
3.049621
2.101884
2.539213
1.175360
3.304594
5.827185
2.083591
1.451121
1.478728
1.879527
6.556503
4.149831
2.229041
1.324296
1.267481
4.532760
2.845758
1.968767
1.196424
0.597172
2.170887
7.114392
8.024861
6.506301
4.008005
2.261649
2.469813
1.307899
1.281191
1.381510
2.038697
2.111989
1.277505
1.737369
0.971280
1.440918
5.648163
5.001700
1.213997
2.305319
0.857706
2.002994
0.548278
0.404703
0.379156
0.295427
4.231805
5.434429
3.742892
1.659803
1.748657
3.632399
2.168950
1.567501
2.328460
5.305770
5.424556
2.755333
1.804896
1.030531
0.513694
0.589845
0.932000
3.982851
4.235829
2.977000
3.081637
1.862022
3.111184
1.897740
1.050437
0.435693
0.341951
0.304934
0.282966
0.265720
0.251943
0.279588
0.304935
0.311928
0.291503
0.706329
0.394567
0.496932
9.221138
9.513234
18.880004
18.217792
11.857458
8.345286
8.122742
6.370084
5.088678
4.776084
3.600375
4.049999
3.214377
3.941760
3.530761
1.792843
2.724164
2.527476
2.781503
1.699102
2.780262
0.992649
0.784671
6.328129
3.485530
2.490063
8.030474
6.701946
2.610797
2.030724
5.158667
4.790834
1.864815
1.486247
6.141200
4.916892
2.277422
1.732418
1.341792
2.492566
2.887695
2.090879
5.326287
8.560116
5.584045
4.356569
2.850927
6.892337
6.176326
4.970288
5.003655
8.014040
4.704716
5.000862
2.184005
3.558450
6.376345
3.110104
4.462406
1.017753
1.208616
3.305718
4.278935
1.683291
1.420438
3.303487
8.112178
4.616300
2.453998
0.999510
1.164489
0.840942
1.817880
0.353664
0.304320
2.238007
5.843323
3.868209
5.113115
3.694593
1.814325
3.857028
3.036400
5.077291
4.503452
3.986701
2.026661
1.604980
0.812094
0.529226
0.377701
0.327255
4.653948
8.303590
5.668246
4.482143
4.685452
3.749106
3.378569
2.104874
1.904326
2.795771
11.202975
7.667604
5.599511
3.945847
5.149934
3.462518
2.456113
1.609465
2.416606
4.560295
2.809782
1.560644
2.460751
4.337729
2.750649
4.101552
1.788099
1.011902
0.746279
0.682315
1.396752
1.607593
3.616441
6.282515
3.456929
3.226518
3.736703
2.679805
2.484488
5.056879
3.248298
2.698372
1.115421
3.353000
3.197581
2.094529
1.257424
3.249239
1.836628
1.441094
3.244290
0.976056
0.580940
0.416265
0.356632
2.523997
11.222357
10.032213
7.410087
5.348412
4.373525
5.470038
3.593737
4.545151
3.155123
1.372094
1.162248
0.930905
0.709219
0.632130
0.565737
1.205877
0.593186
1.135721
7.074399
4.413134
9.725231
3.223152
3.017020
2.576724
1.405717
1.236735
1.005685
2.161190
2.686982
2.722981
3.854244
5.187781
5.491744
2.228681
1.986523
1.671569
1.927169
2.231760
7.255155
2.643013
2.202411
0.990842
2.109003
2.276206
1.736924
2.778734
1.919672
2.764374
1.645561
4.562309
4.137892
1.538729
1.218070
1.965477
0.768324
0.454941
0.999829
5.997176
3.549495
11.863901
5.368993
2.888283
3.474564
1.200401
1.120435
1.140748
6.987017
3.891533
1.629570
1.076822
1.740532
2.141637
0.979510
1.345386
1.705027
1.216107
1.126730
1.819691
1.586946
4.231425
4.765593
2.444288
3.082102
1.547703
1.349897
3.304720
6.058215
3.908198
1.206823
0.846449
1.378140
3.099646
1.801027
1.106341
1.202614
0.575738
0.442549
0.381934
0.326190
0.287129
0.268830
0.273929
4.890460
8.531977
6.780979
1.739254
1.769157
1.466283
2.685348
1.878699
1.191855
0.480348
0.985961
0.579631
0.789204
3.141558
6.857760
2.580070
1.980500
1.867682
1.589639
1.632554
1.725859
2.377185
1.061155
0.773702
0.781885
0.404269
0.356395
0.289368
7.041444
13.689430
7.334220
6.230416
5.472490
4.406198
3.862272
3.661105
3.175818
4.056439
2.805285
2.779472
3.318402
1.054822
2.240201
1.609389
1.112627
2.427583
11.496982
6.089538
2.350618
2.056053
1.133937
1.617310
4.201798
3.537055
2.604644
2.164326
2.383495
1.544090
1.329582
3.595116
4.197959
3.126356
1.603958
0.815314
0.638820
0.602570
0.468576
0.333126
0.285426
0.259269
0.245075
0.229846
4.491748
7.521841
9.082952
13.573560
7.270589
3.281594
3.199376
1.481612
5.973529
4.407944
2.334804
2.428008
8.179265
7.704890
4.439231
4.197291
1.699016
0.719342
4.012113
2.309876
2.172406
2.677705
2.207843
2.309576
1.754867
2.691705
2.310297
4.599441
5.054234
3.594653
3.601441
8.213608
3.225410
3.106748
1.825643
0.764421
0.435262
0.352445
0.351191
3.663386
8.604179
9.357635
3.704372
4.128690
1.408611
7.994296
4.152966
2.198838
0.750881
3.329244
3.482160
3.525507
2.508474
0.965817
2.491428
2.751290
3.050144
8.081518
6.663182
4.039469
3.164974
1.877380
4.089260
0.889207
0.697604
0.582074
0.447315
1.864679
1.947962
2.121649
8.422801
8.052962
6.391975
4.860374
3.013453
1.663162
2.102715
3.200825
2.490097
2.079722
3.283873
4.016462
4.900600
2.773110
2.527404
1.590599
1.821237
3.068826
1.503782
0.697821
0.606155
0.590734
0.474337
4.191130
10.199444
4.294976
3.090102
2.336584
0.863381
0.693397
0.453233
0.364050
0.334538
0.273503
0.247492
3.891463
6.694566
4.946776
2.056061
2.153822
1.941138
3.351519
1.524751
1.121043
0.832495
1.236861
0.445236
0.374407
0.326592
0.275772
0.268107
2.227126
8.156431
7.028704
3.370881
1.152240
3.289847
2.686229
4.380571
1.804285
1.970495
1.636009
1.436189
1.793514
0.611054
0.615787
0.518967
2.892409
7.197789
3.522075
3.960462
3.883940
4.087339
2.115119
1.115515
1.022936
0.550514
2.192578
12.092593
8.217568
3.493686
1.052292
2.907021
2.390223
4.443720
2.507224
5.446508
1.153394
0.885043
0.642857
3.200687
4.045317
5.497451
3.002350
0.989239
0.474343
1.868439
3.393754
2.215484
1.405049
5.531758
7.074617
5.325411
2.342238
4.168039
2.514749
1.470354
3.453408
2.105237
2.844543
1.779237
9.482826
6.359447
4.531316
3.144498
2.817350
12.094418
10.228043
6.274444
4.586496
5.397752
4.202949
3.239256
2.507068
4.002666
1.644475
1.914836
1.392919
1.059719
0.919514
0.783840
3.783020
2.348320
2.347713
5.577264
5.367291
2.827517
3.333545
1.226059
0.847384
0.930591
2.451825
4.298601
4.625479
3.251302
3.912518
1.909974
2.184998
8.886867
4.004960
1.903408
0.768722
0.627176
0.660989
0.458100
0.387579
0.397449
0.902673
7.665410
6.638164
3.825865
3.071242
2.332745
2.136109
2.941513
1.551343
2.442149
9.313330
1.746907
3.378500
2.580965
1.228983
0.779610
7.145052
2.443030
4.618471
1.616147
0.931589
1.130844
3.901411
4.614705
4.108167
1.482389
3.203196
1.392512
0.840030
4.694376
12.143244
3.209797
2.379200
2.132143
0.657483
7.604961
6.455593
3.414799
1.833252
2.018641
4.099846
6.415966
2.957573
1.750973
0.593782
2.711829
3.589075
4.805592
3.971068
2.479644
3.613506
3.530990
1.973230
2.400771
1.609932
2.385329
5.092112
2.221936
5.242167
0.676417
0.444253
0.949349
2.219161
9.047957
8.326565
4.494110
2.219904
0.981574
2.696234
3.789157
3.009068
2.481396
2.768679
0.674421
2.144038
2.037443
6.637177
4.806256
4.183083
2.919437
1.042371
5.540101
2.217588
1.484517
2.933439
1.161184
1.762393
0.768396
1.714981
4.053471
1.024390
3.550988
1.963356
2.164999
1.100915
3.902525
3.211629
1.538958
2.381995
2.015191
0.791137
2.603366
2.501904
0.802271
1.352394
0.748443
2.201582
0.744014
0.654345
0.745519
0.461526
1.843292
8.217357
4.825248
2.759044
2.494754
1.902814
5.321417
4.331578
3.356559
3.920458
3.877333
3.351165
3.342321
4.690363
8.506109
3.386362
2.476675
4.967059
3.025824
0.763004
1.655192
1.447453
1.673969
1.070863
1.248953
5.729698
3.379799
2.778790
6.320892
3.233166
3.413744
2.363413
1.744695
0.940296
1.043963
0.485515
3.376134
1.900769
0.606088
0.379787
0.338064
0.300209
0.874641
14.756760
12.773358
10.959600
8.653276
8.780537
7.119956
7.409934
6.381353
7.599595
7.654593
6.103416
3.374725
3.200088
2.899754
1.649478
1.001079
2.657649
2.449485
5.220817
3.428315
2.240260
1.287998
0.750055
1.080128
0.858795
1.484853
0.829990
0.466322
0.936463
0.389076
0.261350
0.245104
1.014373
2.272949
5.992808
5.210733
3.329943
3.582128
1.217630
0.621338
1.905230
0.656924
0.734261
0.542176
1.691860
0.749146
5.302207
3.379507
2.912692
5.277995
2.940782
2.392563
3.581883
4.546906
1.369301
1.849550
3.876673
1.460003
1.881252
1.097838
0.481712
0.809096
4.718667
1.387090
0.451957
0.324325
0.299596
0.286371
0.265887
0.216659
0.862884
6.038487
5.154806
6.501700
3.238419
5.079970
3.665770
0.996581
0.701686
0.433661
1.507628
1.722270
3.684607
5.424001
1.485927
0.341246
0.273267
0.330890
0.262783
0.283118
0.224073
2.848164
9.479123
12.048620
4.714553
3.229438
2.587714
3.775432
8.535038
1.731268
0.911292
0.602544
0.757596
2.365352
0.804755
0.611672
0.571778
0.254681
8.737679
11.567598
7.119891
4.920272
3.350893
2.770382
3.744037
3.755654
1.981797
2.177241
1.548412
2.640141
0.739376
0.738053
0.433183
0.313790
0.336989
0.242757
0.255116
0.272218
0.278093
4.739487
9.124818
7.354908
3.926932
3.680417
7.957765
4.189453
4.352878
3.868634
3.309013
5.172958
6.461281
4.419920
4.319190
4.913450
6.754965
5.301721
4.474991
4.121487
5.786186
4.061965
4.523021
7.389715
5.586386
3.988306
4.058877
4.175527
4.086441
4.218996
4.213199
3.627122
4.331703
4.332791
4.325461
6.454455
7.601773
4.946523
3.757246
4.287405
3.723539
3.735257
3.731704
5.112586
4.222218
3.854417
5.072002
8.204300
4.334883
3.513409
3.138462
3.134448
3.100687
3.091660
3.085274
3.079775
3.075028
3.070778
3.066894
3.063282
3.059869
3.056600
3.053430
3.050326
3.047263
3.044225
3.041204
3.038196
3.035199
3.032193
3.029143
3.026012
3.022781
3.019439
3.015974
3.012373
3.008617
3.004687
3.000556
2.996194
2.991559
2.986601
2.981260
2.975463
2.969133
2.962201
2.954626
2.946417
2.937634
2.928341
2.918527
2.908193
2.897577
2.887070
2.876911
2.867174
2.857844
2.848855
2.840107
2.831479
2.822832
2.813986
2.804679
2.794456
2.782440
2.767137
2.718128
5.527424
9.857771
5.275304
5.621900
5.747070
2.503856
4.256077
2.240019
1.739750
1.786889
4.696341
4.413912
4.093704
3.522140
4.072217
1.406413
4.012556
1.942373
1.732794
2.764691
0.901204
1.330461
0.754901
3.495402
2.150147
2.986156
4.176162
3.418942
1.098657
4.011293
1.531718
5.628317
6.209850
4.719232
3.225285
5.783460
2.108657
3.576319
3.295661
2.314016
1.239928
2.508438
1.118717
2.305821
3.471388
3.635643
10.321635
5.870076
3.966366
5.344260
2.385822
1.614143
1.650951
1.255190
2.071938
1.574410
5.805244
5.955252
1.994498
0.985799
0.603472
0.486714
0.819240
4.736046
5.038592
4.427640
3.720515
0.752150
2.958921
0.787458
2.325629
0.701432
0.484861
0.391878
0.351322
0.316771
0.966919
12.286710
7.977381
5.181405
5.378243
5.802860
4.758145
4.959268
7.032243
7.376564
4.858932
4.244297
5.157435
4.769919
4.082185
4.535018
4.023846
3.824828
5.901095
7.709361
4.340195
4.554702
4.695922
4.531214
5.930843
3.759236
4.580971
3.970372
3.717594
4.491232
4.178186
3.684457
3.530006
3.335770
3.202840
3.144449
3.090964
3.048250
3.014508
2.986569
2.961578
2.938419
2.916815
2.896802
2.878406
2.861541
2.846015
2.831600
2.818077
2.805260
2.792995
2.781154
2.769635
2.758380
2.747407
2.736741
2.725887
2.713686
2.700024
2.685847
2.671264
2.656140
2.640753
2.625487
2.611337
2.600725
2.600904
2.636831
4.110252
5.903015
7.225721
5.372016
3.065458
6.139064
3.860548
2.008892
2.157283
2.527666
2.430913
1.514370
1.421903
1.349919
0.551383
0.517162
2.118138
7.808191
6.831302
5.842812
3.141012
4.146730
6.124627
4.458527
5.184578
9.397613
6.320885
3.614647
4.441281
3.926214
1.463923
1.779721
6.399871
1.996850
2.022449
7.875879
4.992476
6.806165
6.846197
3.058313
4.083299
3.946017
3.058590
4.798854
3.105215
1.569452
2.618690
1.694839
3.499602
1.528805
2.650365
4.265894
2.994018
2.995315
3.178100
4.015830
1.176185
1.574410
0.532746
6.630908
5.292413
3.318722
2.783711
2.434494
2.655503
3.777646
3.071960
1.412384
1.646879
1.488242
0.598791
0.410952
0.358753
0.325510
0.264622
0.282657
4.178119
9.810779
6.882834
7.051421
8.286889
5.544073
4.157968
2.290701
2.164188
1.983618
2.007959
2.089982
3.677123
8.323955
3.849310
1.660796
0.921001
1.415407
0.605809
0.422964
0.317764
0.369967
0.254761
3.073774
7.653272
5.653559
3.788452
5.649877
4.773833
3.111582
3.161364
2.792080
4.470073
5.890277
2.256003
3.761956
6.375172
4.110918
2.826592
1.288187
1.028080
1.489921
6.546313
4.457183
4.224580
1.665269
0.638605
0.429581
0.409759
0.339465
4.092546
7.954763
6.238120
4.637812
5.872300
2.587921
3.503514
0.667847
5.117792
2.676392
6.922617
5.269723
1.853884
1.434365
2.546295
1.809431
1.729015
1.742552
3.532553
6.004544
1.841652
3.879765
2.885420
3.681866
1.954913
2.669256
1.720698
1.666175
3.558492
1.919013
0.679446
1.892950
2.346630
1.419147
2.437938
1.393638
1.768447
1.651776
0.990217
0.886575
0.362687
0.258224
0.357372
2.489374
0.753515
7.101198
13.389463
17.463841
14.039247
8.959503
5.439021
4.637950
6.098839
5.139995
4.792204
4.257397
3.998417
3.877214
3.135921
7.795232
6.743061
7.973562
5.314996
4.629338
6.848704
6.052157
4.141572
3.402228
3.352772
7.305713
7.790967
7.006433
5.826219
4.351080
5.465791
3.399273
5.042309
4.182343
4.714169
4.114710
4.487903
6.122040
4.910666
5.199706
6.054513
5.399484
3.367542
2.537929
3.013184
3.412066
2.998312
2.827616
2.803218
1.560262
1.454185
2.780168
2.690590
1.175731
1.119080
1.454235
2.714755
2.911452
5.698092
3.940682
2.485329
2.841716
1.825486
1.707577
1.151798
1.319643
4.587394
3.784883
5.797300
7.750653
3.286323
1.987167
0.897384
1.836186
0.981426
1.146012
0.411764
0.396978
0.299858
3.371409
5.865141
6.614587
9.012257
4.241161
2.411311
1.978400
1.460644
1.428445
0.886513
0.450737
0.551652
0.409514
0.483618
0.279193
4.172780
8.034153
3.757401
4.611215
1.495597
1.917343
2.551563
0.945783
8.049717
5.691144
3.672436
1.317229
1.216465
0.846367
2.387356
2.084957
4.492559
4.387215
2.463725
4.437192
2.637151
1.595527
3.051793
0.696668
1.844870
5.460652
1.544796
2.411513
2.268261
1.482955
2.084205
1.762780
2.200135
4.218795
4.919264
5.615895
3.013530
0.731567
1.323424
0.569134
1.689653
2.590506
2.400932
2.350120
2.754165
3.343339
3.027813
2.029504
2.135387
2.076090
3.900518
1.917328
2.037769
1.527432
3.066853
4.872647
3.563096
2.642446
2.517463
1.757821
0.868392
0.632878
3.091326
4.949970
6.475414
6.193441
5.268805
3.924003
5.584866
4.016876
6.875765
3.760671
2.240469
3.109977
2.456737
3.722950
3.654643
2.580931
1.579116
2.557834
2.299045
1.478306
1.373600
6.487257
4.612973
4.855632
1.391790
2.094055
1.695469
0.717626
0.545036
0.340843
0.340586
0.297660
0.298542
0.272676
0.287579
0.244356
0.489229
2.276880
3.319346
6.936154
10.159647
8.222993
5.751450
7.474709
5.253036
4.524428
2.406238
1.500289
1.002498
2.070531
0.526525
0.413191
3.989057
5.240898
4.449739
2.286564
2.062995
1.170263
1.249235
4.137154
5.193103
4.167778
2.575344
2.125945
1.730638
1.686043
1.482637
1.214624
0.968682
0.740220
1.820842
3.940045
4.827807
2.332432
4.731032
4.197426
2.544385
1.117863
1.292418
1.516092
1.067020
0.815822
0.330204
3.322070
5.741611
9.034740
5.063611
5.845829
2.959227
1.607129
4.259887
4.989210
1.881416
1.788234
1.145020
1.206823
0.654448
0.633578
0.597235
1.157553
6.722718
2.979442
3.153935
3.808701
2.863398
2.951097
0.817681
0.921037
1.167376
4.330763
1.385367
0.881724
1.424307
1.412730
0.320247
0.296100
0.297501
0.309708
0.284830
0.402082
0.950602
0.373272
0.282698
0.235764
1.421528
4.993868
18.998578
12.376953
10.056868
7.389960
4.785982
2.604746
2.575941
2.287571
0.705790
1.082372
0.809511
1.630977
0.579446
0.342138
0.296802
0.264726
0.239640
0.242784
8.803103
7.674000
13.324091
9.673717
6.526506
5.338773
3.274208
1.928282
2.628923
2.482315
1.353386
2.571521
2.834400
0.956826
7.457215
7.334831
3.060799
2.003305
4.048174
0.887976
1.421089
5.354481
3.069564
1.287507
1.792959
4.511810
2.891325
2.311470
2.439354
1.715224
1.533275
4.195252
3.447745
1.686554
2.983624
5.300820
3.439051
3.025453
4.700122
1.761793
1.780490
0.901634
2.357912
8.370226
1.915380
4.012443
2.669473
2.539826
0.841449
2.720608
4.080706
2.431892
5.480813
5.509960
2.183187
1.983815
1.533528
2.042185
0.752789
2.032149
4.306052
2.726975
4.413650
3.311687
1.488492
3.105658
1.469977
1.089336
2.170254
1.824467
1.300344
1.504724
5.491985
6.836577
4.450937
1.730094
1.928113
2.432090
1.813362
0.957375
6.042717
3.945802
8.502030
2.058198
0.908097
0.553708
0.448358
0.342602
0.306794
0.280874
0.270318
0.261144
0.290537
0.277260
2.548034
8.179563
5.518301
2.277462
2.051485
0.489260
0.462084
1.613318
0.334025
0.247139
0.258912
0.256724
0.362253
7.410611
5.079799
2.467456
2.288866
2.620426
3.476304
2.235490
3.894464
1.927420
0.815721
0.646008
0.327778
0.360140
0.242067
1.253293
3.509404
6.823075
1.619918
1.383032
2.133141
1.575574
1.008147
0.459162
4.294397
2.490004
3.188630
1.259486
2.404047
0.767130
0.806314
0.572987
0.636073
2.782293
6.800375
4.785025
4.500703
2.810870
2.605183
1.433280
1.003451
0.519958
1.352293
0.648629
0.373550
0.355627
0.329881
1.873496
10.295520
6.215558
5.467458
2.965041
3.112724
2.361840
2.530602
0.828504
2.081499
3.133959
3.491610
2.767109
3.052642
3.627162
2.162198
1.775761
2.330729
1.800937
0.881874
1.895521
0.925917
5.931341
3.730147
2.882183
1.106787
1.495406
1.201864
0.475333
1.667138
1.820048
1.335049
1.041508
0.516027
0.309302
0.298262
1.720669
7.273685
1.995525
3.198267
2.571848
0.746080
0.775855
2.605574
2.331764
3.863132
9.767109
3.339405
4.911014
1.287672
3.136609
1.874806
1.040460
0.608628
0.508241
1.450092
0.652872
0.501947
0.288264
0.295712
0.288732
1.081805
2.109903
7.192669
6.226910
3.895264
4.677925
4.340194
5.500979
3.140973
1.097172
2.487454
4.066543
1.587567
1.521029
5.390826
1.449634
1.644680
2.266852
0.927095
0.456657
0.391251
1.996610
3.858317
2.257665
3.004865
1.577947
5.145893
2.598750
0.870737
3.656409
2.450463
0.517398
0.356023
1.051440
1.740299
0.346466
0.318858
0.288580
0.355378
1.332997
2.051909
11.364985
7.986353
4.985278
3.590333
3.265777
3.272352
3.326305
3.767170
5.550066
2.118338
4.192260
1.308392
1.792436
5.173119
4.274062
0.782605
3.338298
5.676891
2.556034
3.228302
2.764176
1.097698
0.782601
0.505132
0.397308
0.314850
0.314035
0.264293
0.261432
5.389992
5.446037
3.637467
5.335565
3.796112
3.499735
1.844442
1.947791
2.435455
9.496144
9.277720
4.846035
1.801662
2.047840
4.170978
2.355421
2.246198
2.134612
1.500624
2.057605
2.673875
3.131080
2.986607
3.015546
3.566689
3.146582
1.505077
1.249349
1.037175
0.596291
5.202813
5.319165
3.689422
4.939325
2.486190
1.404973
1.135527
0.688214
2.533672
2.326089
2.241499
2.236294
4.359639
4.563410
5.060291
2.423443
2.946836
1.233429
0.790275
0.393649
0.333467
0.262501
4.664359
5.644672
2.476722
2.748406
1.235887
3.680008
5.083175
1.974318
3.107331
2.149502
0.982821
1.974803
1.130453
1.137699
0.922859
1.467441
2.245397
1.169337
2.911998
3.461261
4.401790
2.563967
1.746567
2.265552
3.417151
5.270214
3.670348
1.452695
0.600082
0.423787
0.384897
0.345067
0.352317
0.357106
0.329326
0.323181
0.284050
1.815567
4.829377
8.456135
8.357139
4.668523
6.449248
3.856434
4.496536
2.443622
2.131535
2.221334
3.077741
1.511472
3.040688
0.810494
2.320276
4.148743
3.774774
2.477564
1.656818
0.611050
0.407120
0.357834
0.304908
0.298430
4.113325
3.124674
8.928945
6.805676
2.539681
2.192084
0.826237
2.683811
1.107055
1.510405
7.142138
2.906556
4.337251
2.165889
1.379356
1.300453
1.214816
1.154977
0.771709
1.199191
1.722768
3.939319
4.123940
3.184307
6.418917
3.528328
4.869687
2.779634
0.786229
1.136136
1.599546
8.397778
3.904023
3.334105
1.708364
2.022106
1.284916
1.397690
0.409920
0.340689
0.284118
0.263797
1.142588
1.858859
2.364535
4.543616
1.040740
1.941861
1.306112
1.139095
7.615904
1.970403
0.631967
1.682856
4.407168
3.380517
2.077274
2.563730
1.895542
1.632171
0.647599
2.231374
1.270581
1.621743
3.388292
5.968268
1.686853
1.366736
0.531783
0.347256
0.316731
0.305804
0.233752
0.796960
1.591685
1.103578
6.868873
10.984672
3.917810
4.687955
1.931111
1.676926
0.650847
1.037760
2.362477
1.552208
1.159696
6.692156
3.255220
3.173971
3.135622
3.181565
7.270556
6.167042
1.695217
0.984914
0.700383
1.992136
6.590223
3.261236
1.361744
1.258765
1.102070
1.055709
0.996843
0.933598
0.870457
0.835546
0.608187
0.204199
0.288175
3.983497
8.164629
3.767008
4.871709
6.135110
3.055053
7.173458
4.243429
4.540236
1.541788
1.414384
1.397549
1.256383
0.873399
1.752279
1.039130
1.185374
3.716297
2.480119
3.484541
4.728020
2.902996
2.989574
2.528591
2.897168
2.585388
0.705890
1.681684
1.435094
1.873154
1.226023
2.565036
3.635465
4.751909
0.804806
0.541570
0.334118
0.326582
0.197684
0.435960
0.101324
0.055730
0.035732
0.029653
0.024968
0.021300
0.018369
0.015992
0.014041
0.012422
0.011065
0.009920
0.008946
0.008113
0.007396
0.006777
0.006238
0.005769
0.005357
0.004994
0.004674
0.004390
0.004137
0.003910
0.003707
0.003524
0.003358
0.003208
0.003071
0.002947
0.002832
0.002727
0.002630
0.002540
0.002457
0.002380
0.002308
0.002241
0.002178
0.002119
0.002064
0.002011
0.001962
0.001916
0.001872
0.001830
0.001791
0.001753
0.001717
0.001683
0.001650
0.001619
0.001589
0.001561
0.001533
0.001507
0.001482
0.001457
0.001434
0.001411
0.001390
0.001369
0.001349
0.001329
0.001310
0.001292
0.001274
0.001257
0.001240
0.001224
0.001208
0.001193
0.001178
0.001164
0.001150
0.001136
0.001123
0.001110
0.001098
0.001085
0.001073
0.001062
0.001050
0.001039
0.001028
0.001018
0.001007
0.000997
0.000987
0.000978
0.000968
0.000959
0.000950
0.000941
0.000932
0.000924
0.000916
0.000907
0.000899
0.000892
0.000884
0.000876
0.000869
0.000862
0.000855
0.000847
0.000841
0.000834
0.000827
0.000821
0.000814
0.000808
0.000802
0.000796
0.000790
0.000784
0.000778
0.000772
0.000767
0.000761
0.000756
0.000750
0.000745
0.000740
0.000735
0.000730
0.000725
0.000720
0.000715
0.000710
0.000706
0.000701
0.000696
0.000692
0.000687
0.000683
0.000679
0.000675
0.000670
0.000666
0.000662
0.000658
0.000654
0.000650
0.000646
0.000643
0.000639
0.000635
0.000631
0.000628
0.000624
0.000621
0.000617
0.000614
0.000610
0.000607
0.000604
0.000600
0.000597
0.000594
0.000591
0.000588
0.000584
0.000581
0.000578
0.000575
0.000572
0.000569
0.000567
0.000564
0.000561
0.000558
0.000555
0.000552
0.000550
0.000547
0.000544
0.000542
0.000539
0.000537
0.000534
0.000531
0.000529
0.000526
0.000524
0.000522
0.000519
0.000517
0.000514
0.000512
0.000510
0.000507
0.000505
0.000503
0.000501
0.000499
0.000496
0.000494
0.000492
0.000490
0.000488
0.000486
0.000484
0.000482
0.000480
0.000478
0.000476
0.000474
0.000472
0.000470
0.000468
0.000466
0.000464
0.000462
0.000460
0.000458
0.000457
0.000455
0.000453
0.000451
0.000449
0.000448
0.000446
0.000444
0.000442
0.000441
0.000439
0.000437
0.000436
0.000434
0.000433
0.000431
0.000429
0.000428
0.000426
0.000425
0.000423
0.000421
0.000420
0.000418
0.000417
0.000415
0.000414
0.000412
0.000411
0.000410
0.000408
0.000407
0.000405
0.000404
0.000402
0.000401
0.000400
0.000398
0.000397
0.000396
0.000394
0.000393
0.000392
0.000390
0.000389
0.000388
0.000386
0.000385
0.000384
0.000383
0.000381
0.000380
0.000379
0.000378
0.000377
0.000375
0.000374
0.000373
0.000372
0.000371
0.000369
0.000368
0.000367
0.000366
0.000365
0.000364
0.000363
0.000361
0.000360
0.000359
0.000358
0.000357
0.000356
0.000355
0.000354
0.000353
0.000352
0.000351
0.000350
0.000349
0.000348
0.000347
0.000346
0.000345
0.000344
0.000343
0.000342
0.000341
0.000340
0.000339
0.000338
0.000337
0.000336
0.000335
0.000334
0.000333
0.000332
0.000331
0.000330
0.000329
0.000328
0.000328
0.000327
0.000326
0.000325
0.000324
0.000323
0.000322
0.000321
0.000320
0.000320
0.000319
0.000318
0.000317
0.000316
0.000315
0.000315
0.000314
0.000313
0.000312
0.000311
0.000310
0.000310
0.000309
0.000308
0.000307
0.000307
0.000306
0.000305
0.000304
0.000303
0.000303
0.000302
0.000301
0.000300
0.000300
0.000299
0.000298
0.000297
0.000297
0.000296
0.000295
0.000295
0.000294
0.000293
0.000292
0.000292
0.000291
0.000290
0.000290
0.000289
0.000288
0.000287
0.000287
0.000286
0.000285
0.000285
0.000284
0.000283
0.000283
0.000282
0.000281
0.000281
0.000280
0.000280
0.000279
0.000278
0.000278
0.000277
0.000276
0.000276
0.000275
0.000274
0.000274
0.000273
0.000273
0.000272
0.000271
0.000271
0.000270
0.000270
0.000269
0.000268
0.000268
0.000267
0.000267
0.000266
0.000265
0.000265
0.000264
0.000264
0.000263
0.000263
0.000262
0.000261
0.000261
0.000260
0.000260
0.000259
0.000259
0.000258
0.000258
0.000257
0.000257
0.000256
0.000255
0.000255
0.000254
0.000254
0.000253
0.000253
0.000252
0.000252
0.000251
0.000251
0.000250
0.000250
0.000249
0.000249
0.000248
0.000248
0.000247
0.000247
0.000246
0.000246
0.000245
0.000245
0.000244
0.000244
0.000243
0.000243
0.000242
0.000242
0.000241
0.000241
0.000240
0.000240
0.000239
0.000239
0.000239
0.000238
0.000238
0.000237
0.000237
0.000236
0.000236
0.000235
0.000235
0.000234
0.000234
0.000234
0.000233
0.000233
0.000232
0.000232
0.000231
0.000231
0.000231
0.000230
0.000230
0.000229
0.000229
0.000228
0.000228
0.000228
0.000227
0.000227
0.000226
0.000226
0.000225
0.000225
0.000225
0.000224
0.000224
0.000223
0.000223
0.000223
0.000222
0.000222
0.000221
0.000221
0.000221
0.000220
0.000220
0.000219
0.000219
0.000219
0.000218
0.000218
0.000218
0.000217
0.000217
0.000216
0.000216
0.000216
0.000215
0.000215
0.000215
0.000214
0.000214
0.000213
0.000213
0.000213
0.000212
0.000212
0.000212
0.000211
0.000211
0.000211
0.000210
0.000210
0.000209
0.000209
0.000209
0.000208
0.000208
0.000208
0.000207
0.000207
0.000207
0.000206
0.000206
0.000206
0.000205
0.000205
0.000205
0.000204
0.000204
0.000204
0.000203
0.000203
0.000203
0.000202
0.000202
0.000202
0.000201
0.000201
0.000201
0.000200
0.000200
0.000200
0.000199
0.000199
0.000199
0.000198
0.000198
0.000198
0.000198
0.000197
0.000197
0.000197
0.000196
0.000196
0.000196
0.000195
0.000195
0.000195
0.000194
0.000194
0.000194
0.000194
0.000193
0.000193
0.000193
0.000192
0.000192
0.000192
0.000191
0.000191
0.000191
0.000191
0.000190
0.000190
0.000190
0.000189
0.000189
0.000189
0.000189
0.000188
0.000188
0.000188
0.000187
0.000187
0.000187
0.000187
0.000186
0.000186
0.000186
0.000186
0.000185
0.000185
0.000185
0.000184
0.000184
0.000184
0.000184
0.000183
0.000183
0.000183
0.000183
0.000182
0.000182
0.000182
0.000182
0.000181
0.000181
0.000181
0.000180
0.000180
0.000180
0.000180
0.000179
0.000179
0.000179
0.000179
0.000178
0.000178
0.000178
0.000178
0.000177
0.000177
0.000177
0.000177
0.000176
0.000176
0.000176
0.000176
0.000175
0.000175
0.000175
0.000175
0.000174
0.000174
0.000174
0.000174
0.000174
0.000173
0.000173
0.000173
0.000173
0.000172
0.000172
0.000172
0.000172
0.000171
0.000171
0.000171
0.000171
0.000170
0.000170
0.000170
0.000170
0.000170
0.000169
0.000169
0.000169
0.000169
0.000168
0.000168
0.000168
0.000168
0.000168
0.000167
0.000167
0.000167
0.000167
0.000166
0.000166
0.000166
0.000166
0.000166
0.000165
0.000165
0.000165
0.000165
0.000165
0.000164
0.000164
0.000164
0.000164
0.000163
0.000163
0.000163
0.000163
0.000163
0.000162
0.000162
0.000162
0.000162
0.000162
0.000161
0.000161
0.000161
0.000161
0.000161
0.000160
0.000160
0.000160
0.000160
0.000160
0.000159
0.000159
0.000159
0.000159
0.000159
0.000158
0.000158
0.000158
0.000158
0.000158
0.000157
0.000157
0.000157
0.000157
0.000157
0.000156
0.000156
0.000156
0.000156
0.000156
0.000155
0.000155
0.000155
0.000155
0.000155
0.000155
0.000154
0.000154
0.000154
0.000154
0.000154
0.000153
0.000153
0.000153
0.000153
0.000153
0.000152
0.000152
0.000152
0.000152
0.000152
0.000152
0.000151
0.000151
0.000151
0.000151
0.000151
0.000151
0.000150
0.000150
0.000150
0.000150
0.000150
0.000149
0.000149
0.000149
0.000149
0.000149
0.000149
0.000148
0.000148
0.000148
0.000148
0.000148
0.000148
0.000147
0.000147
0.000147
0.000147
0.000147
0.000147
0.000146
0.000146
0.000146
0.000146
0.000146
0.000146
0.000145
0.000145
0.000145
0.000145
0.000145
0.000145
0.000144
0.000144
0.000144
0.000144
0.000144
0.000144
0.000143
0.000143
0.000143
0.000143
0.000143
0.000143
0.000142
0.000142
0.000142
0.000142
0.000142
0.000142
0.000142
0.000141
0.000141
0.000141
0.000141
0.000141
0.000141
0.000140
0.000140
0.000140
0.000140
0.000140
0.000140
0.000140
0.000139
0.000139
0.000139
0.000139
0.000139
0.000139
0.000138
0.000138
0.000138
0.000138
0.000138
0.000138
0.000138
0.000137
0.000137
0.000137
0.000137
0.000137
0.000137
0.000137
0.000136
0.000136
0.000136
0.000136
0.000136
0.000136
0.000136
0.000135
0.000135
0.000135
0.000135
0.000135
0.000135
0.000135
0.000134
0.000134
0.000134
0.000134
0.000134
0.000134
0.000134
0.000133
0.000133
0.000133
0.000133
0.000133
0.000133
0.000133
0.000132
0.000132
0.000132
0.000132
0.000132
0.000132
0.000132
0.000132
0.000131
0.000131
0.000131
0.000131
0.000131
0.000131
0.000131
0.000130
0.000130
0.000130
0.000130
0.000130
0.000130
0.000130
0.000130
0.000129
0.000129
0.000129
0.000129
0.000129
0.000129
0.000129
0.000129
0.000128
0.000128
0.000128
0.000128
0.000128
0.000128
0.000128
0.000128
0.000127
0.000127
0.000127
0.000127
0.000127
0.000127
0.000127
0.000127
0.000126
0.000126
0.000126
0.000126
0.000126
0.000126
0.000126
0.000126
0.000125
0.000125
0.000125
0.000125
0.000125
0.000125
0.000125
0.000125
0.000124
0.000124
0.000124
0.000124
0.000124
0.000124
0.000124
0.000124
0.000123
0.000123
0.000123
0.000123
0.000123
0.000123
0.000123
0.000123
0.000123
0.000122
0.000122
0.000122
0.000122
0.000122
0.000122
0.000122
0.000122
0.000122
0.000121
0.000121
0.000121
0.000121
0.000121
0.000121
0.000121
0.000121
0.000120
0.000120
0.000120
0.000120
0.000120
0.000120
0.000120
0.000120
0.000120
0.000119
0.000119
0.000119
0.000119
0.000119
0.000119
0.000119
0.000119
0.000119
0.000119
0.000118
0.000118
0.000118
0.000118
0.000118
0.000118
0.000118
0.000118
0.000118
0.000117
0.000117
0.000117
0.000117
0.000117
0.000117
0.000117
0.000117
0.000117
0.000116
0.000116
0.000116
0.000116
0.000116
0.000116
0.000116
0.000116
0.000116
0.000116
0.000115
0.000115
0.000115
0.000115
0.000115
0.000115
0.000115
0.000115
0.000115
0.000115
0.000114
0.000114
0.000114
0.000114
0.000114
0.000114
0.000114
0.000114
0.000114
0.000114
0.000113
0.000113
0.000113
0.000113
0.000113
0.000113
0.000113
0.000113
0.000113
0.000113
0.000112
0.000112
0.000112
0.000112
0.000112
0.000112
0.000112
0.000112
0.000112
0.000112
0.000112
0.000111
0.000111
0.000111
0.000111
0.000111
0.000111
0.000111
0.000111
0.000111
0.000111
0.000110
0.000110
0.000110
0.000110
0.000110
0.000110
0.000110
0.000110
0.000110
0.000110
0.000110
0.000109
0.000109
0.000109
0.000109
0.000109
0.000109
0.000109
0.000109
0.000109
0.000109
0.000109
0.000108
0.000108
0.000108
0.000108
0.000108
0.000108
0.000108
0.000108
0.000108
0.000108
0.000108
0.000107
0.000107
0.000107
0.000107
0.000107
0.000107
0.000107
0.000107
0.000107
0.000107
0.000107
0.000107
0.000106
0.000106
0.000106
0.000106
0.000106
0.000106
0.000106
0.000106
0.000106
0.000106
0.000106
0.000105
0.000105
0.000105
0.000105
0.000105
0.000105
0.000105
0.000105
0.000105
0.000105
0.000105
0.000105
0.000104
0.000104
0.000104
0.000104
0.000104
0.000104
0.000104
0.000104
0.000104
0.000104
0.000104
0.000104
0.000103
0.000103
0.000103
0.000103
0.000103
0.000103
0.000103
0.000103
0.000103
0.000103
0.000103
0.000103
0.000102
0.000102
0.000102
0.000102
0.000102
0.000102
0.000102
0.000102
0.000102
0.000102
0.000102
0.000102
0.000102
0.000101
0.000101
0.000101
0.000101
0.000101
0.000101
0.000101
0.000101
0.000101
0.000101
0.000101
0.000101
0.000101
0.000100
0.000100
0.000100
0.000100
0.000100
0.000100
0.000100
0.000100
0.000100
0.000100
0.000100
0.000100
0.000100
0.000099
0.000099
0.000099
0.000099
0.000099
0.000099
0.000099
0.000099
0.000099
0.000099
0.000099
0.000099
0.000099
0.000098
0.000098
0.000098
0.000098
0.000098
0.000098
0.000098
0.000098
0.000098
0.000098
0.000098
0.000098
0.000098
0.000098
0.000097
0.000097
0.000097
0.000097
0.000097
0.000097
0.000097
0.000097
0.000097
0.000097
0.000097
0.000097
0.000097
0.000097
0.000096
0.000096
0.000096
0.000096
0.000096
0.000096
0.000096
0.000096
0.000096
0.000096
0.000096
0.000096
0.000096
0.000096
0.000095
0.000095
0.000095
0.000095
0.000095
0.000095
0.000095
0.000095
0.000095
0.000095
0.000095
0.000095
0.000095
0.000095
0.000095
0.000094
0.000094
0.000094
0.000094
0.000094
0.000094
0.000094
0.000094
0.000094
0.000094
0.000094
0.000094
0.000094
0.000094
0.000094
0.000093
0.000093
0.000093
0.000093
0.000093
0.000093
0.000093
0.000093
0.000093
0.000093
0.000093
0.000093
0.000093
0.000093
0.000093
0.000092
0.000092
0.000092
0.000092
0.000092
0.000092
0.000092
0.000092
0.000092
0.000092
0.000092
0.000092
0.000092
0.000092
0.000092
0.000092
0.000091
0.000091
0.000091
0.000091
0.000091
0.000091
0.000091
0.000091
0.000091
0.000091
0.000091
0.000091
0.000091
0.000091
0.000091
0.000091
0.000090
0.000090
0.000090
0.000090
0.000090
0.000090
0.000090
0.000090
0.000090
0.000090
0.000090
0.000090
0.000090
0.000090
0.000090
0.000090
0.000089
0.000089
0.000089
0.000089
0.000089
0.000089
0.000089
0.000089
0.000089
0.000089
0.000089
0.000089
0.000089
0.000089
0.000089
0.000089
0.000089
0.000088
0.000088
0.000088
0.000088
0.000088
0.000088
0.000088
0.000088
0.000088
0.000088
0.000088
0.000088
0.000088
0.000088
0.000088
0.000088
0.000088
0.000087
0.000087
0.000087
0.000087
0.000087
0.000087
0.000087
0.000087
0.000087
0.000087
0.000087
0.000087
0.000087
0.000087
0.000087
0.000087
0.000087
0.000086
0.000086
0.000086
0.000086
0.000086
0.000086
0.000086
0.000086
0.000086
0.000086
0.000086
0.000086
0.000086
0.000086
0.000086
0.000086
0.000086
0.000086
0.000085
0.000085
0.000085
0.000085
0.000085
0.000085
0.000085
0.000085
0.000085
0.000085
0.000085
0.000085
0.000085
0.000085
0.000085
0.000085
0.000085
0.000085
0.000084
0.000084
0.000084
0.000084
0.000084
0.000084
0.000084
0.000084
0.000084
0.000084
0.000084
0.000084
0.000084
0.000084
0.000084
0.000084
0.000084
0.000084
0.000084
0.000083
0.000083
0.000083
0.000083
0.000083
0.000083
0.000083
0.000083
0.000083
0.000083
0.000083
0.000083
0.000083
0.000083
0.000083
0.000083
0.000083
0.000083
0.000083
0.000082
0.000082
0.000082
0.000082
0.000082
0.000082
0.000082
0.000082
0.000082
0.000082
0.000082
0.000082
0.000082
0.000082
0.000082
0.000082
0.000082
0.000082
0.000082
0.000082
0.000081
0.000081
0.000081
0.000081
0.000081
0.000081
0.000081
0.000081
0.000081
0.000081
0.000081
0.000081
0.000081
0.000081
0.000081
0.000081
0.000081
0.000081
0.000081
0.000081
0.000080
0.000080
0.000080
0.000080
0.000080
0.000080
0.000080
0.000080
0.000080
0.000080
0.000080
0.000080
0.000080
0.000080
0.000080
0.000080
0.000080
0.000080
0.000080
0.000080
0.000080
0.000079
0.000079
0.000079
0.000079
0.000079
0.000079
0.000079
0.000079
0.000079
0.000079
0.000079
0.000079
0.000079
0.000079
0.000079
0.000079
0.000079
0.000079
0.000079
0.000079
0.000079
0.000078
0.000078
0.000078
0.000078
0.000078
0.000078
0.000078
0.000078
0.000078
0.000078
0.000078
0.000078
0.000078
0.000078
0.000078
0.000078
0.000078
0.000078
0.000078
0.000078
0.000078
0.000078
0.000077
0.000077
0.000077
0.000077
0.000077
0.000077
0.000077
0.000077
0.000077
0.000077
0.000077
0.000077
0.000077
0.000077
0.000077
0.000077
0.000077
0.000077
0.000077
0.000077
0.000077
0.000077
0.000077
0.000076
0.000076
0.000076
0.000076
0.000076
0.000076
0.000076
0.000076
0.000076
0.000076
0.000076
0.000076
0.000076
0.000076
0.000076
0.000076
0.000076
0.000076
0.000076
0.000076
0.000076
0.000076
0.000076
0.000075
0.000075
0.000075
0.000075
0.000075
0.000075
0.000075
0.000075
0.000075
0.000075
0.000075
0.000075
0.000075
0.000075
0.000075
0.000075
0.000075
0.000075
0.000075
0.000075
0.000075
0.000075
0.000075
0.000074
0.000074
0.000074
0.000074
0.000074
0.000074
0.000074
0.000074
0.000074
0.000074
0.000074
0.000074
0.000074
0.000074
0.000074
0.000074
0.000074
0.000074
0.000074
0.000074
0.000074
0.000074
0.000074
0.000074
0.000074
0.000073
0.000073
0.000073
0.000073
0.000073
0.000073
0.000073
0.000073
0.000073
0.000073
0.000073
0.000073
0.000073
0.000073
0.000073
0.000073
0.000073
0.000073
0.000073
0.000073
0.000073
0.000073
0.000073
0.000073
0.000073
0.000072
0.000072
0.000072
0.000072
0.000072
0.000072
0.000072
0.000072
0.000072
0.000072
0.000072
0.000072
0.000072
0.000072
0.000072
0.000072
0.000072
0.000072
0.000072
0.000072
0.000072
0.000072
0.000072
0.000072
0.000072
0.000072
0.000071
0.000071
0.000071
0.000071
0.000071
0.000071
0.000071
0.000071
0.000071
0.000071
0.000071
0.000071
0.000071
0.000071
0.000071
0.000071
0.000071
0.000071
0.000071
0.000071
0.000071
0.000071
0.000071
0.000071
0.000071
0.000071
0.000070
0.000070
0.000070
0.000070
0.000070
0.000070
0.000070
0.000070
0.000070
0.000070
0.000070
0.000070
0.000070
0.000070
0.000070
0.000070
0.000070
0.000070
0.000070
0.000070
0.000070
0.000070
0.000070
0.000070
0.000070
0.000070
0.000070
0.000069
0.000069
0.000069
0.000069
0.000069
0.000069
0.000069
0.000069
0.000069
0.000069
0.000069
0.000069
0.000069
0.000069
0.000069
0.000069
0.000069
0.000069
0.000069
0.000069
0.000069
0.000069
0.000069
0.000069
0.000069
0.000069
0.000069
0.000069
0.000068
0.000068
0.000068
0.000068
0.000068
0.000068
0.000068
0.000068
0.000068
0.000068
0.000068
0.000068
0.000068
0.000068
0.000068
0.000068
0.000068
0.000068
0.000068
0.000068
0.000068
0.000068
0.000068
0.000068
0.000068
0.000068
0.000068
0.000068
0.000068
0.000067
0.000067
0.000067
0.000067
0.000067
0.000067
0.000067
0.000067
0.000067
0.000067
0.000067
0.000067
0.000067
0.000067
0.000067
0.000067
0.000067
0.000067
0.000067
0.000067
0.000067
0.000067
0.000067
0.000067
0.000067
0.000067
0.000067
0.000067
0.000067
0.000067
0.000066
0.000066
0.000066
0.000066
0.000066
0.000066
0.000066
0.000066
0.000066
0.000066
0.000066
0.000066
0.000066
0.000066
0.000066
0.000066
0.000066
0.000066
0.000066
0.000066
0.000066
0.000066
0.000066
0.000066
0.000066
0.000066
0.000066
0.000066
0.000066
0.000066
0.000066
0.000065
0.000065
0.000065
0.000065
0.000065
0.000065
0.000065
0.000065
0.000065
0.000065
0.000065
0.000065
0.000065
0.000065
0.000065
0.000065
0.000065
0.000065
0.000065
0.000065
0.000065
0.000065
0.000065
0.000065
0.000065
0.000065
0.000065
0.000065
0.000065
0.000065
0.000065
0.000065
0.000064
0.000064
0.000064
0.000064
0.000064
0.000064
0.000064
0.000064
0.000064
0.000064
0.000064
0.000064
0.000064
0.000064
0.000064
0.000064
0.000064
0.000064
0.000064
0.000064
0.000064
0.000064
0.000064
0.000064
0.000064
0.000064
0.000064
0.000064
0.000064
0.000064
0.000064
0.000064
0.000064
0.000063
0.000063
0.000063
0.000063
0.000063
0.000063
0.000063
0.000063
0.000063
0.000063
0.000063
0.000063
0.000063
0.000063
0.000063
0.000063
0.000063
0.000063
0.000063
0.000063
0.000063
0.000063
0.000063
0.000063
0.000063
0.000063
0.000063
0.000063
0.000063
0.000063
0.000063
0.000063
0.000063
0.000062
0.000062
0.000062
0.000062
0.000062
0.000062
0.000062
0.000062
0.000062
0.000062
0.000062
0.000062
0.000062
0.000062
0.000062
0.000062
0.000062
0.000062
0.000062
0.000062
0.000062
0.000062
0.000062
0.000062
0.000062
0.000062
0.000062
0.000062
0.000062
0.000062
0.000062
0.000062
0.000062
0.000062
0.000062
0.000061
0.000061
0.000061
0.000061
0.000061
0.000061
0.000061
0.000061
0.000061
0.000061
0.000061
0.000061
0.000061
0.000061
0.000061
0.000061
0.000061
0.000061
0.000061
0.000061
0.000061
0.000061
0.000061
0.000061
0.000061
0.000061
0.000061
0.000061
0.000061
0.000061
0.000061
0.000061
0.000061
0.000061
0.000061
0.000061
0.000061
0.000060
0.000060
0.000060
0.000060
0.000060
0.000060
0.000060
0.000060
0.000060
0.000060
0.000060
0.000060
0.000060
0.000060
0.000060
0.000060
0.000060
0.000060
0.000060
0.000060
0.000060
0.000060
0.000060
0.000060
0.000060
0.000060
0.000060
0.000060
0.000060
0.000060
0.000060
0.000060
0.000060
0.000060
0.000060
0.000060
0.000060
0.000059
0.000059
0.000059
0.000059
0.000059
0.000059
0.000059
0.000059
0.000059
0.000059
0.000059
0.000059
0.000059
0.000059
0.000059
0.000059
0.000059
0.000059
0.000059
0.000059
0.000059
0.000059
0.000059
0.000059
0.000059
0.000059
0.000059
0.000059
0.000059
0.000059
0.000059
0.000059
0.000059
0.000059
0.000059
0.000059
0.000059
0.000059
0.000059
0.000058
0.000058
0.000058
0.000058
0.000058
0.000058
0.000058
0.000058
0.000058
0.000058
0.000058
0.000058
0.000058
0.000058
0.000058
0.000058
0.000058
0.000058
0.000058
0.000058
0.000058
0.000058
0.000058
0.000058
0.000058
0.000058
0.000058
0.000058
0.000058
0.000058
0.000058
0.000058
0.000058
0.000058
0.000058
0.000058
0.000058
0.000058
0.000058
0.000058
0.000057
0.000057
0.000057
0.000057
0.000057
0.000057
0.000057
0.000057
0.000057
0.000057
0.000057
0.000057
0.000057
0.000057
0.000057
0.000057
0.000057
0.000057
0.000057
0.000057
0.000057
0.000057
0.000057
0.000057
0.000057
0.000057
0.000057
0.000057
0.000057
0.000057
0.000057
0.000057
0.000057
0.000057
0.000057
0.000057
0.000057
0.000057
0.000057
0.000057
0.000057
0.000056
0.000056
0.000056
0.000056
0.000056
0.000056
0.000056
0.000056
0.000056
0.000056
0.000056
0.000056
0.000056
0.000056
0.000056
0.000056
0.000056
0.000056
0.000056
0.000056
0.000056
0.000056
0.000056
0.000056
0.000056
0.000056
0.000056
0.000056
0.000056
0.000056
0.000056
0.000056
0.000056
0.000056
0.000056
0.000056
0.000056
0.000056
0.000056
0.000056
0.000056
0.000056
0.000056
0.000056
0.000055
0.000055
0.000055
0.000055
0.000055
0.000055
0.000055
0.000055
0.000055
0.000055
0.000055
0.000055
0.000055
0.000055
0.000055
0.000055
0.000055
0.000055
0.000055
0.000055
0.000055
0.000055
0.000055
0.000055
0.000055
0.000055
0.000055
0.000055
0.000055
0.000055
0.000055
0.000055
0.000055
0.000055
0.000055
0.000055
0.000055
0.000055
0.000055
0.000055
0.000055
0.000055
0.000055
0.000055
0.000054
0.000054
0.000054
0.000054
0.000054
0.000054
0.000054
0.000054
0.000054
0.000054
0.000054
0.000054
0.000054
0.000054
0.000054
0.000054
0.000054
0.000054
0.000054
0.000054
0.000054
0.000054
0.000054
0.000054
0.000054
0.000054
0.000054
0.000054
0.000054
0.000054
0.000054
0.000054
0.000054
0.000054
0.000054
0.000054
0.000054
0.000054
0.000054
0.000054
0.000054
0.000054
0.000054
0.000054
0.000054
0.000054
0.000054
0.000053
0.000053
0.000053
0.000053
0.000053
0.000053
0.000053
0.000053
0.000053
0.000053
0.000053
0.000053
0.000053
0.000053
0.000053
0.000053
0.000053
0.000053
0.000053
0.000053
0.000053
0.000053
0.000053
0.000053
0.000053
0.000053
0.000053
0.000053
0.000053
0.000053
0.000053
0.000053
0.000053
0.000053
0.000053
0.000053
0.000053
0.000053
0.000053
0.000053
0.000053
0.000053
0.000053
0.000053
0.000053
0.000053
0.000053
0.000053
0.000052
0.000052
0.000052
0.000052
0.000052
0.000052
0.000052
0.000052
0.000052
0.000052
0.000052
0.000052
0.000052
0.000052
0.000052
0.000052
0.000052
0.000052
0.000052
0.000052
0.000052
0.000052
0.000052
0.000052
0.000052
0.000052
0.000052
0.000052
0.000052
0.000052
0.000052
0.000052
0.000052
0.000052
0.000052
0.000052
0.000052
0.000052
0.000052
0.000052
0.000052
0.000052
0.000052
0.000052
0.000052
0.000052
0.000052
0.000052
0.000052
0.000052
0.000051
0.000051
0.000051
0.000051
0.000051
0.000051
0.000051
0.000051
0.000051
0.000051
0.000051
0.000051
0.000051
0.000051
0.000051
0.000051
0.000051
0.000051
0.000051
0.000051
0.000051
0.000051
0.000051
0.000051
0.000051
0.000051
0.000051
0.000051
0.000051
0.000051
0.000051
0.000051
0.000051
0.000051
0.000051
0.000051
0.000051
0.000051
0.000051
0.000051
0.000051
0.000051
0.000051
0.000051
0.000051
0.000051
0.000051
0.000051
0.000051
0.000051
0.000051
0.000051
0.000050
0.000050
0.000050
0.000050
0.000050
0.000050
0.000050
0.000050
0.000050
0.000050
0.000050
0.000050
0.000050
0.000050
0.000050
0.000050
0.000050
0.000050
0.000050
0.000050
0.000050
0.000050
0.000050
0.000050
0.000050
0.000050
0.000050
0.000050
0.000050
0.000050
0.000050
0.000050
0.000050
0.000050
0.000050
0.000050
0.000050
0.000050
0.000050
0.000050
0.000050
0.000050
0.000050
0.000050
0.000050
0.000050
0.000050
0.000050
0.000050
0.000050
0.000050
0.000050
0.000050
0.000050
0.000049
0.000049
0.000049
0.000049
0.000049
0.000049
0.000049
0.000049
0.000049
0.000049
0.000049
0.000049
0.000049
0.000049
0.000049
0.000049
0.000049
0.000049
0.000049
0.000049
0.000049
0.000049
0.000049
0.000049
0.000049
0.000049
0.000049
0.000049
0.000049
0.000049
0.000049
0.000049
0.000049
0.000049
0.000049
0.000049
0.000049
0.000049
0.000049
0.000049
0.000049
0.000049
0.000049
0.000049
0.000049
0.000049
0.000049
0.000049
0.000049
0.000049
0.000049
0.000049
0.000049
0.000049
0.000049
0.000049
0.000049
0.000048
0.000048
0.000048
0.000048
0.000048
0.000048
0.000048
0.000048
0.000048
0.000048
0.000048
0.000048
0.000048
0.000048
0.000048
0.000048
0.000048
0.000048
0.000048
0.000048
0.000048
0.000048
0.000048
0.000048
0.000048
0.000048
0.000048
0.000048
0.000048
0.000048
0.000048
0.000048
0.000048
0.000048
0.000048
0.000048
0.000048
0.000048
0.000048
0.000048
0.000048
0.000048
0.000048
0.000048
0.000048
0.000048
0.000048
0.000048
0.000048
0.000048
0.000048
0.000048
0.000048
0.000048
0.000048
0.000048
0.000048
0.000048
0.000048
0.000047
0.000047
0.000047
0.000047
0.000047
0.000047
0.000047
0.000047
0.000047
0.000047
0.000047
0.000047
0.000047
0.000047
0.000047
0.000047
0.000047
0.000047
0.000047
0.000047
0.000047
0.000047
0.000047
0.000047
0.000047
0.000047
0.000047
0.000047
0.000047
0.000047
0.000047
0.000047
0.000047
0.000047
0.000047
0.000047
0.000047
0.000047
0.000047
0.000047
0.000047
0.000047
0.000047
0.000047
0.000047
0.000047
0.000047
0.000047
0.000047
0.000047
0.000047
0.000047
0.000047
0.000047
0.000047
0.000047
0.000047
0.000047
0.000047
0.000047
0.000047
0.000047
0.000046
0.000046
0.000046
0.000046
0.000046
0.000046
0.000046
0.000046
0.000046
0.000046
0.000046
0.000046
0.000046
0.000046
0.000046
0.000046
0.000046
0.000046
0.000046
0.000046
0.000046
0.000046
0.000046
0.000046
0.000046
0.000046
0.000046
0.000046
0.000046
0.000046
0.000046
0.000046
0.000046
0.000046
0.000046
0.000046
0.000046
0.000046
0.000046
0.000046
0.000046
0.000046
0.000046
0.000046
0.000046
0.000046
0.000046
0.000046
0.000046
0.000046
0.000046
0.000046
0.000046
0.000046
0.000046
0.000046
0.000046
0.000046
0.000046
0.000046
0.000046
0.000046
0.000046
0.000046
0.000045
0.000045
0.000045
0.000045
0.000045
0.000045
0.000045
0.000045
0.000045
0.000045
0.000045
0.000045
0.000045
0.000045
0.000045
0.000045
0.000045
0.000045
0.000045
0.000045
0.000045
0.000045
0.000045
0.000045
0.000045
0.000045
0.000045
0.000045
0.000045
0.000045
0.000045
0.000045
0.000045
0.000045
0.000045
0.000045
0.000045
0.000045
0.000045
0.000045
0.000045
0.000045
0.000045
0.000045
0.000045
0.000045
0.000045
0.000045
0.000045
0.000045
0.000045
0.000045
0.000045
0.000045
0.000045
0.000045
0.000045
0.000045
0.000045
0.000045
0.000045
0.000045
0.000045
0.000045
0.000045
0.000045
0.000045
0.000044
0.000044
0.000044
0.000044
0.000044
0.000044
0.000044
0.000044
0.000044
0.000044
0.000044
0.000044
0.000044
0.000044
0.000044
0.000044
0.000044
0.000044
0.000044
0.000044
0.000044
0.000044
0.000044
0.000044
0.000044
0.000044
0.000044
0.000044
0.000044
0.000044
0.000044
0.000044
0.000044
0.000044
0.000044
0.000044
0.000044
0.000044
0.000044
0.000044
0.000044
0.000044
0.000044
0.000044
0.000044
0.000044
0.000044
0.000044
0.000044
0.000044
0.000044
0.000044
0.000044
0.000044
0.000044
0.000044
0.000044
0.000044
0.000044
0.000044
0.000044
0.000044
0.000044
0.000044
0.000044
0.000044
0.000044
0.000044
0.000044
0.000044
0.000044
0.000043
0.000043
0.000043
0.000043
0.000043
0.000043
0.000043
0.000043
0.000043
0.000043
0.000043
0.000043
0.000043
0.000043
0.000043
0.000043
0.000043
0.000043
0.000043
0.000043
0.000043
0.000043
0.000043
0.000043
0.000043
0.000043
0.000043
0.000043
0.000043
0.000043
0.000043
0.000043
0.000043
0.000043
0.000043
0.000043
0.000043
0.000043
0.000043
0.000043
0.000043
0.000043
0.000043
0.000043
0.000043
0.000043
0.000043
0.000043
0.000043
0.000043
0.000043
0.000043
0.000043
0.000043
0.000043
0.000043
0.000043
0.000043
0.000043
0.000043
0.000043
0.000043
0.000043
0.000043
0.000043
0.000043
0.000043
0.000043
0.000043
0.000043
0.000043
0.000043
0.000043
0.000043
0.000042
0.000042
0.000042
0.000042
0.000042
0.000042
0.000042
0.000042
0.000042
0.000042
0.000042
0.000042
0.000042
0.000042
0.000042
0.000042
0.000042
0.000042
0.000042
0.000042
0.000042
0.000042
0.000042
0.000042
0.000042
0.000042
0.000042
0.000042
0.000042
0.000042
0.000042
0.000042
0.000042
0.000042
0.000042
0.000042
0.000042
0.000042
0.000042
0.000042
0.000042
0.000042
0.000042
0.000042
0.000042
0.000042
0.000042
0.000042
0.000042
0.000042
0.000042
0.000042
0.000042
0.000042
0.000042
0.000042
0.000042
0.000042
0.000042
0.000042
0.000042
0.000042
0.000042
0.000042
0.000042
0.000042
0.000042
0.000042
0.000042
0.000042
0.000042
0.000042
0.000042
0.000042
0.000042
0.000042
0.000042
0.000041
0.000041
0.000041
0.000041
0.000041
0.000041
0.000041
0.000041
0.000041
0.000041
0.000041
0.000041
0.000041
0.000041
0.000041
0.000041
0.000041
0.000041
0.000041
0.000041
0.000041
0.000041
0.000041
0.000041
0.000041
0.000041
0.000041
0.000041
0.000041
0.000041
0.000041
0.000041
0.000041
0.000041
0.000041
0.000041
0.000041
0.000041
0.000041
0.000041
0.000041
0.000041
0.000041
0.000041
0.000041
0.000041
0.000041
0.000041
0.000041
0.000041
0.000041
0.000041
0.000041
0.000041
0.000041
0.000041
0.000041
0.000041
0.000041
0.000041
0.000041
0.000041
0.000041
0.000041
0.000041
0.000041
0.000041
0.000041
0.000041
0.000041
0.000041
0.000041
0.000041
0.000041
0.000041
0.000041
0.000041
0.000041
0.000041
0.000041
0.000041
0.000040
0.000040
0.000040
0.000040
0.000040
0.000040
0.000040
0.000040
0.000040
0.000040
0.000040
0.000040
0.000040
0.000040
0.000040
0.000040
0.000040
0.000040
0.000040
0.000040
0.000040
0.000040
0.000040
0.000040
0.000040
0.000040
0.000040
0.000040
0.000040
0.000040
0.000040
0.000040
0.000040
0.000040
0.000040
0.000040
0.000040
0.000040
0.000040
0.000040
0.000040
0.000040
0.000040
0.000040
0.000040
0.000040
0.000040
0.000040
0.000040
0.000040
0.000040
0.000040
0.000040
0.000040
0.000040
0.000040
0.000040
0.000040
0.000040
0.000040
0.000040
0.000040
0.000040
0.000040
0.000040
0.000040
0.000040
0.000040
0.000040
0.000040
0.000040
0.000040
0.000040
0.000040
0.000040
0.000040
0.000040
0.000040
0.000040
0.000040
0.000040
0.000040
0.000040
0.000040
0.000040
0.000040
0.000039
0.000039
0.000039
0.000039
0.000039
0.000039
0.000039
0.000039
0.000039
0.000039
0.000039
0.000039
0.000039
0.000039
0.000039
0.000039
0.000039
0.000039
0.000039
0.000039
0.000039
0.000039
0.000039
0.000039
0.000039
0.000039
0.000039
0.000039
0.000039
0.000039
0.000039
0.000039
0.000039
0.000039
0.000039
0.000039
0.000039
0.000039
0.000039
0.000039
0.000039
0.000039
0.000039
0.000039
0.000039
0.000039
0.000039
0.000039
0.000039
0.000039
0.000039
0.000039
0.000039
0.000039
0.000039
0.000039
0.000039
0.000039
0.000039
0.000039
0.000039
0.000039
0.000039
0.000039
0.000039
0.000039
0.000039
0.000039
0.000039
0.000039
0.000039
0.000039
0.000039
0.000039
0.000039
0.000039
0.000039
0.000039
0.000039
0.000039
0.000039
0.000039
0.000039
0.000039
0.000039
0.000039
0.000039
0.000039
0.000039
0.000039
0.000038
0.000038
0.000038
0.000038
0.000038
0.000038
0.000038
0.000038
0.000038
0.000038
0.000038
0.000038
0.000038
0.000038
0.000038
0.000038
0.000038
0.000038
0.000038
0.000038
0.000038
0.000038
0.000038
0.000038
0.000038
0.000038
0.000038
0.000038
0.000038
0.000038
0.000038
0.000038
0.000038
0.000038
0.000038
0.000038
0.000038
0.000038
0.000038
0.000038
0.000038
0.000038
0.000038
0.000038
0.000038
0.000038
0.000038
0.000038
0.000038
0.000038
0.000038
0.000038
0.000038
0.000038
0.000038
0.000038
0.000038
0.000038
0.000038
0.000038
0.000038
0.000038
0.000038
0.000038
0.000038
0.000038
0.000038
0.000038
0.000038
0.000038
0.000038
0.000038
0.000038
0.000038
0.000038
0.000038
0.000038
0.000038
0.000038
0.000038
0.000038
0.000038
0.000038
0.000038
0.000038
0.000038
0.000038
0.000038
0.000038
0.000038
0.000038
0.000038
0.000038
0.000038
0.000038
0.000037
0.000037
0.000037
0.000037
0.000037
0.000037
0.000037
0.000037
0.000037
0.000037
0.000037
0.000037
0.000037
0.000037
0.000037
0.000037
0.000037
0.000037
0.000037
0.000037
0.000037
0.000037
0.000037
0.000037
0.000037
0.000037
0.000037
0.000037
0.000037
0.000037
0.000037
0.000037
0.000037
0.000037
0.000037
0.000037
0.000037
0.000037
0.000037
0.000037
0.000037
0.000037
0.000037
0.000037
0.000037
0.000037
0.000037
0.000037
0.000037
0.000037
0.000037
0.000037
0.000037
0.000037
0.000037
0.000037
0.000037
0.000037
0.000037
0.000037
0.000037
0.000037
0.000037
0.000037
0.000037
0.000037
0.000037
0.000037
0.000037
0.000037
0.000037
0.000037
0.000037
0.000037
0.000037
0.000037
0.000037
0.000037
0.000037
0.000037
0.000037
0.000037
0.000037
0.000037
0.000037
0.000037
0.000037
0.000037
0.000037
0.000037
0.000037
0.000037
0.000037
0.000037
0.000037
0.000037
0.000037
0.000037
0.000037
0.000037
0.000036
0.000036
0.000036
0.000036
0.000036
0.000036
0.000036
0.000036
0.000036
0.000036
0.000036
0.000036
0.000036
0.000036
0.000036
0.000036
0.000036
0.000036
0.000036
0.000036
0.000036
0.000036
0.000036
0.000036
0.000036
0.000036
0.000036
0.000036
0.000036
0.000036
0.000036
0.000036
0.000036
0.000036
0.000036
0.000036
0.000036
0.000036
0.000036
0.000036
0.000036
0.000036
0.000036
0.000036
0.000036
0.000036
0.000036
0.000036
0.000036
0.000036
0.000036
0.000036
0.000036
0.000036
0.000036
0.000036
0.000036
0.000036
0.000036
0.000036
0.000036
0.000036
0.000036
0.000036
0.000036
0.000036
0.000036
0.000036
0.000036
0.000036
0.000036
0.000036
0.000036
0.000036
0.000036
0.000036
0.000036
0.000036
0.000036
0.000036
0.000036
0.000036
0.000036
0.000036
0.000036
0.000036
0.000036
0.000036
0.000036
0.000036
0.000036
0.000036
0.000036
0.000036
0.000036
0.000036
0.000036
0.000036
0.000036
0.000036
0.000036
0.000036
0.000036
0.000036
0.000036
0.000036
0.000035
0.000035
0.000035
0.000035
0.000035
0.000035
0.000035
0.000035
0.000035
0.000035
0.000035
0.000035
0.000035
0.000035
0.000035
0.000035
0.000035
0.000035
0.000035
0.000035
0.000035
0.000035
0.000035
0.000035
0.000035
0.000035
0.000035
0.000035
0.000035
0.000035
0.000035
0.000035
0.000035
0.000035
0.000035
0.000035
0.000035
0.000035
0.000035
0.000035
0.000035
0.000035
0.000035
0.000035
0.000035
0.000035
0.000035
0.000035
0.000035
0.000035
0.000035
0.000035
0.000035
0.000035
0.000035
0.000035
0.000035
0.000035
0.000035
0.000035
0.000035
0.000035
0.000035
0.000035
0.000035
0.000035
0.000035
0.000035
0.000035
0.000035
0.000035
0.000035
0.000035
0.000035
0.000035
0.000035
0.000035
0.000035
0.000035
0.000035
0.000035
0.000035
0.000035
0.000035
0.000035
0.000035
0.000035
0.000035
0.000035
0.000035
0.000035
0.000035
0.000035
0.000035
0.000035
0.000035
0.000035
0.000035
0.000035
0.000035
0.000035
0.000035
0.000035
0.000035
0.000035
0.000035
0.000035
0.000035
0.000035
0.000035
0.000035
0.000035
0.000034
0.000034
0.000034
0.000034
0.000034
0.000034
0.000034
0.000034
0.000034
0.000034
0.000034
0.000034
0.000034
0.000034
0.000034
0.000034
0.000034
0.000034
0.000034
0.000034
0.000034
0.000034
0.000034
0.000034
0.000034
0.000034
0.000034
0.000034
0.000034
0.000034
0.000034
0.000034
0.000034
0.000034
0.000034
0.000034
0.000034
0.000034
0.000034
0.000034
0.000034
0.000034
0.000034
0.000034
0.000034
0.000034
0.000034
0.000034
0.000034
0.000034
0.000034
0.000034
0.000034
0.000034
0.000034
0.000034
0.000034
0.000034
0.000034
0.000034
0.000034
0.000034
0.000034
0.000034
0.000034
0.000034
0.000034
0.000034
0.000034
0.000034
0.000034
0.000034
0.000034
0.000034
0.000034
0.000034
0.000034
0.000034
0.000034
0.000034
0.000034
0.000034
0.000034
0.000034
0.000034
0.000034
0.000034
0.000034
0.000034
0.000034
0.000034
0.000034
0.000034
0.000034
0.000034
0.000034
0.000034
0.000034
0.000034
0.000034
0.000034
0.000034
0.000034
0.000034
0.000034
0.000034
0.000034
0.000034
0.000034
0.000034
0.000034
0.000034
0.000034
0.000034
0.000034
0.000034
0.000034
0.000034
0.000034
0.000033
0.000033
0.000033
0.000033
0.000033
0.000033
0.000033
0.000033
0.000033
0.000033
0.000033
0.000033
0.000033
0.000033
0.000033
0.000033
0.000033
0.000033
0.000033
0.000033
0.000033
0.000033
0.000033
0.000033
0.000033
0.000033
0.000033
0.000033
0.000033
0.000033
0.000033
0.000033
0.000033
0.000033
0.000033
0.000033
0.000033
0.000033
0.000033
0.000033
0.000033
0.000033
0.000033
0.000033
0.000033
0.000033
0.000033
0.000033
0.000033
0.000033
0.000033
0.000033
0.000033
0.000033
0.000033
0.000033
0.000033
0.000033
0.000033
0.000033
0.000033
0.000033
0.000033
0.000033
0.000033
0.000033
0.000033
0.000033
0.000033
0.000033
0.000033
0.000033
0.000033
0.000033
0.000033
0.000033
0.000033
0.000033
0.000033
0.000033
0.000033
0.000033
0.000033
0.000033
0.000033
0.000033
0.000033
0.000033
0.000033
0.000033
0.000033
0.000033
0.000033
0.000033
0.000033
0.000033
0.000033
0.000033
0.000033
0.000033
0.000033
0.000033
0.000033
0.000033
0.000033
0.000033
0.000033
0.000033
0.000033
0.000033
0.000033
0.000033
0.000033
0.000033
0.000033
0.000033
0.000033
0.000033
0.000033
0.000033
0.000033
0.000033
0.000033
0.000033
0.000033
0.000033
0.000033
0.000032
0.000032
0.000032
0.000032
0.000032
0.000032
0.000032
0.000032
0.000032
0.000032
0.000032
0.000032
0.000032
0.000032
0.000032
0.000032
0.000032
0.000032
0.000032
0.000032
0.000032
0.000032
0.000032
0.000032
0.000032
0.000032
0.000032
0.000032
0.000032
0.000032
0.000032
0.000032
0.000032
0.000032
0.000032
0.000032
0.000032
0.000032
0.000032
0.000032
0.000032
0.000032
0.000032
0.000032
0.000032
0.000032
0.000032
0.000032
0.000032
0.000032
0.000032
0.000032
0.000032
0.000032
0.000032
0.000032
0.000032
0.000032
0.000032
0.000032
0.000032
0.000032
0.000032
0.000032
0.000032
0.000032
0.000032
0.000032
0.000032
0.000032
0.000032
0.000032
0.000032
0.000032
0.000032
0.000032
0.000032
0.000032
0.000032
0.000032
0.000032
0.000032
0.000032
0.000032
0.000032
0.000032
0.000032
0.000032
0.000032
0.000032
0.000032
0.000032
0.000032
0.000032
0.000032
0.000032
0.000032
0.000032
0.000032
0.000032
0.000032
0.000032
0.000032
0.000032
0.000032
0.000032
0.000032
0.000032
0.000032
0.000032
0.000032
0.000032
0.000032
0.000032
0.000032
0.000032
0.000032
0.000032
0.000032
0.000032
0.000032
0.000032
0.000032
0.000032
0.000032
0.000032
0.000032
0.000032
0.000032
0.000032
0.000032
0.000032
0.000032
0.000032
0.000031
0.000031
0.000031
0.000031
0.000031
0.000031
0.000031
0.000031
0.000031
0.000031
0.000031
0.000031
0.000031
0.000031
0.000031
0.000031
0.000031
0.000031
0.000031
0.000031
0.000031
0.000031
0.000031
0.000031
0.000031
0.000031
0.000031
0.000031
0.000031
0.000031
0.000031
0.000031
0.000031
0.000031
0.000031
0.000031
0.000031
0.000031
0.000031
0.000031
0.000031
0.000031
0.000031
0.000031
0.000031
0.000031
0.000031
0.000031
0.000031
0.000031
0.000031
0.000031
0.000031
0.000031
0.000031
0.000031
0.000031
0.000031
0.000031
0.000031
0.000031
0.000031
0.000031
0.000031
0.000031
0.000031
0.000031
0.000031
0.000031
0.000031
0.000031
0.000031
0.000031
0.000031
0.000031
0.000031
0.000031
0.000031
0.000031
0.000031
0.000031
0.000031
0.000031
0.000031
0.000031
0.000031
0.000031
0.000031
0.000031
0.000031
0.000031
0.000031
0.000031
0.000031
0.000031
0.000031
0.000031
0.000031
0.000031
0.000031
0.000031
0.000031
0.000031
0.000031
0.000031
0.000031
0.000031
0.000031
0.000031
0.000031
0.000031
0.000031
0.000031
0.000031
0.000031
0.000031
0.000031
0.000031
0.000031
0.000031
0.000031
0.000031
0.000031
0.000031
0.000031
0.000031
0.000031
0.000031
0.000031
0.000031
0.000031
0.000031
0.000031
0.000031
0.000031
0.000031
0.000031
0.000031
0.000031
0.000031
0.000031
0.000031
0.000031
0.000031
0.000030
0.000030
0.000030
0.000030
0.000030
0.000030
0.000030
0.000030
0.000030
0.000030
0.000030
0.000030
0.000030
0.000030
0.000030
0.000030
0.000030
0.000030
0.000030
0.000030
0.000030
0.000030
0.000030
0.000030
0.000030
0.000030
0.000030
0.000030
0.000030
0.000030
0.000030
0.000030
0.000030
0.000030
0.000030
0.000030
0.000030
0.000030
0.000030
0.000030
0.000030
0.000030
0.000030
0.000030
0.000030
0.000030
0.000030
0.000030
0.000030
0.000030
0.000030
0.000030
0.000030
0.000030
0.000030
0.000030
0.000030
0.000030
0.000030
0.000030
0.000030
0.000030
0.000030
0.000030
0.000030
0.000030
0.000030
0.000030
0.000030
0.000030
0.000030
0.000030
0.000030
0.000030
0.000030
0.000030
0.000030
0.000030
0.000030
0.000030
0.000030
0.000030
0.000030
0.000030
0.000030
0.000030
0.000030
0.000030
0.000030
0.000030
0.000030
0.000030
0.000030
0.000030
0.000030
0.000030
0.000030
0.000030
0.000030
0.000030
0.000030
0.000030
0.000030
0.000030
0.000030
0.000030
0.000030
0.000030
0.000030
0.000030
0.000030
0.000030
0.000030
0.000030
0.000030
0.000030
0.000030
0.000030
0.000030
0.000030
0.000030
0.000030
0.000030
0.000030
0.000030
0.000030
0.000030
0.000030
0.000030
0.000030
0.000030
0.000030
0.000030
0.000030
0.000030
0.000030
0.000030
0.000030
0.000030
0.000030
0.000030
0.000030
0.000030
0.000030
0.000030
0.000030
0.000030
0.000030
0.000030
0.000030
0.000030
0.000030
0.000030
0.000029
0.000029
0.000029
0.000029
0.000029
0.000029
0.000029
0.000029
0.000029
0.000029
0.000029
0.000029
0.000029
0.000029
0.000029
0.000029
0.000029
0.000029
0.000029
0.000029
0.000029
0.000029
0.000029
0.000029
0.000029
0.000029
0.000029
0.000029
0.000029
0.000029
0.000029
0.000029
0.000029
0.000029
0.000029
0.000029
0.000029
0.000029
0.000029
0.000029
0.000029
0.000029
0.000029
0.000029
0.000029
0.000029
0.000029
0.000029
0.000029
0.000029
0.000029
0.000029
0.000029
0.000029
0.000029
0.000029
0.000029
0.000029
0.000029
0.000029
0.000029
0.000029
0.000029
0.000029
0.000029
0.000029
0.000029
0.000029
0.000029
0.000029
0.000029
0.000029
0.000029
0.000029
0.000029
0.000029
0.000029
0.000029
0.000029
0.000029
0.000029
0.000029
0.000029
0.000029
0.000029
0.000029
0.000029
0.000029
0.000029
0.000029
0.000029
0.000029
0.000029
0.000029
0.000029
0.000029
0.000029
0.000029
0.000029
0.000029
0.000029
0.000029
0.000029
0.000029
0.000029
0.000029
0.000029
0.000029
0.000029
0.000029
0.000029
0.000029
0.000029
0.000029
0.000029
0.000029
0.000029
0.000029
0.000029
0.000029
0.000029
0.000029
0.000029
0.000029
0.000029
0.000029
0.000029
0.000029
0.000029
0.000029
0.000029
0.000029
0.000029
0.000029
0.000029
0.000029
0.000029
0.000029
0.000029
0.000029
0.000029
0.000029
0.000029
0.000029
0.000029
0.000029
0.000029
0.000029
0.000029
0.000029
0.000029
0.000029
0.000029
0.000029
0.000029
0.000029
0.000029
0.000029
0.000029
0.000029
0.000029
0.000029
0.000029
0.000029
0.000029
0.000028
0.000028
0.000028
0.000028
0.000028
0.000028
0.000028
0.000028
0.000028
0.000028
0.000028
0.000028
0.000028
0.000028
0.000028
0.000028
0.000028
0.000028
0.000028
0.000028
0.000028
0.000028
0.000028
0.000028
0.000028
0.000028
0.000028
0.000028
0.000028
0.000028
0.000028
0.000028
0.000028
0.000028
0.000028
0.000028
0.000028
0.000028
0.000028
0.000028
0.000028
0.000028
0.000028
0.000028
0.000028
0.000028
0.000028
0.000028
0.000028
0.000028
0.000028
0.000028
0.000028
0.000028
0.000028
0.000028
0.000028
0.000028
0.000028
0.000028
0.000028
0.000028
0.000028
0.000028
0.000028
0.000028
0.000028
0.000028
0.000028
0.000028
0.000028
0.000028
0.000028
0.000028
0.000028
0.000028
0.000028
0.000028
0.000028
0.000028
0.000028
0.000028
0.000028
0.000028
0.000028
0.000028
0.000028
0.000028
0.000028
0.000028
0.000028
0.000028
0.000028
0.000028
