15.323741
15.006263
14.755794
14.508656
14.246802
13.958533
13.638093
13.286383
12.909915
12.518052
12.121759
11.735081
11.374226
11.049220
10.757518
10.488559
10.231974
9.981563
9.735393
9.494657
9.262332
9.041635
8.834694
8.642086
8.463228
8.297010
8.142246
7.997889
7.863075
7.737090
7.619324
7.509225
7.406288
7.310033
7.220015
7.135809
7.057012
6.983235
6.914093
6.849203
6.788184
6.730657
6.676257
6.624636
6.575476
6.528489
6.483427
6.440079
6.398267
6.357851
6.318718
6.280782
6.243979
6.208261
6.173594
6.139946
6.107293
6.075605
6.044854
6.015002
5.986007
5.957822
5.930393
5.903664
5.877576
5.852067
5.827077
5.802547
5.778420
5.754641
5.731159
5.707927
5.684902
5.662044
5.639320
5.616700
5.594157
5.571671
5.549225
5.526807
5.504410
5.482027
5.459658
5.437305
5.414972
5.392665
5.370392
5.348159
5.325976
5.303849
5.281786
5.259793
5.237871
5.216025
5.194254
5.172557
5.150933
5.129378
5.107889
5.086460
5.065088
5.043767
5.022490
5.001249
4.980035
4.958834
4.937626
4.916389
4.895089
4.873688
4.852141
4.830394
4.808391
4.786077
4.763396
4.740297
4.716740
4.692691
4.668134
4.643063
4.617494
4.591459
4.565008
4.538212
4.511153
4.483921
4.456600
4.429260
4.401944
4.374665
4.347398
4.320088
4.292652
4.264992
4.237007
4.208604
4.179717
4.150316
4.120421
4.090100
4.059461
4.028625
3.997690
3.966708
3.935681
3.904597
3.873502
3.842570
3.812129
3.782610
3.754416
3.727753
3.702486
3.678084
3.653672
3.628212
3.600862
3.571521
3.541341
3.512541
3.487209
3.466159
3.448977
3.434758
3.422640
3.411961
3.402242
3.393133
3.384379
3.375794
3.367247
3.358649
3.349945
3.341107
3.332126
3.323006
3.313762
3.304412
3.294980
3.285488
3.275959
3.266412
3.256866
3.247337
3.237837
3.228377
3.218966
3.209609
3.200312
3.191077
3.181905
3.172797
3.163752
3.154769
3.145846
3.136981
3.128169
3.119408
3.110695
3.102025
3.093396
3.084802
3.076241
3.067710
3.059204
3.050721
3.042260
3.033817
3.025391
3.016982
3.008589
3.000212
2.991854
2.983515
2.975198
2.966907
2.958645
2.950418
2.942230
2.934090
2.926004
2.917981
2.910031
2.902164
2.894393
2.886734
2.879201
2.871816
2.864601
2.857584
2.850795
2.844272
2.838056
2.832187
2.826704
2.821634
2.816979
2.812712
2.808762
2.805019
2.801345
2.797593
2.793628
2.789341
2.784659
2.779532
2.773931
2.767834
2.761222
2.754068
2.746343
2.738003
2.728997
2.719255
2.708684
2.697168
2.684554
2.670657
2.655297
2.638449
2.620713
2.604158
2.592469
2.588574
2.592503
2.601756
2.602976
2.594166
2.582088
2.571093
2.556384
2.551453
2.563346
2.649992
2.704998
2.514212
2.783762
2.481724
2.719343
2.528563
2.428971
2.791363
2.629927
2.457725
2.715172
2.427300
2.880988
2.417487
2.445502
2.801788
2.604184
2.439248
2.760016
2.390594
2.522336
2.410986
2.793217
2.615819
2.517933
2.719095
2.272698
2.755985
2.669328
2.270408
2.447449
2.662376
2.516833
2.535100
2.569625
2.534377
2.392547
2.420557
2.439646
2.391281
2.339421
2.460512
3.243882
2.412825
2.294638
2.823605
2.421585
2.692801
2.768204
2.182320
2.626158
2.636091
2.177312
2.549191
2.597922
2.167247
2.434811
2.547712
2.164567
2.330540
2.471285
2.126558
2.260268
2.380208
2.199634
2.374499
2.724261
2.415642
2.610371
2.571877
2.101836
2.697846
2.448853
2.112094
2.189384
2.983000
2.390434
2.550133
2.566491
2.043022
2.231102
2.706515
2.423901
2.260024
2.151005
2.107927
2.128187
2.133649
2.553628
2.361618
2.069551
2.078807
2.140835
2.338785
2.420857
2.454952
2.612495
2.031744
2.039129
2.022492
1.931072
1.994708
1.973247
2.222053
2.332156
2.070855
2.266447
2.016877
2.593529
2.128976
2.225100
2.055259
1.899060
1.958125
1.883929
1.920633
1.883748
1.901937
1.883070
1.890997
1.881031
1.883178
1.877258
1.876214
1.871852
1.869184
1.865297
1.861918
1.858167
1.854578
1.850936
1.847395
1.843918
1.840549
1.837289
1.834150
1.831133
1.828240
1.825471
1.822821
1.820288
1.817866
1.815552
1.813338
1.811220
1.809191
1.807246
1.805379
1.803585
1.801859
1.800194
1.798587
1.797032
1.795525
1.794062
1.792638
1.791250
1.789894
1.788566
1.787263
1.785983
1.784722
1.783477
1.782247
1.781028
1.779818
1.778615
1.777418
1.776224
1.775032
1.773841
1.772647
1.771452
1.770252
1.769048
1.767837
1.766619
1.765394
1.764159
1.762916
1.761662
1.760398
1.759122
1.757835
1.756536
1.755224
1.753900
1.752563
1.751212
1.749848
1.748471
1.747079
1.745674
1.744255
1.742821
1.741373
1.739911
1.738435
1.736944
1.735439
1.733919
1.732384
1.730835
1.729272
1.727694
1.726101
1.724493
1.722871
1.721234
1.719581
1.717914
1.716232
1.714535
1.712822
1.711093
1.709349
1.707589
1.705813
1.704020
1.702210
1.700383
1.698539
1.696676
1.694795
1.692895
1.690975
1.689035
1.687074
1.685091
1.683087
1.681059
1.679009
1.676934
1.674834
1.672709
1.670558
1.668382
1.666179
1.663950
1.661694
1.659413
1.657105
1.654772
1.652415
1.650034
1.647630
1.645203
1.642755
1.640285
1.637795
1.635283
1.632750
1.630195
1.627616
1.625012
1.622383
1.619725
1.617037
1.614319
1.611570
1.608789
1.605977
1.603135
1.600265
1.597369
1.594452
1.591514
1.588562
1.585597
1.582625
1.579650
1.576674
1.573701
1.570735
1.567779
1.564836
1.561908
1.558998
1.556108
1.553239
1.550394
1.547573
1.544778
1.542011
1.539271
1.536561
1.533880
1.531230
1.528612
1.526025
1.523470
1.520948
1.518459
1.516003
1.513582
1.511194
1.508841
1.506522
1.504238
1.501989
1.499773
1.497593
1.495446
1.493333
1.491253
1.489206
1.487191
1.485207
1.483253
1.481330
1.479434
1.477567
1.475726
1.473910
1.472119
1.470351
1.468604
1.466878
1.465171
1.463482
1.461810
1.460153
1.458510
1.456880
1.455261
1.453652
1.452052
1.450460
1.448873
1.447292
1.445714
1.444139
1.442565
1.440991
1.439416
1.437839
1.436258
1.434673
1.433084
1.431488
1.429885
1.428275
1.426656
1.425030
1.423395
1.421751
1.420099
1.418440
1.416775
1.415104
1.413432
1.411760
1.410092
1.408433
1.406791
1.405173
1.403590
1.402055
1.400586
1.399204
1.397934
1.396807
1.395858
1.395124
1.394645
1.394457
1.394595
1.395087
1.395962
1.397261
1.399053
1.401468
1.404749
1.409365
1.416273
1.427646
1.449361
1.502776
3.605329
6.700780
5.539374
3.080184
1.454309
1.337090
1.197319
1.285073
1.265180
1.269154
1.271840
1.274528
1.278904
1.283482
1.286313
1.287846
1.289608
1.292092
1.294987
1.298027
1.301108
1.304138
1.307021
1.309698
1.312155
1.314394
1.316413
1.318206
1.319766
1.321093
1.322192
1.323074
1.323755
1.324255
1.324593
1.324785
1.324850
1.324803
1.324658
1.324429
1.324127
1.323763
1.323346
1.322886
1.322389
1.321862
1.321310
1.320737
1.320149
1.319548
1.318938
1.318321
1.317700
1.317075
1.316450
1.315825
1.315202
1.314581
1.313964
1.313351
1.312743
1.312140
1.311543
1.310951
1.310366
1.309788
1.309216
1.308650
1.308092
1.307540
1.306995
1.306456
1.305925
1.305400
1.304882
1.304370
1.303865
1.303366
1.302873
1.302386
1.301906
1.301431
1.300962
1.300499
1.300042
1.299589
1.299143
1.298701
1.298264
1.297832
1.297405
1.296983
1.296566
1.296153
1.295744
1.295339
1.294939
1.294543
1.294150
1.293762
1.293377
1.292996
1.292618
1.292244
1.291873
1.291506
1.291141
1.290780
1.290422
1.290067
1.289714
1.289365
1.289018
1.288673
1.288331
1.287992
1.287655
1.287321
1.286988
1.286658
1.286330
1.286005
1.285681
1.285359
1.285039
1.284721
1.284405
1.284091
1.283778
1.283467
1.283157
1.282850
1.282543
1.282239
1.281935
1.281633
1.281333
1.281033
1.280736
1.280439
1.280143
1.279849
1.279556
1.279264
1.278973
1.278683
1.278394
1.278106
1.277819
1.277533
1.277248
1.276964
1.276680
1.276398
1.276116
1.275835
1.275554
1.275275
1.274996
1.274717
1.274439
1.274162
1.273885
1.273609
1.273333
1.273058
1.272783
1.272509
1.272235
1.271961
1.271688
1.271415
1.271142
1.270869
1.270597
1.270324
1.270052
1.269780
1.269508
1.269235
1.268963
1.268691
1.268419
1.268146
1.267873
1.267601
1.267327
1.267054
1.266780
1.266506
1.266231
1.265956
1.265680
1.265404
1.265127
1.264849
1.264571
1.264292
1.264012
1.263731
1.263450
1.263167
1.262883
1.262598
1.262312
1.262025
1.261737
1.261447
1.261156
1.260863
1.260569
1.260273
1.259976
1.259677
1.259376
1.259074
1.258769
1.258462
1.258154
1.257843
1.257530
1.257215
1.256898
1.256578
1.256255
1.255930
1.255603
1.255272
1.254939
1.254603
1.254264
1.253922
1.253577
1.253229
1.252878
1.252523
1.252164
1.251802
1.251437
1.251068
1.250695
1.250318
1.249937
1.249552
1.249163
1.248770
1.248373
1.247971
1.247564
1.247153
1.246738
1.246318
1.245892
1.245462
1.245027
1.244587
1.244142
1.243691
1.243235
1.242774
1.242307
1.241834
1.241356
1.240872
1.240382
1.239886
1.239385
1.238876
1.238362
1.237842
1.237315
1.236781
1.236242
1.235695
1.235142
1.234582
1.234015
1.233441
1.232861
1.232273
1.231678
1.231076
1.230466
1.229849
1.229225
1.228593
1.227954
1.227307
1.226652
1.225989
1.225319
1.224641
1.223954
1.223260
1.222558
1.221847
1.221129
1.220402
1.219667
1.218923
1.218171
1.217411
1.216642
1.215865
1.215079
1.214284
1.213481
1.212670
1.211849
1.211020
1.210182
1.209335
1.208479
1.207615
1.206741
1.205859
1.204967
1.204067
1.203157
1.202239
1.201311
1.200375
1.199429
1.198473
1.197509
1.196534
1.195551
1.194557
1.193554
1.192540
1.191516
1.190481
1.189435
1.188377
1.187306
1.186222
1.185122
1.184006
1.182870
1.181711
1.180525
1.179305
1.178042
1.176722
1.175325
1.173819
1.172155
1.170249
1.167959
1.165025
1.160948
1.154414
1.141211
1.127262
1.166022
1.187089
1.117606
1.170360
1.793350
4.109543
5.042900
6.736780
5.944082
5.636354
6.418650
2.777936
2.429247
1.656260
4.827651
3.362831
5.021444
4.718554
3.856991
5.493681
3.338319
2.633263
4.611116
3.913263
3.076370
2.969337
5.064936
2.982270
2.988034
3.244420
2.914781
1.866409
2.357519
4.378398
4.705521
2.746790
2.754580
2.351744
1.847750
3.568052
1.411892
1.978088
2.542132
1.445182
1.900207
5.232496
3.041183
3.000969
3.014610
3.179842
5.161769
4.281420
4.699638
3.940924
2.689747
2.710356
2.690420
3.429619
1.317988
2.506178
2.639659
3.107562
1.168483
1.772916
1.128302
1.176189
3.951635
2.492557
2.478534
3.064411
4.731081
3.566885
1.020977
1.151495
2.171998
1.305594
0.916929
1.973235
1.648174
1.468658
3.668738
4.455853
5.592370
5.427926
3.453510
3.766305
2.106551
4.494786
2.297641
1.316725
2.422424
4.447510
3.868528
3.088427
2.238954
2.592874
1.378090
3.390508
2.525725
2.175654
2.572202
2.456376
3.271947
2.592176
3.134178
2.339222
1.893723
1.194702
2.854727
3.833901
2.272286
3.391207
3.975701
2.264541
4.295521
2.481637
2.151641
3.280796
3.013553
2.641444
4.401818
4.726899
3.875452
2.662265
2.273860
2.947515
2.887496
2.695692
2.708329
4.056107
2.761670
4.344851
1.911282
3.856145
2.285638
1.267947
1.882359
3.327534
3.363400
2.033733
3.970820
1.295829
1.080296
1.124484
1.035451
1.193602
1.812057
1.733053
1.675158
1.315728
5.120437
1.442187
3.104579
1.300100
1.655032
3.191010
4.573569
2.737263
2.423088
2.282510
4.265305
3.623187
3.036628
2.916013
1.433975
2.365916
1.986486
3.651784
2.119123
3.736002
3.782959
2.893190
2.586581
3.458967
1.362232
1.926213
1.583814
0.875909
0.927318
0.905106
0.865875
0.842672
0.886787
1.078195
0.944903
0.826227
3.365993
1.441248
3.296723
1.829215
1.370019
1.595038
1.333536
0.816532
0.865226
0.836128
0.760529
0.717518
0.971179
1.262363
1.901056
5.164944
4.047892
2.529596
3.520860
4.361687
1.944631
1.525425
1.209953
2.103482
4.170517
3.581838
3.405870
4.243161
2.379578
1.938249
1.994120
1.939202
3.662480
2.061014
1.535192
1.756421
2.934047
3.038152
1.642401
4.106172
5.081876
3.202519
2.929365
1.146326
3.822850
4.407753
3.298530
1.458817
1.990376
0.684016
0.883181
1.502133
1.176061
3.896811
3.007222
1.503088
1.324164
1.414484
2.505241
1.455138
2.788052
3.210318
3.495362
4.729460
3.638069
1.844738
2.645583
1.241155
1.087954
0.900287
0.787299
0.904517
1.122541
1.052833
0.907834
0.828895
0.996206
1.094961
1.003107
0.816797
1.080113
1.003641
0.957051
0.887452
0.966772
0.923075
0.885836
0.976469
0.815313
1.004863
0.867522
0.746404
0.843701
0.990259
1.076025
0.800263
1.331048
3.858512
4.524442
3.747408
4.088977
2.101155
2.236124
4.763950
2.783774
1.480734
1.033214
1.054622
0.863659
0.978889
0.846089
0.875335
0.843165
0.742886
0.915748
1.062462
0.951218
0.709734
1.079543
1.259433
2.184780
1.644643
1.822533
1.040100
0.936236
0.818092
0.806489
0.788881
0.736572
0.756534
0.675498
0.733268
0.640127
0.644701
0.847775
1.111563
3.895457
7.433533
6.194400
3.398567
2.583285
4.937548
2.451479
1.601942
0.855785
0.996541
0.932656
0.914954
0.884668
0.864781
0.775253
0.838055
3.286688
1.984411
3.179710
2.317699
2.728537
2.930102
1.408205
1.026440
0.730313
0.868492
0.855275
0.834535
0.833709
0.844916
1.013536
0.598914
1.227440
3.943309
4.060185
4.329477
2.667690
3.656146
3.245098
1.739246
0.928261
7.915178
5.263166
3.083874
1.715593
6.179259
5.257210
1.355079
1.883346
0.915408
1.281913
1.290756
2.455101
2.577885
1.706661
3.886968
3.584939
2.878924
1.020658
0.683584
0.786232
0.765599
0.692916
0.834997
0.813888
0.741917
0.782004
0.550131
1.268449
0.945645
0.496743
0.783449
3.886685
8.165536
2.301597
2.515262
4.623163
3.336126
2.444583
3.750307
6.547132
3.785457
4.100321
2.527337
1.703208
1.057377
1.338515
0.969487
1.604458
0.825874
1.455390
1.792522
4.499155
2.491922
2.102508
1.225115
1.640348
1.286189
3.494503
4.381654
2.780087
1.286407
0.869106
1.158084
0.667659
0.840203
0.908008
1.347710
1.150172
0.669039
0.990884
0.699678
0.783083
0.927016
0.785876
0.622332
0.759021
0.983007
0.507105
0.893683
0.495296
0.858171
0.457556
0.838499
0.394573
0.840940
0.370244
0.949448
2.650170
4.498471
3.794020
6.020301
3.146413
2.119323
0.754733
0.532406
0.810226
0.798119
0.762101
0.663036
1.988726
1.220250
3.214679
5.338028
4.517668
4.167021
2.714802
1.714747
2.180570
0.744986
1.240942
0.788131
1.118580
0.642587
1.015622
0.685590
0.826892
0.989135
0.750039
0.676826
0.894180
0.622382
0.945688
0.663987
1.080499
0.793919
1.611278
0.737740
3.509924
8.111321
3.097524
4.407182
4.062869
2.959568
2.070635
1.417081
4.870524
6.236306
2.141406
1.882848
4.392913
1.759959
0.837180
0.853021
0.799845
0.891969
0.871459
0.908805
0.823376
0.809857
0.660327
0.653696
1.219679
1.058659
0.573551
0.707654
0.603413
0.790515
0.409695
0.819682
0.401683
0.733572
0.959873
0.436329
0.875789
0.567219
1.193743
0.700457
1.048942
0.660506
1.018430
0.645282
0.990759
0.672506
1.000520
0.608756
0.980020
0.594964
0.997387
0.536678
0.936449
0.499887
0.893403
0.485230
0.974143
0.485939
0.413774
0.571236
0.994256
0.586550
1.025302
1.056684
0.713154
0.880386
1.115466
0.620501
1.007098
0.536125
0.975348
0.501638
0.926229
0.467737
0.885023
0.915175
0.417066
0.739479
0.405875
0.349227
1.038570
1.048822
2.762912
3.892104
5.235651
3.045123
3.825262
4.787725
2.022373
3.732851
4.677756
5.232335
4.821671
3.712378
3.747921
1.893470
4.692929
1.766769
2.033401
4.410387
1.612051
0.864249
0.789705
1.190594
5.570627
1.133424
1.440092
1.671007
2.913903
3.074295
0.882429
0.659513
0.917753
1.348476
0.912508
1.205393
0.716039
0.774706
0.989487
1.077863
0.762275
1.115758
0.585135
0.956926
1.050002
0.585147
0.912009
0.429228
0.707168
0.371594
0.792440
3.927674
5.358952
3.596247
2.692677
2.092312
3.360100
4.508523
4.021807
2.852423
2.180234
4.946135
6.057391
2.992206
3.174188
2.683065
0.826097
0.892492
0.772416
0.820874
0.760694
0.770376
0.731123
0.679187
0.650091
0.647480
0.616816
0.622043
0.596061
0.602907
0.588130
0.516353
0.599457
0.662963
0.767404
0.892710
0.783312
0.801672
0.773065
0.768470
0.755244
0.720226
0.704157
0.635947
0.698082
0.472414
0.745728
0.393067
0.748929
0.629483
0.800049
0.722963
0.796703
0.581224
0.808834
0.486101
0.506283
0.518787
0.455917
4.041801
7.375534
2.395855
0.924936
3.110051
2.819668
0.703502
0.512241
0.784236
2.278701
1.381419
0.733936
0.744259
0.720107
0.720363
0.719091
0.723489
0.701056
0.716652
0.677306
0.551587
0.808707
1.328304
8.295022
5.084625
4.692711
3.958630
3.477694
1.814169
1.728317
0.695920
0.675599
0.643603
0.694837
0.703127
0.724076
0.677708
0.558615
0.658199
0.719368
1.179719
1.525473
5.126619
5.081261
3.138997
5.340106
4.968267
2.920394
3.930333
1.968394
6.517262
2.849156
0.621580
0.594502
0.761393
0.671920
0.608053
0.889772
4.112591
1.904836
3.164719
2.513447
4.694335
7.694404
4.568355
1.702373
0.891121
1.042098
3.315780
4.589932
3.521181
0.917723
0.777744
0.666072
0.665689
1.159504
4.819275
1.726981
5.220800
3.896714
0.911539
1.225718
4.872355
2.968508
3.571676
1.641319
1.089897
4.660827
7.976328
2.035513
4.382962
1.826028
1.776174
1.854022
3.374006
1.166152
2.314376
3.866053
2.077318
2.688527
1.210489
0.734482
1.231820
1.850718
2.601516
8.525668
3.703884
2.557356
3.982156
5.615378
6.603281
3.857613
5.898749
5.221949
1.181657
4.900303
2.458802
1.913854
1.654198
2.798344
1.149214
0.535357
0.597927
0.768364
0.835399
0.841993
0.785605
0.752284
0.717631
0.632653
0.590974
0.551124
2.977919
4.820774
4.841746
1.506176
4.172252
1.778262
1.250369
1.796428
3.193369
4.364424
5.919642
5.923297
5.077405
2.294379
1.553204
2.084908
0.807123
1.182069
0.562854
0.782132
0.710318
2.155182
2.450542
3.077684
4.138621
4.762239
2.224849
2.346510
1.716782
2.813857
3.248358
3.638003
6.452234
2.740558
5.086945
3.425900
2.606064
1.741417
1.407971
1.439373
0.644155
0.638137
0.681960
0.717442
0.730362
0.729930
0.723512
0.714921
0.702580
0.677326
0.543977
0.553584
0.568463
1.804364
0.980314
4.946083
2.595196
0.614009
0.734412
0.692510
1.331937
1.004056
3.400716
6.950815
7.997641
5.592582
5.143156
3.150322
2.257120
5.058593
4.346507
3.651710
2.940706
2.525289
2.256954
1.738497
1.278382
2.977564
1.634444
1.435160
2.863350
1.893426
1.426969
0.784301
0.776921
0.683141
0.726937
0.733308
0.744894
0.742234
0.737600
0.733533
0.730252
0.727753
0.725726
0.723638
0.719924
0.708969
0.666264
0.620042
0.576276
0.660066
0.556894
0.533468
0.654986
0.661925
4.312508
3.081025
2.421623
5.645170
2.495634
1.637878
4.509961
2.824985
4.553921
5.196318
5.486687
2.051456
1.432189
1.916408
2.445102
1.213555
0.572790
0.647066
0.634813
0.594870
1.174870
1.527280
6.113800
3.720972
0.871891
0.731014
0.676260
0.714072
0.759025
1.243127
8.364373
3.172693
4.918160
1.426133
2.950475
3.728562
2.357615
1.168098
3.235964
1.592292
4.646280
3.283269
3.299067
6.740177
5.486906
1.237917
2.697331
4.268104
3.100396
2.402383
1.634899
2.403495
2.339270
1.028181
0.774032
0.791669
0.733488
0.709478
0.703746
0.704004
0.702175
0.696956
0.687120
0.667349
0.626400
0.532853
0.590051
0.563731
0.660681
0.596989
0.519798
0.548470
0.516413
0.503043
0.473209
0.987753
4.206339
3.831044
4.509577
3.147450
3.127642
3.132181
2.009913
2.684003
2.272409
1.578316
0.959965
0.673643
0.729538
0.817973
0.687330
0.911099
0.764420
0.660099
0.664901
0.622215
0.707305
0.676049
0.608938
0.459666
1.557922
0.798936
0.693818
4.141208
5.886380
6.360074
8.831908
4.341123
5.014235
2.453771
2.994905
3.998884
4.558060
3.252631
1.938617
1.893120
3.230625
2.087664
10.007200
3.087803
1.800234
1.442471
1.519038
1.302726
0.670219
0.726771
0.667858
0.730689
0.702607
0.747515
0.679497
0.671460
0.671201
1.226301
0.807702
1.276051
0.742976
0.669819
0.813337
1.163288
3.730381
4.264717
2.345701
4.332159
4.137770
2.866054
4.713003
5.186101
7.826849
6.842579
3.998901
5.826081
2.444091
1.419612
2.307309
0.557976
0.526939
0.572975
0.628167
0.717339
0.720960
0.699404
0.651279
0.657917
0.520248
2.517977
2.932137
4.471981
2.930257
3.488040
3.273217
3.159024
4.273414
4.583569
3.278615
0.893266
0.549734
0.477603
1.164325
5.198260
4.388901
3.980805
1.647275
0.799455
0.566939
0.738012
1.082560
0.619898
0.517259
0.463247
0.409036
1.511880
0.535563
0.387881
1.576860
5.006577
5.474232
5.514404
8.302105
2.540353
1.759791
1.185468
0.555671
0.740942
0.692831
0.690648
0.719760
0.737090
0.755266
0.752987
0.731139
0.653569
0.560395
0.480134
0.579473
7.262389
4.777940
2.323769
2.671039
1.739800
2.016731
1.330862
1.454697
1.150575
2.398138
1.603202
1.137279
2.409184
4.288748
4.059775
2.913876
1.390183
2.616504
1.247311
1.860358
0.879423
0.767774
1.653573
2.539632
6.276167
5.762888
2.431151
7.243667
1.776602
1.717524
2.234338
2.535211
3.900827
0.970988
0.819487
1.219433
0.323217
1.183248
3.756634
1.511718
3.156629
2.826452
2.614348
3.955574
4.281384
2.407948
1.312461
0.810588
0.809622
0.777130
0.764391
0.713422
0.611402
0.566338
1.266458
1.893612
3.701304
1.611965
3.836825
4.726294
1.913988
1.947597
3.172867
4.293929
1.557065
1.846815
1.454505
0.572123
0.808245
3.770946
2.941575
2.006463
1.013382
1.785396
0.929138
1.398892
2.393282
1.531757
2.495280
1.813478
1.765300
1.192687
0.448467
0.483025
0.968304
0.720423
0.404014
1.518528
0.599736
0.399756
0.392775
1.131912
1.518037
2.489774
0.917871
0.896223
0.860875
9.516552
5.380745
3.954830
1.509334
1.374582
1.145244
2.295385
3.044592
2.078237
3.842902
3.920209
2.584275
4.049696
0.611860
0.376972
1.168640
0.562095
0.585899
0.484168
0.905582
0.961237
0.283616
1.085721
0.671851
0.561731
0.359360
0.936840
0.592796
0.348836
0.820227
0.338556
0.823081
0.750736
0.580632
0.393531
2.964150
9.614647
5.920959
9.031132
3.975538
4.611812
7.380335
3.960506
4.400418
4.543044
5.462767
3.011305
2.941811
2.713841
2.154292
2.667355
2.471977
2.000520
2.103915
3.678543
6.035319
5.559925
6.029344
2.967004
3.002064
6.182040
4.182252
1.629620
3.737318
7.607230
2.006121
3.310662
4.273037
2.250227
0.662640
2.564931
3.385638
2.579729
1.448315
2.125366
3.254015
1.747122
0.727315
0.825180
0.768975
0.690252
0.583419
0.604355
0.368512
1.095802
0.307694
0.867292
0.675208
0.424623
1.053705
0.585124
0.681860
7.778925
7.781992
3.874262
5.128668
2.200551
1.042778
0.725090
0.544831
0.400589
0.602926
2.088343
1.102692
0.473399
1.015237
0.698259
0.544135
0.442742
0.731752
0.782575
0.809746
2.611666
4.122596
4.167972
4.722518
1.685220
0.367367
2.722261
3.122299
4.251061
3.828147
1.826144
0.535028
0.533608
0.479492
0.630261
0.447334
0.557428
0.963734
0.705122
0.594123
0.476965
0.679179
0.597582
0.652502
0.642815
0.355066
0.631038
0.481656
0.321721
1.264243
3.192285
5.701417
4.641926
1.413272
1.831791
1.645380
0.690421
0.688264
1.253338
1.635339
1.721362
1.324279
3.388613
1.459570
1.816492
2.501136
7.859251
5.509033
5.289566
7.591459
5.936771
2.268848
1.503605
0.583543
0.912857
1.048124
2.997246
0.509146
0.482439
0.341485
0.666544
0.468564
0.778723
0.670681
0.786190
0.783628
0.732382
0.558727
1.172167
0.429475
0.729920
0.690454
0.465444
0.819032
0.840896
0.866874
0.508772
1.781465
2.414076
6.855928
4.301067
1.847131
1.344939
1.550706
1.439814
2.729657
2.890235
4.851749
0.696108
1.658573
1.485299
1.068528
2.731211
2.897598
2.002370
0.841295
3.414800
4.090534
4.223748
1.472776
1.369079
1.224477
0.673594
1.630362
1.292617
1.927909
1.455412
0.625783
0.431832
0.608144
0.678623
0.842261
0.901294
1.642654
1.226659
5.550563
6.694050
5.676803
1.996865
3.821282
2.809307
3.383475
1.355497
1.480974
0.992368
2.296074
1.998938
1.172299
1.266188
1.946450
1.093995
2.884258
2.016143
1.679180
3.756909
5.209143
1.645557
1.823356
1.928173
6.627593
5.500978
2.363923
2.647030
3.939353
1.285670
1.228046
2.848365
1.424226
1.896985
1.168632
2.303196
5.222027
3.663572
2.006323
5.357170
3.432018
4.687550
2.705538
1.061871
1.233739
0.435137
0.543874
0.562713
0.455083
0.395192
0.720677
0.787012
0.714210
0.872070
0.382884
0.822097
0.688317
0.793487
2.548466
2.380547
1.370447
1.270937
1.566111
1.556069
0.339323
0.465241
0.373062
0.704891
0.675585
0.657497
0.436119
0.802351
1.004054
1.289507
0.456154
0.852298
0.693851
1.130217
0.524239
0.858737
0.599352
0.384942
0.744353
0.352219
0.789110
0.722148
0.348191
1.079692
2.476228
0.506354
1.512349
2.321122
0.442003
0.354736
0.380926
0.299092
0.322729
2.083907
2.860465
2.280635
1.884588
1.765324
3.724853
0.777329
3.817560
2.688424
1.350417
0.514835
0.511097
1.108699
0.476926
0.460339
1.016667
0.583723
0.427439
0.867878
0.930985
0.774639
1.174733
2.108941
1.195295
0.510323
0.616460
0.642110
0.401372
0.845127
0.538234
0.511931
0.981275
1.734328
2.128220
1.466954
2.756827
4.489164
1.919155
4.135529
1.086351
2.686326
2.130787
1.569293
1.455775
1.955183
2.348972
1.489487
1.927045
1.189917
2.769939
6.546097
2.203627
2.251117
1.750304
3.839035
2.192158
0.787719
0.634112
0.791535
0.762842
0.928767
0.581267
0.548473
0.660418
0.885056
1.761530
2.374093
1.707371
2.615093
1.113877
1.295229
2.937332
0.686313
1.447235
0.807727
1.039311
0.565307
0.830926
0.618304
0.534054
0.634279
0.471080
1.210428
1.225558
0.360944
0.519830
0.364025
0.378626
1.232550
0.495384
0.639941
0.651190
0.972449
0.533716
0.630867
0.441116
0.769377
0.812767
0.640908
0.547725
0.964666
0.553083
1.022318
0.557434
0.413912
0.583837
0.975758
0.566463
0.837884
0.585327
0.547705
0.724303
0.626559
0.510899
0.585418
0.556073
0.559193
0.444336
0.473597
1.051995
0.587361
1.267228
3.404238
5.601444
9.597852
5.637059
3.889464
1.646779
1.642395
2.942818
0.767740
0.338345
0.604107
0.528179
0.532260
0.490888
0.357566
0.347127
0.365987
0.478216
1.257992
0.707694
2.656318
1.022472
1.295664
2.281929
4.742789
1.636029
0.939581
0.733993
0.653033
0.629504
0.624018
0.598929
0.520322
0.593695
0.886784
0.782777
0.771328
0.696269
3.027621
8.260712
8.341564
7.857726
5.493333
5.390417
3.834399
2.155720
1.027621
3.997589
3.717787
3.002067
2.741091
3.987055
2.450361
1.672691
1.391888
0.729911
1.936356
0.727512
1.062605
0.617271
0.543273
0.512365
0.367795
0.728036
0.524642
1.920501
1.157848
3.858064
3.803193
3.335741
2.175023
0.724918
1.064281
0.450955
0.520411
0.489400
0.348951
0.458576
0.548168
0.844564
0.972537
0.927515
0.336068
0.647145
0.437932
0.689541
0.392444
0.723281
0.398986
0.622915
0.426036
0.458099
0.997151
0.600438
0.429001
0.358255
2.830266
6.863910
11.801615
8.227967
8.512552
6.446209
4.270437
4.343460
6.523835
4.763159
4.029050
3.089465
2.405655
2.680766
2.106399
2.423184
1.591738
3.762190
3.662529
3.384031
3.954673
1.574424
0.582354
0.554400
0.597911
0.593450
0.582864
0.572319
0.568581
0.575059
0.823687
1.776944
3.338947
4.778863
1.025015
1.417904
0.454481
0.642343
1.671084
1.797828
0.712733
0.722397
0.725746
0.603437
1.048208
3.361174
5.403102
3.690776
3.684744
1.058064
1.564549
1.365006
0.876972
0.555342
0.598027
0.622027
0.688711
0.829643
1.146585
8.239720
4.570340
2.232629
5.216399
1.507661
0.590402
1.071825
1.557821
1.702532
1.162986
2.219894
4.082469
1.146665
4.695854
2.828964
3.391455
6.008521
2.978834
11.478427
8.733389
6.650177
3.218285
2.290939
3.640701
3.417746
3.917967
1.469884
0.392112
0.302905
0.456563
0.344902
0.546718
0.660662
1.730609
1.037569
0.860379
0.788177
0.773936
0.589409
0.577092
0.484225
0.703402
1.505154
0.522605
1.665745
6.848618
5.605523
2.868559
1.709103
1.243819
3.406663
1.577563
0.447238
0.568309
0.731828
0.678804
0.596381
0.592574
0.572005
0.596063
0.639411
0.750289
0.835527
0.659541
0.751831
0.605625
0.766987
1.191690
0.750576
0.451756
0.435555
1.035168
2.314545
10.617431
4.668900
6.093816
0.857537
4.451489
3.474267
7.431062
4.304495
5.685683
5.392734
3.695921
4.692010
1.980168
2.393750
2.576816
0.334523
0.433309
0.489453
0.314928
1.455749
1.824231
0.495617
1.171605
0.680797
3.299679
0.910089
1.631262
2.877112
1.310564
4.497009
4.393462
4.558433
1.871280
0.617145
0.544584
0.534441
0.570380
0.446143
0.612863
2.405259
2.043986
0.804884
0.993122
0.514575
1.629269
0.339642
0.790851
0.350292
0.861986
0.744771
0.572478
0.539871
0.598288
0.548431
2.113735
1.435794
0.712924
2.316241
5.553687
1.955621
1.049909
0.665572
2.061170
2.329131
1.992649
0.938931
3.329344
3.911123
1.566584
3.633405
1.925760
1.110443
0.498194
0.855735
1.906715
0.369267
0.442676
0.297670
0.656926
0.561987
0.536651
0.368848
0.446900
0.658570
0.509153
0.711910
0.635972
0.529430
1.252908
0.706731
1.285706
1.592185
1.286059
0.353247
1.230393
2.100992
1.187601
2.787167
1.526567
0.684311
0.442271
0.495189
1.012460
2.437197
3.607605
6.878641
7.730430
4.416981
2.575968
2.184287
4.013849
3.564700
6.265272
4.922942
4.480028
3.378615
3.241779
1.327520
1.023913
3.665702
1.493954
1.177860
1.440568
2.101871
0.944359
1.702602
1.718852
1.887173
1.697192
2.310657
1.219304
0.820948
0.566314
0.572996
3.919358
1.085672
1.081185
0.448178
0.517109
2.869090
4.133849
2.495425
3.926908
3.288812
2.455504
2.415998
4.207998
1.921247
1.703656
1.452429
1.263039
0.528270
0.724088
0.425983
0.654253
0.812326
1.207911
3.600696
8.143022
2.539170
0.836921
2.169207
2.713254
1.746788
2.503517
2.771404
1.102349
2.814805
2.103858
1.487014
2.226348
0.899650
3.354969
8.502445
3.533006
1.795491
0.563938
0.536221
1.091547
0.789179
3.039286
0.994371
1.618396
1.055214
0.806010
0.390558
0.564424
0.593196
0.580970
0.544667
0.431482
0.643984
0.667477
1.692289
0.887279
0.726173
1.263933
0.389610
0.563794
0.410610
0.347159
2.659503
1.201563
4.735644
7.430714
4.862567
5.270276
7.886482
6.480982
7.187203
4.154362
6.795905
3.281935
3.220583
2.169052
1.269793
0.546656
0.272046
0.610428
0.505981
0.336815
0.583980
1.084134
2.643268
5.211353
1.773109
3.503968
1.527415
1.820452
0.457197
0.466297
0.276605
0.683351
0.681574
0.473511
0.386483
1.162779
0.819973
0.429438
0.405221
0.319123
0.606108
1.359163
0.664489
0.637407
0.572741
0.437184
0.678008
0.957605
0.299617
0.869621
0.308769
2.097772
1.234281
3.250272
5.838226
1.468093
3.625119
1.577340
3.763044
1.407220
0.561261
1.166367
1.345087
0.702097
0.500594
0.725010
0.378153
0.825893
1.364234
1.476758
0.670840
1.218936
1.875885
2.175484
5.780602
3.048528
6.346696
5.585748
3.021003
3.224721
2.511284
4.007319
4.088720
1.990965
1.643160
0.535127
0.970727
0.515077
0.318544
0.461460
0.532513
0.535147
1.434024
2.002361
1.061865
0.607212
0.498873
0.518839
0.364827
0.333770
1.520088
0.335101
0.467808
0.367934
0.872853
0.696896
0.622628
0.802907
0.459850
0.614587
0.505371
1.395748
7.442113
5.686794
2.625910
1.761979
1.479569
2.626900
1.536042
1.395664
1.076429
2.228199
2.716866
3.050856
4.207216
4.088671
1.774995
1.972447
3.244219
1.399076
0.982228
0.910573
1.474644
0.423543
3.084204
1.306627
3.187519
2.162904
0.366067
1.257326
2.332591
7.684783
9.365951
4.190467
0.859347
0.471050
0.603784
0.554611
0.518925
0.491828
0.436415
0.276514
0.510165
0.232900
0.511717
0.208683
0.502402
0.966618
2.246954
0.354843
0.285157
2.428615
2.478209
4.199414
1.862166
2.024516
1.073380
4.594205
2.957758
2.375093
7.833860
4.759977
5.358682
3.827638
2.135191
2.614964
2.962984
5.026397
6.243975
6.037090
3.643274
2.468996
1.843572
1.850192
1.175838
2.170718
0.892616
1.328863
1.110143
0.473422
0.675794
0.530184
0.688066
0.520476
1.517101
0.446296
0.747913
0.409131
2.022320
0.990490
0.916904
2.000647
1.222640
0.851248
0.638212
2.084206
1.114428
1.479584
0.511832
0.948416
2.142043
0.917621
0.597847
0.620057
0.712492
0.532772
0.594415
1.912111
2.819519
6.124499
1.167426
2.107176
2.123833
2.964262
2.002271
5.561252
2.030103
2.813162
4.145551
3.196450
5.870073
9.334045
0.881808
2.555053
3.648223
1.233089
1.474158
0.986694
0.312828
0.923783
0.342369
0.563960
0.531086
0.471287
1.127134
0.640546
2.326330
1.690396
1.182191
1.930703
0.926050
0.694728
3.487812
0.377242
0.906919
1.233217
1.346701
3.430092
6.250209
8.135732
6.379362
2.105757
0.447578
0.514369
0.840083
0.839924
0.397020
0.723152
0.798339
0.669639
0.396792
0.918038
0.653970
0.979944
0.817135
0.663670
1.170465
0.861224
1.074740
0.639017
0.904601
0.716572
0.944711
0.801614
0.786814
0.739702
0.634103
1.590076
0.861062
0.844033
0.784129
0.583042
1.556291
0.632653
1.535920
0.846116
0.487802
0.693581
0.549002
1.477253
1.194651
0.404766
0.400994
0.298196
0.980584
0.497021
4.019829
3.318188
1.873038
1.905560
3.913568
3.402300
1.766681
1.504237
0.373337
0.348711
0.326616
0.267614
0.477027
0.523356
0.519190
0.999351
0.405389
0.513558
0.464057
0.876063
0.790909
0.815593
0.585938
0.502191
0.593093
0.502628
0.793479
0.387523
0.839005
0.368699
1.330422
0.584673
0.982108
6.163773
3.889755
1.507450
0.390175
0.749766
0.356606
0.318334
0.402804
0.262801
0.582444
0.573853
0.574340
0.491843
0.436791
1.022114
1.032011
1.522496
0.991723
1.219961
2.189211
0.938127
0.675004
0.327033
0.214310
0.341592
0.211605
0.359796
0.228067
0.393130
0.244566
0.327282
0.245715
0.355843
0.514956
0.908355
1.309034
0.446096
0.223859
0.456730
0.775863
4.924845
1.196659
0.809959
0.746413
1.701426
0.471187
7.170131
4.241407
3.217689
2.206523
3.927240
2.585695
2.946809
2.058387
4.830059
1.820124
2.901744
3.731467
0.544653
1.339790
1.971295
1.192391
2.287341
2.513218
2.368416
6.569819
6.698741
5.382203
4.170605
1.612254
1.555751
4.118379
2.217300
2.196634
3.285407
1.051832
0.876052
1.149009
1.201225
0.545549
0.484625
0.825488
0.533095
0.460089
2.237415
5.567420
8.365680
9.544173
4.927403
3.690988
2.943226
3.444382
0.688148
2.469062
1.620460
0.792706
3.013516
3.655835
1.937181
1.621440
1.059395
1.820312
5.080250
7.066935
4.511991
5.890975
2.452305
0.782190
4.858622
2.729247
2.899261
3.485786
2.821000
1.286401
2.426767
1.350999
0.713265
0.308325
0.515331
0.312860
0.577890
0.709675
2.209554
0.935119
0.751233
0.944019
1.406063
1.383774
2.817856
3.075565
2.342525
2.465548
0.990320
1.155207
3.045824
2.787819
1.287811
0.872666
0.691164
1.068756
2.991837
3.693874
2.763029
1.963363
2.249568
4.153328
0.313312
0.709702
0.488306
0.411515
0.313728
1.265098
2.645141
0.640629
0.297233
0.498282
0.262547
0.578464
0.450377
0.332339
0.700688
0.749582
0.551314
0.468730
2.399113
1.333417
0.469980
2.152188
0.231349
0.256402
0.576168
0.467881
0.282330
0.293225
0.727747
0.816150
0.650284
1.639559
0.720821
0.559466
0.604631
0.428396
0.461032
0.530520
0.447066
1.546956
1.048505
1.131081
0.922445
1.062013
0.456414
0.143736
0.170977
0.149366
0.117827
0.143912
0.153227
0.141673
0.096277
0.149808
0.106105
0.136706
0.087288
0.103970
0.079785
0.070500
0.065997
0.061702
0.058557
0.056179
0.054238
0.052589
0.051156
0.049891
0.048758
0.047733
0.046796
0.045934
0.045134
0.044387
0.043686
0.043024
0.042395
0.041796
0.041221
0.040666
0.040130
0.039608
0.039098
0.038599
0.038109
0.037626
0.037150
0.036680
0.036216
0.035756
0.035302
0.034852
0.034408
0.033968
0.033533
0.033104
0.032680
0.032262
0.031850
0.031443
0.031043
0.030649
0.030261
0.029879
0.029504
0.029136
0.028774
0.028418
0.028069
0.027727
0.027391
0.027062
0.026739
0.026422
0.026112
0.025808
0.025510
0.025218
0.024932
0.024651
0.024377
0.024108
0.023844
0.023586
0.023333
0.023085
0.022843
0.022605
0.022372
0.022143
0.021919
0.021700
0.021485
0.021274
0.021067
0.020865
0.020666
0.020471
0.020279
0.020092
0.019908
0.019727
0.019549
0.019375
0.019204
0.019036
0.018872
0.018710
0.018551
0.018394
0.018241
0.018090
0.017942
0.017796
0.017653
0.017512
0.017374
0.017238
0.017104
0.016972
0.016842
0.016715
0.016589
0.016466
0.016344
0.016225
0.016107
0.015991
0.015877
0.015765
0.015654
0.015545
0.015437
0.015332
0.015227
0.015125
0.015024
0.014924
0.014825
0.014729
0.014633
0.014539
0.014446
0.014354
0.014264
0.014175
0.014087
0.014001
0.013915
0.013831
0.013748
0.013665
0.013584
0.013505
0.013426
0.013348
0.013271
0.013195
0.013120
0.013046
0.012973
0.012901
0.012830
0.012760
0.012690
0.012621
0.012554
0.012487
0.012421
0.012355
0.012291
0.012227
0.012164
0.012102
0.012040
0.011979
0.011919
0.011860
0.011801
0.011743
0.011686
0.011629
0.011573
0.011517
0.011462
0.011408
0.011354
0.011301
0.011249
0.011197
0.011145
0.011094
0.011044
0.010994
0.010945
0.010896
0.010848
0.010801
0.010753
0.010707
0.010660
0.010615
0.010569
0.010524
0.010480
0.010436
0.010393
0.010350
0.010307
0.010265
0.010223
0.010181
0.010140
0.010100
0.010060
0.010020
0.009980
0.009941
0.009902
0.009864
0.009826
0.009788
0.009751
0.009714
0.009678
0.009641
0.009605
0.009570
0.009534
0.009499
0.009465
0.009430
0.009396
0.009363
0.009329
0.009296
0.009263
0.009230
0.009198
0.009166
0.009134
0.009103
0.009072
0.009041
0.009010
0.008980
0.008949
0.008919
0.008890
0.008860
0.008831
0.008802
0.008773
0.008745
0.008717
0.008689
0.008661
0.008633
0.008606
0.008579
0.008552
0.008525
0.008498
0.008472
0.008446
0.008420
0.008394
0.008369
0.008344
0.008319
0.008294
0.008269
0.008244
0.008220
0.008196
0.008172
0.008148
0.008124
0.008101
0.008078
0.008054
0.008032
0.008009
0.007986
0.007964
0.007941
0.007919
0.007897
0.007876
0.007854
0.007832
0.007811
0.007790
0.007769
0.007748
0.007727
0.007706
0.007686
0.007666
0.007646
0.007625
0.007606
0.007586
0.007566
0.007547
0.007527
0.007508
0.007489
0.007470
0.007451
0.007432
0.007414
0.007395
0.007377
0.007359
0.007341
0.007323
0.007305
0.007287
0.007269
0.007252
0.007234
0.007217
0.007200
0.007183
0.007166
0.007149
0.007132
0.007116
0.007099
0.007083
0.007066
0.007050
0.007034
0.007018
0.007002
0.006986
0.006970
0.006955
0.006939
0.006924
0.006908
0.006893
0.006878
0.006863
0.006848
0.006833
0.006818
0.006803
0.006789
0.006774
0.006760
0.006745
0.006731
0.006717
0.006703
0.006689
0.006675
0.006661
0.006647
0.006633
0.006620
0.006606
0.006593
0.006579
0.006566
0.006553
0.006540
0.006526
0.006513
0.006500
0.006488
0.006475
0.006462
0.006449
0.006437
0.006424
0.006412
0.006399
0.006387
0.006375
0.006363
0.006350
0.006338
0.006326
0.006315
0.006303
0.006291
0.006279
0.006267
0.006256
0.006244
0.006233
0.006221
0.006210
0.006199
0.006187
0.006176
0.006165
0.006154
0.006143
0.006132
0.006121
0.006110
0.006099
0.006089
0.006078
0.006067
0.006057
0.006046
0.006036
0.006025
0.006015
0.006005
0.005995
0.005984
0.005974
0.005964
0.005954
0.005944
0.005934
0.005924
0.005914
0.005904
0.005895
0.005885
0.005875
0.005866
0.005856
0.005846
0.005837
0.005827
0.005818
0.005809
0.005799
0.005790
0.005781
0.005772
0.005763
0.005753
0.005744
0.005735
0.005726
0.005717
0.005709
0.005700
0.005691
0.005682
0.005673
0.005665
0.005656
0.005647
0.005639
0.005630
0.005622
0.005613
0.005605
0.005596
0.005588
0.005580
0.005572
0.005563
0.005555
0.005547
0.005539
0.005531
0.005523
0.005515
0.005507
0.005499
0.005491
0.005483
0.005475
0.005467
0.005459
0.005451
0.005444
0.005436
0.005428
0.005421
0.005413
0.005405
0.005398
0.005390
0.005383
0.005375
0.005368
0.005361
0.005353
0.005346
0.005339
0.005331
0.005324
0.005317
0.005310
0.005302
0.005295
0.005288
0.005281
0.005274
0.005267
0.005260
0.005253
0.005246
0.005239
0.005232
0.005225
0.005219
0.005212
0.005205
0.005198
0.005192
0.005185
0.005178
0.005171
0.005165
0.005158
0.005152
0.005145
0.005138
0.005132
0.005125
0.005119
0.005113
0.005106
0.005100
0.005093
0.005087
0.005081
0.005074
0.005068
0.005062
0.005056
0.005049
0.005043
0.005037
0.005031
0.005025
0.005019
0.005013
0.005006
0.005000
0.004994
0.004988
0.004982
0.004976
0.004970
0.004965
0.004959
0.004953
0.004947
0.004941
0.004935
0.004929
0.004924
0.004918
0.004912
0.004906
0.004901
0.004895
0.004889
0.004884
0.004878
0.004872
0.004867
0.004861
0.004856
0.004850
0.004845
0.004839
0.004834
0.004828
0.004823
0.004817
0.004812
0.004806
0.004801
0.004796
0.004790
0.004785
0.004780
0.004774
0.004769
0.004764
0.004759
0.004753
0.004748
0.004743
0.004738
0.004733
0.004727
0.004722
0.004717
0.004712
0.004707
0.004702
0.004697
0.004692
0.004687
0.004682
0.004677
0.004672
0.004667
0.004662
0.004657
0.004652
0.004647
0.004642
0.004637
0.004632
0.004627
0.004623
0.004618
0.004613
0.004608
0.004603
0.004599
0.004594
0.004589
0.004584
0.004580
0.004575
0.004570
0.004566
0.004561
0.004556
0.004552
0.004547
0.004542
0.004538
0.004533
0.004529
0.004524
0.004519
0.004515
0.004510
0.004506
0.004501
0.004497
0.004492
0.004488
0.004484
0.004479
0.004475
0.004470
0.004466
0.004461
0.004457
0.004453
0.004448
0.004444
0.004440
0.004435
0.004431
0.004427
0.004422
0.004418
0.004414
0.004410
0.004405
0.004401
0.004397
0.004393
0.004388
0.004384
0.004380
0.004376
0.004372
0.004368
0.004364
0.004359
0.004355
0.004351
0.004347
0.004343
0.004339
0.004335
0.004331
0.004327
0.004323
0.004319
0.004315
0.004311
0.004307
0.004303
0.004299
0.004295
0.004291
0.004287
0.004283
0.004279
0.004275
0.004271
0.004267
0.004263
0.004259
0.004256
0.004252
0.004248
0.004244
0.004240
0.004236
0.004233
0.004229
0.004225
0.004221
0.004217
0.004214
0.004210
0.004206
0.004202
0.004199
0.004195
0.004191
0.004187
0.004184
0.004180
0.004176
0.004173
0.004169
0.004165
0.004162
0.004158
0.004155
0.004151
0.004147
0.004144
0.004140
0.004136
0.004133
0.004129
0.004126
0.004122
0.004119
0.004115
0.004112
0.004108
0.004105
0.004101
0.004098
0.004094
0.004091
0.004087
0.004084
0.004080
0.004077
0.004073
0.004070
0.004066
0.004063
0.004059
0.004056
0.004053
0.004049
0.004046
0.004042
0.004039
0.004036
0.004032
0.004029
0.004026
0.004022
0.004019
0.004016
0.004012
0.004009
0.004006
0.004002
0.003999
0.003996
0.003993
0.003989
0.003986
0.003983
0.003980
0.003976
0.003973
0.003970
0.003967
0.003963
0.003960
0.003957
0.003954
0.003951
0.003947
0.003944
0.003941
0.003938
0.003935
0.003932
0.003929
0.003925
0.003922
0.003919
0.003916
0.003913
0.003910
0.003907
0.003904
0.003901
0.003897
0.003894
0.003891
0.003888
0.003885
0.003882
0.003879
0.003876
0.003873
0.003870
0.003867
0.003864
0.003861
0.003858
0.003855
0.003852
0.003849
0.003846
0.003843
0.003840
0.003837
0.003834
0.003831
0.003828
0.003825
0.003822
0.003820
0.003817
0.003814
0.003811
0.003808
0.003805
0.003802
0.003799
0.003796
0.003793
0.003791
0.003788
0.003785
0.003782
0.003779
0.003776
0.003774
0.003771
0.003768
0.003765
0.003762
0.003759
0.003757
0.003754
0.003751
0.003748
0.003745
0.003743
0.003740
0.003737
0.003734
0.003732
0.003729
0.003726
0.003723
0.003721
0.003718
0.003715
0.003712
0.003710
0.003707
0.003704
0.003702
0.003699
0.003696
0.003694
0.003691
0.003688
0.003685
0.003683
0.003680
0.003678
0.003675
0.003672
0.003670
0.003667
0.003664
0.003662
0.003659
0.003656
0.003654
0.003651
0.003649
0.003646
0.003643
0.003641
0.003638
0.003636
0.003633
0.003630
0.003628
0.003625
0.003623
0.003620
0.003618
0.003615
0.003613
0.003610
0.003607
0.003605
0.003602
0.003600
0.003597
0.003595
0.003592
0.003590
0.003587
0.003585
0.003582
0.003580
0.003577
0.003575
0.003572
0.003570
0.003568
0.003565
0.003563
0.003560
0.003558
0.003555
0.003553
0.003550
0.003548
0.003546
0.003543
0.003541
0.003538
0.003536
0.003533
0.003531
0.003529
0.003526
0.003524
0.003522
0.003519
0.003517
0.003514
0.003512
0.003510
0.003507
0.003505
0.003503
0.003500
0.003498
0.003496
0.003493
0.003491
0.003489
0.003486
0.003484
0.003482
0.003479
0.003477
0.003475
0.003472
0.003470
0.003468
0.003465
0.003463
0.003461
0.003459
0.003456
0.003454
0.003452
0.003449
0.003447
0.003445
0.003443
0.003440
0.003438
0.003436
0.003434
0.003431
0.003429
0.003427
0.003425
0.003423
0.003420
0.003418
0.003416
0.003414
0.003411
0.003409
0.003407
0.003405
0.003403
0.003400
0.003398
0.003396
0.003394
0.003392
0.003390
0.003387
0.003385
0.003383
0.003381
0.003379
0.003377
0.003374
0.003372
0.003370
0.003368
0.003366
0.003364
0.003362
0.003359
0.003357
0.003355
0.003353
0.003351
0.003349
0.003347
0.003345
0.003343
0.003341
0.003338
0.003336
0.003334
0.003332
0.003330
0.003328
0.003326
0.003324
0.003322
0.003320
0.003318
0.003316
0.003314
0.003311
0.003309
0.003307
0.003305
0.003303
0.003301
0.003299
0.003297
0.003295
0.003293
0.003291
0.003289
0.003287
0.003285
0.003283
0.003281
0.003279
0.003277
0.003275
0.003273
0.003271
0.003269
0.003267
0.003265
0.003263
0.003261
0.003259
0.003257
0.003255
0.003253
0.003251
0.003249
0.003247
0.003245
0.003243
0.003242
0.003240
0.003238
0.003236
0.003234
0.003232
0.003230
0.003228
0.003226
0.003224
0.003222
0.003220
0.003218
0.003216
0.003215
0.003213
0.003211
0.003209
0.003207
0.003205
0.003203
0.003201
0.003199
0.003198
0.003196
0.003194
0.003192
0.003190
0.003188
0.003186
0.003184
0.003183
0.003181
0.003179
0.003177
0.003175
0.003173
0.003171
0.003170
0.003168
0.003166
0.003164
0.003162
0.003160
0.003159
0.003157
0.003155
0.003153
0.003151
0.003149
0.003148
0.003146
0.003144
0.003142
0.003140
0.003139
0.003137
0.003135
0.003133
0.003131
0.003130
0.003128
0.003126
0.003124
0.003122
0.003121
0.003119
0.003117
0.003115
0.003114
0.003112
0.003110
0.003108
0.003107
0.003105
0.003103
0.003101
0.003100
0.003098
0.003096
0.003094
0.003093
0.003091
0.003089
0.003087
0.003086
0.003084
0.003082
0.003080
0.003079
0.003077
0.003075
0.003074
0.003072
0.003070
0.003069
0.003067
0.003065
0.003063
0.003062
0.003060
0.003058
0.003057
0.003055
0.003053
0.003052
0.003050
0.003048
0.003047
0.003045
0.003043
0.003042
0.003040
0.003038
0.003037
0.003035
0.003033
0.003032
0.003030
0.003028
0.003027
0.003025
0.003023
0.003022
0.003020
0.003018
0.003017
0.003015
0.003013
0.003012
0.003010
0.003009
0.003007
0.003005
0.003004
0.003002
0.003000
0.002999
0.002997
0.002996
0.002994
0.002992
0.002991
0.002989
0.002988
0.002986
0.002984
0.002983
0.002981
0.002980
0.002978
0.002977
0.002975
0.002973
0.002972
0.002970
0.002969
0.002967
0.002965
0.002964
0.002962
0.002961
0.002959
0.002958
0.002956
0.002955
0.002953
0.002951
0.002950
0.002948
0.002947
0.002945
0.002944
0.002942
0.002941
0.002939
0.002938
0.002936
0.002934
0.002933
0.002931
0.002930
0.002928
0.002927
0.002925
0.002924
0.002922
0.002921
0.002919
0.002918
0.002916
0.002915
0.002913
0.002912
0.002910
0.002909
0.002907
0.002906
0.002904
0.002903
0.002901
0.002900
0.002898
0.002897
0.002895
0.002894
0.002892
0.002891
0.002889
0.002888
0.002886
0.002885
0.002884
0.002882
0.002881
0.002879
0.002878
0.002876
0.002875
0.002873
0.002872
0.002870
0.002869
0.002867
0.002866
0.002865
0.002863
0.002862
0.002860
0.002859
0.002857
0.002856
0.002855
0.002853
0.002852
0.002850
0.002849
0.002847
0.002846
0.002845
0.002843
0.002842
0.002840
0.002839
0.002837
0.002836
0.002835
0.002833
0.002832
0.002830
0.002829
0.002828
0.002826
0.002825
0.002823
0.002822
0.002821
0.002819
0.002818
0.002816
0.002815
0.002814
0.002812
0.002811
0.002810
0.002808
0.002807
0.002805
0.002804
0.002803
0.002801
0.002800
0.002799
0.002797
0.002796
0.002795
0.002793
0.002792
0.002790
0.002789
0.002788
0.002786
0.002785
0.002784
0.002782
0.002781
0.002780
0.002778
0.002777
0.002776
0.002774
0.002773
0.002772
0.002770
0.002769
0.002768
0.002766
0.002765
0.002764
0.002762
0.002761
0.002760
0.002758
0.002757
0.002756
0.002754
0.002753
0.002752
0.002750
0.002749
0.002748
0.002747
0.002745
0.002744
0.002743
0.002741
0.002740
0.002739
0.002737
0.002736
0.002735
0.002734
0.002732
0.002731
0.002730
0.002728
0.002727
0.002726
0.002725
0.002723
0.002722
0.002721
0.002719
0.002718
0.002717
0.002716
0.002714
0.002713
0.002712
0.002711
0.002709
0.002708
0.002707
0.002706
0.002704
0.002703
0.002702
0.002701
0.002699
0.002698
0.002697
0.002696
0.002694
0.002693
0.002692
0.002691
0.002689
0.002688
0.002687
0.002686
0.002684
0.002683
0.002682
0.002681
0.002679
0.002678
0.002677
0.002676
0.002675
0.002673
0.002672
0.002671
0.002670
0.002668
0.002667
0.002666
0.002665
0.002664
0.002662
0.002661
0.002660
0.002659
0.002658
0.002656
0.002655
0.002654
0.002653
0.002652
0.002650
0.002649
0.002648
0.002647
0.002646
0.002644
0.002643
0.002642
0.002641
0.002640
0.002638
0.002637
0.002636
0.002635
0.002634
0.002633
0.002631
0.002630
0.002629
0.002628
0.002627
0.002625
0.002624
0.002623
0.002622
0.002621
0.002620
0.002618
0.002617
0.002616
0.002615
0.002614
0.002613
0.002612
0.002610
0.002609
0.002608
0.002607
0.002606
0.002605
0.002603
0.002602
0.002601
0.002600
0.002599
0.002598
0.002597
0.002595
0.002594
0.002593
0.002592
0.002591
0.002590
0.002589
0.002588
0.002586
0.002585
0.002584
0.002583
0.002582
0.002581
0.002580
0.002579
0.002577
0.002576
0.002575
0.002574
0.002573
0.002572
0.002571
0.002570
0.002569
0.002567
0.002566
0.002565
0.002564
0.002563
0.002562
0.002561
0.002560
0.002559
0.002557
0.002556
0.002555
0.002554
0.002553
0.002552
0.002551
0.002550
0.002549
0.002548
0.002547
0.002545
0.002544
0.002543
0.002542
0.002541
0.002540
0.002539
0.002538
0.002537
0.002536
0.002535
0.002534
0.002533
0.002531
0.002530
0.002529
0.002528
0.002527
0.002526
0.002525
0.002524
0.002523
0.002522
0.002521
0.002520
0.002519
0.002518
0.002517
0.002516
0.002514
0.002513
0.002512
0.002511
0.002510
0.002509
0.002508
0.002507
0.002506
0.002505
0.002504
0.002503
0.002502
0.002501
0.002500
0.002499
0.002498
0.002497
0.002496
0.002495
0.002494
0.002493
0.002492
0.002491
0.002489
0.002488
0.002487
0.002486
0.002485
0.002484
0.002483
0.002482
0.002481
0.002480
0.002479
0.002478
0.002477
0.002476
0.002475
0.002474
0.002473
0.002472
0.002471
0.002470
0.002469
0.002468
0.002467
0.002466
0.002465
0.002464
0.002463
0.002462
0.002461
0.002460
0.002459
0.002458
0.002457
0.002456
0.002455
0.002454
0.002453
0.002452
0.002451
0.002450
0.002449
0.002448
0.002447
0.002446
0.002445
0.002444
0.002443
0.002442
0.002441
0.002440
0.002439
0.002438
0.002437
0.002436
0.002435
0.002434
0.002433
0.002432
0.002432
0.002431
0.002430
0.002429
0.002428
0.002427
0.002426
0.002425
0.002424
0.002423
0.002422
0.002421
0.002420
0.002419
0.002418
0.002417
0.002416
0.002415
0.002414
0.002413
0.002412
0.002411
0.002410
0.002409
0.002408
0.002408
0.002407
0.002406
0.002405
0.002404
0.002403
0.002402
0.002401
0.002400
0.002399
0.002398
0.002397
0.002396
0.002395
0.002394
0.002393
0.002392
0.002392
0.002391
0.002390
0.002389
0.002388
0.002387
0.002386
0.002385
0.002384
0.002383
0.002382
0.002381
0.002380
0.002379
0.002379
0.002378
0.002377
0.002376
0.002375
0.002374
0.002373
0.002372
0.002371
0.002370
0.002369
0.002368
0.002368
0.002367
0.002366
0.002365
0.002364
0.002363
0.002362
0.002361
0.002360
0.002359
0.002359
0.002358
0.002357
0.002356
0.002355
0.002354
0.002353
0.002352
0.002351
0.002350
0.002350
0.002349
0.002348
0.002347
0.002346
0.002345
0.002344
0.002343
0.002342
0.002342
0.002341
0.002340
0.002339
0.002338
0.002337
0.002336
0.002335
0.002334
0.002334
0.002333
0.002332
0.002331
0.002330
0.002329
0.002328
0.002327
0.002327
0.002326
0.002325
0.002324
0.002323
0.002322
0.002321
0.002321
0.002320
0.002319
0.002318
0.002317
0.002316
0.002315
0.002314
0.002314
0.002313
0.002312
0.002311
0.002310
0.002309
0.002308
0.002308
0.002307
0.002306
0.002305
0.002304
0.002303
0.002302
0.002302
0.002301
0.002300
0.002299
0.002298
0.002297
0.002297
0.002296
0.002295
0.002294
0.002293
0.002292
0.002291
0.002291
0.002290
0.002289
0.002288
0.002287
0.002286
0.002286
0.002285
0.002284
0.002283
0.002282
0.002281
0.002281
0.002280
0.002279
0.002278
0.002277
0.002276
0.002276
0.002275
0.002274
0.002273
0.002272
0.002272
0.002271
0.002270
0.002269
0.002268
0.002267
0.002267
0.002266
0.002265
0.002264
0.002263
0.002263
0.002262
0.002261
0.002260
0.002259
0.002258
0.002258
0.002257
0.002256
0.002255
0.002254
0.002254
0.002253
0.002252
0.002251
0.002250
0.002250
0.002249
0.002248
0.002247
0.002246
0.002246
0.002245
0.002244
0.002243
0.002242
0.002242
0.002241
0.002240
0.002239
0.002238
0.002238
0.002237
0.002236
0.002235
0.002234
0.002234
0.002233
0.002232
0.002231
0.002231
0.002230
0.002229
0.002228
0.002227
0.002227
0.002226
0.002225
0.002224
0.002223
0.002223
0.002222
0.002221
0.002220
0.002220
0.002219
0.002218
0.002217
0.002216
0.002216
0.002215
0.002214
0.002213
0.002213
0.002212
0.002211
0.002210
0.002210
0.002209
0.002208
0.002207
0.002206
0.002206
0.002205
0.002204
0.002203
0.002203
0.002202
0.002201
0.002200
0.002200
0.002199
0.002198
0.002197
0.002197
0.002196
0.002195
0.002194
0.002194
0.002193
0.002192
0.002191
0.002191
0.002190
0.002189
0.002188
0.002188
0.002187
0.002186
0.002185
0.002185
0.002184
0.002183
0.002182
0.002182
0.002181
0.002180
0.002179
0.002179
0.002178
0.002177
0.002176
0.002176
0.002175
0.002174
0.002173
0.002173
0.002172
0.002171
0.002170
0.002170
0.002169
0.002168
0.002168
0.002167
0.002166
0.002165
0.002165
0.002164
0.002163
0.002162
0.002162
0.002161
0.002160
0.002159
0.002159
0.002158
0.002157
0.002157
0.002156
0.002155
0.002154
0.002154
0.002153
0.002152
0.002152
0.002151
0.002150
0.002149
0.002149
0.002148
0.002147
0.002147
0.002146
0.002145
0.002144
0.002144
0.002143
0.002142
0.002142
0.002141
0.002140
0.002139
0.002139
0.002138
0.002137
0.002137
0.002136
0.002135
0.002134
0.002134
0.002133
0.002132
0.002132
0.002131
0.002130
0.002130
0.002129
0.002128
0.002127
0.002127
0.002126
0.002125
0.002125
0.002124
0.002123
0.002123
0.002122
0.002121
0.002120
0.002120
0.002119
0.002118
0.002118
0.002117
0.002116
0.002116
0.002115
0.002114
0.002114
0.002113
0.002112
0.002111
0.002111
0.002110
0.002109
0.002109
0.002108
0.002107
0.002107
0.002106
0.002105
0.002105
0.002104
0.002103
0.002103
0.002102
0.002101
0.002101
0.002100
0.002099
0.002099
0.002098
0.002097
0.002096
0.002096
0.002095
0.002094
0.002094
0.002093
0.002092
0.002092
0.002091
0.002090
0.002090
0.002089
0.002088
0.002088
0.002087
0.002086
0.002086
0.002085
0.002084
0.002084
0.002083
0.002082
0.002082
0.002081
0.002080
0.002080
0.002079
0.002078
0.002078
0.002077
0.002076
0.002076
0.002075
0.002074
0.002074
0.002073
0.002073
0.002072
0.002071
0.002071
0.002070
0.002069
0.002069
0.002068
0.002067
0.002067
0.002066
0.002065
0.002065
0.002064
0.002063
0.002063
0.002062
0.002061
0.002061
0.002060
0.002059
0.002059
0.002058
0.002058
0.002057
0.002056
0.002056
0.002055
0.002054
0.002054
0.002053
0.002052
0.002052
0.002051
0.002050
0.002050
0.002049
0.002049
0.002048
0.002047
0.002047
0.002046
0.002045
0.002045
0.002044
0.002043
0.002043
0.002042
0.002042
0.002041
0.002040
0.002040
0.002039
0.002038
0.002038
0.002037
0.002037
0.002036
0.002035
0.002035
0.002034
0.002033
0.002033
0.002032
0.002032
0.002031
0.002030
0.002030
0.002029
0.002028
0.002028
0.002027
0.002027
0.002026
0.002025
0.002025
0.002024
0.002023
0.002023
0.002022
0.002022
0.002021
0.002020
0.002020
0.002019
0.002019
0.002018
0.002017
0.002017
0.002016
0.002015
0.002015
0.002014
0.002014
0.002013
0.002012
0.002012
0.002011
0.002011
0.002010
0.002009
0.002009
0.002008
0.002008
0.002007
0.002006
0.002006
0.002005
0.002005
0.002004
0.002003
0.002003
0.002002
0.002001
0.002001
0.002000
0.002000
0.001999
0.001998
0.001998
0.001997
0.001997
0.001996
0.001995
0.001995
0.001994
0.001994
0.001993
0.001993
0.001992
0.001991
0.001991
0.001990
0.001990
0.001989
0.001988
0.001988
0.001987
0.001987
0.001986
0.001985
0.001985
0.001984
0.001984
0.001983
0.001982
0.001982
0.001981
0.001981
0.001980
0.001980
0.001979
0.001978
0.001978
0.001977
0.001977
0.001976
0.001975
0.001975
0.001974
0.001974
0.001973
0.001973
0.001972
0.001971
0.001971
0.001970
0.001970
0.001969
0.001968
0.001968
0.001967
0.001967
0.001966
0.001966
0.001965
0.001964
0.001964
0.001963
0.001963
0.001962
0.001962
0.001961
0.001960
0.001960
0.001959
0.001959
0.001958
0.001958
0.001957
0.001956
0.001956
0.001955
0.001955
0.001954
0.001954
0.001953
0.001952
0.001952
0.001951
0.001951
0.001950
0.001950
0.001949
0.001948
0.001948
0.001947
0.001947
0.001946
0.001946
0.001945
0.001945
0.001944
0.001943
0.001943
0.001942
0.001942
0.001941
0.001941
0.001940
0.001940
0.001939
0.001938
0.001938
0.001937
0.001937
0.001936
0.001936
0.001935
0.001935
0.001934
0.001933
0.001933
0.001932
0.001932
0.001931
0.001931
0.001930
0.001930
0.001929
0.001928
0.001928
0.001927
0.001927
0.001926
0.001926
0.001925
0.001925
0.001924
0.001924
0.001923
0.001922
0.001922
0.001921
0.001921
0.001920
0.001920
0.001919
0.001919
0.001918
0.001918
0.001917
0.001916
0.001916
0.001915
0.001915
0.001914
0.001914
0.001913
0.001913
0.001912
0.001912
0.001911
0.001911
0.001910
0.001909
0.001909
0.001908
0.001908
0.001907
0.001907
0.001906
0.001906
0.001905
0.001905
0.001904
0.001904
0.001903
0.001903
0.001902
0.001901
0.001901
0.001900
0.001900
0.001899
0.001899
0.001898
0.001898
0.001897
0.001897
0.001896
0.001896
0.001895
0.001895
0.001894
0.001894
0.001893
0.001893
0.001892
0.001891
0.001891
0.001890
0.001890
0.001889
0.001889
0.001888
0.001888
0.001887
0.001887
0.001886
0.001886
0.001885
0.001885
0.001884
0.001884
0.001883
0.001883
0.001882
0.001882
0.001881
0.001881
0.001880
0.001880
0.001879
0.001878
0.001878
0.001877
0.001877
0.001876
0.001876
0.001875
0.001875
0.001874
0.001874
0.001873
0.001873
0.001872
0.001872
0.001871
0.001871
0.001870
0.001870
0.001869
0.001869
0.001868
0.001868
0.001867
0.001867
0.001866
0.001866
0.001865
0.001865
0.001864
0.001864
0.001863
0.001863
0.001862
0.001862
0.001861
0.001861
0.001860
0.001860
0.001859
0.001859
0.001858
0.001858
0.001857
0.001857
0.001856
0.001856
0.001855
0.001855
0.001854
0.001854
0.001853
0.001853
0.001852
0.001852
0.001851
0.001851
0.001850
0.001850
0.001849
0.001849
0.001848
0.001848
0.001847
0.001847
0.001846
0.001846
0.001845
0.001845
0.001844
0.001844
0.001843
0.001843
0.001842
0.001842
0.001841
0.001841
0.001840
0.001840
0.001839
0.001839
0.001838
0.001838
0.001837
0.001837
0.001836
0.001836
0.001835
0.001835
0.001834
0.001834
0.001834
0.001833
0.001833
0.001832
0.001832
0.001831
0.001831
0.001830
0.001830
0.001829
0.001829
0.001828
0.001828
0.001827
0.001827
0.001826
0.001826
0.001825
0.001825
0.001824
0.001824
0.001823
0.001823
0.001822
0.001822
0.001821
0.001821
0.001821
0.001820
0.001820
0.001819
0.001819
0.001818
0.001818
0.001817
0.001817
0.001816
0.001816
0.001815
0.001815
0.001814
0.001814
0.001813
0.001813
0.001812
0.001812
0.001812
0.001811
0.001811
0.001810
0.001810
0.001809
0.001809
0.001808
0.001808
0.001807
0.001807
0.001806
0.001806
0.001805
0.001805
0.001804
0.001804
0.001804
0.001803
0.001803
0.001802
0.001802
0.001801
0.001801
0.001800
0.001800
0.001799
0.001799
0.001798
0.001798
0.001798
0.001797
0.001797
0.001796
0.001796
0.001795
0.001795
0.001794
0.001794
0.001793
0.001793
0.001792
0.001792
0.001792
0.001791
0.001791
0.001790
0.001790
0.001789
0.001789
0.001788
0.001788
0.001787
0.001787
0.001787
0.001786
0.001786
0.001785
0.001785
0.001784
0.001784
0.001783
0.001783
0.001782
0.001782
0.001782
0.001781
0.001781
0.001780
0.001780
0.001779
0.001779
0.001778
0.001778
0.001777
0.001777
0.001777
0.001776
0.001776
0.001775
0.001775
0.001774
0.001774
0.001773
0.001773
0.001773
0.001772
0.001772
0.001771
0.001771
0.001770
0.001770
0.001769
0.001769
0.001769
0.001768
0.001768
0.001767
0.001767
0.001766
0.001766
0.001765
0.001765
0.001765
0.001764
0.001764
0.001763
0.001763
0.001762
0.001762
0.001761
0.001761
0.001761
0.001760
0.001760
0.001759
0.001759
0.001758
0.001758
0.001758
0.001757
0.001757
0.001756
0.001756
0.001755
0.001755
0.001754
0.001754
0.001754
0.001753
0.001753
0.001752
0.001752
0.001751
0.001751
0.001751
0.001750
0.001750
0.001749
0.001749
0.001748
0.001748
0.001748
0.001747
0.001747
0.001746
0.001746
0.001745
0.001745
0.001745
0.001744
0.001744
0.001743
0.001743
0.001742
0.001742
0.001742
0.001741
0.001741
0.001740
0.001740
0.001739
0.001739
0.001739
0.001738
0.001738
0.001737
0.001737
0.001736
0.001736
0.001736
0.001735
0.001735
0.001734
0.001734
0.001733
0.001733
0.001733
0.001732
0.001732
0.001731
0.001731
0.001731
0.001730
0.001730
0.001729
0.001729
0.001728
0.001728
0.001728
0.001727
0.001727
0.001726
0.001726
0.001725
0.001725
0.001725
0.001724
0.001724
0.001723
0.001723
0.001723
0.001722
0.001722
0.001721
0.001721
0.001720
0.001720
0.001720
0.001719
0.001719
0.001718
0.001718
0.001718
0.001717
0.001717
0.001716
0.001716
0.001716
0.001715
0.001715
0.001714
0.001714
0.001713
0.001713
0.001713
0.001712
0.001712
0.001711
0.001711
0.001711
0.001710
0.001710
0.001709
0.001709
0.001709
0.001708
0.001708
0.001707
0.001707
0.001707
0.001706
0.001706
0.001705
0.001705
0.001705
0.001704
0.001704
0.001703
0.001703
0.001702
0.001702
0.001702
0.001701
0.001701
0.001700
0.001700
0.001700
0.001699
0.001699
0.001698
0.001698
0.001698
0.001697
0.001697
0.001696
0.001696
0.001696
0.001695
0.001695
0.001694
0.001694
0.001694
0.001693
0.001693
0.001692
0.001692
0.001692
0.001691
0.001691
0.001690
0.001690
0.001690
0.001689
0.001689
0.001688
0.001688
0.001688
0.001687
0.001687
0.001686
0.001686
0.001686
0.001685
0.001685
0.001685
0.001684
0.001684
0.001683
0.001683
0.001683
0.001682
0.001682
0.001681
0.001681
0.001681
0.001680
0.001680
0.001679
0.001679
0.001679
0.001678
0.001678
0.001677
0.001677
0.001677
0.001676
0.001676
0.001676
0.001675
0.001675
0.001674
0.001674
0.001674
0.001673
0.001673
0.001672
0.001672
0.001672
0.001671
0.001671
0.001670
0.001670
0.001670
0.001669
0.001669
0.001669
0.001668
0.001668
0.001667
0.001667
0.001667
0.001666
0.001666
0.001665
0.001665
0.001665
0.001664
0.001664
0.001664
0.001663
0.001663
0.001662
0.001662
0.001662
0.001661
0.001661
0.001661
0.001660
0.001660
0.001659
0.001659
0.001659
0.001658
0.001658
0.001657
0.001657
0.001657
0.001656
0.001656
0.001656
0.001655
0.001655
0.001654
0.001654
0.001654
0.001653
0.001653
0.001653
0.001652
0.001652
0.001651
0.001651
0.001651
0.001650
0.001650
0.001650
0.001649
0.001649
0.001648
0.001648
0.001648
0.001647
0.001647
0.001647
0.001646
0.001646
0.001645
0.001645
0.001645
0.001644
0.001644
0.001644
0.001643
0.001643
0.001642
0.001642
0.001642
0.001641
0.001641
0.001641
0.001640
0.001640
0.001640
0.001639
0.001639
0.001638
0.001638
0.001638
0.001637
0.001637
0.001637
0.001636
0.001636
0.001635
0.001635
0.001635
0.001634
0.001634
0.001634
0.001633
0.001633
0.001633
0.001632
0.001632
0.001631
0.001631
0.001631
0.001630
0.001630
0.001630
0.001629
0.001629
0.001629
0.001628
0.001628
0.001627
0.001627
0.001627
0.001626
0.001626
0.001626
0.001625
0.001625
0.001625
0.001624
0.001624
0.001623
0.001623
0.001623
0.001622
0.001622
0.001622
0.001621
0.001621
0.001621
0.001620
0.001620
0.001620
0.001619
0.001619
0.001618
0.001618
0.001618
0.001617
0.001617
0.001617
0.001616
0.001616
0.001616
0.001615
0.001615
0.001615
0.001614
0.001614
0.001613
0.001613
0.001613
0.001612
0.001612
0.001612
0.001611
0.001611
0.001611
0.001610
0.001610
0.001610
0.001609
0.001609
0.001609
0.001608
0.001608
0.001607
0.001607
0.001607
0.001606
0.001606
0.001606
0.001605
0.001605
0.001605
0.001604
0.001604
0.001604
0.001603
0.001603
0.001603
0.001602
0.001602
0.001602
0.001601
0.001601
0.001600
0.001600
0.001600
0.001599
0.001599
0.001599
0.001598
0.001598
0.001598
0.001597
0.001597
0.001597
0.001596
0.001596
0.001596
0.001595
0.001595
0.001595
0.001594
0.001594
0.001594
0.001593
0.001593
0.001593
0.001592
0.001592
0.001591
0.001591
0.001591
0.001590
0.001590
0.001590
0.001589
0.001589
0.001589
0.001588
0.001588
0.001588
0.001587
0.001587
0.001587
0.001586
0.001586
0.001586
0.001585
0.001585
0.001585
0.001584
0.001584
0.001584
0.001583
0.001583
0.001583
0.001582
0.001582
0.001582
0.001581
0.001581
0.001581
0.001580
0.001580
0.001580
0.001579
0.001579
0.001579
0.001578
0.001578
0.001578
0.001577
0.001577
0.001577
0.001576
0.001576
0.001576
0.001575
0.001575
0.001575
0.001574
0.001574
0.001574
0.001573
0.001573
0.001573
0.001572
0.001572
0.001572
0.001571
0.001571
0.001571
0.001570
0.001570
0.001570
0.001569
0.001569
0.001569
0.001568
0.001568
0.001568
0.001567
0.001567
0.001567
0.001566
0.001566
0.001566
0.001565
0.001565
0.001565
0.001564
0.001564
0.001564
0.001563
0.001563
0.001563
0.001562
0.001562
0.001562
0.001561
0.001561
0.001561
0.001560
0.001560
0.001560
0.001559
0.001559
0.001559
0.001558
0.001558
0.001558
0.001557
0.001557
0.001557
0.001556
0.001556
0.001556
0.001555
0.001555
0.001555
0.001554
0.001554
0.001554
0.001553
0.001553
0.001553
0.001553
0.001552
0.001552
0.001552
0.001551
0.001551
0.001551
0.001550
0.001550
0.001550
0.001549
0.001549
0.001549
0.001548
0.001548
0.001548
0.001547
0.001547
0.001547
0.001546
0.001546
0.001546
0.001545
0.001545
0.001545
0.001544
0.001544
0.001544
0.001544
0.001543
0.001543
0.001543
0.001542
0.001542
0.001542
0.001541
0.001541
0.001541
0.001540
0.001540
0.001540
0.001539
0.001539
0.001539
0.001538
0.001538
0.001538
0.001537
0.001537
0.001537
0.001537
0.001536
0.001536
0.001536
0.001535
0.001535
0.001535
0.001534
0.001534
0.001534
0.001533
0.001533
0.001533
0.001532
0.001532
0.001532
0.001532
0.001531
0.001531
0.001531
0.001530
0.001530
0.001530
0.001529
0.001529
0.001529
0.001528
0.001528
0.001528
0.001527
0.001527
0.001527
0.001527
0.001526
0.001526
0.001526
0.001525
0.001525
0.001525
0.001524
0.001524
0.001524
0.001523
0.001523
0.001523
0.001522
0.001522
0.001522
0.001522
0.001521
0.001521
0.001521
0.001520
0.001520
0.001520
0.001519
0.001519
0.001519
0.001518
0.001518
0.001518
0.001518
0.001517
0.001517
0.001517
0.001516
0.001516
0.001516
0.001515
0.001515
0.001515
0.001515
0.001514
0.001514
0.001514
0.001513
0.001513
0.001513
0.001512
0.001512
0.001512
0.001511
0.001511
0.001511
0.001511
0.001510
0.001510
0.001510
0.001509
0.001509
0.001509
0.001508
0.001508
0.001508
0.001508
0.001507
0.001507
0.001507
0.001506
0.001506
0.001506
0.001505
0.001505
0.001505
0.001505
0.001504
0.001504
0.001504
0.001503
0.001503
0.001503
0.001502
0.001502
0.001502
0.001502
0.001501
0.001501
0.001501
0.001500
0.001500
0.001500
0.001499
0.001499
0.001499
0.001499
0.001498
0.001498
0.001498
0.001497
0.001497
0.001497
0.001496
0.001496
0.001496
0.001496
0.001495
0.001495
0.001495
0.001494
0.001494
0.001494
0.001494
0.001493
0.001493
0.001493
0.001492
0.001492
0.001492
0.001491
0.001491
0.001491
0.001491
0.001490
0.001490
0.001490
0.001489
0.001489
0.001489
0.001489
0.001488
0.001488
0.001488
0.001487
0.001487
0.001487
0.001487
0.001486
0.001486
0.001486
0.001485
0.001485
0.001485
0.001484
0.001484
0.001484
0.001484
0.001483
0.001483
0.001483
0.001482
0.001482
0.001482
0.001482
0.001481
0.001481
0.001481
0.001480
0.001480
0.001480
0.001480
0.001479
0.001479
0.001479
0.001478
0.001478
0.001478
0.001478
0.001477
0.001477
0.001477
0.001476
0.001476
0.001476
0.001476
0.001475
0.001475
0.001475
0.001474
0.001474
0.001474
0.001474
0.001473
0.001473
0.001473
0.001472
0.001472
0.001472
0.001472
0.001471
0.001471
0.001471
0.001470
0.001470
0.001470
0.001470
0.001469
0.001469
0.001469
0.001468
0.001468
0.001468
0.001468
0.001467
0.001467
0.001467
0.001466
0.001466
0.001466
0.001466
0.001465
0.001465
0.001465
0.001464
0.001464
0.001464
0.001464
0.001463
0.001463
0.001463
0.001462
0.001462
0.001462
0.001462
0.001461
0.001461
0.001461
0.001461
0.001460
0.001460
0.001460
0.001459
0.001459
0.001459
0.001459
0.001458
0.001458
0.001458
0.001457
0.001457
0.001457
0.001457
0.001456
0.001456
0.001456
0.001456
0.001455
0.001455
0.001455
0.001454
0.001454
0.001454
0.001454
0.001453
0.001453
0.001453
0.001452
0.001452
0.001452
0.001452
0.001451
0.001451
0.001451
0.001451
0.001450
0.001450
0.001450
0.001449
0.001449
0.001449
0.001449
0.001448
0.001448
0.001448
0.001448
0.001447
0.001447
0.001447
0.001446
0.001446
0.001446
0.001446
0.001445
0.001445
0.001445
0.001445
0.001444
0.001444
0.001444
0.001443
0.001443
0.001443
0.001443
0.001442
0.001442
0.001442
0.001442
0.001441
0.001441
0.001441
0.001440
0.001440
0.001440
0.001440
0.001439
0.001439
0.001439
0.001439
0.001438
0.001438
0.001438
0.001438
0.001437
0.001437
0.001437
0.001436
0.001436
0.001436
0.001436
0.001435
0.001435
0.001435
0.001435
0.001434
0.001434
0.001434
0.001433
0.001433
0.001433
0.001433
0.001432
0.001432
0.001432
0.001432
0.001431
0.001431
0.001431
0.001431
0.001430
0.001430
0.001430
0.001429
0.001429
0.001429
0.001429
0.001428
0.001428
0.001428
0.001428
0.001427
0.001427
0.001427
0.001427
0.001426
0.001426
0.001426
0.001426
0.001425
0.001425
0.001425
0.001424
0.001424
0.001424
0.001424
0.001423
0.001423
0.001423
0.001423
0.001422
0.001422
0.001422
0.001422
0.001421
0.001421
0.001421
0.001421
0.001420
0.001420
0.001420
0.001419
0.001419
0.001419
0.001419
0.001418
0.001418
0.001418
0.001418
0.001417
0.001417
0.001417
0.001417
0.001416
0.001416
0.001416
0.001416
0.001415
0.001415
0.001415
0.001415
0.001414
0.001414
0.001414
0.001413
0.001413
0.001413
0.001413
0.001412
0.001412
0.001412
0.001412
0.001411
0.001411
0.001411
0.001411
0.001410
0.001410
0.001410
0.001410
0.001409
0.001409
0.001409
0.001409
0.001408
0.001408
0.001408
0.001408
0.001407
0.001407
0.001407
0.001407
0.001406
0.001406
0.001406
0.001406
0.001405
0.001405
0.001405
0.001405
0.001404
0.001404
0.001404
0.001403
0.001403
0.001403
0.001403
0.001402
0.001402
0.001402
0.001402
0.001401
0.001401
0.001401
0.001401
0.001400
0.001400
0.001400
0.001400
0.001399
0.001399
0.001399
0.001399
0.001398
0.001398
0.001398
0.001398
0.001397
0.001397
0.001397
0.001397
0.001396
0.001396
0.001396
0.001396
0.001395
0.001395
0.001395
0.001395
0.001394
0.001394
0.001394
0.001394
0.001393
0.001393
0.001393
0.001393
0.001392
0.001392
0.001392
0.001392
0.001391
0.001391
0.001391
0.001391
0.001390
0.001390
0.001390
0.001390
0.001389
0.001389
0.001389
0.001389
0.001388
0.001388
0.001388
0.001388
0.001387
0.001387
0.001387
0.001387
0.001386
0.001386
0.001386
0.001386
0.001385
0.001385
0.001385
0.001385
0.001384
0.001384
0.001384
0.001384
0.001383
0.001383
0.001383
0.001383
0.001383
0.001382
0.001382
0.001382
0.001382
0.001381
0.001381
0.001381
0.001381
0.001380
0.001380
0.001380
0.001380
0.001379
0.001379
0.001379
0.001379
0.001378
0.001378
0.001378
0.001378
0.001377
0.001377
0.001377
0.001377
0.001376
0.001376
0.001376
0.001376
0.001375
0.001375
0.001375
0.001375
0.001374
0.001374
0.001374
0.001374
0.001373
0.001373
0.001373
0.001373
0.001373
0.001372
0.001372
0.001372
0.001372
0.001371
0.001371
0.001371
0.001371
0.001370
0.001370
0.001370
0.001370
0.001369
0.001369
0.001369
0.001369
0.001368
0.001368
0.001368
0.001368
0.001367
0.001367
0.001367
0.001367
0.001367
0.001366
0.001366
0.001366
0.001366
0.001365
0.001365
0.001365
0.001365
0.001364
0.001364
0.001364
0.001364
0.001363
0.001363
0.001363
0.001363
0.001362
0.001362
0.001362
0.001362
0.001362
0.001361
0.001361
0.001361
0.001361
0.001360
0.001360
0.001360
0.001360
0.001359
0.001359
0.001359
0.001359
0.001358
0.001358
0.001358
0.001358
0.001358
0.001357
0.001357
0.001357
0.001357
0.001356
0.001356
0.001356
0.001356
0.001355
0.001355
0.001355
0.001355
0.001354
0.001354
0.001354
0.001354
0.001354
0.001353
0.001353
0.001353
0.001353
0.001352
0.001352
0.001352
0.001352
0.001351
0.001351
0.001351
0.001351
0.001351
0.001350
0.001350
0.001350
0.001350
0.001349
0.001349
0.001349
0.001349
0.001348
0.001348
0.001348
0.001348
0.001347
0.001347
0.001347
0.001347
0.001347
0.001346
0.001346
0.001346
0.001346
0.001345
0.001345
0.001345
0.001345
0.001344
0.001344
0.001344
0.001344
0.001344
0.001343
0.001343
0.001343
0.001343
0.001342
0.001342
0.001342
0.001342
0.001342
0.001341
0.001341
0.001341
0.001341
0.001340
0.001340
0.001340
0.001340
0.001339
0.001339
0.001339
0.001339
0.001339
0.001338
0.001338
0.001338
0.001338
0.001337
0.001337
0.001337
0.001337
0.001337
0.001336
0.001336
0.001336
0.001336
0.001335
0.001335
0.001335
0.001335
0.001334
0.001334
0.001334
0.001334
0.001334
0.001333
0.001333
0.001333
0.001333
0.001332
0.001332
0.001332
0.001332
0.001332
0.001331
0.001331
0.001331
0.001331
0.001330
0.001330
0.001330
0.001330
0.001330
0.001329
0.001329
0.001329
0.001329
0.001328
0.001328
0.001328
0.001328
0.001328
0.001327
0.001327
0.001327
0.001327
0.001326
0.001326
0.001326
0.001326
0.001326
0.001325
0.001325
0.001325
0.001325
0.001324
0.001324
0.001324
0.001324
0.001324
0.001323
0.001323
0.001323
0.001323
0.001322
0.001322
0.001322
0.001322
0.001322
0.001321
0.001321
0.001321
0.001321
0.001320
0.001320
0.001320
0.001320
0.001320
0.001319
0.001319
0.001319
0.001319
0.001318
0.001318
0.001318
0.001318
0.001318
0.001317
0.001317
0.001317
0.001317
0.001316
0.001316
0.001316
0.001316
0.001316
0.001315
0.001315
0.001315
0.001315
0.001314
0.001314
0.001314
0.001314
0.001314
0.001313
0.001313
0.001313
0.001313
0.001313
0.001312
0.001312
0.001312
0.001312
0.001311
0.001311
0.001311
0.001311
0.001311
0.001310
0.001310
0.001310
0.001310
0.001309
0.001309
0.001309
0.001309
0.001309
0.001308
0.001308
0.001308
0.001308
0.001308
0.001307
0.001307
0.001307
0.001307
0.001306
0.001306
0.001306
0.001306
0.001306
0.001305
0.001305
0.001305
0.001305
0.001305
0.001304
0.001304
0.001304
0.001304
0.001303
0.001303
0.001303
0.001303
0.001303
0.001302
0.001302
0.001302
0.001302
0.001302
0.001301
0.001301
0.001301
0.001301
0.001300
0.001300
0.001300
0.001300
0.001300
0.001299
0.001299
0.001299
0.001299
0.001299
0.001298
0.001298
0.001298
0.001298
0.001298
0.001297
0.001297
0.001297
0.001297
0.001296
0.001296
0.001296
0.001296
0.001296
0.001295
0.001295
0.001295
0.001295
0.001295
0.001294
0.001294
0.001294
0.001294
0.001294
0.001293
0.001293
0.001293
0.001293
0.001292
0.001292
0.001292
0.001292
0.001292
0.001291
0.001291
0.001291
0.001291
0.001291
0.001290
0.001290
0.001290
0.001290
0.001290
0.001289
0.001289
0.001289
0.001289
0.001288
0.001288
0.001288
0.001288
0.001288
0.001287
0.001287
0.001287
0.001287
0.001287
0.001286
0.001286
0.001286
0.001286
0.001286
0.001285
0.001285
0.001285
0.001285
0.001285
0.001284
0.001284
0.001284
0.001284
0.001284
0.001283
0.001283
0.001283
0.001283
0.001282
0.001282
0.001282
0.001282
0.001282
0.001281
0.001281
0.001281
0.001281
0.001281
0.001280
0.001280
0.001280
0.001280
0.001280
0.001279
0.001279
0.001279
0.001279
0.001279
0.001278
0.001278
0.001278
0.001278
0.001278
0.001277
0.001277
0.001277
0.001277
0.001277
0.001276
0.001276
0.001276
0.001276
0.001276
0.001275
0.001275
0.001275
0.001275
0.001275
0.001274
0.001274
0.001274
0.001274
0.001273
0.001273
0.001273
0.001273
0.001273
0.001272
0.001272
0.001272
0.001272
0.001272
0.001271
0.001271
0.001271
0.001271
0.001271
0.001270
0.001270
0.001270
0.001270
0.001270
0.001269
0.001269
0.001269
0.001269
0.001269
0.001268
0.001268
0.001268
0.001268
0.001268
0.001267
0.001267
0.001267
0.001267
0.001267
0.001266
0.001266
0.001266
0.001266
0.001266
0.001265
0.001265
0.001265
0.001265
0.001265
0.001264
0.001264
0.001264
0.001264
0.001264
0.001263
0.001263
0.001263
0.001263
0.001263
0.001262
0.001262
0.001262
0.001262
0.001262
0.001261
0.001261
0.001261
0.001261
0.001261
0.001260
0.001260
0.001260
0.001260
0.001260
0.001259
0.001259
0.001259
0.001259
0.001259
0.001258
0.001258
0.001258
0.001258
0.001258
0.001258
0.001257
0.001257
0.001257
0.001257
0.001257
0.001256
0.001256
0.001256
0.001256
0.001256
0.001255
0.001255
0.001255
0.001255
0.001255
0.001254
0.001254
0.001254
0.001254
0.001254
0.001253
0.001253
0.001253
0.001253
0.001253
0.001252
0.001252
0.001252
0.001252
0.001252
0.001251
0.001251
0.001251
0.001251
0.001251
0.001250
0.001250
0.001250
0.001250
0.001250
0.001250
0.001249
0.001249
0.001249
0.001249
0.001249
0.001248
0.001248
0.001248
0.001248
0.001248
0.001247
0.001247
0.001247
0.001247
0.001247
0.001246
0.001246
0.001246
0.001246
0.001246
0.001245
0.001245
0.001245
0.001245
0.001245
0.001244
0.001244
0.001244
0.001244
0.001244
0.001244
0.001243
0.001243
0.001243
0.001243
0.001243
0.001242
0.001242
0.001242
0.001242
0.001242
0.001241
0.001241
0.001241
0.001241
0.001241
0.001240
0.001240
0.001240
0.001240
0.001240
0.001240
0.001239
0.001239
0.001239
0.001239
0.001239
0.001238
0.001238
0.001238
0.001238
0.001238
0.001237
0.001237
0.001237
0.001237
0.001237
0.001236
0.001236
0.001236
0.001236
0.001236
0.001236
0.001235
0.001235
0.001235
0.001235
0.001235
0.001234
0.001234
0.001234
0.001234
0.001234
0.001233
0.001233
0.001233
0.001233
0.001233
0.001233
0.001232
0.001232
0.001232
0.001232
0.001232
0.001231
0.001231
0.001231
0.001231
0.001231
0.001230
0.001230
0.001230
0.001230
0.001230
0.001230
0.001229
0.001229
0.001229
0.001229
0.001229
0.001228
0.001228
0.001228
0.001228
0.001228
0.001227
0.001227
0.001227
0.001227
0.001227
0.001227
0.001226
0.001226
0.001226
0.001226
0.001226
0.001225
0.001225
0.001225
0.001225
0.001225
0.001224
0.001224
0.001224
0.001224
0.001224
0.001224
0.001223
0.001223
0.001223
0.001223
0.001223
0.001222
0.001222
0.001222
0.001222
0.001222
0.001222
0.001221
0.001221
0.001221
0.001221
0.001221
0.001220
0.001220
0.001220
0.001220
0.001220
0.001220
0.001219
0.001219
0.001219
0.001219
0.001219
0.001218
0.001218
0.001218
0.001218
0.001218
0.001218
0.001217
0.001217
0.001217
0.001217
0.001217
0.001216
0.001216
0.001216
0.001216
0.001216
0.001215
0.001215
0.001215
0.001215
0.001215
0.001215
0.001214
0.001214
0.001214
0.001214
0.001214
0.001214
0.001213
0.001213
0.001213
0.001213
0.001213
0.001212
0.001212
0.001212
0.001212
0.001212
0.001212
0.001211
0.001211
0.001211
0.001211
0.001211
0.001210
0.001210
0.001210
0.001210
0.001210
0.001210
0.001209
0.001209
0.001209
0.001209
0.001209
0.001208
0.001208
0.001208
0.001208
0.001208
0.001208
0.001207
0.001207
0.001207
0.001207
0.001207
0.001206
0.001206
0.001206
0.001206
0.001206
0.001206
0.001205
0.001205
0.001205
0.001205
0.001205
0.001205
0.001204
0.001204
0.001204
0.001204
0.001204
0.001203
0.001203
0.001203
0.001203
0.001203
0.001203
0.001202
0.001202
0.001202
0.001202
0.001202
0.001201
0.001201
0.001201
0.001201
0.001201
0.001201
0.001200
0.001200
0.001200
0.001200
0.001200
0.001200
0.001199
0.001199
0.001199
0.001199
0.001199
0.001198
0.001198
0.001198
0.001198
0.001198
0.001198
0.001197
0.001197
0.001197
0.001197
0.001197
0.001197
0.001196
0.001196
0.001196
0.001196
0.001196
0.001195
0.001195
0.001195
0.001195
0.001195
0.001195
0.001194
0.001194
0.001194
0.001194
0.001194
0.001194
0.001193
0.001193
0.001193
0.001193
0.001193
0.001193
0.001192
0.001192
0.001192
0.001192
0.001192
0.001191
0.001191
0.001191
0.001191
0.001191
0.001191
0.001190
0.001190
0.001190
0.001190
0.001190
0.001190
0.001189
0.001189
0.001189
0.001189
0.001189
0.001189
0.001188
0.001188
0.001188
0.001188
0.001188
0.001188
0.001187
0.001187
0.001187
0.001187
0.001187
0.001186
0.001186
0.001186
0.001186
0.001186
0.001186
0.001185
0.001185
0.001185
0.001185
0.001185
0.001185
0.001184
0.001184
0.001184
0.001184
0.001184
0.001184
0.001183
0.001183
0.001183
0.001183
0.001183
0.001183
0.001182
0.001182
0.001182
0.001182
0.001182
0.001181
0.001181
0.001181
0.001181
0.001181
0.001181
0.001180
0.001180
0.001180
0.001180
0.001180
0.001180
0.001179
0.001179
0.001179
0.001179
0.001179
0.001179
0.001178
0.001178
0.001178
0.001178
0.001178
0.001178
0.001177
0.001177
0.001177
0.001177
0.001177
0.001177
0.001176
0.001176
0.001176
0.001176
0.001176
0.001176
0.001175
0.001175
0.001175
0.001175
0.001175
0.001175
0.001174
0.001174
0.001174
0.001174
0.001174
0.001174
0.001173
0.001173
0.001173
0.001173
0.001173
0.001173
0.001172
0.001172
0.001172
0.001172
0.001172
0.001172
0.001171
0.001171
0.001171
0.001171
0.001171
0.001171
0.001170
0.001170
0.001170
0.001170
0.001170
0.001170
0.001169
0.001169
0.001169
0.001169
0.001169
0.001169
0.001168
0.001168
0.001168
0.001168
0.001168
0.001168
0.001167
0.001167
0.001167
0.001167
0.001167
0.001167
0.001166
0.001166
0.001166
0.001166
0.001166
0.001166
0.001165
0.001165
0.001165
0.001165
0.001165
0.001165
0.001164
0.001164
0.001164
0.001164
0.001164
0.001164
0.001163
0.001163
0.001163
0.001163
0.001163
0.001163
0.001162
0.001162
0.001162
0.001162
0.001162
0.001162
0.001161
0.001161
0.001161
0.001161
0.001161
0.001161
0.001160
0.001160
0.001160
0.001160
0.001160
0.001160
0.001159
0.001159
0.001159
0.001159
0.001159
0.001159
0.001158
0.001158
0.001158
0.001158
0.001158
0.001158
0.001158
0.001157
0.001157
0.001157
0.001157
0.001157
0.001157
0.001156
0.001156
0.001156
0.001156
0.001156
0.001156
0.001155
0.001155
0.001155
0.001155
0.001155
0.001155
0.001154
0.001154
0.001154
0.001154
0.001154
0.001154
0.001153
0.001153
0.001153
0.001153
0.001153
0.001153
0.001152
0.001152
0.001152
0.001152
0.001152
0.001152
0.001152
0.001151
0.001151
0.001151
0.001151
0.001151
0.001151
0.001150
0.001150
0.001150
0.001150
0.001150
0.001150
0.001149
0.001149
0.001149
0.001149
0.001149
0.001149
0.001148
0.001148
0.001148
0.001148
0.001148
0.001148
0.001148
0.001147
0.001147
0.001147
0.001147
0.001147
0.001147
0.001146
0.001146
0.001146
0.001146
0.001146
0.001146
0.001145
0.001145
0.001145
0.001145
0.001145
0.001145
0.001144
0.001144
0.001144
0.001144
0.001144
0.001144
0.001144
0.001143
0.001143
0.001143
0.001143
0.001143
0.001143
0.001142
0.001142
0.001142
0.001142
0.001142
0.001142
0.001141
0.001141
0.001141
0.001141
0.001141
0.001141
0.001141
0.001140
0.001140
0.001140
0.001140
0.001140
0.001140
0.001139
0.001139
0.001139
0.001139
0.001139
0.001139
0.001139
0.001138
0.001138
0.001138
0.001138
0.001138
0.001138
0.001137
0.001137
0.001137
0.001137
0.001137
0.001137
0.001136
0.001136
0.001136
0.001136
0.001136
0.001136
0.001136
0.001135
0.001135
0.001135
0.001135
0.001135
0.001135
0.001134
0.001134
0.001134
0.001134
0.001134
0.001134
0.001134
0.001133
0.001133
0.001133
0.001133
0.001133
0.001133
0.001132
0.001132
0.001132
0.001132
0.001132
0.001132
0.001131
0.001131
0.001131
0.001131
0.001131
0.001131
0.001131
0.001130
0.001130
0.001130
0.001130
0.001130
0.001130
0.001129
0.001129
0.001129
0.001129
0.001129
0.001129
0.001129
0.001128
0.001128
0.001128
0.001128
0.001128
0.001128
0.001127
0.001127
0.001127
0.001127
0.001127
0.001127
0.001127
0.001126
0.001126
0.001126
0.001126
0.001126
0.001126
0.001126
0.001125
0.001125
0.001125
0.001125
0.001125
0.001125
0.001124
0.001124
0.001124
0.001124
0.001124
0.001124
0.001124
0.001123
0.001123
0.001123
0.001123
0.001123
0.001123
0.001122
0.001122
0.001122
0.001122
0.001122
0.001122
0.001122
0.001121
0.001121
0.001121
0.001121
0.001121
0.001121
0.001120
0.001120
0.001120
0.001120
0.001120
0.001120
0.001120
0.001119
0.001119
0.001119
0.001119
0.001119
0.001119
0.001119
0.001118
0.001118
0.001118
0.001118
0.001118
0.001118
0.001117
0.001117
0.001117
0.001117
0.001117
0.001117
0.001117
0.001116
0.001116
0.001116
0.001116
0.001116
0.001116
0.001116
0.001115
0.001115
0.001115
0.001115
0.001115
0.001115
0.001114
0.001114
0.001114
0.001114
0.001114
0.001114
0.001114
0.001113
0.001113
0.001113
0.001113
0.001113
0.001113
0.001113
0.001112
0.001112
0.001112
0.001112
0.001112
0.001112
0.001112
0.001111
0.001111
0.001111
0.001111
0.001111
0.001111
0.001110
0.001110
0.001110
0.001110
0.001110
0.001110
0.001110
0.001109
0.001109
0.001109
0.001109
0.001109
0.001109
0.001109
0.001108
0.001108
0.001108
0.001108
0.001108
0.001108
0.001108
0.001107
0.001107
0.001107
0.001107
0.001107
0.001107
0.001106
0.001106
0.001106
0.001106
0.001106
0.001106
0.001106
0.001105
0.001105
0.001105
0.001105
0.001105
0.001105
0.001105
0.001104
0.001104
0.001104
0.001104
0.001104
0.001104
0.001104
0.001103
0.001103
0.001103
0.001103
0.001103
0.001103
0.001103
0.001102
0.001102
0.001102
0.001102
0.001102
0.001102
0.001102
0.001101
0.001101
0.001101
0.001101
0.001101
0.001101
0.001101
0.001100
0.001100
0.001100
0.001100
0.001100
0.001100
0.001099
0.001099
0.001099
0.001099
0.001099
0.001099
0.001099
0.001098
0.001098
0.001098
0.001098
0.001098
0.001098
0.001098
0.001097
0.001097
0.001097
0.001097
0.001097
0.001097
0.001097
0.001096
0.001096
0.001096
0.001096
0.001096
0.001096
0.001096
0.001095
0.001095
0.001095
0.001095
0.001095
0.001095
0.001095
0.001094
0.001094
0.001094
0.001094
0.001094
0.001094
0.001094
0.001093
0.001093
0.001093
0.001093
0.001093
0.001093
0.001093
0.001092
0.001092
0.001092
0.001092
0.001092
0.001092
0.001092
0.001091
0.001091
0.001091
0.001091
0.001091
0.001091
0.001091
0.001090
0.001090
0.001090
0.001090
0.001090
0.001090
0.001090
0.001089
0.001089
0.001089
0.001089
0.001089
0.001089
0.001089
0.001088
0.001088
0.001088
0.001088
0.001088
0.001088
0.001088
0.001087
0.001087
0.001087
0.001087
0.001087
0.001087
0.001087
0.001086
0.001086
0.001086
0.001086
0.001086
0.001086
0.001086
0.001086
0.001085
0.001085
0.001085
0.001085
0.001085
0.001085
0.001085
0.001084
0.001084
0.001084
0.001084
0.001084
0.001084
0.001084
0.001083
0.001083
0.001083
0.001083
0.001083
0.001083
0.001083
0.001082
0.001082
0.001082
0.001082
0.001082
0.001082
0.001082
0.001081
0.001081
0.001081
0.001081
0.001081
0.001081
0.001081
0.001080
0.001080
0.001080
0.001080
0.001080
0.001080
0.001080
0.001079
0.001079
0.001079
0.001079
0.001079
0.001079
0.001079
0.001079
0.001078
0.001078
0.001078
0.001078
0.001078
0.001078
0.001078
0.001077
0.001077
0.001077
0.001077
0.001077
0.001077
0.001077
0.001076
0.001076
0.001076
0.001076
0.001076
0.001076
0.001076
0.001075
0.001075
0.001075
0.001075
0.001075
0.001075
0.001075
0.001075
0.001074
0.001074
0.001074
0.001074
0.001074
0.001074
0.001074
0.001073
0.001073
0.001073
0.001073
0.001073
0.001073
0.001073
0.001072
0.001072
0.001072
0.001072
0.001072
0.001072
0.001072
0.001071
0.001071
0.001071
0.001071
0.001071
0.001071
0.001071
0.001071
0.001070
0.001070
0.001070
0.001070
0.001070
0.001070
0.001070
0.001069
0.001069
0.001069
0.001069
0.001069
0.001069
0.001069
0.001069
0.001068
0.001068
0.001068
0.001068
0.001068
0.001068
0.001068
0.001067
0.001067
0.001067
0.001067
0.001067
0.001067
0.001067
0.001066
0.001066
0.001066
0.001066
0.001066
0.001066
0.001066
0.001066
0.001065
0.001065
0.001065
0.001065
0.001065
0.001065
0.001065
0.001064
0.001064
0.001064
0.001064
0.001064
0.001064
0.001064
0.001064
0.001063
0.001063
0.001063
0.001063
0.001063
0.001063
0.001063
0.001062
0.001062
0.001062
0.001062
0.001062
0.001062
0.001062
0.001061
0.001061
0.001061
0.001061
0.001061
0.001061
0.001061
0.001061
0.001060
0.001060
0.001060
0.001060
0.001060
0.001060
0.001060
0.001059
0.001059
0.001059
0.001059
0.001059
0.001059
0.001059
0.001059
0.001058
0.001058
0.001058
0.001058
0.001058
0.001058
0.001058
0.001058
0.001057
0.001057
0.001057
0.001057
0.001057
0.001057
0.001057
0.001056
0.001056
0.001056
0.001056
0.001056
0.001056
0.001056
0.001056
0.001055
0.001055
0.001055
0.001055
0.001055
0.001055
0.001055
0.001054
0.001054
0.001054
0.001054
0.001054
0.001054
0.001054
0.001054
0.001053
0.001053
0.001053
0.001053
0.001053
0.001053
0.001053
0.001052
0.001052
0.001052
0.001052
0.001052
0.001052
0.001052
0.001052
0.001051
0.001051
0.001051
0.001051
0.001051
0.001051
0.001051
0.001051
0.001050
0.001050
0.001050
0.001050
0.001050
0.001050
0.001050
0.001049
0.001049
0.001049
0.001049
0.001049
0.001049
0.001049
0.001049
0.001048
0.001048
0.001048
0.001048
0.001048
0.001048
0.001048
0.001048
0.001047
0.001047
0.001047
0.001047
0.001047
0.001047
0.001047
0.001046
0.001046
0.001046
0.001046
0.001046
0.001046
0.001046
0.001046
0.001045
0.001045
0.001045
0.001045
0.001045
0.001045
0.001045
0.001045
0.001044
0.001044
0.001044
0.001044
0.001044
0.001044
0.001044
0.001044
0.001043
0.001043
0.001043
0.001043
0.001043
0.001043
0.001043
0.001042
0.001042
0.001042
0.001042
0.001042
0.001042
0.001042
0.001042
0.001041
0.001041
0.001041
0.001041
0.001041
0.001041
0.001041
0.001041
0.001040
0.001040
0.001040
0.001040
0.001040
0.001040
0.001040
0.001040
0.001039
0.001039
0.001039
0.001039
0.001039
0.001039
0.001039
0.001039
0.001038
0.001038
0.001038
0.001038
0.001038
0.001038
0.001038
0.001038
0.001037
0.001037
0.001037
0.001037
0.001037
0.001037
0.001037
0.001036
0.001036
0.001036
0.001036
0.001036
0.001036
0.001036
0.001036
0.001035
0.001035
0.001035
0.001035
0.001035
0.001035
0.001035
0.001035
0.001034
0.001034
0.001034
0.001034
0.001034
0.001034
0.001034
0.001034
0.001033
0.001033
0.001033
0.001033
0.001033
0.001033
0.001033
0.001033
0.001032
0.001032
0.001032
0.001032
0.001032
0.001032
0.001032
0.001032
0.001031
0.001031
0.001031
0.001031
0.001031
0.001031
0.001031
0.001031
0.001030
0.001030
0.001030
0.001030
0.001030
0.001030
0.001030
0.001030
0.001029
0.001029
0.001029
0.001029
0.001029
0.001029
0.001029
0.001029
0.001028
0.001028
0.001028
0.001028
0.001028
0.001028
0.001028
0.001028
0.001027
0.001027
0.001027
0.001027
0.001027
0.001027
0.001027
0.001027
0.001026
0.001026
0.001026
0.001026
0.001026
0.001026
0.001026
0.001026
0.001025
0.001025
0.001025
0.001025
0.001025
0.001025
0.001025
0.001025
0.001024
0.001024
0.001024
0.001024
0.001024
0.001024
0.001024
0.001024
0.001023
0.001023
0.001023
0.001023
0.001023
0.001023
0.001023
0.001023
0.001023
0.001022
0.001022
0.001022
0.001022
0.001022
0.001022
0.001022
0.001022
0.001021
0.001021
0.001021
0.001021
0.001021
0.001021
0.001021
0.001021
0.001020
0.001020
0.001020
0.001020
0.001020
0.001020
0.001020
0.001020
0.001019
0.001019
0.001019
0.001019
0.001019
0.001019
0.001019
0.001019
0.001018
0.001018
0.001018
0.001018
0.001018
0.001018
0.001018
0.001018
0.001018
0.001017
0.001017
0.001017
0.001017
0.001017
0.001017
0.001017
0.001017
0.001016
0.001016
0.001016
0.001016
0.001016
0.001016
0.001016
0.001016
0.001015
0.001015
0.001015
0.001015
0.001015
0.001015
0.001015
0.001015
0.001014
0.001014
0.001014
0.001014
0.001014
0.001014
0.001014
0.001014
0.001014
0.001013
0.001013
0.001013
0.001013
0.001013
0.001013
0.001013
0.001013
0.001012
0.001012
0.001012
0.001012
0.001012
0.001012
0.001012
0.001012
0.001011
0.001011
0.001011
0.001011
0.001011
0.001011
0.001011
0.001011
0.001011
0.001010
0.001010
0.001010
0.001010
0.001010
0.001010
0.001010
0.001010
0.001009
0.001009
0.001009
0.001009
0.001009
0.001009
0.001009
0.001009
0.001008
0.001008
0.001008
0.001008
0.001008
0.001008
0.001008
0.001008
0.001008
0.001007
0.001007
0.001007
0.001007
0.001007
0.001007
0.001007
0.001007
0.001006
0.001006
0.001006
0.001006
0.001006
0.001006
0.001006
0.001006
0.001006
0.001005
0.001005
0.001005
0.001005
0.001005
0.001005
0.001005
0.001005
0.001004
0.001004
0.001004
0.001004
0.001004
0.001004
0.001004
0.001004
0.001003
0.001003
0.001003
0.001003
0.001003
0.001003
0.001003
0.001003
0.001003
0.001002
0.001002
0.001002
0.001002
0.001002
0.001002
0.001002
0.001002
0.001001
0.001001
0.001001
0.001001
0.001001
0.001001
0.001001
0.001001
0.001001
0.001000
0.001000
0.001000
0.001000
0.001000
0.001000
0.001000
0.001000
0.001000
0.000999
0.000999
0.000999
0.000999
0.000999
0.000999
0.000999
0.000999
0.000998
0.000998
0.000998
0.000998
0.000998
0.000998
0.000998
0.000998
0.000998
0.000997
0.000997
0.000997
0.000997
0.000997
0.000997
0.000997
0.000997
0.000996
0.000996
0.000996
0.000996
0.000996
0.000996
0.000996
0.000996
0.000996
0.000995
0.000995
0.000995
0.000995
0.000995
0.000995
0.000995
0.000995
0.000995
0.000994
0.000994
0.000994
0.000994
0.000994
0.000994
0.000994
0.000994
0.000993
0.000993
0.000993
0.000993
0.000993
0.000993
0.000993
0.000993
0.000993
0.000992
0.000992
0.000992
0.000992
0.000992
0.000992
0.000992
0.000992
0.000992
0.000991
0.000991
0.000991
0.000991
0.000991
0.000991
0.000991
0.000991
0.000990
0.000990
0.000990
0.000990
0.000990
0.000990
0.000990
0.000990
0.000990
0.000989
0.000989
0.000989
0.000989
0.000989
0.000989
0.000989
0.000989
0.000989
0.000988
0.000988
0.000988
0.000988
0.000988
0.000988
0.000988
0.000988
0.000988
0.000987
0.000987
0.000987
0.000987
0.000987
0.000987
0.000987
0.000987
0.000986
0.000986
0.000986
0.000986
0.000986
0.000986
0.000986
0.000986
0.000986
0.000985
0.000985
0.000985
0.000985
0.000985
0.000985
0.000985
0.000985
0.000985
0.000984
0.000984
0.000984
0.000984
0.000984
0.000984
0.000984
0.000984
0.000984
0.000983
0.000983
0.000983
0.000983
0.000983
0.000983
0.000983
0.000983
0.000983
0.000982
0.000982
0.000982
0.000982
0.000982
0.000982
0.000982
0.000982
0.000982
0.000981
0.000981
0.000981
0.000981
0.000981
0.000981
0.000981
0.000981
0.000981
0.000980
0.000980
0.000980
0.000980
0.000980
0.000980
0.000980
0.000980
0.000980
0.000979
0.000979
0.000979
0.000979
0.000979
0.000979
0.000979
0.000979
0.000979
0.000978
0.000978
0.000978
0.000978
0.000978
0.000978
0.000978
0.000978
0.000978
0.000977
0.000977
0.000977
0.000977
0.000977
0.000977
0.000977
0.000977
0.000977
0.000976
0.000976
0.000976
0.000976
0.000976
0.000976
0.000976
0.000976
0.000976
0.000975
0.000975
0.000975
0.000975
0.000975
0.000975
0.000975
0.000975
0.000975
0.000974
0.000974
0.000974
0.000974
0.000974
0.000974
0.000974
0.000974
0.000974
0.000973
0.000973
0.000973
0.000973
0.000973
0.000973
0.000973
0.000973
0.000973
0.000972
0.000972
