15.267755
15.024392
14.897578
14.819891
14.761484
14.711823
14.667210
14.626110
14.587190
14.547928
14.503877
14.449489
14.377323
14.269275
14.094862
13.859531
13.610730
13.350394
13.044933
12.709239
12.417776
12.180811
11.968884
11.746482
11.485617
11.192487
10.908859
10.733506
10.726385
10.857442
11.629411
9.541044
12.399289
10.430267
9.193509
8.744366
9.143551
9.184101
12.142296
12.392852
9.087731
9.284718
10.313046
9.129376
7.857076
12.899533
10.600356
10.814715
10.582925
10.653459
10.376551
10.545180
10.192324
10.477366
10.080018
10.033575
10.264828
9.637002
8.717083
10.708132
8.123373
7.471259
8.088382
8.052955
7.200981
6.880288
7.391835
7.119895
6.814431
6.827799
10.786683
8.282801
7.280142
6.728809
9.631368
7.353583
7.338261
7.296520
6.290945
7.096200
6.914837
6.147684
7.341554
7.560150
6.679679
7.627923
7.777701
10.177536
7.101198
6.809447
6.428221
7.226698
5.913937
6.412351
6.876938
5.692319
5.678827
11.230282
6.770666
7.750618
6.266820
8.970238
6.489293
5.865992
6.546803
6.646677
5.575064
6.691721
9.621181
9.036770
6.732159
6.647410
6.171464
9.136637
9.433326
9.697471
6.424439
6.743885
8.260685
5.701179
7.199258
6.355752
6.885053
7.234162
5.872140
6.372962
5.333824
6.079514
5.956757
6.725950
7.037765
6.790556
6.257198
6.901342
5.712199
5.940207
5.991257
9.033425
6.169474
6.834283
6.681046
6.912139
7.185755
6.469386
10.816073
6.840250
6.623838
5.374615
8.228209
7.123970
6.897025
5.672837
7.297798
6.895799
5.382881
5.559791
6.207801
6.204656
6.035156
6.400973
6.113478
6.935078
5.774701
7.471106
5.639769
7.326972
5.968373
7.015314
5.836688
5.328929
5.040235
6.587741
5.800852
5.369978
5.104192
5.664565
5.025218
7.347630
5.176634
9.505494
9.886797
9.333413
6.812813
9.948421
6.296508
5.901501
5.975451
7.223246
6.618752
6.209668
4.522449
7.955339
9.257569
6.040838
6.446209
4.613633
7.002181
9.750513
6.610938
9.894441
8.767819
6.183616
5.915742
6.771968
5.543340
5.970812
6.489765
5.191870
8.813141
8.639846
8.573673
6.345598
6.359919
6.964617
5.818825
7.571224
6.713551
5.764182
5.820230
5.191808
7.090878
7.688712
4.854615
4.254178
8.719108
7.273145
5.816304
5.139457
5.214522
8.701282
5.834850
5.970536
5.404686
5.936386
6.212793
4.904565
6.154218
6.471388
5.188377
5.896394
4.544446
10.221466
6.488672
6.115438
5.722729
8.511833
5.264980
5.554592
5.325807
8.379555
3.830066
7.316716
3.774168
11.296359
8.563344
8.231167
9.917788
8.425278
9.503613
8.407325
9.502565
8.467306
8.989206
8.835657
8.141228
6.419089
5.242435
4.587499
4.578780
7.427715
5.339998
5.372890
5.687272
7.366103
6.316567
7.225851
5.274154
7.031228
5.614215
4.074701
7.677291
6.198520
4.727714
7.709445
8.749445
6.176955
4.541374
4.709561
6.611252
9.744597
7.730474
5.209735
5.686299
9.280854
5.826819
5.151594
6.656251
6.852259
5.721825
7.909148
7.238862
5.179346
6.272554
5.892811
5.201430
4.756153
8.167118
7.666870
5.989269
8.598365
7.350388
4.907081
9.761869
5.028828
4.541742
11.190846
7.635855
4.829263
4.333040
7.700734
5.047799
4.361550
7.483436
7.931926
8.274957
6.982687
5.126911
5.052973
9.326652
6.673692
9.369231
6.899250
5.811237
7.596154
5.366911
8.242983
6.526307
7.836625
4.461110
6.439409
4.820440
4.886098
6.628353
4.971292
7.651081
6.069045
5.647226
4.144421
5.147659
6.196767
6.385016
4.245280
4.909160
3.912636
9.092476
7.193783
6.595872
5.969035
4.736902
7.677313
7.324520
5.240868
4.172284
3.851659
7.721951
5.951016
6.036942
5.685258
7.036241
5.429806
6.407922
4.768655
6.119047
7.606475
4.506843
4.103188
6.943850
3.576790
4.037051
4.756021
9.332237
5.282456
6.154272
8.610153
5.895270
4.992121
7.214716
4.492473
8.072211
4.060963
5.378166
6.309690
5.658457
8.089206
5.391975
5.086075
6.410953
5.693559
3.987311
10.554771
7.222535
5.297297
4.584826
3.362709
5.208424
6.905751
5.153117
8.854360
3.249273
7.991298
3.375294
10.519540
6.328355
5.546314
5.710482
4.166965
5.120094
3.186874
10.865108
4.920616
4.993956
6.852489
7.184914
5.263961
4.371414
3.823749
4.627333
5.725239
3.588623
6.459382
5.249644
8.117211
6.503062
4.220206
4.203042
2.865598
8.323857
7.555150
5.829831
7.344183
4.404628
5.908470
3.336347
4.467256
9.177987
5.900463
8.079336
7.403852
5.800441
6.767848
8.310951
5.904740
6.745822
4.896146
6.137223
4.821627
5.509494
4.438311
5.890783
4.156313
4.528097
2.568897
7.014326
3.694387
3.868877
3.572132
7.691420
6.127017
5.074610
3.298627
4.330208
3.594217
7.958270
8.218224
11.200729
6.263146
6.008008
8.194919
6.022807
4.751175
6.872207
6.234346
5.199119
3.949595
3.939401
4.811518
5.512118
5.838342
10.494171
6.029596
3.459741
4.943191
6.371891
8.305447
5.618060
6.199552
4.318931
3.949239
3.835636
7.292598
5.150355
6.602345
5.219160
8.698952
4.478973
3.729130
5.828477
3.105299
4.438649
6.245339
2.874046
3.644578
2.566972
5.775257
9.662736
10.490095
8.247785
8.099992
6.806725
4.678832
6.247151
4.806957
4.166816
4.857781
5.144810
5.733126
5.034504
8.724041
4.824476
4.445086
2.426398
9.314732
10.165764
10.700232
9.122887
10.394005
8.508364
8.651039
8.670955
8.640102
9.446247
8.193836
9.759029
6.948187
3.491500
3.638696
3.911256
4.879919
9.227885
6.435443
6.107679
5.302290
4.752132
4.786727
6.699332
5.279309
4.066861
4.673126
3.211630
7.276486
10.460335
8.093468
4.500756
3.405809
2.963046
4.792683
6.696423
5.605034
3.832647
2.567806
2.920139
3.126225
3.128985
4.571167
9.250689
4.333441
3.732121
2.760625
5.873164
6.047151
5.249709
2.865612
2.926197
7.488580
8.129720
10.188501
3.701132
1.565847
7.714975
6.173492
3.552799
2.372829
2.677724
5.049306
5.670087
9.077283
7.959900
5.701088
5.193107
5.394834
3.099606
4.088261
10.431932
8.495974
4.082249
2.561060
7.152248
7.873158
3.242951
2.736213
5.243251
5.918870
5.043319
4.923603
4.552658
9.003764
5.079070
2.510122
3.374726
5.776450
4.957287
3.908015
3.737482
3.940174
6.380320
4.047047
4.407570
7.731753
5.301062
6.570079
4.871961
4.613250
5.475818
6.924113
6.066811
3.836872
2.619535
7.791932
7.417433
7.757421
3.499727
3.238422
2.932176
8.204992
4.927309
5.048210
4.409169
8.236434
4.323774
5.614334
4.907432
6.086682
3.608408
2.972353
7.144850
7.417372
5.654613
6.038964
4.771630
3.564196
6.935721
5.722676
4.333188
5.103624
3.747754
3.362816
4.485567
8.285833
6.170206
3.150118
2.521364
2.907210
5.210020
2.964324
9.264814
4.169106
4.506174
4.565169
9.354542
4.398829
5.593910
5.093638
5.397682
3.306312
5.857577
5.377567
8.784137
3.666601
3.900314
4.073705
2.806365
4.389509
8.814001
5.310695
5.187629
4.175265
5.997075
3.288750
4.187859
3.672944
5.653752
3.035909
3.325720
5.548479
2.224268
4.269256
6.302499
7.937071
4.073161
3.011422
5.595621
8.365661
3.845189
2.763154
2.656306
3.521703
4.812721
5.252110
6.201613
9.504522
4.079476
5.977858
3.376714
3.013623
5.918353
5.567521
3.162646
3.196014
4.124834
5.702042
4.017102
8.809173
8.021728
5.785491
3.309094
7.434338
5.464704
4.950430
3.822194
5.378331
8.428652
5.841683
5.286696
4.576806
3.676592
5.289074
10.447838
9.121205
5.270914
5.402426
4.760924
4.046744
2.617565
5.961231
2.928580
6.705220
5.278369
4.133180
5.441024
4.075717
7.834641
5.590551
4.269317
4.558395
4.249722
2.330701
2.952625
4.749452
2.679985
2.113754
2.200157
6.066135
7.298476
2.927267
2.528118
2.869665
3.650941
6.834765
2.898524
4.931104
7.189687
6.930912
5.007363
2.518537
2.335888
4.191914
3.860473
3.835985
1.906947
3.055828
4.307411
5.577885
7.975723
7.739189
3.349137
2.314368
2.638875
4.157154
4.051216
4.923136
1.711770
2.499181
5.105426
5.875798
4.537013
4.035601
3.173014
8.059775
4.650395
4.995302
4.124536
7.850619
4.613232
4.442784
3.574901
5.291314
3.042875
3.177981
2.737329
3.186392
5.021996
6.300892
4.321540
4.668278
8.969939
3.757000
3.938780
2.966810
5.903227
6.745635
7.836305
5.201175
3.283058
3.499086
2.956936
4.680768
5.786459
5.945276
4.590627
6.721962
4.868311
5.720063
4.091596
7.709638
6.435294
2.733507
4.604144
8.137421
4.194298
5.293339
7.345016
5.486797
3.897299
4.436098
6.091740
4.078790
4.891877
2.661908
8.660901
7.170046
3.824130
3.211947
4.673226
4.341721
4.067839
6.656476
4.045622
7.705630
8.589933
8.039395
6.076342
5.780536
5.259943
3.963411
5.470059
9.637220
6.283105
5.282736
6.414909
3.777398
6.265509
4.483798
6.890763
3.046229
3.359943
5.643260
6.229748
6.960430
5.401866
2.247676
4.749428
6.533179
3.929059
4.953557
8.450111
1.784009
3.101768
1.825462
5.600047
8.429591
6.847710
5.276973
6.673777
5.696407
8.574670
6.219211
4.340858
5.061944
7.963600
4.625187
7.616084
3.613916
2.051252
8.387175
5.495102
5.337848
2.260023
2.771057
2.865594
9.674957
7.160120
5.961655
3.857064
3.948985
4.100805
5.805313
5.155206
3.954289
3.455635
3.883096
3.640051
7.156921
3.120058
4.058210
3.346349
3.101540
5.491798
5.614306
3.930064
4.042939
2.818342
3.221050
3.904134
4.874618
3.219489
3.935923
5.125504
4.783406
3.430688
3.769469
4.138581
7.512994
5.509837
3.026238
3.104761
2.207917
3.291507
3.282832
7.563359
2.912291
2.273744
4.017341
5.440898
3.970009
4.491079
5.209827
4.643016
5.290043
3.600563
5.564658
7.034905
4.502536
6.295789
5.707114
5.799156
4.374352
2.410477
3.394391
2.527637
6.238569
6.609867
4.397433
3.885516
3.732498
3.388618
4.963300
4.517954
3.997025
2.919423
5.558155
3.451501
2.844415
2.212848
4.431930
11.236185
9.467103
9.088877
8.259134
5.934297
4.018665
4.965865
3.604785
3.518016
7.178703
5.323358
4.788178
2.279515
1.788316
4.139004
4.003267
4.011298
5.273052
2.792305
11.815646
9.924708
8.508575
8.305232
7.226158
5.220378
4.769652
6.003997
11.286633
10.712287
4.992995
3.983495
4.185667
2.887678
5.064314
5.439442
4.235470
5.224825
3.864647
5.391786
3.694314
3.991962
6.095889
3.070423
5.629062
5.413876
3.244501
2.961140
3.054644
3.666056
3.758988
7.815779
6.344200
3.804601
3.876849
4.158644
2.258016
11.017297
3.411966
2.655341
1.792724
3.397013
9.371910
3.541713
2.785489
3.354788
1.507805
4.018700
7.463156
4.298419
4.754210
6.230717
6.001128
4.454032
2.759203
2.395882
6.748141
3.933916
2.665047
3.954490
3.267661
2.172544
2.507590
2.349514
2.484201
2.967355
5.507036
4.416408
2.339998
6.538392
6.929975
10.717910
6.798579
5.366544
5.746536
3.483156
4.355077
3.888328
4.672559
3.101125
3.388950
3.748901
6.959557
7.758150
4.416304
4.440312
3.428483
2.445218
1.875521
3.375782
3.533379
3.591207
1.627833
2.001438
1.295775
3.460593
8.097878
4.102262
4.337896
5.346129
2.968353
1.957229
1.852841
5.495917
5.019162
6.543189
6.918283
4.005105
2.901985
3.700961
6.265279
2.680636
5.604200
4.353473
4.878529
4.858739
3.713271
6.200388
5.466186
4.145163
2.529183
3.719711
4.302170
8.981680
4.080710
2.820600
6.298247
2.500327
1.766238
2.582869
7.586170
5.847325
3.951069
4.334012
6.237598
5.979988
3.900165
2.252475
2.834752
6.563124
4.073064
1.655990
5.120584
3.418013
6.342246
4.238974
7.448635
4.677910
2.293645
1.901058
1.441868
2.032146
7.548525
6.691213
4.746166
3.291303
2.126607
2.134719
3.772446
6.222588
6.683451
4.857233
4.885877
2.048618
4.135900
3.903839
2.766151
1.318415
6.959719
9.060349
9.157291
4.758321
3.972154
2.085279
1.821725
1.388126
2.299770
5.123602
3.835389
2.742442
3.174717
5.567903
3.529822
3.326718
4.209012
4.249172
2.088776
4.981342
3.578408
7.206534
6.317771
3.326257
5.387425
5.356423
5.023844
5.232049
3.358827
3.942013
2.480889
2.023521
4.135921
2.592704
2.721273
5.278328
2.258575
4.262695
2.866205
1.703425
4.291924
3.745097
2.483516
3.082722
6.705132
3.890546
3.243309
3.470726
2.751774
7.853447
2.845546
3.084276
3.248277
3.826521
10.159754
7.278103
5.811598
3.710648
3.920363
3.958002
3.146558
3.397459
4.328731
1.911509
4.871115
3.407189
3.172677
2.514243
5.076982
3.668568
3.249994
2.695990
4.564291
4.778830
6.651349
4.978580
3.892741
3.586363
3.105660
2.872861
1.697910
2.138388
2.501693
3.280054
4.065179
2.264435
2.055134
9.459401
8.751811
3.986947
2.207536
2.688468
3.787686
3.694663
4.003324
3.209182
3.629357
4.749270
4.659755
4.763451
3.873882
5.916716
3.597355
9.681944
3.609682
2.110561
3.941226
4.394933
2.207125
3.311598
1.340441
4.695442
6.727961
6.550131
3.716229
2.469795
2.628403
3.373332
2.631825
4.881312
4.167901
3.604346
7.499446
4.204620
3.130394
4.794055
3.958070
2.365592
2.032046
1.673228
2.149232
5.156816
8.405029
1.333042
2.069424
0.978139
4.580270
5.376882
4.646742
3.228271
4.185236
1.797438
3.812393
10.109618
6.751870
4.565142
3.937022
2.727870
2.236089
3.783189
3.930139
3.241107
2.736869
1.847540
6.777070
11.568298
6.400760
4.423070
1.517535
4.223214
4.209924
2.445594
2.827362
2.419052
2.468470
3.072212
8.212553
2.383846
3.088157
2.891270
2.826588
2.492692
4.584151
2.910669
1.936328
4.670778
2.284324
3.927873
6.719001
2.877191
2.882961
2.404412
1.229886
4.075741
7.530486
3.989380
2.249304
2.571268
1.862054
3.342659
2.154544
1.889525
5.504912
2.472771
3.152290
6.146628
3.967910
1.995983
4.969096
3.593437
2.251624
2.799350
2.289003
2.998057
2.957454
4.058304
4.290330
3.758385
4.173561
1.652675
1.611760
1.598648
7.039218
9.475517
5.770758
5.593171
2.845839
1.226470
3.228481
11.219975
5.563187
3.473600
2.490815
1.880809
5.472453
5.028669
2.350261
3.580154
1.554809
6.877505
4.643653
3.448607
4.453743
3.652450
2.222346
1.049589
2.294294
5.509172
3.570299
7.139536
3.449351
1.895475
6.708120
4.921680
3.128389
4.194541
2.179915
1.157589
1.395890
4.767180
1.689111
4.247583
5.005385
5.521472
4.484726
4.429475
4.837258
3.654689
2.628969
4.775544
3.103186
3.929934
5.130732
4.305611
5.345422
2.054459
1.295696
2.978984
3.134177
1.662798
2.152021
3.360768
2.630371
2.268906
2.046353
1.203353
5.232917
3.111950
3.822249
4.781995
4.445665
2.574770
2.359148
2.117256
2.527786
1.654010
3.372743
2.972887
1.945490
4.178368
2.154966
3.104925
1.982214
3.701495
2.714665
1.804108
2.416954
3.578991
3.801909
4.700218
3.951246
2.561119
4.406904
1.856264
4.422338
2.877747
1.557840
3.771028
4.792085
2.139234
4.178540
2.076954
2.297582
1.996072
5.448210
2.870488
1.765465
1.852664
5.755018
1.158411
6.070224
1.880954
1.275623
2.911348
3.461243
9.168508
10.727638
3.794261
1.570637
2.537257
2.644635
4.251007
4.087944
1.706522
3.535694
3.283273
1.415711
2.234981
3.547066
4.105789
4.149456
2.562587
4.943066
2.255526
3.387447
3.963623
4.980117
1.741737
5.908096
3.909228
8.110807
4.333321
3.120719
1.503232
3.237271
1.809297
1.373338
4.743049
7.001033
5.098459
2.158302
2.401764
2.792560
2.949665
3.401647
1.371702
1.813005
2.264747
3.384347
1.482735
1.239782
5.720875
2.211564
2.576424
2.116907
0.968710
4.710881
7.164124
1.422166
2.000314
4.294604
6.626724
3.374249
1.600950
2.575287
3.155675
5.304195
5.144564
1.502334
1.846307
1.693282
3.830249
2.939894
3.017694
2.565232
3.739069
3.835442
5.178189
2.357809
3.733499
2.416027
2.690992
2.130105
4.213746
3.982959
1.557416
4.815445
2.801465
1.847016
1.231156
1.328636
2.962461
4.201763
2.163353
1.210626
2.620678
3.006006
3.044877
1.606753
1.633213
4.221572
1.325937
0.934539
6.159333
4.458540
2.777064
3.645404
2.920153
2.559135
3.923239
3.573978
2.534381
1.829688
1.645551
1.556199
6.998793
5.461653
3.599117
1.522813
1.866660
1.980067
2.531973
3.089229
1.840976
2.353121
2.274434
3.921336
2.473537
4.917519
6.807597
2.122372
2.323048
1.042980
3.149936
5.207288
1.467754
1.997058
2.488547
3.038904
1.750787
3.681623
1.098984
1.745675
1.224664
1.281934
4.878669
2.784568
7.135526
1.213841
0.873433
1.257185
4.603672
3.021624
9.423210
3.509909
1.735030
3.648571
1.700922
1.031484
4.709704
2.978608
10.532575
10.736181
6.958012
1.882918
1.617927
1.196275
4.152992
9.618253
7.329719
3.057093
2.388420
2.357991
4.478002
3.403870
1.835256
1.742063
1.830368
1.529966
3.189220
4.125769
4.915058
3.138424
2.435440
1.933003
1.179631
1.076063
3.037085
7.901371
4.519482
3.000953
2.750307
1.205842
1.256935
1.840336
3.349617
6.453288
2.197849
3.859011
1.313945
1.192790
2.622748
1.238365
3.714039
5.247017
3.319686
2.880058
2.219731
3.031905
3.333719
1.776216
2.028401
2.092608
3.413557
1.057640
1.903903
4.045796
3.799352
8.536426
4.375453
2.641322
2.165588
1.934159
2.762470
1.662894
1.875304
4.176134
5.360148
9.204383
4.967081
3.543189
1.545297
1.234538
3.951484
2.725800
2.111874
1.959897
7.515023
4.612334
2.087302
1.499102
5.290506
1.872329
2.555354
2.807892
5.809773
6.255433
8.550633
4.774256
8.953018
5.478549
6.299556
7.894104
4.475683
3.449326
5.376383
2.915412
2.502423
2.029674
2.203392
4.638204
2.468334
1.365363
2.079816
3.359459
6.016863
1.985220
6.345188
7.428902
1.712842
1.746757
5.362201
4.152236
3.105053
4.165568
3.304103
4.945235
3.271536
2.775997
1.857113
5.499177
4.582572
2.648304
2.352555
5.164097
1.725367
2.161880
4.692786
1.520867
1.401495
4.625910
1.648040
1.831793
5.994979
1.818990
7.054340
10.221999
4.920933
3.986877
1.065409
1.303706
1.635201
3.392601
3.330730
4.077557
3.855595
6.901891
6.388643
4.912093
1.799347
2.129739
1.612915
2.998565
1.809230
1.927831
2.821501
1.016597
7.971317
2.546044
1.025681
4.520114
1.101503
1.381801
1.760500
2.678821
2.552877
4.567154
4.344844
1.197011
1.981544
3.958204
1.787368
1.458051
4.758100
1.872199
0.946704
6.877639
3.652810
2.260805
1.170716
2.753525
2.156110
3.975466
3.173150
2.522949
4.274208
3.040408
2.223142
5.098851
3.060708
2.578523
1.880275
3.980876
4.422680
1.863682
1.409258
5.910525
1.103905
1.230911
4.700412
3.570320
2.578642
4.122981
2.832749
1.963636
1.636489
5.185206
5.563063
4.094484
2.817751
1.315813
1.228080
4.069836
5.094084
4.332210
2.593303
2.287176
2.471983
3.487509
2.298567
5.915453
6.438034
1.819068
3.927529
5.920471
1.357637
1.519628
3.446768
7.428970
8.904080
5.172018
4.122431
3.003888
3.345474
8.836498
11.035272
7.257435
4.690863
6.005539
3.991489
2.828379
3.680826
2.882468
2.335190
1.579586
3.403624
6.011930
3.028709
1.531414
0.996025
4.960881
5.743242
6.631833
2.006184
1.388030
1.752623
1.553453
2.439427
2.357729
1.351744
4.502110
5.906633
2.840170
2.414906
3.613210
2.286997
2.409796
2.937818
1.194464
2.818452
2.652517
1.098810
4.310304
4.134051
3.763094
2.995432
1.701642
4.568828
2.540138
15.380355
6.738251
5.804805
4.339976
3.750649
4.574227
3.080867
2.501861
2.498612
2.935207
2.412453
3.706692
1.742734
3.303904
2.204204
1.542514
1.772976
2.312364
2.946195
3.420644
3.261866
1.516228
1.554230
1.377689
3.163598
2.646519
2.735995
4.108335
5.376658
3.200448
1.651042
1.399755
5.483890
1.370424
1.822112
3.259089
2.913494
4.801862
7.310326
4.802376
2.592893
3.099138
2.762854
0.998585
1.087071
6.416830
5.896112
2.391286
4.064027
7.539097
3.755470
3.722793
2.855393
4.578384
2.922439
2.056977
4.201734
3.753257
1.867859
1.553107
3.300884
6.947087
5.548174
3.247647
2.829124
2.804394
2.588743
2.321863
2.556465
3.574994
7.859553
6.184392
2.556115
2.170679
3.195207
2.865072
3.340564
1.108315
3.397527
2.050076
1.521308
4.641606
5.664495
1.336345
0.798728
1.692334
5.779974
5.299470
1.155837
0.998396
1.979776
3.044923
1.947101
7.514288
6.949204
6.294052
6.043567
5.321897
3.834929
4.690310
1.889091
2.298463
3.485527
1.445554
3.440819
3.395707
5.290618
4.254102
8.308872
4.334360
3.110109
1.293900
1.379385
2.467411
1.210766
5.407671
6.841457
4.168597
3.062865
2.787711
3.605652
8.259624
3.677181
1.707024
4.425405
2.896134
2.201981
3.052206
6.841370
8.028888
4.369509
5.640612
3.552813
2.584172
2.106104
3.324914
3.598110
4.185712
1.054178
0.799496
2.301205
1.735140
2.824444
1.324254
1.259446
4.011420
6.880462
7.665212
5.573139
4.497584
1.913641
4.903597
3.575291
2.786116
1.653819
1.610360
1.446133
4.168140
1.209641
3.018087
1.096981
4.892432
10.838988
8.012787
3.919615
4.486636
3.830385
1.960413
3.080330
3.894542
1.790763
4.782564
2.005681
4.675338
1.844897
1.032411
1.742805
8.435729
4.637765
1.839389
4.391238
1.825077
2.054786
1.460169
1.586022
5.965703
3.308806
1.593403
3.669489
2.712206
5.312514
6.515984
4.468673
5.052438
6.364129
3.837517
1.240870
2.876755
2.047556
5.438914
3.034813
1.339409
4.956257
2.487355
2.621126
4.252028
10.328960
10.478755
6.638926
4.482612
3.373572
5.489623
3.242620
5.870381
6.445007
4.290363
1.913282
4.720170
2.144303
2.168814
1.031294
0.949780
2.397509
1.279500
2.689348
7.077917
7.319778
2.619958
4.347444
1.768150
1.231608
5.669508
1.335535
1.774706
3.634052
2.373088
3.335790
6.259375
4.385100
2.534595
3.339213
1.379532
1.776175
4.567446
5.328428
3.267930
3.595946
1.718608
1.314082
1.848828
1.629659
3.286783
2.213569
1.187092
6.427426
2.188178
1.654334
1.682556
1.379891
2.053724
2.439062
1.082270
2.622616
3.514158
4.919187
4.507176
3.737431
11.580945
5.454197
2.635025
1.375054
1.472510
3.808972
2.926356
1.314557
4.157371
4.261057
2.889746
4.017922
3.550940
3.517113
5.689590
2.624783
1.391950
1.885571
3.872714
2.966136
1.285165
2.421489
3.998197
2.001738
3.255662
5.071758
3.550075
1.303146
1.814255
1.897670
2.045302
1.602162
2.437722
4.239238
5.151838
1.915969
1.556680
2.998959
1.194244
1.819295
8.757335
3.418254
2.759853
2.536576
1.990038
4.188304
1.747696
1.894490
1.608701
1.216876
1.494122
3.996086
1.787156
3.258095
2.439821
4.565559
1.755198
1.357491
4.363384
2.336385
4.924083
7.163187
6.061810
2.331273
3.973144
3.011087
2.558563
2.939354
3.379246
1.341882
1.857065
4.426155
4.652764
4.680757
3.705768
4.613567
4.768910
3.539001
5.315337
3.659210
5.616572
4.391457
3.291109
2.909702
5.400276
4.626147
2.079292
2.842058
5.544259
4.062756
3.646671
2.940360
2.523186
2.785144
1.550653
2.811838
1.497933
3.991181
5.600734
4.301491
1.997650
1.626850
5.822659
3.373522
1.525808
1.529329
3.357131
4.979115
2.419958
1.413238
1.091991
1.579831
5.476899
1.474032
2.849823
2.969214
3.814434
2.244908
2.150928
1.955919
2.646465
2.494421
2.393905
1.710382
3.757899
4.514457
6.061859
4.608243
3.843826
2.925815
1.253357
3.923129
1.370567
1.173797
1.665154
2.430059
4.065156
1.554931
2.230634
1.456321
2.025178
1.837775
1.088920
1.565184
5.215777
8.518833
3.376730
1.122549
2.957115
2.256978
1.405781
4.535606
1.549655
2.930760
7.333828
4.314671
2.331926
1.641984
1.065336
1.936203
3.845265
4.217265
2.276352
1.106611
2.107819
3.522479
1.742465
1.675995
2.049149
0.616948
6.846979
3.631986
3.136339
1.383790
2.667176
2.753272
0.991873
2.130037
1.730867
1.198423
5.008276
4.585890
2.095926
4.472596
6.454168
3.440173
1.878358
1.571741
2.432614
2.500473
1.553971
2.150636
1.275445
0.745143
2.106552
2.223738
5.037609
3.882990
1.786346
0.715910
2.767263
4.807602
1.459429
1.129719
1.661153
1.202593
4.034117
2.461515
3.817534
7.652802
5.902283
5.511287
4.823272
4.511694
2.485602
1.446329
1.758593
1.533575
1.387016
2.913647
1.319577
5.742079
0.686178
1.211798
1.392305
1.160243
5.665187
6.819023
2.044735
0.890237
1.906392
3.304301
5.049675
4.149305
5.236760
2.777336
1.732286
1.694192
5.135700
6.415257
2.208516
1.613605
1.968291
0.726478
0.823718
1.654471
1.797362
3.617974
3.806069
2.571240
5.582845
3.524748
3.966419
1.666927
2.088980
1.407831
2.326961
3.074380
2.198575
1.330806
2.981492
8.427502
3.963026
1.743423
2.276054
4.102674
4.950458
1.944395
1.136350
2.311993
3.743088
3.796429
3.496544
2.029206
2.082932
3.808349
5.671094
1.913024
5.343971
2.163601
4.433954
2.235676
2.653354
4.719335
3.540715
2.355756
1.437624
1.113046
2.183700
3.815187
3.525791
3.121412
3.943857
1.515606
2.780360
2.919843
0.710315
1.154177
2.127531
1.909931
5.195822
6.481394
3.838836
3.388212
2.321321
3.391542
5.217396
3.141780
6.156335
6.027303
3.140903
3.421870
6.415533
3.154181
2.479755
3.366575
1.412348
3.084386
2.503057
3.744240
1.957208
1.170157
8.582099
3.829139
3.459262
1.680872
1.246334
5.500607
2.009370
1.572930
5.367819
4.626512
2.406404
1.228528
1.194996
1.306887
2.329555
9.492035
5.144128
2.312171
2.904814
3.116022
5.963220
3.464893
3.911652
6.495696
3.994150
5.091524
2.965019
2.757515
1.774248
2.275328
4.589324
2.420858
5.375352
2.220269
2.021245
1.246077
3.475611
10.901291
3.215708
3.800292
4.187245
2.387129
1.489818
2.408379
2.678728
4.472811
6.951866
3.788093
4.117080
5.148636
3.138482
1.232276
1.859142
2.100560
2.862691
2.927725
2.945534
3.503839
1.244855
1.675236
1.700863
1.010796
3.956302
4.687275
1.484186
1.638551
0.995698
1.681211
2.132797
8.442772
3.713442
3.334114
2.607876
3.843761
2.475627
1.690633
1.906865
3.736900
3.325324
1.871868
1.555541
6.182634
1.808495
2.751805
2.157926
2.083987
3.913884
6.399909
1.572713
2.205721
2.892543
1.464110
4.166687
7.632120
8.199235
2.463988
3.863828
1.865025
1.532367
2.390969
4.591793
1.310097
1.074573
3.262897
4.791728
3.519073
3.765391
7.052103
1.904945
3.991104
7.218111
4.896045
2.952017
1.709154
2.464904
1.182363
1.773633
4.095315
1.173265
1.508805
1.680110
8.268792
3.202504
3.432998
1.411871
1.505133
1.626657
1.186129
5.953389
2.801017
1.801439
3.362800
3.497314
3.679463
1.330321
0.555735
0.737719
10.892590
4.948938
6.676800
3.597004
1.503303
1.432045
0.879140
2.928096
3.558237
3.716958
11.771124
8.058586
8.420023
7.075472
7.549069
6.599771
6.650900
5.846067
7.014292
6.372784
7.616162
6.849120
4.763617
6.439517
6.171408
6.974847
5.410584
4.831699
5.915199
5.425419
5.297937
6.994371
6.621339
8.467349
6.934740
7.553755
7.080084
6.015614
4.244468
4.435779
5.111721
5.237057
3.463727
5.277578
5.674992
4.900782
5.591170
4.622840
3.341381
7.510996
7.003289
4.111546
6.373677
4.972513
4.074895
2.878268
3.615226
5.354259
2.590426
4.014442
3.915960
9.832020
6.069263
6.436753
5.955391
3.559501
3.677378
5.024363
3.598553
3.323718
4.426253
2.177473
8.066278
3.017437
5.409662
4.224207
3.999896
4.006244
4.546086
4.266399
5.697655
6.401141
4.100155
2.297875
3.983505
4.322296
3.640459
4.661287
4.221691
2.135001
2.766301
4.283591
1.914446
7.424411
7.934588
4.758756
2.270055
4.508815
3.753036
4.645885
7.419997
5.187244
2.693792
4.594006
4.050828
3.158197
2.610784
4.392136
2.166547
4.397219
2.845777
3.389252
3.544929
6.742638
7.485932
4.672050
5.147508
2.826966
1.586570
4.428793
2.659550
1.883748
6.343267
3.626303
2.826928
2.034649
8.798584
7.662031
3.790903
5.888438
6.506276
3.320637
5.100613
3.389485
4.967374
2.905960
4.655995
4.952082
3.461381
3.203559
8.651019
7.108942
6.583394
3.591334
5.621811
3.963386
2.766685
2.241258
1.280485
2.271556
4.858727
3.158742
7.339628
6.208051
5.793108
5.051319
2.558191
6.629150
7.137708
2.606597
7.121161
3.769201
2.641409
5.717693
6.448353
2.477277
4.689147
3.077482
2.260352
4.541311
14.977752
7.955902
7.700767
7.019393
5.663936
5.434288
3.487026
3.881639
3.679224
9.198492
5.984004
3.133577
3.824174
5.723343
5.311115
3.106257
2.455272
2.858133
4.329147
2.798275
2.505064
6.126981
4.549213
4.246069
7.602130
7.423870
3.719246
2.727317
2.361186
3.341224
5.067332
5.361372
2.275326
5.141906
2.432303
2.255456
5.617303
5.711017
3.357916
4.042340
2.724703
2.722935
5.078459
5.034388
3.345151
4.196169
5.606404
3.985365
9.166322
3.840347
2.603058
3.387752
7.859962
3.115426
3.496310
2.147933
5.570950
3.371951
6.355222
3.890177
9.727715
3.792214
2.552811
2.730979
3.016691
12.272470
4.541124
3.156858
2.728212
1.753973
3.470295
5.385574
4.266565
7.192656
6.922153
2.392471
1.943376
9.371927
2.572878
2.628963
6.003504
3.560079
3.703744
2.930544
5.098664
3.390351
5.712926
4.622555
5.848667
3.256585
2.849336
4.482355
6.120946
3.578924
2.373319
2.652755
5.345824
3.799510
2.009366
6.302486
2.144967
1.906917
2.173079
2.169505
4.884726
3.148825
5.260855
4.092570
5.840597
3.992167
4.022605
3.897069
2.382642
2.835296
4.640199
2.424243
2.863146
2.207381
7.597911
3.888481
2.299921
2.776180
1.845628
8.377066
4.436557
1.911996
3.230911
6.088717
2.866930
2.362712
9.846184
4.620663
3.068643
5.169727
2.187978
1.797878
3.656843
4.728447
1.982414
2.447757
5.546133
3.507976
7.494564
5.263505
5.081302
3.205697
2.441448
3.902312
2.608943
6.902936
3.532791
2.395964
8.466320
3.566109
1.990031
2.481355
7.891546
3.786127
2.024911
4.297907
4.829210
5.150238
3.233713
2.856604
4.474848
2.113215
3.969628
4.690241
3.016912
3.518358
5.229086
1.760021
3.494560
5.562781
4.189163
1.501278
4.109106
2.400916
1.757555
1.735511
2.810476
3.998096
2.648010
3.362517
1.919612
4.567422
5.063056
5.382241
3.224309
2.870825
3.311676
4.096680
2.949039
1.473302
1.351205
4.830516
8.266527
6.251178
3.337810
1.978437
4.836148
3.935422
3.504257
2.234641
5.489374
6.723120
5.440339
2.378642
2.511353
4.169137
10.098760
6.562625
3.553836
2.468256
3.179663
2.669252
2.042523
3.926666
2.456797
1.992321
2.174443
3.113907
8.477865
5.695138
4.672619
3.111202
4.129349
4.925458
2.610112
2.789908
4.428704
2.606715
3.813302
4.215654
3.524312
3.036058
2.054204
3.782718
2.765301
4.155801
4.819245
2.672879
1.843126
2.927209
2.467375
2.538759
3.714233
9.630603
8.355017
6.443810
7.064389
6.559874
3.597982
3.196092
2.698413
2.636219
2.765846
1.731242
1.806995
5.207556
1.851701
2.548615
4.452798
4.238613
3.755166
2.871931
2.655335
3.244857
4.303851
4.717406
3.496807
3.328220
3.171378
3.836414
2.484490
1.966353
3.954676
4.817804
4.521677
3.066233
2.689391
1.665734
2.799459
3.290560
4.344637
5.990696
12.300627
6.293688
3.234782
2.564739
1.381701
4.442962
6.744944
5.009649
5.480645
3.132854
1.847858
1.826016
2.073616
12.159259
6.193662
3.928416
4.876144
2.253003
1.618485
5.546915
1.925629
2.767848
3.531845
2.913985
3.331384
2.226670
3.149831
1.885903
1.885905
4.392760
5.242977
7.378141
4.051179
2.549187
2.753077
2.657397
1.352079
5.732084
6.109832
3.493157
2.011638
2.667242
2.153429
4.284610
3.509687
1.689086
3.733782
1.782072
3.053872
8.064166
3.912926
2.435568
1.943418
3.973374
2.459264
6.696772
4.137422
3.841597
3.233045
5.614601
3.948110
2.856025
3.469051
1.458043
8.455563
4.260496
3.250090
4.489992
9.288863
6.679557
5.434402
2.574247
3.272951
3.192702
3.914964
3.073658
6.256954
5.786011
2.606208
1.823043
6.911499
2.042532
1.729668
2.224222
9.648984
5.096481
4.722184
4.772028
2.581897
2.324834
1.459394
3.722246
2.950287
5.368897
4.192289
7.549318
2.859396
1.793593
2.974469
4.523893
1.859637
4.888183
3.339669
3.458704
2.703669
2.685451
2.888454
4.813404
3.139077
4.318003
3.423627
4.638933
2.996171
6.422750
3.340477
4.386707
2.880308
2.162925
2.796483
2.156402
6.307861
4.636309
12.846064
3.999696
5.703169
5.408710
4.205846
3.475933
3.739403
4.190858
1.881509
3.712396
1.696064
2.199968
6.134163
6.936074
2.978855
6.666161
6.301586
4.826266
3.516240
4.069880
2.059992
2.067950
4.064630
3.915166
2.418514
4.030506
2.001927
3.720708
2.828269
2.219583
3.557183
3.752787
2.219950
2.037094
3.251586
4.547044
6.326167
3.225107
6.356054
3.462596
4.026933
2.739808
2.741170
2.973889
2.625510
6.066229
2.460891
3.080840
2.226976
5.682821
3.975329
2.645563
1.898116
1.766861
7.320653
12.644624
7.753240
6.049544
5.468319
5.316240
4.171983
7.575128
3.967953
2.996453
5.356516
5.460903
2.988990
2.807859
1.718691
7.093456
7.233739
3.594093
2.731832
2.305985
4.847138
1.953791
3.495814
8.996657
3.861574
3.780528
2.690226
1.919956
2.934021
2.771331
5.229541
2.065565
5.612508
6.492301
5.333445
6.768969
4.626557
3.981065
3.125746
2.031159
2.642297
5.512600
2.264132
7.806311
5.981110
2.986114
4.121014
3.232521
3.655728
3.541533
4.886078
4.428768
1.891756
2.690024
3.405128
3.596131
4.833293
3.783579
1.495033
2.574242
2.678894
1.458597
3.436021
6.097658
5.542683
2.790642
2.743989
6.054684
3.822713
2.162323
2.686989
2.810449
3.430529
5.696375
7.571883
3.969101
3.639242
9.919420
5.768334
4.650068
4.928564
4.950401
4.267873
3.557440
3.849767
5.185880
5.759781
6.094209
3.978968
3.016762
3.020420
2.608633
2.739118
3.062433
2.978214
2.675843
5.296494
4.812379
6.611767
3.443999
6.241185
9.928426
8.344911
7.686589
6.240595
5.209375
4.214393
4.510604
5.041174
6.143895
3.755088
3.313235
5.165320
4.861502
3.306175
3.949960
3.363019
3.941431
2.722493
2.467714
4.874534
2.742937
2.197425
3.496798
5.660247
3.288484
2.718011
2.909776
4.570105
9.730961
4.001419
3.363352
3.489276
3.532022
3.419754
4.341231
3.425825
2.778707
3.367027
9.524185
5.883281
5.377949
3.637433
3.610221
3.156351
3.462143
3.243337
8.695069
3.633363
2.802606
3.595280
4.198106
3.790416
2.678069
5.318697
4.597187
3.901881
3.152387
2.615886
2.552964
6.089938
9.587707
13.293411
11.313975
10.981574
11.892857
11.273796
11.137219
10.445201
9.807273
10.046869
9.535014
9.196355
8.811952
7.647586
7.308142
6.824977
9.278037
6.656610
6.157827
6.060857
6.226704
7.858735
6.405892
6.267829
5.854817
5.365180
7.620024
6.531198
4.994900
5.213375
5.095340
4.652132
4.423398
6.874454
5.209250
4.517731
5.679951
4.484960
4.590672
3.888063
3.990313
3.977157
5.717976
6.042930
4.894205
4.457468
5.025776
7.560608
4.758519
4.504475
4.476907
4.198028
4.819710
5.682024
4.619209
10.108418
8.723755
7.276965
5.197988
5.052701
7.764941
8.304081
6.177888
4.429512
4.674313
3.614402
4.205520
3.741985
3.188884
3.217503
3.432594
3.801962
3.524663
3.113366
3.330231
4.419346
7.954958
3.281902
4.182940
7.728392
8.791682
6.000492
3.873464
5.568780
4.016039
5.054343
5.980980
5.734662
4.400276
10.047503
4.957547
4.218235
4.147157
3.711661
3.752449
3.685049
3.363846
3.814553
2.593020
3.591113
3.436009
5.598551
13.427977
7.179098
4.647811
5.485194
4.367249
5.581585
4.114611
5.396141
5.028453
8.481380
5.600526
2.972471
7.660960
4.767188
4.845612
3.236479
4.589460
3.476949
6.319872
2.898624
3.710476
6.225403
4.834323
3.926869
3.083688
6.706206
4.719168
4.455577
3.633590
3.846260
5.273500
2.893660
4.033603
6.870031
7.882350
4.996131
3.741347
3.247119
5.155007
3.444714
5.837742
9.104026
4.806441
4.259325
4.009309
3.069591
2.920955
3.046123
3.032606
4.028497
3.852981
3.369964
3.024587
5.818605
6.411470
5.296773
4.789172
3.292281
3.307344
3.985299
4.177152
8.668229
7.736198
7.291837
4.327740
2.907961
2.752206
3.899750
2.858246
6.656134
5.219545
4.200834
3.225802
6.444371
3.864309
4.980417
3.634184
8.080220
5.516157
4.455957
3.865076
4.656504
6.470398
5.307695
5.120600
3.605500
4.090204
5.091617
5.287904
3.139484
2.994217
8.624977
7.763938
5.548638
4.955358
5.171911
5.626891
3.328562
3.724567
3.691858
2.333447
5.219042
2.549834
4.216510
4.907406
3.847371
3.544910
7.865626
7.340835
4.402945
3.668380
9.345721
5.074900
3.479493
6.106328
4.753652
4.298009
4.469269
4.361509
4.000083
7.113134
4.192607
2.317137
4.274550
2.934173
5.529772
5.467868
4.204376
7.965527
9.485971
7.362096
6.731970
5.763016
9.480589
6.898476
5.029822
4.128643
4.079232
4.380549
5.976591
3.426556
8.624280
6.473656
3.286364
3.123072
2.617637
5.690926
7.675726
5.776826
2.588855
3.211274
5.549653
5.589502
5.118815
2.599989
2.139754
4.672575
3.377276
3.523228
8.803588
7.172307
4.598371
2.971717
4.798825
7.592944
5.779904
4.305746
8.772144
4.765502
2.470659
4.093131
4.098325
10.442988
7.311368
5.366327
2.972839
7.155246
8.302009
7.007064
4.289881
6.751304
12.446279
10.807214
11.531996
10.861696
10.543767
9.717261
8.747085
7.669171
7.136675
6.535391
6.918943
9.005338
4.933022
8.472086
9.038564
7.832742
5.400460
5.588266
7.379183
6.447823
5.341323
6.317583
7.102479
6.420832
4.640290
3.819253
4.297975
4.153021
8.253158
6.286016
5.371119
4.804106
5.498781
4.156453
3.581694
5.133257
5.833928
3.608229
6.624576
9.951261
6.860013
5.907690
7.280628
5.749064
6.189841
5.175697
6.086279
6.905378
6.001077
7.077498
5.973830
5.917477
6.638835
5.018902
5.770594
4.544660
3.576399
5.641213
4.122523
3.931269
6.564916
5.603882
6.130336
3.415237
2.822214
2.793006
3.169606
5.091091
4.143608
5.335814
4.788278
4.283556
6.491932
4.622265
5.909751
3.636396
3.028085
6.193114
5.087446
4.245373
4.280257
3.937697
2.556418
3.779142
5.681185
6.919798
9.198604
9.958620
9.429749
8.203297
6.948478
6.865378
6.495282
6.738411
6.296568
6.923857
6.459130
7.196647
5.819769
4.432411
4.954737
5.897298
7.200559
5.632132
4.291098
3.572537
5.417643
2.747983
3.530625
2.965762
3.614607
3.246532
2.465201
2.734093
3.721856
3.150167
3.122841
3.686624
4.244668
4.263928
7.309631
6.650596
4.468991
4.972290
5.032726
3.807651
4.366889
3.647247
5.141759
6.729725
3.365869
2.693120
2.669156
8.667708
5.093066
4.146534
6.402789
6.874379
6.467113
3.958617
3.603045
2.639809
2.800764
6.266290
3.692824
3.456235
2.935788
2.604381
2.213124
3.766555
2.583394
2.442515
2.855019
2.391910
4.083042
3.992347
2.541940
7.781312
3.086740
2.256720
5.802075
7.810533
6.159632
4.893737
6.794623
4.395172
5.916147
4.957760
4.092037
3.232523
3.080485
2.951994
5.513846
5.076247
6.154366
6.159212
3.872834
4.863272
3.360340
3.154914
2.667476
2.834345
3.354780
2.275822
2.895676
3.040581
3.086608
2.766132
3.500551
3.250560
3.665427
4.475258
6.365609
5.016101
5.655143
6.857405
9.603628
5.272488
3.134297
2.857286
2.925678
4.440730
3.789233
5.122281
6.465513
5.429265
3.384028
3.234440
4.440560
3.127303
2.732957
2.244557
3.310053
2.883750
2.167791
3.493576
5.216367
2.005475
3.489626
7.335549
4.971554
3.860464
4.021255
3.281634
2.910149
2.345563
3.701521
2.406263
3.220557
4.690887
2.217182
6.714536
5.053030
4.460471
2.679364
2.775074
2.356796
1.911513
1.554585
2.252714
2.038851
3.146694
3.252007
2.423482
1.849771
2.679654
6.154967
3.615482
2.408268
1.593051
2.834179
5.233668
7.575933
4.985688
3.400327
2.445087
2.211568
5.255131
4.224067
3.622694
3.870343
3.019568
2.179786
1.871237
2.233580
2.096003
2.601729
2.199166
3.603464
2.192341
2.529313
3.624173
3.331825
3.619078
5.220211
2.981126
3.869734
3.165406
5.535533
9.520845
9.775789
6.065692
6.111462
6.326953
5.302267
4.815456
4.599495
3.859895
3.373347
3.025895
1.919363
2.918540
2.165977
5.120733
4.356838
3.086994
2.718507
4.974042
2.738835
2.790834
2.052700
3.900577
1.633954
5.483500
4.152155
3.641200
2.314530
4.242533
6.189200
3.207122
3.043727
3.667519
3.348872
5.201165
3.822395
2.479142
3.891972
3.442221
1.935793
1.626957
1.379051
1.192916
1.113064
1.043833
4.717908
5.319331
6.258589
6.298693
3.768424
4.575648
4.364399
2.587934
3.026761
2.798124
5.052605
5.701584
4.526364
4.111025
2.574106
2.853370
5.863662
2.542106
2.830222
4.811203
2.943128
4.154169
4.087600
3.191824
6.852740
5.624309
3.526663
2.831211
5.343121
12.594368
10.549813
10.208742
10.749831
10.667040
10.205533
9.582550
9.354376
8.768581
8.387381
8.243598
7.688875
7.376618
7.094096
6.650333
8.956588
8.330220
9.076305
9.445635
9.220529
9.252356
9.137640
9.048659
9.027852
8.986443
8.962320
8.917926
8.707499
9.120287
8.754456
8.616872
8.675602
8.876931
8.505755
8.413545
8.136003
8.195236
8.261437
9.124953
8.923341
11.074978
11.063264
13.400889
11.144234
9.974676
11.622814
10.708122
9.929704
9.936586
10.105794
11.409766
9.922057
9.825021
11.412423
8.750747
10.419476
10.246711
9.089240
8.669552
8.936556
8.224161
7.907582
9.941506
8.687766
8.713173
9.246005
8.420404
8.634233
8.822267
9.374855
10.426305
9.531900
8.108019
8.009972
8.243192
7.661539
9.146075
10.596429
8.306541
8.150677
7.743111
7.719435
10.120238
10.963329
9.435189
7.750071
9.095335
9.633443
9.241532
9.078649
8.530177
8.078019
7.941347
9.717162
7.912336
7.625990
7.452333
7.413345
7.366753
7.325081
7.336767
10.970008
10.555800
11.102083
8.735893
8.400308
8.115310
7.977297
7.907898
7.872036
7.840338
7.820870
7.801834
7.785393
7.770235
7.756096
7.742571
7.729493
7.716741
7.704185
7.691846
7.679627
7.667646
7.655866
7.644465
7.633443
7.622949
7.612966
7.603579
7.594732
7.586406
7.578472
7.570835
7.563365
7.555944
7.548409
7.540501
7.531672
7.520389
7.500142
7.445151
7.431847
7.427730
7.422093
7.415919
7.409584
7.403224
7.396869
7.390512
7.384131
7.377694
7.371164
7.364500
7.357664
7.350623
7.343365
7.335902
7.328272
7.320513
7.312624
7.304561
7.296284
7.287831
7.279350
7.271039
7.263052
7.255439
7.248166
7.241169
7.234396
7.227817
7.221420
7.215200
7.209154
7.203279
7.197568
7.192013
7.186605
7.181333
7.176188
7.171159
7.166236
7.161411
7.156675
7.152020
7.147439
7.142924
7.138469
7.134068
7.129714
7.125403
7.121129
7.116886
7.112670
7.108475
7.104298
7.100133
7.095976
7.091823
7.087668
7.083508
7.079339
7.075157
7.070959
7.066744
7.062503
7.058269
7.053861
7.050480
7.047553
7.101006
7.352398
7.078630
7.065499
7.056727
7.039119
7.023400
7.054290
7.254258
7.124735
9.507643
11.451527
12.882577
10.853770
10.371192
11.408768
10.756491
11.013410
10.914717
10.162086
10.029790
10.004837
9.973431
9.960834
9.921689
9.875721
10.401068
10.728688
11.600310
12.449343
12.108609
13.351252
13.078293
11.936969
12.455987
13.432948
12.911006
12.660005
12.587810
12.470792
13.759120
13.325088
12.454792
12.263870
12.143786
12.071647
11.996852
11.921936
11.859586
11.800478
11.744466
11.692207
11.643416
11.597590
11.553789
11.509815
11.463621
11.423563
11.405141
11.378945
11.334311
11.576321
11.392795
11.187690
11.123594
11.239079
10.988331
11.775584
11.827233
11.557410
11.292396
11.103116
11.087339
11.132655
11.039417
11.320073
11.067431
11.016382
11.186752
10.885534
11.119701
11.423579
12.147029
12.040284
11.603052
11.561868
10.739116
10.591193
10.307537
10.207558
10.202146
10.034719
9.931171
9.961350
9.884835
9.835412
9.854917
9.834516
9.782976
9.842080
9.783155
9.749186
9.700038
9.792929
9.802077
11.391706
10.161022
10.080806
9.850903
12.149250
12.061619
12.829473
12.191982
11.711954
11.570709
11.289009
10.929957
10.692296
10.537602
10.786047
10.779866
10.479405
10.516111
10.259680
10.679546
10.404966
10.171163
12.833383
14.223990
13.660714
13.307609
13.180924
12.962970
12.777789
12.223296
12.147575
11.957687
11.743475
11.632297
11.189221
11.173078
11.635778
10.978654
12.400896
11.733042
11.067229
10.490816
10.765496
11.152273
10.172033
10.570395
10.457651
11.087098
10.366376
10.278426
10.740744
9.856512
9.622668
11.630819
10.275115
10.909006
10.198605
10.413055
10.229650
9.915704
10.004564
10.085778
9.495900
10.279762
9.902839
10.373496
9.705469
10.202745
9.729153
9.675363
9.914562
9.670170
9.976406
9.387091
9.947079
9.321733
9.901634
9.284410
9.808635
9.345504
9.900103
9.400422
9.794638
9.258539
9.936001
10.119311
10.420916
9.718660
10.204728
9.443117
9.514017
10.694075
9.979127
10.218831
9.828046
9.274866
9.352681
10.866043
11.071531
9.502317
10.395092
10.454195
10.472194
10.129838
9.867786
9.442126
10.724074
10.461874
9.706268
9.570862
9.477983
9.613930
9.331988
9.494681
9.280157
9.523693
9.987609
9.470756
10.209384
9.889912
9.972046
9.078822
9.031502
9.583567
10.055155
9.912264
9.847157
9.376654
9.672346
9.569642
8.633344
8.730597
8.878937
10.098210
9.615126
9.048881
9.067283
9.532247
9.444389
9.376328
11.767615
10.654420
10.109786
9.700240
9.846627
9.885066
10.147101
10.065109
11.207834
9.885504
9.870536
10.286488
10.265521
10.144095
9.985210
9.949459
9.561490
10.293820
10.082790
10.785688
10.829050
10.097701
9.861282
9.683415
9.637391
9.697365
10.349724
9.546513
9.239307
10.006536
9.998609
9.720767
10.869041
11.605882
11.750210
11.650221
11.359303
10.548763
9.589643
9.612866
10.091223
10.185990
9.662729
10.070202
10.042974
9.913490
9.807273
9.605937
9.772345
9.383446
9.587445
9.710571
9.520443
9.692764
9.118188
9.435371
9.979098
9.247156
9.567809
9.245641
9.013680
9.222951
9.328024
9.172640
9.043849
9.176216
9.359368
9.445514
9.341503
8.661880
8.553458
8.228976
7.990287
8.502961
8.428869
7.947802
7.602945
7.916880
8.223958
8.088201
8.450994
8.603621
8.286531
9.252737
8.218275
9.688711
8.355002
7.555150
7.531857
8.041079
7.717369
8.036172
7.516072
7.780081
7.799600
7.193472
9.586837
11.398981
9.963647
8.122866
8.001374
9.014612
10.894680
10.152272
10.235557
10.337905
9.285281
9.102313
8.962569
8.800322
11.937060
11.528137
10.928563
10.591590
9.670816
9.439391
10.341970
9.852641
8.845933
8.158939
7.785648
6.905255
9.329636
8.242513
10.444407
8.005110
9.803406
8.966085
7.911446
8.605437
8.125618
7.912792
7.722282
7.226314
8.519876
12.026648
8.281968
6.427634
7.597829
11.453231
8.677924
8.424049
7.733916
7.885870
8.054698
7.298617
7.107164
6.946602
8.461118
8.831232
8.163446
8.243567
9.575349
7.686292
11.253345
9.246798
8.221683
7.962413
8.024181
9.937360
9.269940
8.537582
9.120097
9.049992
8.160279
9.413657
8.714359
9.173904
9.556036
11.523549
9.293969
8.918827
8.910549
8.906703
9.155474
8.969907
8.085551
8.550345
10.044899
8.463311
8.286060
8.562781
8.326141
8.404137
8.626840
9.529985
8.467764
8.372301
7.722910
11.254369
12.760710
11.097667
11.004599
10.463805
9.937991
9.737694
9.792340
9.305595
8.916138
9.341061
8.706132
8.595273
9.389950
8.659928
9.034572
8.728455
9.512957
11.655618
11.485632
11.511767
13.338993
11.711153
10.437145
11.116556
10.710933
10.361859
10.614241
10.539198
10.684532
9.973690
9.503211
9.354670
10.268287
9.865032
10.160746
9.606683
10.066711
9.317210
10.542447
10.376693
9.676791
10.259557
9.534252
9.699217
11.576692
8.754921
11.330572
9.380857
9.978692
10.450944
9.408987
9.833787
10.133203
9.950369
10.101626
10.307065
9.219903
9.585689
9.551971
9.870434
9.539683
10.381810
9.645070
9.076724
9.140938
10.516051
10.379225
9.735717
10.081303
10.146531
9.028776
9.397607
9.674978
10.410985
10.707946
9.684056
9.171367
10.566051
10.272515
10.924962
11.094817
10.228995
9.192456
9.187751
10.065799
9.564361
9.455615
9.718792
9.123854
10.068280
9.724742
10.420383
9.661427
9.117711
9.574329
9.692830
8.846772
9.008165
9.786182
9.838814
9.729888
9.921989
9.597010
9.367313
9.725190
8.995605
9.477616
10.523719
8.611705
9.298016
9.501812
9.857959
8.293414
10.048471
9.448053
8.309114
9.104639
9.325394
9.751132
8.304664
8.664057
8.512571
8.132828
8.648744
8.979381
9.447686
9.485173
10.550668
10.324409
9.879913
9.861645
8.259157
10.057789
8.990688
9.869242
9.133648
10.647929
9.361406
10.058845
9.426331
8.623860
8.850011
8.455745
8.445501
8.465473
8.902492
9.824130
10.289235
8.931391
10.410898
10.219872
11.802008
10.000442
10.889222
8.885600
9.246933
9.578228
9.063077
8.618768
8.626524
8.676634
10.089270
10.974894
10.285706
10.196453
10.166684
9.752807
11.345713
8.944840
8.630145
8.859761
8.653877
9.052720
8.543974
9.960255
10.796179
9.422064
8.489433
8.820609
9.144086
9.012752
8.828940
8.771336
8.871173
9.186172
9.290523
9.488151
9.383614
8.689055
9.379662
9.027479
10.218844
9.954147
8.319740
10.347348
8.592804
7.971449
7.837108
8.626599
9.664127
10.996648
9.971355
10.224911
10.092810
9.695108
10.403903
9.503122
9.328724
9.990776
9.199663
8.389529
10.602759
9.366635
10.701764
8.678820
8.194362
8.157223
9.339849
8.178378
8.176398
9.143407
8.625368
8.411646
9.585278
8.649973
7.966629
8.290412
7.729845
7.616182
8.898466
10.678491
11.486015
8.839664
9.338773
8.715969
7.473401
8.722613
10.250835
8.989700
9.187183
7.622038
7.767788
7.204848
7.316056
6.614375
7.264934
8.080806
10.973085
8.644584
7.319666
7.301208
7.806080
7.122995
7.882007
7.161614
8.405670
7.071284
6.437115
7.488694
6.056514
6.533236
6.442834
5.885706
7.759451
7.380683
6.490324
8.090785
6.170591
8.944488
6.857002
9.183188
7.254948
6.288816
6.524329
6.105925
5.906279
5.590430
8.793707
6.948463
6.213544
5.859265
8.222358
5.751950
6.574064
7.406000
6.451626
6.136461
7.839057
6.523585
6.098125
7.794757
6.774733
6.134336
7.423565
6.208323
5.751747
5.954882
7.876660
6.577920
8.281344
7.337621
7.573849
10.010066
10.139092
9.404984
9.167858
9.529821
10.204904
10.856574
10.102597
9.986192
10.705637
9.176477
9.380099
8.388450
7.932383
8.153236
8.871230
8.327488
7.935861
7.456379
7.606309
8.238892
8.437556
9.469737
8.461131
7.603018
7.787205
7.413996
7.159455
9.779406
7.799019
9.714964
7.822267
10.152490
8.887210
7.456944
7.536926
8.875394
7.304560
9.285665
7.392870
8.382925
7.430362
7.588051
8.530432
7.482383
6.730745
7.736258
8.340821
11.925877
10.916055
8.126227
8.015091
7.365357
7.911775
8.041312
9.206345
7.024742
7.101470
6.585145
6.020127
6.394869
6.960833
10.897063
10.894946
9.100175
8.651539
7.909952
9.257017
7.482619
7.005630
6.377350
6.150439
5.958774
5.852523
5.970117
5.738629
6.579770
7.877144
7.385915
8.824509
7.066025
6.213098
7.697976
6.183459
5.452688
5.698635
7.783757
7.259370
5.322546
5.930598
5.257677
7.922671
6.175104
8.249581
6.509366
6.223141
6.835567
6.627593
6.117825
6.045387
8.092997
6.326509
5.667643
5.471240
6.352238
7.648922
6.875697
5.883152
5.627475
4.961584
7.084069
7.977101
8.352418
7.840507
6.863013
6.627976
6.307440
8.043599
6.301063
6.548287
5.764087
7.793656
7.505286
7.685096
5.872193
7.028858
7.884006
7.734931
7.924791
6.877064
6.164309
6.924423
6.072871
5.440325
5.124156
6.905700
7.334036
5.440155
4.813378
7.681808
6.131960
6.698707
6.537611
5.815494
9.210707
6.618206
5.818397
5.630203
7.280552
6.012730
5.503866
7.039620
6.891246
5.676278
7.104741
6.838946
6.812661
6.200798
7.502654
7.125081
6.211816
6.496063
6.687083
7.420839
5.997049
6.140646
6.651539
5.594702
5.955011
5.377529
8.625956
8.208866
7.490409
7.805508
6.705038
7.866722
6.945248
8.284183
6.414587
6.148949
6.499425
6.706371
6.817891
6.659788
6.417348
6.072767
6.069544
5.597071
5.779141
5.444870
7.262163
8.075849
8.451838
7.078901
6.667275
6.482928
7.418857
9.485932
8.250515
7.611121
8.975663
6.832818
8.219011
6.823546
7.556900
6.505213
6.304071
9.346144
9.904152
8.500151
7.358295
8.116198
6.870725
6.811375
7.079388
6.635422
6.460148
6.983357
7.580095
8.188994
7.669395
7.456312
7.680323
7.485366
7.214979
6.962413
9.329766
7.331166
6.772406
6.476219
7.187511
7.501170
6.582013
6.859061
7.066914
6.562891
6.163417
5.795964
6.043358
5.937976
7.386491
7.654489
6.898752
7.012910
7.720248
6.220197
9.290237
6.692717
6.628428
5.654091
6.401480
5.606733
5.214164
6.173938
6.823929
8.078102
5.970763
6.010412
7.403813
8.440540
6.556515
7.793927
6.420834
6.116639
7.318043
6.349782
6.734579
7.614867
7.344590
6.041583
5.882717
6.391089
6.494914
4.854468
4.959480
8.181867
7.197004
4.818859
4.892226
5.171519
5.988309
8.411454
6.780194
10.314819
7.824179
7.449124
9.885522
8.026812
6.207429
7.302272
6.819780
6.260850
5.743645
6.184323
5.307592
6.026264
5.948076
6.233951
5.105358
5.126625
5.019342
5.285356
6.873218
7.210374
6.072550
5.881464
6.516671
7.261278
5.708354
7.110756
9.831070
7.541889
7.553385
7.217193
6.551754
5.890162
6.134087
8.786235
9.855941
8.663085
8.554142
8.394715
8.839284
8.524991
8.791595
8.533624
9.867996
10.576109
10.895689
10.555770
10.021871
9.786364
10.368549
9.538735
9.047738
10.733269
8.838884
8.837678
10.667213
10.478649
10.768802
10.594962
10.032072
10.062416
9.863858
10.348767
11.358299
10.295064
9.853128
9.992452
10.109193
12.886431
12.703557
12.201029
12.328220
11.744519
12.190747
11.631719
12.042074
12.156230
10.855512
10.697904
10.809805
10.659338
9.887465
10.782394
11.730983
11.390244
10.038808
8.491192
9.331208
10.519442
10.414119
9.935314
9.398470
8.191151
9.080776
9.001115
8.362087
8.474649
8.058218
8.618515
7.802362
7.462466
8.856136
9.256638
7.920501
7.907311
10.934721
9.503940
9.412889
10.987971
8.768906
8.623917
9.293086
8.225190
8.690227
9.525022
9.704522
11.125373
7.885281
9.971342
9.382100
8.502826
8.770361
8.490842
7.590534
11.907002
10.625652
10.665946
11.353791
10.841449
9.903628
11.097648
12.015928
11.260295
9.607229
8.722212
10.475194
9.947792
9.322947
9.310945
9.766549
9.625364
8.524024
8.255430
8.729881
10.400425
9.280956
10.003018
9.238634
8.694545
9.155577
7.995518
8.300124
9.534052
8.964338
8.963051
8.650413
8.156884
7.939025
8.850917
8.892789
8.421225
7.426808
7.102124
10.004680
8.130257
7.638499
7.521916
9.954726
9.218684
7.664394
10.699923
9.327371
8.954129
8.689409
8.508748
8.252069
7.890450
7.878809
8.278142
8.585383
7.526430
7.403565
6.997379
6.484692
6.276925
7.936500
10.088591
9.315529
8.616279
7.913007
8.859655
11.318599
12.460714
11.810328
10.005464
9.050991
9.357260
9.353691
9.604751
8.866539
9.437190
8.142956
7.371707
8.027254
6.906318
7.069633
9.196619
7.628410
10.014611
12.002546
9.726265
9.613922
9.152605
12.931554
9.259438
8.141389
7.822039
7.721604
7.625344
9.893534
8.310800
7.682681
9.869562
9.218817
7.542997
7.201185
8.431287
7.282937
6.828633
7.600994
9.021307
9.456667
8.245579
7.053652
9.201817
7.921832
8.160101
6.747992
7.096463
9.697461
8.697240
7.842832
9.206244
7.259380
7.942699
8.158554
8.415036
9.177848
6.780807
7.186288
7.209486
8.733155
9.228813
8.013935
6.654953
10.256780
8.433805
9.640800
8.303466
7.329017
8.814497
7.809719
7.567022
7.763953
8.085706
7.019182
6.905552
6.671686
7.024066
10.802765
7.921763
7.337559
8.255987
6.915330
7.339080
6.682267
6.507821
7.421406
7.589388
6.384216
7.465807
10.742113
11.044835
9.981757
9.241321
8.557917
9.093464
8.920208
8.422633
8.337326
8.539165
8.583752
8.128226
8.271217
8.144351
8.134963
8.129393
8.137730
8.137356
8.131154
8.103723
8.036696
7.625209
7.524520
8.874763
10.830152
9.988054
9.530444
9.202142
9.249776
9.160235
8.930354
8.753347
8.779513
8.660724
8.529744
8.638921
9.148780
8.554094
9.009933
8.832156
8.605221
8.626591
8.520411
8.187235
8.219095
8.517543
8.062600
8.031917
7.940065
8.955387
8.253515
8.596720
9.092291
9.503145
10.772488
10.075349
10.101552
10.399734
9.886127
9.877908
9.760495
9.092403
9.310563
8.458539
8.620640
8.833120
8.457624
8.167139
7.863491
7.839886
9.797825
12.153705
11.832369
11.273950
11.016516
10.318409
10.140376
10.261804
10.435433
10.437453
10.774560
10.619639
10.786267
10.975656
10.480964
10.480213
10.541767
10.707128
10.707323
10.152252
10.541170
10.740332
11.032439
10.959779
10.326489
9.895891
9.916765
9.829211
9.895499
9.565248
9.813611
13.898633
13.491853
12.028978
12.846342
12.114354
12.526073
12.004479
12.398502
12.181128
12.536048
11.791072
12.113081
11.397767
12.232766
11.345936
11.121074
12.635681
13.461083
14.851206
14.407220
13.601966
12.381651
12.239714
12.037785
11.785451
11.559489
11.401418
11.623876
11.488750
11.333944
11.408281
11.307533
11.609610
11.044076
11.241719
11.332540
11.506028
11.523679
11.397795
11.069748
11.312919
12.159005
11.330703
11.170440
11.223927
11.293891
11.076843
11.086885
10.696352
11.160289
10.976404
11.659518
11.713437
11.446046
10.674668
10.595131
10.844604
10.794033
12.127140
12.031524
11.778493
11.491255
11.240680
10.865248
10.625728
11.042367
10.886942
10.392267
10.738684
10.164609
9.848837
9.626829
9.648496
10.152811
10.084615
9.313536
9.300734
9.945404
9.868028
8.740924
9.171695
9.239386
9.223858
9.565356
10.538814
11.864266
11.638932
10.421714
9.090293
10.013140
9.741573
9.244215
9.035395
9.360504
9.697117
9.138476
9.278719
8.920950
8.670215
9.294537
8.554112
10.916217
11.294161
11.048216
10.739200
9.399219
8.851594
8.812824
8.552142
8.711620
8.728432
8.667597
8.823399
9.756701
9.931076
9.332141
8.969178
9.792856
9.525481
9.419136
8.056317
8.220084
8.178155
8.005986
8.958559
8.411993
8.712531
8.320769
8.484986
8.529628
9.267180
8.145618
8.980153
8.198808
8.135857
8.100344
8.084917
8.110275
9.485288
9.102167
10.393896
9.749774
9.115328
10.014668
11.544836
10.783956
12.499751
10.574233
9.907560
9.720296
9.291615
8.620882
8.935062
9.674835
9.870508
9.600866
9.865101
10.322176
9.934434
9.230333
9.556256
9.366429
9.052985
8.911887
8.866846
8.855465
8.843689
8.830678
8.815692
9.051710
8.597438
8.842360
9.190549
9.325393
9.036367
8.939922
8.975939
8.877057
9.427558
8.881340
9.361589
9.301791
8.539892
8.926447
9.152049
10.365572
9.984355
10.035486
9.960584
10.286891
10.254721
10.080417
9.615281
9.046012
9.066842
9.862515
9.041194
10.584525
10.173754
9.834951
9.865518
9.689029
9.086381
9.189434
8.982269
9.477410
10.171280
10.311231
9.014000
9.247623
9.923878
11.152438
11.442808
10.307252
9.650502
8.186308
8.609652
9.571700
9.358919
8.449798
9.810885
9.789467
8.438624
8.501604
10.437167
8.604171
8.276543
8.384246
7.815517
8.868472
9.144161
9.284995
8.282116
8.007290
8.842268
9.196457
9.085871
8.121367
7.817486
8.278036
8.315221
10.666985
9.597016
11.339412
10.769727
10.144173
10.471437
8.906776
9.193277
10.261821
9.096369
10.832759
11.706686
12.056436
11.186603
9.807397
10.712043
10.661275
10.251692
10.985151
10.335296
11.210215
10.921757
10.299013
8.337503
8.951913
8.848487
9.440007
8.839214
8.876246
9.293337
9.757084
9.604939
10.660961
10.726343
9.272885
11.344982
9.998966
9.942529
9.714232
9.387497
9.105658
9.224666
9.981736
10.000720
8.658140
8.447518
8.341181
8.967398
8.365829
9.859345
10.274904
9.224649
8.441962
9.916421
10.107490
8.857670
10.282659
10.098591
9.158423
8.691373
8.717094
8.629376
10.199213
9.486068
9.662627
9.488905
9.201460
8.854749
9.733501
8.776730
8.130925
8.033336
7.990616
10.145204
9.773137
9.650463
8.615881
8.507302
8.963435
8.253734
8.207418
8.458929
10.418156
10.574335
8.077758
8.332147
7.896486
7.659271
8.920119
8.678444
9.496612
10.439238
8.800865
9.512355
8.183277
8.201068
8.662170
8.717883
9.671776
8.877572
8.724176
10.103509
9.864428
9.794013
9.035312
8.900909
9.540948
10.161279
9.236420
9.818105
9.346634
9.573732
9.315599
9.716924
10.910708
9.880308
11.276935
11.037203
11.091235
10.893163
10.714623
10.298000
10.753906
10.516496
11.452728
11.041734
10.564296
11.446049
10.707089
10.542871
10.277533
10.319954
11.349017
10.563653
10.247352
10.073960
11.256486
10.322502
10.720058
9.665688
10.712570
10.319192
9.648871
9.293914
9.248217
11.439890
10.067519
10.270182
9.188727
10.183336
9.590504
9.056167
10.456809
9.765269
9.157360
10.567203
12.443255
11.140526
8.807488
9.459559
10.284593
9.576812
9.608694
10.257023
8.837947
8.098587
8.999873
8.333630
7.436826
10.305771
11.256090
9.641533
8.601029
9.907721
10.757738
10.980121
9.623120
10.186773
9.652367
7.920644
12.039049
10.184185
10.193951
13.774845
12.213048
11.768066
11.240180
10.771738
10.208224
9.906089
10.324204
9.109540
9.138620
9.153416
8.810511
9.026264
10.755052
10.993335
9.693834
9.199894
9.108164
10.472831
10.022183
9.528066
10.383151
10.238471
9.691855
10.372348
9.896657
9.449981
9.278695
9.964933
9.388931
9.622950
9.811983
9.366682
9.277032
9.646831
8.356045
8.329983
8.567999
10.376365
10.983095
9.067019
8.798768
8.885490
9.133563
7.670405
9.211079
8.135148
8.516744
10.614986
12.120736
11.807197
11.544385
11.010246
10.934337
11.062870
10.153212
9.387704
9.857690
10.396219
10.873594
11.226239
8.827252
8.444088
8.337711
8.072262
7.945592
7.898723
7.998947
8.847109
11.049856
8.022652
8.156245
8.043830
7.554762
7.579742
7.488001
8.792046
7.159125
7.464583
8.212841
7.842541
9.405104
9.858316
8.318371
8.546413
8.953392
8.946495
9.387813
8.168929
8.188881
8.976474
8.388718
8.391982
9.319944
8.043131
8.061232
9.273973
8.212911
7.670282
8.030888
10.107318
11.918451
11.511068
11.343387
11.181817
10.741288
10.255073
10.103183
10.062639
10.006495
9.949919
9.666553
9.637940
9.596051
9.581028
9.532852
9.515442
9.531301
9.529288
9.424689
9.502637
9.449247
9.747312
9.573119
9.832505
9.781091
9.732591
9.611048
9.695212
9.748585
9.691640
9.658805
9.595733
9.588737
9.568762
9.560174
9.554330
9.542273
9.531973
9.522532
9.517146
9.510897
9.506585
9.501669
9.498181
9.494254
9.491117
9.487886
9.484985
9.482161
9.479491
9.476920
9.474455
9.472080
9.469795
9.467601
9.465507
9.463530
9.461706
9.460093
9.458767
9.457808
9.457249
9.457016
9.456909
9.456655
9.456004
9.454793
9.452979
9.450609
9.447761
9.444498
9.440852
9.436873
9.432735
9.428827
9.425658
9.424085
9.423002
9.417732
9.410266
9.404645
9.400940
9.400733
9.397149
9.384598
9.377194
9.372784
9.362976
9.354170
9.345565
9.336835
9.328166
9.319136
9.306722
9.297767
9.282450
9.360982
9.686631
9.826019
10.325548
10.861914
11.821263
11.357122
11.242241
11.168837
11.130379
11.108190
11.086934
11.060952
11.032766
11.076420
11.470364
11.050070
10.917760
9.923469
10.475402
10.223419
10.278398
10.177319
10.217579
10.160405
10.175092
10.138616
10.140733
10.118365
10.104839
10.177205
10.203444
10.047979
10.535656
11.204572
10.370954
10.602382
11.751111
10.134177
9.865088
9.857871
10.011096
9.709684
9.579629
9.715030
9.622825
9.952072
9.846378
9.535647
9.526559
9.775305
9.454095
9.294655
8.979337
8.814439
8.780022
9.752214
10.765857
9.622973
9.838851
10.986071
11.483168
12.199757
11.502099
11.048494
10.936248
10.872370
10.847102
10.821344
10.816490
10.839280
10.773246
10.746091
10.702661
10.376346
10.060144
9.761639
9.675824
9.553301
9.524760
9.507469
9.490368
9.476917
9.465432
9.452189
9.426048
9.473413
10.264229
10.860545
10.737708
10.782991
10.697148
10.789541
10.676509
10.732145
10.705956
10.744944
10.657922
10.702788
10.681468
10.655242
10.595579
9.896681
12.122482
11.666638
11.474027
11.321960
11.190036
10.977412
11.120643
10.550154
10.364666
10.309229
10.232541
9.756087
9.740775
10.079988
9.784152
9.789283
9.704974
9.740276
9.327932
9.501391
9.238991
9.718205
9.662079
9.227909
9.265303
10.555400
12.491000
12.436199
12.722425
12.051488
12.280528
12.593462
11.605434
11.561353
13.015450
11.539345
11.686073
12.581388
11.767834
11.695349
11.816023
11.257305
11.477508
11.700244
12.137953
12.287947
12.114909
12.315390
11.925256
11.812498
11.812570
11.795139
11.747329
11.724946
11.618058
11.581069
11.544420
11.498932
11.390218
11.339563
11.291583
11.289220
11.261037
11.241619
11.131381
11.682831
11.636778
11.585848
11.549131
11.517237
11.378753
11.100308
10.992646
11.249970
11.154827
10.977954
10.963764
11.339290
11.260007
11.112441
10.990871
10.920707
10.905126
10.911565
10.856862
10.833384
10.826736
10.809464
10.774394
10.765984
10.720025
10.716646
10.708174
10.687396
10.690089
10.663238
10.667716
10.651311
10.649798
10.635795
10.634432
10.624897
10.618150
10.614834
10.604876
10.605186
10.592707
10.594961
10.580102
10.581445
10.561135
10.558017
10.541682
10.554261
10.507286
10.511056
10.531485
10.507905
10.507732
10.439794
10.352529
10.296565
10.144263
9.876074
9.830783
10.584809
10.025163
10.247512
10.060445
10.427472
12.969175
10.434939
10.239832
10.328061
10.133156
10.435653
10.888583
10.255707
10.072717
10.213286
10.803251
10.552677
10.573363
10.354244
10.663401
10.915477
10.397742
10.668189
10.788326
11.183881
10.487432
10.328478
10.392661
10.443290
10.247943
10.687815
10.828007
10.383310
10.357022
10.338104
10.323891
10.391580
10.330348
10.420349
10.326891
10.384254
10.065728
10.471719
11.982114
11.693280
11.659994
11.738681
11.506600
11.877186
11.475215
11.427403
11.411219
11.874121
11.156440
11.439246
11.327544
11.161541
11.195903
11.156941
11.238759
11.306894
11.148766
11.101570
11.343229
11.410276
11.407453
11.151755
11.215158
11.194088
11.102078
11.398424
11.280059
11.121132
11.106165
11.347366
11.595081
11.210758
11.192581
11.165616
11.079155
11.376019
11.129536
11.223348
11.282361
11.114473
11.424934
11.120253
11.206194
11.126285
11.113505
11.094013
11.084989
11.097453
11.041006
11.281944
11.109140
11.370185
11.026640
11.322355
11.641570
11.007128
10.765108
10.923743
10.616444
10.655066
10.854934
10.660624
11.106735
10.615086
10.962902
10.677322
10.692590
10.984942
10.660669
10.843464
10.676534
10.669933
10.661861
10.659690
10.721721
10.647226
10.634803
10.789773
10.641891
10.623452
10.821456
10.640776
10.700322
10.604912
10.818744
10.736100
10.636631
10.520410
10.626298
10.712265
10.755254
10.621117
10.871902
10.740212
10.648607
10.623290
10.774375
10.622822
10.589431
10.803003
10.590376
10.392997
10.490920
10.354731
10.383213
10.800491
10.591259
10.610271
10.819327
10.351082
10.307779
10.728616
10.530877
10.254016
10.433396
10.376276
10.198101
10.506299
10.244291
10.427511
10.171948
10.175779
10.170515
10.033382
10.463724
10.083538
10.259152
11.769716
9.919825
11.252851
10.381745
10.146417
9.944262
9.946660
10.123704
10.033288
9.629412
9.713935
9.884764
10.230292
9.518550
9.105151
9.053809
10.309346
10.116757
10.335295
9.337776
9.268133
9.297217
9.098365
9.236161
9.118069
11.011415
9.057375
9.685413
11.753182
10.784314
10.207531
9.834973
9.183892
9.892462
12.173872
10.363660
9.512790
9.560343
9.187251
9.394465
9.207027
10.191507
10.118838
10.964931
10.587283
9.033927
9.719864
9.906140
9.935716
10.475720
9.769394
11.008166
11.035157
10.863119
10.657085
10.226579
9.216585
10.095204
9.331709
9.530580
8.825323
9.463979
10.010985
9.301098
9.217480
9.415499
10.610519
9.920769
10.419475
11.302894
10.034331
10.158265
9.836712
9.655278
9.465047
9.337667
9.330132
10.038560
10.178007
9.583933
9.249359
11.321415
10.712367
10.574729
10.424533
10.260473
10.228226
9.174813
11.694956
11.368211
11.355980
11.083769
10.776535
9.520385
9.939249
10.675849
10.628220
9.847051
8.672572
9.482888
10.509952
10.602038
9.169110
9.223838
8.919612
8.335209
8.875623
9.142885
9.806623
9.159207
8.244760
8.691386
9.156282
8.866725
9.102366
9.411942
9.036404
8.467847
8.612079
8.619172
8.248821
8.223400
8.511830
8.221860
8.536295
9.080267
9.200425
8.989846
9.557868
9.437916
9.647499
9.182188
9.165730
8.884823
8.430630
8.389496
8.865202
9.538492
9.000299
8.086189
9.390877
11.027046
10.197003
10.582610
10.508173
9.943786
10.538317
11.690130
11.645186
11.059651
10.713490
10.639258
11.028017
10.316360
10.359219
10.335769
10.360075
10.873080
10.838149
11.368202
10.777045
10.611318
10.555387
10.368697
10.284194
10.989813
10.632739
10.167300
10.680581
10.146331
10.535937
10.176075
10.410870
10.261959
10.283991
10.101696
10.010463
10.011419
9.994496
9.975561
9.954773
9.940756
9.930550
9.920889
9.911564
9.902404
9.893291
9.884424
9.877218
9.876705
9.878595
10.461524
10.496662
11.624420
10.645873
10.404439
10.265447
10.918430
11.473897
10.907284
10.310872
9.883715
10.104666
10.409563
9.918396
11.365358
11.648899
10.707973
10.881189
10.804324
10.775992
11.450092
10.645903
10.827199
10.923626
10.842979
10.415872
10.321388
10.675527
10.135470
10.590677
10.098627
10.285194
9.993383
10.321302
9.966056
10.384410
9.990662
9.884668
9.844603
10.277992
9.988645
10.395160
10.131263
9.901168
10.405653
10.033474
11.964039
12.041780
11.770834
12.131245
11.836553
11.264986
10.793350
10.749457
10.621390
10.367463
10.973195
11.315341
10.597552
10.853646
10.267185
10.212020
10.400416
10.487102
10.245097
10.384469
10.816574
10.886323
10.136035
10.476358
10.649921
10.300087
10.623466
9.777921
10.487445
10.333299
10.026172
10.136858
10.356096
10.278735
10.725997
10.214960
10.791456
10.471368
10.476885
10.017221
10.203322
10.069997
10.024958
10.167955
9.592246
10.740563
10.194529
10.226982
10.197899
9.781026
9.772771
10.069255
10.057955
9.912058
9.898075
10.503005
9.844549
10.054227
9.492365
9.932122
9.709741
9.758232
9.622475
9.569521
9.915442
9.551562
9.496763
9.474999
9.460852
9.436017
9.420973
9.411385
9.401329
9.391146
9.381110
9.371480
9.362731
9.355761
9.351438
9.346857
9.341722
9.334977
9.493000
9.405259
9.925377
9.733830
10.499334
9.503983
9.168419
10.207435
9.419227
10.212998
9.663477
9.988065
10.289311
9.873832
8.912174
11.180401
11.399822
10.738571
8.831656
9.955142
10.511472
10.293278
10.190043
9.856136
9.774277
9.733408
13.283535
11.520209
10.528872
12.801728
12.008600
11.839562
11.693512
11.666589
11.442528
11.842116
11.718931
11.354358
11.564138
11.812175
11.631815
11.577324
11.570430
11.427123
11.380939
11.363715
11.291140
11.270375
11.252238
11.241137
11.566147
11.408063
11.371883
10.975128
11.042665
11.283762
11.615900
11.002727
11.241722
11.224232
11.211617
11.011017
10.917467
10.807366
10.801182
10.678980
10.631221
11.021823
10.639736
10.744980
11.901320
10.735437
11.025587
10.599744
10.514679
10.763823
10.605838
10.519593
10.795427
10.675988
11.426933
11.573691
11.767494
11.309580
11.134007
10.657592
10.694900
10.293826
11.036258
9.971208
9.574265
10.691156
10.448631
10.794760
10.170196
10.017205
9.787425
10.022276
9.884124
9.535712
9.359204
9.418953
9.812210
9.182776
9.184612
9.308491
9.841982
10.686003
9.899985
9.315396
9.234090
8.896003
9.378098
10.272249
9.067368
9.177173
8.276937
11.242415
9.673360
9.304368
8.466338
10.044590
9.354097
9.014604
9.523213
8.717624
8.571039
8.587589
8.220192
8.537162
8.341863
8.497636
8.503366
8.356570
8.218185
8.489858
8.109492
8.255021
8.171120
8.010811
8.229885
7.827219
8.287707
9.562177
8.399964
9.541040
10.838226
9.514413
9.097603
8.681212
8.493695
8.467894
8.363692
9.057603
8.388660
8.295193
8.406923
9.218271
8.322682
8.152320
8.770862
8.733969
8.234137
9.811855
8.938833
8.276572
8.096464
8.364479
7.941513
8.448155
7.900881
8.240148
8.576992
10.359877
9.358840
9.874486
11.126099
10.949462
10.498684
10.197182
9.439330
10.028546
9.965071
9.448550
9.876034
10.307709
11.400384
10.669446
10.111981
10.093042
9.879672
9.942702
9.829303
9.766511
9.543586
9.903446
9.814482
10.191692
10.098311
10.658431
9.780801
9.452008
9.758981
11.157352
10.577037
10.021664
10.379688
11.234034
9.910222
10.164710
10.129063
9.782633
10.294896
9.776764
10.390531
9.826151
9.805595
10.291012
10.954253
11.394457
10.471069
9.633179
9.103370
8.652453
8.129827
12.404801
10.757988
10.038270
10.235842
10.241142
10.206565
10.052530
10.026639
9.852486
9.757958
10.247530
9.675665
10.713774
10.072719
10.281527
10.304643
10.719887
12.992558
10.930822
10.082579
9.936192
9.562424
11.805383
11.522335
11.498858
11.128031
11.042109
11.053150
10.762792
10.687139
11.070954
10.870057
10.464514
9.490687
10.717365
13.240692
13.428343
12.316453
11.325077
11.178347
10.913227
11.263595
10.679106
10.992239
10.560562
11.001562
10.702616
10.390193
9.788223
10.186637
9.847288
9.281903
8.792418
9.175867
9.339289
8.941428
8.751857
8.837379
9.086571
8.733915
9.436248
8.786066
9.313759
9.433395
9.779614
9.229733
9.263938
9.151805
9.211741
9.005138
9.751633
9.765782
9.592196
9.531470
9.137314
9.224776
10.059964
11.907831
12.129583
12.188759
11.987217
11.928025
11.905416
11.877766
11.862076
11.776052
11.866729
11.705259
11.645428
11.807693
12.141760
11.892052
11.986698
11.774462
11.863488
11.766579
11.796358
11.620902
11.454983
11.732220
11.549950
11.371288
11.258652
11.464519
11.583238
13.373298
12.858827
12.757395
12.689749
12.648819
12.613745
12.585202
12.499648
12.450899
12.393922
12.329211
12.272495
12.222559
12.192073
12.166893
12.156941
12.134192
12.116319
12.096941
12.087658
12.064613
12.049235
12.029620
12.015291
11.993716
11.962070
11.921199
11.897952
11.801606
11.418292
11.284191
10.933980
12.681001
12.468352
12.099673
12.398212
11.739383
12.098973
11.308177
16.135632
13.113497
12.264588
12.277138
12.117684
11.637795
12.248734
11.815340
11.925136
11.617495
11.658991
11.717959
11.308885
11.752597
12.315833
11.908149
11.508795
11.354390
11.671017
11.636417
11.790467
11.590568
11.944735
11.822271
11.909861
11.778833
11.953287
11.989984
11.570092
12.037845
12.029155
11.807681
11.671985
11.550722
11.946756
10.942975
10.948043
11.045771
10.785678
10.945480
10.843673
10.774478
11.149328
11.086801
11.187315
10.475675
10.533203
10.282110
10.410302
10.219821
10.272570
10.142359
10.132241
9.908232
9.684008
9.928172
9.676712
11.154385
9.897555
9.743341
9.957808
9.935543
10.444906
11.072386
11.013623
10.836687
10.692394
11.081748
10.921711
10.806318
10.776860
10.681789
10.141581
10.292803
10.081502
9.419530
9.717488
9.885218
9.225565
9.201950
9.156203
9.426902
9.562472
9.185748
9.066674
9.447641
9.493195
9.455565
9.904194
8.988327
10.762138
9.621034
10.813173
11.911550
11.105035
11.017530
10.735586
10.863457
10.245382
11.193515
10.405022
10.091976
10.095048
10.015178
11.724889
12.609686
12.080832
11.702797
11.551289
10.852016
10.368813
10.488682
10.406894
10.353870
10.232349
10.102877
9.939514
10.004775
10.255509
12.000176
11.566182
12.878336
12.266741
12.508175
11.949255
11.778157
11.082149
11.241640
10.765273
10.760647
10.674945
10.750384
10.419689
10.441562
11.147137
10.306012
10.270236
10.245890
10.226474
10.210353
10.196233
10.183375
10.170961
10.158117
10.143778
10.126329
10.100872
10.053840
10.382711
10.420561
11.621286
11.432973
11.366596
11.358245
11.355743
11.346749
11.290422
11.689887
13.099149
12.055049
11.969146
11.651078
11.280838
11.818625
11.865018
11.117447
10.508535
10.991863
11.816123
10.705822
10.461744
10.612388
10.666050
10.644581
10.555386
10.605459
10.490138
10.598718
10.632999
11.561288
15.545742
14.699247
14.068911
12.698707
13.078239
11.449644
12.167805
12.631051
11.782683
11.501174
11.501977
11.368286
10.727400
11.243247
12.951188
12.548313
12.399598
12.357524
11.915010
11.944028
11.743842
11.206214
10.533957
10.339668
10.262975
10.162998
10.298456
9.671400
9.513605
9.381706
10.077042
9.564076
9.523864
9.260291
9.907752
9.518948
9.261458
9.276111
9.263291
9.497475
9.044500
9.482570
9.298096
9.131973
9.244519
9.104380
9.108966
9.166697
9.085459
9.076730
9.181308
9.051949
9.173441
8.723042
8.638988
9.181025
8.862886
8.773585
8.706411
8.589531
8.413987
9.220579
8.674469
8.920652
8.707619
8.546532
8.674596
8.517080
8.661027
8.931511
8.502491
8.538140
8.963253
8.507077
8.503805
8.512258
8.446819
8.579199
8.387398
8.438016
8.467374
9.215268
12.250295
9.786985
9.511460
9.457886
9.391602
9.382704
9.359945
9.365287
9.362393
9.361032
9.358950
9.357113
9.355153
9.353253
9.351344
9.349463
9.347592
9.345736
9.343885
9.342034
9.340171
9.338285
9.336361
9.334383
9.332331
9.330189
9.327937
9.325561
9.323044
9.320363
9.317496
9.314425
9.311140
9.307643
9.303939
9.300033
9.295927
9.291614
9.287078
9.282298
9.277244
9.271882
9.266176
9.260095
9.253617
9.246741
9.239490
9.231917
9.224101
9.216136
9.208115
9.200104
9.192055
9.183656
9.174158
9.162289
9.146288
9.124172
9.091645
9.045433
9.340392
10.624808
11.219653
10.448004
9.845326
10.969063
10.574738
10.441560
10.444555
10.441080
10.435516
10.429516
10.423629
10.417985
10.412579
10.407363
10.402275
10.397232
10.392121
10.386732
10.380549
10.371494
10.344275
10.084181
10.031518
10.767146
11.286708
12.597734
10.701954
10.801790
10.566111
10.681510
10.325609
10.313967
10.436981
10.016399
9.952630
10.490310
11.105579
10.236443
9.701063
9.691119
9.694182
9.696115
9.697428
9.698371
9.698946
9.699112
9.698880
9.698286
9.697362
9.696114
9.694511
9.692455
9.689723
9.685821
9.679878
9.677218
9.821198
9.730552
9.686292
9.668393
9.685976
9.683783
9.678421
9.681114
9.655200
9.703994
9.660736
9.494608
9.737651
9.280165
9.594274
9.684792
9.717328
9.660813
9.660582
9.743669
9.661310
9.654265
9.642079
9.718811
9.645542
9.630047
9.697729
9.622957
9.612392
9.279090
9.175321
9.151366
9.130552
9.110426
9.093425
9.080232
9.069883
9.061307
9.054006
9.047964
9.043059
9.038055
9.029432
8.994900
8.820918
8.965676
12.255217
9.016696
9.082824
8.979345
9.170276
9.017126
9.027768
9.097324
8.892747
11.116800
10.437074
10.803779
10.246524
9.380585
10.545295
9.448329
9.487842
9.509944
9.458955
11.023250
11.027681
11.101269
10.972740
10.150645
10.645432
10.103570
10.407242
10.672367
10.808869
10.374973
10.236449
10.242930
10.119826
10.163303
10.151162
10.346707
10.041112
11.606932
10.472888
10.301271
10.009678
10.296999
10.081879
10.068158
10.059803
10.053388
10.047267
10.038545
9.985064
9.876338
9.880869
9.987984
9.846887
10.103633
10.010227
9.848613
9.821600
10.214066
9.702664
10.007453
10.143720
9.982925
12.641664
14.530914
14.398584
13.363890
13.044571
12.942201
12.813444
12.665345
12.646620
13.167733
12.710749
12.609188
12.389930
12.366555
12.313792
12.279015
12.263735
12.253337
12.222289
12.582074
12.494256
12.505957
12.258587
12.172131
12.086442
12.902272
12.643047
12.594065
12.251125
12.331491
12.209407
12.051346
12.554858
12.117374
11.963683
11.942307
12.081762
11.939679
11.988465
11.548336
10.399986
10.335068
10.275098
10.293119
10.266082
10.232025
10.145081
10.024934
9.988440
9.996365
9.994201
9.987146
9.982412
9.976530
9.972520
9.968240
9.964934
9.961555
9.958556
9.955351
9.952201
9.948840
9.945757
9.942741
9.940582
9.939017
9.938692
9.940228
9.947813
9.990280
9.895539
9.987618
9.926591
9.910016
9.901479
9.893189
9.912234
10.008998
9.918930
9.910213
9.942828
9.908022
10.104131
9.819012
9.653652
10.069372
10.643127
10.009090
9.951380
9.932924
9.921925
9.914165
9.907891
9.902252
9.896835
9.891640
9.887061
9.883302
9.880092
9.877184
9.874447
9.871821
9.869275
9.866796
9.864372
9.861997
9.859662
9.857354
9.855049
9.852711
9.850279
9.847652
9.844659
9.841000
9.836161
9.829434
9.820612
9.809620
9.791658
9.945794
9.817367
9.796165
9.783055
9.926668
9.805457
9.767105
9.920044
9.830506
9.822161
9.815595
9.801762
9.781112
9.890701
9.767329
9.788223
10.099540
9.780939
9.789795
10.180313
9.842984
9.886328
9.897093
9.901293
9.897107
9.889521
9.880739
9.871306
9.861120
9.849839
9.836828
9.820939
9.800970
9.777154
9.752827
9.732715
9.714755
9.693572
9.670180
10.199255
10.850285
11.645423
12.419362
10.667030
10.440855
10.422007
10.412171
10.400894
10.387996
10.374013
10.359558
10.345209
10.331289
10.317477
10.302271
10.282512
10.255108
10.224279
10.201426
10.191153
10.189666
10.192128
10.195869
10.199990
10.203629
10.205813
10.207837
10.209170
10.210734
10.210745
10.214238
10.205328
10.242253
10.215314
10.215590
10.215326
10.214422
10.212269
10.205915
10.190938
10.277062
10.182533
10.260861
10.195293
10.170406
10.247332
10.163188
10.228550
10.159185
10.208058
10.165338
10.183484
10.160035
10.102879
10.322343
10.176976
10.171330
10.169192
10.169474
10.170785
10.172553
10.174762
10.177123
10.178975
10.180479
10.180908
10.183191
10.180431
10.249923
10.179269
10.167615
10.160829
10.149546
10.142964
10.131034
10.282604
10.112009
10.132951
10.115205
10.139067
10.117136
10.109669
10.099421
10.103736
10.100957
10.108352
10.160149
10.251462
10.077749
10.041224
10.018568
9.966573
10.299289
14.056120
13.720685
13.651710
14.567917
14.191308
13.641931
13.449395
13.341909
13.265256
13.195278
13.129081
13.057273
13.044749
12.987911
13.042436
13.158190
12.901691
12.959626
13.207369
13.117137
12.920341
12.594110
12.472267
12.435463
12.550795
12.157109
12.072277
12.185783
12.152195
12.052663
12.017955
12.410225
12.095677
12.255359
11.944741
11.907599
12.069932
12.014536
11.984150
11.944901
12.288518
11.987817
11.919080
11.893944
11.702903
11.920164
12.198624
11.733912
12.261544
11.945685
11.780866
11.635812
11.594980
11.677452
12.124533
11.889471
11.898510
11.578598
11.727012
11.722678
12.222877
11.995151
11.902131
11.879778
12.046279
11.880141
11.367370
12.259533
11.360522
11.605339
11.582992
11.563116
11.543018
11.520164
11.487675
11.436412
11.408698
11.387919
11.366663
11.343753
11.320331
11.298633
11.280204
11.265161
11.252766
11.242085
11.232093
11.220745
11.195519
11.038617
11.017352
11.006423
10.994494
10.986116
10.978467
10.972013
10.965668
10.960185
10.954474
10.949898
10.944659
10.942824
10.936235
10.944006
10.924643
10.995077
10.934402
10.916063
10.901515
10.905422
10.888744
11.813701
15.457463
13.473068
13.473561
13.477011
13.494003
13.500866
13.498203
13.493799
13.489165
13.484256
13.479350
13.475323
13.472407
13.467771
13.456100
13.433668
13.408241
13.408170
13.344404
13.195517
13.591439
13.138117
13.210509
12.857985
12.868915
12.895139
12.817266
12.905916
12.282645
12.078787
11.983473
12.412374
11.958718
13.053131
13.755893
13.555920
14.402128
13.716972
12.891574
12.414501
12.288033
12.717913
12.841826
12.311624
12.642373
12.429395
12.529360
12.308622
11.986819
12.172113
12.021419
12.245668
12.047367
12.041168
11.943708
11.856193
11.950360
11.884694
11.781733
11.913652
11.849279
11.831685
11.825577
11.820192
11.816543
11.812295
12.009701
11.952790
12.925340
12.598817
12.693537
12.695987
11.918316
12.195044
11.951774
11.818161
11.726373
11.701933
11.681522
11.664820
11.651306
11.640384
11.631508
11.624217
11.618146
11.613014
11.608609
11.604773
11.601390
11.598378
11.595675
11.593234
11.591018
11.588997
11.587143
11.585431
11.583837
11.582335
11.580895
11.579459
11.577851
11.575220
11.563366
11.666696
12.115932
11.752690
11.953407
11.638260
11.576206
11.570069
11.557200
11.674496
11.725095
11.539377
12.244149
11.662592
11.638162
11.622422
11.608289
11.594514
11.579539
11.564196
11.555490
11.550462
11.546544
11.543024
11.539299
11.534332
11.525093
11.497493
11.350057
11.526646
11.543426
11.543730
11.545610
11.543836
11.543281
11.539812
11.559481
11.535877
11.536198
11.535873
11.535132
11.533858
11.531560
11.526595
11.512145
11.822942
12.978806
11.751903
11.735846
11.723637
11.655752
11.527367
11.517697
11.490519
11.564569
11.602586
12.362661
11.654637
11.563220
11.283009
11.279008
11.274485
11.271093
11.267906
11.264336
11.259703
11.252669
11.239140
11.222120
10.957184
11.227674
11.246313
11.222845
11.197881
11.294885
10.911405
11.170597
11.790550
12.273998
11.739216
11.714475
11.690432
11.615835
11.368729
11.045547
11.991194
11.321383
11.095777
11.258952
10.587548
10.548280
11.621195
11.800761
11.140033
11.064186
12.940803
11.522383
10.477547
11.515702
11.151255
11.577077
11.263335
10.973266
10.774083
10.986932
14.446218
13.653516
12.387133
11.238557
11.843312
10.749834
10.596200
10.551913
10.537345
10.501086
10.493453
10.468468
10.450084
10.400335
10.760520
10.302931
10.225149
10.227052
10.335796
9.849019
10.683555
11.944657
10.261460
11.510249
10.772453
10.765386
10.592475
10.943072
10.902856
10.767203
11.261441
11.677232
10.886326
10.685701
10.629691
10.619025
10.608394
10.597005
10.583133
10.564793
10.553223
10.545629
10.489376
10.571622
10.663094
11.197419
10.911708
10.896422
10.735454
10.730489
10.716162
10.719719
10.705191
10.688416
10.895609
10.961997
10.712237
10.657776
10.625498
10.603338
10.586412
10.572386
10.552305
10.489284
10.460594
10.455354
10.449416
10.442616
10.434551
10.426454
10.417932
10.408951
10.399352
10.389612
10.380052
10.370765
10.361761
10.353026
10.344542
10.336300
10.328307
10.320578
10.313138
10.306012
10.299220
10.292775
10.286670
10.280873
10.275293
10.269685
10.263246
10.254257
10.255399
10.244296
10.236999
10.246741
10.228486
10.226031
10.245423
10.215561
10.217642
10.239389
10.206987
10.223569
10.742571
10.934276
10.583392
10.590758
10.590534
10.579520
10.485598
10.489155
10.495783
10.492673
10.487870
10.481054
10.478082
10.472894
10.468786
10.466412
10.463766
10.461772
10.461470
10.460928
10.460940
10.463024
10.463338
10.464157
10.470418
10.469719
10.466249
10.477668
10.468268
10.573370
11.290208
10.952579
10.953336
11.363169
11.990259
13.640461
12.203256
12.528882
11.596623
11.101366
11.239382
11.170944
11.159971
11.150444
11.136307
11.600492
13.693758
14.016581
14.102333
14.783082
11.867449
11.768555
11.308854
10.708006
11.904869
12.536386
12.133964
11.530198
11.507780
11.554238
11.521776
11.499338
11.480984
11.457141
11.358969
11.419683
13.295393
11.542659
11.556370
11.494849
11.430191
11.402613
11.337347
11.658147
12.247328
11.993056
12.841396
13.377174
10.668665
12.035863
11.344041
11.296652
10.927237
10.500149
10.389545
10.349428
10.773370
10.317380
10.246852
10.312023
10.246417
10.352595
10.460372
10.412088
10.427156
10.444104
10.459203
10.471940
10.482192
10.489515
10.494245
10.498055
10.501844
10.505322
10.508232
10.510847
10.513818
10.518716
10.530891
10.564933
10.587440
10.586247
10.583362
10.578635
10.589178
10.574322
10.571253
10.577771
10.572174
10.572340
10.587334
11.602177
11.124802
11.114358
11.122833
11.116314
11.127487
11.231020
11.167289
11.101544
11.094401
11.093676
11.024334
10.908401
10.882046
10.853730
10.834636
10.814563
10.811802
10.796521
10.796906
10.779776
10.787005
10.767298
10.768575
10.759450
10.769751
10.754832
10.746368
10.763921
10.756776
10.744862
10.756118
10.750980
10.693751
10.742069
11.085861
10.608019
10.369773
11.013595
11.198053
11.255520
11.134884
11.110740
11.073194
10.970986
11.821966
11.909901
11.798440
11.786048
11.780144
11.775973
11.925518
11.711825
11.695341
11.720801
11.632690
11.591820
11.784096
11.611273
12.199435
15.633814
15.419178
14.481877
13.823866
13.525556
13.149558
12.613085
12.286722
12.084105
11.907207
11.787033
11.715504
11.684751
11.745608
11.735790
11.384245
11.894566
11.829149
11.657902
12.937261
12.808386
12.800422
12.617062
12.607955
12.569712
12.483622
12.428906
12.420933
12.414544
12.409324
12.404975
12.401134
12.397353
12.393133
12.388109
12.382309
12.376122
12.370022
12.364366
12.359296
12.354766
12.350652
12.346787
12.342899
12.338525
12.332920
12.325309
12.315859
12.306590
12.299397
12.293818
12.289008
12.284562
12.280308
12.276142
12.271963
12.267599
12.262618
12.255004
12.042314
11.643567
11.613035
11.606902
11.608871
11.346123
11.346156
11.347518
11.349569
11.351692
11.353288
11.354012
11.353792
11.352739
11.351028
11.348817
11.346233
11.343397
11.340451
11.337565
11.334882
11.332392
11.329962
11.327908
11.330062
11.321811
11.775247
11.311771
11.306740
11.394685
11.302599
11.301013
11.303388
11.306137
11.290779
11.247249
11.196468
11.165077
11.200627
11.403310
11.310998
11.522620
11.144322
11.103860
11.498180
11.849096
11.030887
11.224808
11.200543
11.757589
11.446062
11.431847
11.158284
11.158114
11.158619
11.161197
11.157567
11.156549
11.155496
11.153930
11.153504
11.143917
11.176917
11.091421
11.042311
10.892943
11.298404
10.842686
10.387638
11.136277
10.479026
10.393914
10.365051
10.365544
10.604677
10.578061
10.405468
10.775439
11.438304
11.212216
11.136768
11.600033
11.772263
11.379024
11.030789
10.984290
10.896575
10.870757
10.574307
10.728823
11.280124
11.422696
11.513205
11.737458
10.700801
12.673059
12.380607
12.425953
12.250486
11.924036
11.650495
11.471454
11.173364
10.766275
10.989694
10.495749
9.611192
9.464945
9.153232
10.626027
9.963375
9.871022
10.479095
10.441344
9.314340
10.440828
10.810823
10.588211
10.630266
10.614529
10.607199
10.596749
10.569705
10.574793
10.638811
10.618864
10.589491
10.585352
10.581790
10.576856
10.560301
10.557982
10.567924
10.535801
10.550022
10.544714
10.540118
10.525857
10.528995
10.532749
10.592469
10.571537
10.569616
10.568452
10.567463
10.566511
10.565554
10.564584
10.563600
10.562589
10.561504
10.560194
10.557999
10.546382
10.741864
10.554012
10.553699
10.550782
10.458298
9.474523
11.040824
13.064386
12.963135
12.564080
12.201566
12.930348
11.999738
12.923197
11.288284
11.398624
10.703802
9.847422
10.956999
11.063359
11.035868
11.019612
11.010001
11.003137
10.996286
10.991114
10.982768
10.973226
10.777223
10.743457
10.724875
10.711923
10.700996
10.690493
10.680469
10.674959
10.688733
10.669703
10.663689
10.652002
10.658039
10.704951
10.675586
10.645415
10.633727
10.633542
10.643445
10.661979
10.641121
10.651782
10.645266
10.656336
10.658812
10.666995
10.896255
10.675297
10.687031
10.600081
10.752308
10.921033
11.678477
13.181119
12.353225
12.758628
12.346395
12.314566
11.518801
11.122699
10.662549
10.560352
10.374124
10.521527
10.722046
10.460558
10.494830
10.447465
10.508175
10.435851
10.518970
10.398810
11.140416
10.551329
10.423880
10.664112
10.661280
10.653606
10.771135
10.465937
11.164334
10.576520
10.927660
10.646428
10.528429
10.494568
10.921000
10.667610
10.577860
10.522501
10.510026
10.499024
10.489621
10.481371
10.473672
10.466035
10.458228
10.450511
10.443461
10.437339
10.432047
10.427387
10.423171
10.419239
10.415453
10.411701
10.407906
10.404034
10.400095
10.396127
10.392168
10.388204
10.384120
10.379623
10.373438
10.313720
11.156284
10.808700
10.873929
10.941821
11.161981
11.271058
11.319504
11.260728
11.456540
12.006137
12.521531
12.868849
14.161158
12.806587
12.539013
12.344913
12.079448
11.997581
11.956550
11.929770
11.910597
11.896176
11.887696
11.875316
11.866855
11.862155
11.853520
11.851389
11.842948
11.837670
11.851559
11.888139
11.827872
11.822243
11.837621
11.862013
11.854307
11.787677
11.840130
11.777482
11.762548
11.788752
11.745909
11.690343
11.669027
11.652960
11.640340
11.632038
11.626524
11.622507
11.618050
11.609201
11.570334
11.564979
11.561274
11.574794
11.582223
11.545256
11.493214
11.487797
11.484364
11.481404
11.478855
11.476697
11.474627
11.473224
11.469918
11.476898
11.441351
11.596665
11.990446
12.281351
12.284500
12.194574
12.100506
11.935210
11.807243
11.577483
11.512204
11.493651
11.475906
11.453292
11.423421
11.419773
11.452396
11.398003
11.456106
11.428854
11.391626
11.451165
11.413943
11.384729
11.423440
12.560057
12.040325
11.769047
11.436772
11.389676
11.379630
11.376796
11.373281
11.370878
11.368491
11.366381
11.363770
11.359942
11.353695
11.342179
11.328170
11.315645
11.298255
11.271048
11.252248
11.237192
11.227147
12.876570
11.594879
12.228948
11.606272
11.424466
11.322872
11.304942
11.301639
11.297772
11.290594
11.277797
11.282284
11.281024
11.304328
11.302392
11.337660
11.348678
11.310383
11.297521
11.283273
11.259696
11.135471
11.065610
11.401850
12.031272
11.505778
11.079493
11.101806
10.981164
11.015931
10.989380
10.931918
10.907158
10.883878
10.864268
10.855353
10.892809
10.808080
10.801523
11.005623
11.979457
10.984075
10.942709
11.497004
11.756446
10.995638
10.837186
11.615266
11.363416
10.814050
10.614863
10.605799
10.544193
10.483892
11.615327
11.701023
11.228208
10.993120
10.663565
11.976804
11.670909
10.820426
10.611559
10.441493
10.381813
10.336069
10.328587
10.280688
10.250271
10.231442
10.181978
10.174216
10.110024
10.110856
10.091968
10.088340
10.072620
10.076674
10.073085
10.068233
10.048872
10.033992
10.028364
10.021464
10.021880
10.015351
10.015483
10.013681
10.000600
9.997213
9.989702
9.990981
9.986004
9.983388
9.977810
9.976047
9.970637
9.968986
9.962967
9.961070
9.956488
9.953842
9.951274
9.948582
9.946105
9.943672
9.941318
9.939044
9.936831
9.934687
9.932597
9.930565
9.928580
9.926644
9.924749
9.922895
9.921077
9.919293
9.917540
9.915814
9.914113
9.912434
9.910773
9.909129
9.907499
9.905879
9.904267
9.902660
9.901056
9.899452
9.897846
9.896234
9.894616
9.892989
9.891350
9.889698
9.888031
9.886346
9.884643
9.882920
9.881175
9.879408
9.877618
9.875804
9.873965
9.872103
9.870216
9.868306
9.866373
9.864419
9.862445
9.860455
9.858449
9.856431
9.854404
9.852372
9.850338
9.848305
9.846277
9.844257
9.842248
9.840251
9.838266
9.836294
9.834331
9.832375
9.830418
9.828451
9.826461
9.824430
9.822336
9.820149
9.817836
9.815368
9.812750
9.810090
9.807541
9.804113
9.794994
9.774134
9.742474
9.714294
9.704813
9.704557
9.683025
9.786495
9.595818
9.532858
9.522078
9.508666
9.510878
9.498359
9.489239
9.494183
9.484468
9.475731
9.475325
9.484516
9.681098
10.213889
11.070849
10.541435
10.914072
11.112922
10.847788
10.663552
10.406501
10.921589
12.640019
13.384449
13.255156
11.871352
13.140896
12.785846
12.411442
11.988545
11.937518
11.939740
11.944329
11.943827
11.943263
11.949254
11.953907
11.959178
11.963276
12.013417
11.985010
12.001114
11.977978
11.953079
11.971421
11.966349
11.943515
11.913584
11.724960
12.464226
12.080246
12.536578
12.856611
12.811214
12.787719
12.537980
12.527579
12.484250
12.480383
12.603842
12.775178
12.769552
12.829973
12.827035
12.653376
12.079798
11.992842
11.978314
11.948194
11.955265
11.929102
11.921923
11.911124
11.865456
11.907429
11.776517
11.783867
11.827295
11.677821
11.656917
11.789190
11.775139
11.355451
11.403542
11.273027
12.412305
11.393316
11.277771
10.903005
10.523773
10.403618
10.253240
11.206076
10.269752
10.073365
9.980891
12.151490
10.370020
11.634794
11.365471
11.183927
11.172044
11.066974
10.825165
10.718057
10.982164
10.699225
10.925503
10.794118
10.765514
10.723182
11.103250
10.809319
10.766461
10.849326
10.687811
10.488339
11.187871
10.785900
10.789555
10.479923
11.138827
10.708692
10.668383
10.646196
10.637703
10.628829
10.641670
10.627070
10.620683
10.620977
10.647017
10.714666
11.109000
10.753969
10.741418
10.611563
10.605760
10.620131
10.597698
10.955823
10.611378
10.737108
11.361588
12.152695
11.373097
11.742663
11.506222
11.509735
12.141759
11.689510
12.036988
11.644432
12.189641
11.461992
11.174624
11.521729
12.268866
11.553245
10.971974
11.054941
11.373642
11.684757
11.321475
11.296038
11.276212
11.251626
11.246622
11.238309
11.316890
14.140096
14.386275
13.419033
13.506384
13.587043
14.669508
13.470004
11.985030
11.838433
12.297836
12.627492
13.154218
13.576939
11.873433
11.504200
12.395283
12.323167
12.139351
11.720427
13.104122
13.477069
12.471834
12.475278
12.767536
12.152209
11.923836
11.887758
12.071721
11.674600
13.033788
12.426163
12.728869
12.943501
12.694780
12.739622
12.636119
12.178298
12.042179
11.828389
11.717506
11.655042
11.639505
11.627094
11.618940
11.691914
12.027817
12.443385
11.866723
11.857273
11.849798
11.840536
11.824060
11.747632
11.900773
11.869929
11.794868
12.147854
11.909820
11.360722
11.437532
11.186159
11.449106
11.355580
11.383521
11.366429
11.386968
11.406080
11.350889
11.369098
11.347485
11.348103
11.735601
11.464656
11.489776
11.415304
11.419190
11.422924
11.488122
11.483394
11.371842
12.032131
11.595233
11.336507
11.358237
11.327922
11.316982
11.307975
11.312917
11.335568
11.342160
11.356539
11.377623
11.343580
11.308577
11.321854
11.308761
11.381553
11.350875
11.346484
11.310360
11.801529
11.379290
11.364798
11.405696
11.354610
11.392992
11.891729
12.183643
12.229638
11.928596
12.164099
12.334585
12.003889
12.339732
12.383443
12.134782
12.086468
12.038466
12.145637
12.030542
12.040146
11.986557
11.994557
11.931141
11.938785
11.938203
11.938768
11.940459
11.942428
11.944555
11.946765
11.949022
11.951305
11.953604
11.955917
11.958251
11.960633
11.963131
11.965895
11.969230
11.973639
11.979654
11.986973
11.993207
11.995951
11.996892
11.998138
11.999132
11.999395
11.999827
12.000167
12.000817
12.000637
11.998726
11.997303
11.998233
11.987627
11.976348
12.088336
11.975262
11.962740
11.959256
11.955798
11.953998
11.951783
11.950054
11.947465
11.945212
11.941185
11.938472
11.929418
11.928991
11.904267
12.328821
12.165249
11.937120
11.890166
11.856987
11.902312
11.623966
11.608741
11.596154
11.578846
11.572303
11.568784
11.565648
11.563066
11.560860
11.558955
11.557294
11.555832
11.554533
11.553371
11.552323
11.551372
11.550502
11.549704
11.548968
11.548285
11.547651
11.547059
11.546506
11.545987
11.545500
11.545042
11.544611
11.544203
11.543818
11.543453
11.543108
11.542780
11.542469
11.542173
11.541891
11.541623
11.541367
11.541123
11.540889
11.540667
11.540453
11.540249
11.540054
11.539866
11.539686
11.539514
11.539348
11.539190
11.539037
11.538890
11.538749
11.538614
11.538483
11.538358
11.538237
11.538121
11.538009
11.537901
11.537798
11.537698
11.537602
11.537510
11.537421
11.537336
11.537253
11.537174
11.537099
11.537026
11.536956
11.536889
11.536825
11.536764
11.536706
11.536651
11.536598
11.536549
11.536503
11.536460
11.536420
11.536384
11.536353
11.536326
11.536304
11.536287
11.536278
11.536276
11.536285
11.536304
11.536338
11.536390
11.536466
11.536574
11.536728
11.536960
11.537340
11.538062
11.539704
11.543699
11.550766
11.553168
11.552425
11.554075
11.545081
11.585453
11.474138
11.787751
11.515888
11.509229
11.506048
11.424652
11.406203
11.261422
11.061104
11.217694
11.070300
11.193171
11.282504
10.928275
10.990178
11.007614
10.906127
10.822162
10.811017
10.803422
10.805255
10.895134
10.884875
10.878190
10.876277
10.872580
10.869655
10.862690
10.819935
11.060712
11.135020
11.682840
11.671734
11.310330
11.475040
11.105127
11.991522
12.028235
12.438589
12.165683
12.159484
12.089213
11.959355
11.913931
11.897985
11.888460
11.881328
11.875533
11.870592
11.866243
11.862329
11.858747
11.855425
11.852310
11.849362
11.846548
11.843842
11.841218
11.838649
11.836103
11.833540
11.830898
11.828088
11.824965
11.821275
11.816523
11.809564
11.797335
11.781077
11.966541
11.751055
11.764604
11.771897
11.748509
12.444726
11.529317
14.456045
12.311010
11.969560
11.874418
11.799496
11.733665
11.677880
11.632013
11.594651
11.563821
11.537456
11.514191
11.459287
12.998519
11.722267
11.608880
11.582993
11.540994
11.504086
11.479342
11.469719
11.467626
11.470446
11.487161
11.527484
11.632688
11.736216
11.052729
12.207105
12.098382
13.206165
13.327629
12.053761
12.538870
12.275736
11.768726
12.028795
12.096763
12.087753
12.125558
12.082212
12.268233
12.447090
12.326915
12.225169
12.294288
13.323342
12.680758
12.551191
11.957788
12.762071
12.447894
12.273424
12.305460
12.281190
12.287126
12.301213
12.311573
12.317941
12.319478
12.343278
12.319999
12.332300
12.364557
12.329108
12.336374
12.338999
12.334745
12.608275
12.735111
12.594888
12.173185
12.225141
