14.130123
13.564401
13.173968
12.950349
12.800039
12.681957
12.578893
12.483436
12.392188
12.303429
12.216141
12.129610
12.043247
11.956519
11.868914
11.779938
11.689107
11.595952
11.500031
11.400939
11.298321
11.191888
11.081432
10.966839
10.848098
10.725301
10.598649
10.468435
10.335041
10.198917
10.060562
9.920514
9.779325
9.637547
9.495718
9.354350
9.213917
9.074851
8.937536
8.802309
8.669466
8.539264
8.411925
8.287645
8.166594
8.048919
7.934742
7.824162
7.717253
7.614062
7.514611
7.418897
7.326892
7.238546
7.153787
7.072527
6.994662
6.920075
6.848641
6.780226
6.714692
6.651898
6.591702
6.533965
6.478547
6.425315
6.374138
6.324891
6.277456
6.231719
6.187573
6.144918
6.103659
6.063709
6.024986
5.987413
5.950922
5.915447
5.880929
5.847313
5.814550
5.782594
5.751402
5.720937
5.691162
5.662045
5.633555
5.605665
5.578347
5.551577
5.525331
5.499587
5.474322
5.449518
5.425152
5.401207
5.377665
5.354506
5.331715
5.309275
5.287169
5.265384
5.243904
5.222716
5.201807
5.181165
5.160777
5.140634
5.120725
5.101041
5.081574
5.062314
5.043255
5.024389
5.005712
4.987217
4.968898
4.950752
4.932775
4.914961
4.897309
4.879814
4.862475
4.845288
4.828252
4.811364
4.794622
4.778025
4.761571
4.745257
4.729084
4.713048
4.697150
4.681386
4.665757
4.650259
4.634893
4.619655
4.604546
4.589562
4.574703
4.559966
4.545351
4.530855
4.516476
4.502213
4.488064
4.474027
4.460100
4.446281
4.432568
4.418959
4.405453
4.392047
4.378740
4.365529
4.352412
4.339388
4.326455
4.313611
4.300854
4.288181
4.275593
4.263085
4.250658
4.238309
4.226036
4.213838
4.201713
4.189659
4.177676
4.165761
4.153913
4.142131
4.130414
4.118759
4.107166
4.095633
4.084159
4.072744
4.061385
4.050082
4.038833
4.027638
4.016496
4.005405
3.994365
3.983375
3.972434
3.961541
3.950695
3.939896
3.929142
3.918433
3.907769
3.897149
3.886571
3.876036
3.865543
3.855092
3.844681
3.834310
3.823979
3.813688
3.803436
3.793222
3.783046
3.772907
3.762807
3.752743
3.742716
3.732725
3.722771
3.712852
3.702969
3.693121
3.683309
3.673531
3.663788
3.654079
3.644405
3.634766
3.625160
3.615588
3.606050
3.596546
3.587075
3.577638
3.568234
3.558864
3.549527
3.540223
3.530952
3.521714
3.512509
3.503337
3.494197
3.485091
3.476017
3.466976
3.457967
3.448991
3.440048
3.431137
3.422258
3.413411
3.404597
3.395814
3.387064
3.378345
3.369658
3.361003
3.352379
3.343787
3.335225
3.326695
3.318195
3.309726
3.301288
3.292879
3.284501
3.276152
3.267833
3.259542
3.251281
3.243048
3.234843
3.226666
3.218516
3.210394
3.202298
3.194228
3.186184
3.178164
3.170170
3.162199
3.154252
3.146328
3.138426
3.130546
3.122686
3.114847
3.107027
3.099225
3.091441
3.083674
3.075923
3.068186
3.060464
3.052754
3.045056
3.037368
3.029690
3.022019
3.014356
3.006698
2.999044
2.991393
2.983744
2.976094
2.968442
2.960787
2.953128
2.945462
2.937789
2.930106
2.922413
2.914708
2.906989
2.899256
2.891508
2.883744
2.875962
2.868162
2.860345
2.852510
2.844657
2.836787
2.828901
2.820999
2.813084
2.805157
2.797220
2.789276
2.781328
2.773378
2.765429
2.757485
2.749549
2.741625
2.733716
2.725825
2.717955
2.710110
2.702292
2.694504
2.686748
2.679027
2.671341
2.663693
2.656084
2.648514
2.640984
2.633495
2.626046
2.618637
2.611268
2.603939
2.596649
2.589397
2.582182
2.575003
2.567860
2.560752
2.553677
2.546634
2.539623
2.532642
2.525690
2.518766
2.511870
2.505000
2.498156
2.491336
2.484539
2.477766
2.471015
2.464285
2.457576
2.450887
2.444217
2.437565
2.430932
2.424317
2.417718
2.411136
2.404569
2.398018
2.391482
2.384961
2.378453
2.371959
2.365477
2.359009
2.352552
2.346108
2.339674
2.333252
2.326840
2.320438
2.314046
2.307663
2.301290
2.294924
2.288567
2.282217
2.275875
2.269540
2.263211
2.256889
2.250572
2.244261
2.237954
2.231653
2.225356
2.219062
2.212773
2.206486
2.200203
2.193922
2.187643
2.181366
2.175091
2.168817
2.162544
2.156272
2.149999
2.143727
2.137455
2.131182
2.124908
2.118634
2.112358
2.106080
2.099801
2.093519
2.087236
2.080950
2.074662
2.068371
2.062077
2.055780
2.049480
2.043177
2.036871
2.030561
2.024248
2.017931
2.011611
2.005288
1.998961
1.992630
1.986296
1.979959
1.973618
1.967274
1.960927
1.954577
1.948224
1.941869
1.935511
1.929150
1.922788
1.916423
1.910057
1.903689
1.897320
1.890951
1.884580
1.878209
1.871838
1.865468
1.859098
1.852728
1.846361
1.839994
1.833630
1.827268
1.820909
1.814554
1.808201
1.801853
1.795509
1.789169
1.782835
1.776507
1.770184
1.763868
1.757558
1.751256
1.744961
1.738674
1.732395
1.726126
1.719865
1.713614
1.707372
1.701141
1.694921
1.688712
1.682514
1.676327
1.670153
1.663991
1.657841
1.651705
1.645582
1.639472
1.633376
1.627294
1.621227
1.615174
1.609136
1.603113
1.597105
1.591113
1.585136
1.579175
1.573230
1.567302
1.561390
1.555494
1.549615
1.543753
1.537908
1.532079
1.526268
1.520474
1.514698
1.508939
1.503197
1.497473
1.491766
1.486077
1.480406
1.474753
1.469118
1.463500
1.457900
1.452318
1.446754
1.441208
1.435679
1.430169
1.424676
1.419201
1.413744
1.408304
1.402882
1.397477
1.392090
1.386720
1.381367
1.376031
1.370711
1.365408
1.360121
1.354850
1.349594
1.344354
1.339128
1.333917
1.328720
1.323535
1.318364
1.313204
1.308056
1.302918
1.297790
1.292670
1.287559
1.282454
1.277355
1.272261
1.267171
1.262082
1.256995
1.251908
1.246820
1.241729
1.236634
1.231533
1.226426
1.221312
1.216188
1.211055
1.205910
1.200754
1.195584
1.190401
1.185204
1.179992
1.174764
1.169522
1.164263
1.158990
1.153701
1.148397
1.143078
1.137745
1.132398
1.127039
1.121668
1.116286
1.110893
1.105492
1.100082
1.094665
1.089242
1.083814
1.078383
1.072949
1.067513
1.062077
1.056641
1.051206
1.045774
1.040345
1.034921
1.029501
1.024088
1.018681
1.013281
1.007890
1.002508
0.997135
0.991772
0.986420
0.981079
0.975749
0.970432
0.965127
0.959836
0.954558
0.949293
0.944043
0.938808
0.933587
0.928382
0.923192
0.918017
0.912859
0.907717
0.902592
0.897484
0.892392
0.887318
0.882261
0.877222
0.872201
0.867198
0.862214
0.857247
0.852300
0.847371
0.842461
0.837570
0.832699
0.827847
0.823014
0.818202
0.813409
0.808637
0.803884
0.799152
0.794441
0.789750
0.785080
0.780430
0.775802
0.771195
0.766609
0.762044
0.757501
0.752979
0.748479
0.744001
0.739545
0.735110
0.730698
0.726308
0.721941
0.717595
0.713272
0.708972
0.704694
0.700439
0.696207
0.691997
0.687811
0.683647
0.679506
0.675389
0.671294
0.667223
0.663175
0.659150
0.655149
0.651171
0.647216
0.643285
0.639377
0.635493
0.631632
0.627794
0.623980
0.620189
0.616422
0.612679
0.608959
0.605262
0.601589
0.597940
0.594314
0.590711
0.587131
0.583575
0.580043
0.576533
0.573047
0.569584
0.566145
0.562728
0.559334
0.555964
0.552616
0.549292
0.545990
0.542711
0.539454
0.536220
0.533009
0.529821
0.526654
0.523510
0.520388
0.517289
0.514211
0.511155
0.508122
0.505109
0.502119
0.499150
0.496203
0.493277
0.490372
0.487489
0.484626
0.481785
0.478964
0.476164
0.473385
0.470626
0.467888
0.465169
0.462471
0.459793
0.457135
0.454497
0.451878
0.449279
0.446699
0.444139
0.441598
0.439076
0.436572
0.434088
0.431622
0.429175
0.426746
0.424336
0.421943
0.419569
0.417213
0.414874
0.412553
0.410250
0.407964
0.405695
0.403444
0.401210
0.398992
0.396791
0.394607
0.392440
0.390289
0.388154
0.386035
0.383932
0.381845
0.379775
0.377719
0.375679
0.373655
0.371646
0.369652
0.367673
0.365709
0.363760
0.361826
0.359906
0.358001
0.356110
0.354233
0.352370
0.350521
0.348687
0.346866
0.345058
0.343264
0.341484
0.339717
0.337963
0.336222
0.334494
0.332779
0.331077
0.329387
0.327711
0.326046
0.324394
0.322754
0.321126
0.319510
0.317906
0.316314
0.314734
0.313166
0.311608
0.310063
0.308528
0.307005
0.305493
0.303992
0.302502
0.301023
0.299555
0.298097
0.296650
0.295214
0.293788
0.292372
0.290966
0.289571
0.288185
0.286810
0.285444
0.284088
0.282742
0.281406
0.280079
0.278761
0.277453
0.276155
0.274865
0.273585
0.272313
0.271051
0.269797
0.268553
0.267317
0.266090
0.264871
0.263661
0.262459
0.261266
0.260081
0.258905
0.257736
0.256576
0.255424
0.254279
0.253143
0.252014
0.250893
0.249780
0.248674
0.247576
0.246486
0.245403
0.244327
0.243259
0.242198
0.241144
0.240097
0.239057
0.238025
0.236999
0.235980
0.234968
0.233963
0.232964
0.231972
0.230987
0.230008
0.229036
0.228070
0.227111
0.226158
0.225211
0.224270
0.223336
0.222407
0.221485
0.220569
0.219659
0.218755
0.217856
0.216964
0.216077
0.215196
0.214320
0.213450
0.212586
0.211728
0.210874
0.210027
0.209184
0.208347
0.207516
0.206690
0.205868
0.205052
0.204242
0.203436
0.202635
0.201840
0.201049
0.200264
0.199483
0.198707
0.197936
0.197170
0.196408
0.195651
0.194899
0.194152
0.193409
0.192670
0.191936
0.191207
0.190482
0.189762
0.189045
0.188334
0.187626
0.186923
0.186224
0.185529
0.184839
0.184152
0.183470
0.182792
0.182118
0.181447
0.180781
0.180119
0.179461
0.178806
0.178156
0.177509
0.176866
0.176227
0.175592
0.174960
0.174332
0.173708
0.173087
0.172470
0.171856
0.171246
0.170640
0.170037
0.169437
0.168841
0.168248
0.167659
0.167073
0.166491
0.165911
0.165335
0.164763
0.164193
0.163627
0.163064
0.162504
0.161947
0.161394
0.160843
0.160296
0.159751
0.159210
0.158671
0.158136
0.157603
0.157074
0.156547
0.156024
0.155503
0.154985
0.154470
0.153957
0.153448
0.152941
0.152437
0.151936
0.151437
0.150941
0.150448
0.149957
0.149470
0.148984
0.148502
0.148021
0.147544
0.147069
0.146596
0.146126
0.145659
0.145194
0.144731
0.144271
0.143813
0.143358
0.142905
0.142454
0.142006
0.141560
0.141116
0.140675
0.140236
0.139799
0.139365
0.138933
0.138503
0.138075
0.137649
0.137226
0.136804
0.136385
0.135968
0.135553
0.135140
0.134730
0.134321
0.133914
0.133510
0.133107
0.132707
0.132308
0.131912
0.131517
0.131125
0.130734
0.130346
0.129959
0.129574
0.129191
0.128810
0.128431
0.128054
0.127678
0.127304
0.126933
0.126563
0.126194
0.125828
0.125463
0.125101
0.124739
0.124380
0.124023
0.123667
0.123312
0.122960
0.122609
0.122260
0.121912
0.121567
0.121222
0.120880
0.120539
0.120200
0.119862
0.119526
0.119191
0.118858
0.118527
0.118197
0.117869
0.117542
0.117216
0.116893
0.116570
0.116250
0.115930
0.115612
0.115296
0.114981
0.114668
0.114356
0.114045
0.113736
0.113428
0.113122
0.112817
0.112513
0.112211
0.111910
0.111611
0.111312
0.111016
0.110720
0.110426
0.110133
0.109842
0.109551
0.109263
0.108975
0.108689
0.108403
0.108120
0.107837
0.107556
0.107276
0.106997
0.106719
0.106443
0.106167
0.105893
0.105621
0.105349
0.105078
0.104809
0.104541
0.104274
0.104008
0.103744
0.103480
0.103218
0.102956
0.102696
0.102437
0.102179
0.101923
0.101667
0.101412
0.101159
0.100906
0.100655
0.100404
0.100155
0.099907
0.099660
0.099413
0.099168
0.098924
0.098681
0.098439
0.098198
0.097958
0.097719
0.097481
0.097243
0.097007
0.096772
0.096538
0.096305
0.096073
0.095841
0.095611
0.095381
0.095153
0.094925
0.094699
0.094473
0.094248
0.094024
0.093801
0.093579
0.093358
0.093138
0.092918
0.092700
0.092482
0.092265
0.092049
0.091834
0.091620
0.091407
0.091194
0.090983
0.090772
0.090562
0.090353
0.090144
0.089937
0.089730
0.089524
0.089319
0.089115
0.088911
0.088708
0.088506
0.088305
0.088105
0.087905
0.087707
0.087508
0.087311
0.087115
0.086919
0.086724
0.086530
0.086336
0.086143
0.085951
0.085760
0.085569
0.085380
0.085190
0.085002
0.084814
0.084627
0.084441
0.084255
0.084070
0.083886
0.083703
0.083520
0.083338
0.083156
0.082975
0.082795
0.082616
0.082437
0.082259
0.082081
0.081905
0.081729
0.081553
0.081378
0.081204
0.081030
0.080857
0.080685
0.080513
0.080342
0.080172
0.080002
0.079833
0.079664
0.079496
0.079329
0.079162
0.078996
0.078831
0.078666
0.078501
0.078337
0.078174
0.078012
0.077850
0.077688
0.077527
0.077367
0.077207
0.077048
0.076889
0.076731
0.076574
0.076417
0.076261
0.076105
0.075950
0.075795
0.075641
0.075487
0.075334
0.075181
0.075029
0.074878
0.074727
0.074576
0.074426
0.074277
0.074128
0.073979
0.073832
0.073684
0.073537
0.073391
0.073245
0.073100
0.072955
0.072810
0.072667
0.072523
0.072380
0.072238
0.072096
0.071954
0.071813
0.071673
0.071533
0.071393
0.071254
0.071116
0.070977
0.070840
0.070702
0.070566
0.070429
0.070294
0.070158
0.070023
0.069889
0.069755
0.069621
0.069488
0.069355
0.069223
0.069091
0.068959
0.068828
0.068698
0.068568
0.068438
0.068309
0.068180
0.068051
0.067923
0.067796
0.067668
0.067542
0.067415
0.067289
0.067164
0.067038
0.066914
0.066789
0.066665
0.066542
0.066419
0.066296
0.066173
0.066051
0.065930
0.065809
0.065688
0.065567
0.065447
0.065328
0.065208
0.065089
0.064971
0.064853
0.064735
0.064617
0.064500
0.064384
0.064267
0.064151
0.064036
0.063920
0.063806
0.063691
0.063577
0.063463
0.063350
0.063236
0.063124
0.063011
0.062899
0.062787
0.062676
0.062565
0.062454
0.062344
0.062234
0.062124
0.062015
0.061906
0.061797
0.061689
0.061581
0.061473
0.061366
0.061259
0.061152
0.061046
0.060939
0.060834
0.060728
0.060623
0.060518
0.060414
0.060310
0.060206
0.060102
0.059999
0.059896
0.059793
0.059691
0.059589
0.059487
0.059386
0.059285
0.059184
0.059084
0.058983
0.058883
0.058784
0.058684
0.058585
0.058487
0.058388
0.058290
0.058192
0.058094
0.057997
0.057900
0.057803
0.057707
0.057611
0.057515
0.057419
0.057324
0.057229
0.057134
0.057039
0.056945
0.056851
0.056757
0.056664
0.056571
0.056478
0.056385
0.056293
0.056200
0.056109
0.056017
0.055926
0.055835
0.055744
0.055653
0.055563
0.055473
0.055383
0.055293
0.055204
0.055115
0.055026
0.054938
0.054849
0.054761
0.054674
0.054586
0.054499
0.054412
0.054325
0.054238
0.054152
0.054066
0.053980
0.053894
0.053809
0.053724
0.053639
0.053554
0.053470
0.053385
0.053301
0.053218
0.053134
0.053051
0.052968
0.052885
0.052802
0.052720
0.052638
0.052556
0.052474
0.052392
0.052311
0.052230
0.052149
0.052068
0.051988
0.051908
0.051828
0.051748
0.051669
0.051589
0.051510
0.051431
0.051352
0.051274
0.051196
0.051118
0.051040
0.050962
0.050885
0.050807
0.050730
0.050654
0.050577
0.050500
0.050424
0.050348
0.050272
0.050197
0.050121
0.050046
0.049971
0.049896
0.049822
0.049747
0.049673
0.049599
0.049525
0.049451
0.049378
0.049304
0.049231
0.049158
0.049086
0.049013
0.048941
0.048869
0.048797
0.048725
0.048653
0.048582
0.048511
0.048440
0.048369
0.048298
0.048228
0.048157
0.048087
0.048017
0.047947
0.047878
0.047808
0.047739
0.047670
0.047601
0.047532
0.047464
0.047395
0.047327
0.047259
0.047191
0.047123
0.047056
0.046989
0.046921
0.046854
0.046787
0.046721
0.046654
0.046588
0.046522
0.046456
0.046390
0.046324
0.046259
0.046193
0.046128
0.046063
0.045998
0.045933
0.045869
0.045804
0.045740
0.045676
0.045612
0.045548
0.045485
0.045421
0.045358
0.045295
0.045232
0.045169
0.045106
0.045044
0.044981
0.044919
0.044857
0.044795
0.044733
0.044671
0.044610
0.044549
0.044487
0.044426
0.044365
0.044305
0.044244
0.044184
0.044123
0.044063
0.044003
0.043943
0.043884
0.043824
0.043764
0.043705
0.043646
0.043587
0.043528
0.043469
0.043411
0.043352
0.043294
0.043236
0.043178
0.043120
0.043062
0.043004
0.042947
0.042889
0.042832
0.042775
0.042718
0.042661
0.042604
0.042548
0.042491
0.042435
0.042379
0.042323
0.042267
0.042211
0.042155
0.042100
0.042044
0.041989
0.041934
0.041879
0.041824
0.041769
0.041715
0.041660
0.041606
0.041552
0.041497
0.041443
0.041389
0.041336
0.041282
0.041229
0.041175
0.041122
0.041069
0.041016
0.040963
0.040910
0.040857
0.040805
0.040752
0.040700
0.040648
0.040596
0.040544
0.040492
0.040440
0.040388
0.040337
0.040285
0.040234
0.040183
0.040132
0.040081
0.040030
0.039980
0.039929
0.039878
0.039828
0.039778
0.039728
0.039678
0.039628
0.039578
0.039528
0.039479
0.039429
0.039380
0.039331
0.039281
0.039232
0.039183
0.039135
0.039086
0.039037
0.038989
0.038940
0.038892
0.038844
0.038796
0.038748
0.038700
0.038652
0.038604
0.038557
0.038509
0.038462
0.038415
0.038368
0.038321
0.038274
0.038227
0.038180
0.038133
0.038087
0.038040
0.037994
0.037948
0.037902
0.037856
0.037810
0.037764
0.037718
0.037672
0.037627
0.037581
0.037536
0.037491
0.037446
0.037401
0.037356
0.037311
0.037266
0.037221
0.037177
0.037132
0.037088
0.037043
0.036999
0.036955
0.036911
0.036867
0.036823
0.036779
0.036736
0.036692
0.036649
0.036605
0.036562
0.036519
0.036476
0.036433
0.036390
0.036347
0.036304
0.036261
0.036219
0.036176
0.036134
0.036092
0.036049
0.036007
0.035965
0.035923
0.035881
0.035840
0.035798
0.035756
0.035715
0.035673
0.035632
0.035591
0.035549
0.035508
0.035467
0.035426
0.035385
0.035345
0.035304
0.035263
0.035223
0.035182
0.035142
0.035102
0.035061
0.035021
0.034981
0.034941
0.034901
0.034862
0.034822
0.034782
0.034743
0.034703
0.034664
0.034624
0.034585
0.034546
0.034507
0.034468
0.034429
0.034390
0.034351
0.034313
0.034274
0.034235
0.034197
0.034159
0.034120
0.034082
0.034044
0.034006
0.033968
0.033930
0.033892
0.033854
0.033816
0.033779
0.033741
0.033704
0.033666
0.033629
0.033592
0.033555
0.033517
0.033480
0.033443
0.033406
0.033370
0.033333
0.033296
0.033260
0.033223
0.033186
0.033150
0.033114
0.033077
0.033041
0.033005
0.032969
0.032933
0.032897
0.032861
0.032826
0.032790
0.032754
0.032719
0.032683
0.032648
0.032612
0.032577
0.032542
0.032507
0.032472
0.032437
0.032402
0.032367
0.032332
0.032297
0.032262
0.032228
0.032193
0.032159
0.032124
0.032090
0.032056
0.032021
0.031987
0.031953
0.031919
0.031885
0.031851
0.031817
0.031783
0.031750
0.031716
0.031683
0.031649
0.031616
0.031582
0.031549
0.031515
0.031482
0.031449
0.031416
0.031383
0.031350
0.031317
0.031284
0.031251
0.031219
0.031186
0.031153
0.031121
0.031088
0.031056
0.031024
0.030991
0.030959
0.030927
0.030895
0.030863
0.030831
0.030799
0.030767
0.030735
0.030703
0.030671
0.030640
0.030608
0.030577
0.030545
0.030514
0.030482
0.030451
0.030420
0.030389
0.030357
0.030326
0.030295
0.030264
0.030233
0.030203
0.030172
0.030141
0.030110
0.030080
0.030049
0.030019
0.029988
0.029958
0.029927
0.029897
0.029867
0.029837
0.029806
0.029776
0.029746
0.029716
0.029686
0.029657
0.029627
0.029597
0.029567
0.029538
0.029508
0.029478
0.029449
0.029419
0.029390
0.029361
0.029331
0.029302
0.029273
0.029244
0.029215
0.029186
0.029157
0.029128
0.029099
0.029070
0.029041
0.029013
0.028984
0.028955
0.028927
0.028898
0.028870
0.028841
0.028813
0.028785
0.028756
0.028728
0.028700
0.028672
0.028644
0.028616
0.028588
0.028560
0.028532
0.028504
0.028476
0.028448
0.028421
0.028393
0.028366
0.028338
0.028310
0.028283
0.028256
0.028228
0.028201
0.028174
0.028146
0.028119
0.028092
0.028065
0.028038
0.028011
0.027984
0.027957
0.027930
0.027904
0.027877
0.027850
0.027823
0.027797
0.027770
0.027744
0.027717
0.027691
0.027664
0.027638
0.027612
0.027585
0.027559
0.027533
0.027507
0.027481
0.027455
0.027429
0.027403
0.027377
0.027351
0.027325
0.027299
0.027274
0.027248
0.027222
0.027197
0.027171
0.027146
0.027120
0.027095
0.027069
0.027044
0.027019
0.026993
0.026968
0.026943
0.026918
0.026893
0.026868
0.026843
0.026818
0.026793
0.026768
0.026743
0.026718
0.026693
0.026669
0.026644
0.026619
0.026595
0.026570
0.026546
0.026521
0.026497
0.026472
0.026448
0.026424
0.026399
0.026375
0.026351
0.026327
0.026303
0.026279
0.026255
0.026231
0.026207
0.026183
0.026159
0.026135
0.026111
0.026087
0.026064
0.026040
0.026016
0.025993
0.025969
0.025946
0.025922
0.025899
0.025875
0.025852
0.025828
0.025805
0.025782
0.025759
0.025735
0.025712
0.025689
0.025666
0.025643
0.025620
0.025597
0.025574
0.025551
0.025528
0.025505
0.025483
0.025460
0.025437
0.025414
0.025392
0.025369
0.025347
0.025324
0.025301
0.025279
0.025257
0.025234
0.025212
0.025189
0.025167
0.025145
0.025123
0.025100
0.025078
0.025056
0.025034
0.025012
0.024990
0.024968
0.024946
0.024924
0.024902
0.024880
0.024859
0.024837
0.024815
0.024793
0.024772
0.024750
0.024729
0.024707
0.024685
0.024664
0.024642
0.024621
0.024600
0.024578
0.024557
0.024536
0.024514
0.024493
0.024472
0.024451
0.024430
0.024408
0.024387
0.024366
0.024345
0.024324
0.024303
0.024282
0.024262
0.024241
0.024220
0.024199
0.024178
0.024158
0.024137
0.024116
0.024096
0.024075
0.024054
0.024034
0.024013
0.023993
0.023973
0.023952
0.023932
0.023911
0.023891
0.023871
0.023851
0.023830
0.023810
0.023790
0.023770
0.023750
0.023730
0.023710
0.023690
0.023670
0.023650
0.023630
0.023610
0.023590
0.023570
0.023550
0.023531
0.023511
0.023491
0.023471
0.023452
0.023432
0.023413
0.023393
0.023373
0.023354
0.023334
0.023315
0.023296
0.023276
0.023257
0.023238
0.023218
0.023199
0.023180
0.023160
0.023141
0.023122
0.023103
0.023084
0.023065
0.023046
0.023027
0.023008
0.022989
0.022970
0.022951
0.022932
0.022913
0.022894
0.022876
0.022857
0.022838
0.022819
0.022801
0.022782
0.022763
0.022745
0.022726
0.022708
0.022689
0.022671
0.022652
0.022634
0.022615
0.022597
0.022579
0.022560
0.022542
0.022524
0.022505
0.022487
0.022469
0.022451
0.022433
0.022415
0.022396
0.022378
0.022360
0.022342
0.022324
0.022306
0.022288
0.022270
0.022253
0.022235
0.022217
0.022199
0.022181
0.022164
0.022146
0.022128
0.022110
0.022093
0.022075
0.022057
0.022040
0.022022
0.022005
0.021987
0.021970
0.021952
0.021935
0.021917
0.021900
0.021883
0.021865
0.021848
0.021831
0.021814
0.021796
0.021779
0.021762
0.021745
0.021728
0.021710
0.021693
0.021676
0.021659
0.021642
0.021625
0.021608
0.021591
0.021574
0.021558
0.021541
0.021524
0.021507
0.021490
0.021473
0.021457
0.021440
0.021423
0.021406
0.021390
0.021373
0.021357
0.021340
0.021323
0.021307
0.021290
0.021274
0.021257
0.021241
0.021224
0.021208
0.021192
0.021175
0.021159
0.021143
0.021126
0.021110
0.021094
0.021078
0.021061
0.021045
0.021029
0.021013
0.020997
0.020981
0.020965
0.020949
0.020932
0.020916
0.020900
0.020885
0.020869
0.020853
0.020837
0.020821
0.020805
0.020789
0.020773
0.020758
0.020742
0.020726
0.020710
0.020695
0.020679
0.020663
0.020648
0.020632
0.020616
0.020601
0.020585
0.020570
0.020554
0.020539
0.020523
0.020508
0.020492
0.020477
0.020462
0.020446
0.020431
0.020416
0.020400
0.020385
0.020370
0.020354
0.020339
0.020324
0.020309
0.020294
0.020278
0.020263
0.020248
0.020233
0.020218
0.020203
0.020188
0.020173
0.020158
0.020143
0.020128
0.020113
0.020098
0.020083
0.020069
0.020054
0.020039
0.020024
0.020009
0.019995
0.019980
0.019965
0.019950
0.019936
0.019921
0.019906
0.019892
0.019877
0.019863
0.019848
0.019833
0.019819
0.019804
0.019790
0.019775
0.019761
0.019747
0.019732
0.019718
0.019703
0.019689
0.019675
0.019660
0.019646
0.019632
0.019617
0.019603
0.019589
0.019575
0.019561
0.019546
0.019532
0.019518
0.019504
0.019490
0.019476
0.019462
0.019448
0.019434
0.019420
0.019406
0.019392
0.019378
0.019364
0.019350
0.019336
0.019322
0.019308
0.019294
0.019281
0.019267
0.019253
0.019239
0.019225
0.019212
0.019198
0.019184
0.019171
0.019157
0.019143
0.019130
0.019116
0.019102
0.019089
0.019075
0.019062
0.019048
0.019035
0.019021
0.019008
0.018994
0.018981
0.018967
0.018954
0.018940
0.018927
0.018914
0.018900
0.018887
0.018874
0.018860
0.018847
0.018834
0.018821
0.018807
0.018794
0.018781
0.018768
0.018755
0.018742
0.018728
0.018715
0.018702
0.018689
0.018676
0.018663
0.018650
0.018637
0.018624
0.018611
0.018598
0.018585
0.018572
0.018559
0.018546
0.018534
0.018521
0.018508
0.018495
0.018482
0.018469
0.018457
0.018444
0.018431
0.018418
0.018406
0.018393
0.018380
0.018368
0.018355
0.018342
0.018330
0.018317
0.018304
0.018292
0.018279
0.018267
0.018254
0.018242
0.018229
0.018217
0.018204
0.018192
0.018179
0.018167
0.018154
0.018142
0.018130
0.018117
0.018105
0.018093
0.018080
0.018068
0.018056
0.018043
0.018031
0.018019
0.018007
0.017994
0.017982
0.017970
0.017958
0.017946
0.017934
0.017922
0.017909
0.017897
0.017885
0.017873
0.017861
0.017849
0.017837
0.017825
0.017813
0.017801
0.017789
0.017777
0.017765
0.017753
0.017741
0.017729
0.017718
0.017706
0.017694
0.017682
0.017670
0.017658
0.017647
0.017635
0.017623
0.017611
0.017600
0.017588
0.017576
0.017564
0.017553
0.017541
0.017530
0.017518
0.017506
0.017495
0.017483
0.017471
0.017460
0.017448
0.017437
0.017425
0.017414
0.017402
0.017391
0.017379
0.017368
0.017356
0.017345
0.017334
0.017322
0.017311
0.017299
0.017288
0.017277
0.017265
0.017254
0.017243
0.017231
0.017220
0.017209
0.017198
0.017186
0.017175
0.017164
0.017153
0.017141
0.017130
0.017119
0.017108
0.017097
0.017086
0.017075
0.017064
0.017052
0.017041
0.017030
0.017019
0.017008
0.016997
0.016986
0.016975
0.016964
0.016953
0.016942
0.016931
0.016920
0.016909
0.016899
0.016888
0.016877
0.016866
0.016855
0.016844
0.016833
0.016823
0.016812
0.016801
0.016790
0.016779
0.016769
0.016758
0.016747
0.016736
0.016726
0.016715
0.016704
0.016694
0.016683
0.016672
0.016662
0.016651
0.016641
0.016630
0.016619
0.016609
0.016598
0.016588
0.016577
0.016567
0.016556
0.016546
0.016535
0.016525
0.016514
0.016504
0.016493
0.016483
0.016472
0.016462
0.016452
0.016441
0.016431
0.016421
0.016410
0.016400
0.016390
0.016379
0.016369
0.016359
0.016348
0.016338
0.016328
0.016318
0.016307
0.016297
0.016287
0.016277
0.016267
0.016256
0.016246
0.016236
0.016226
0.016216
0.016206
0.016196
0.016186
0.016176
0.016165
0.016155
0.016145
0.016135
0.016125
0.016115
0.016105
0.016095
0.016085
0.016075
0.016065
0.016055
0.016046
0.016036
0.016026
0.016016
0.016006
0.015996
0.015986
0.015976
0.015966
0.015957
0.015947
0.015937
0.015927
0.015917
0.015908
0.015898
0.015888
0.015878
0.015869
0.015859
0.015849
0.015839
0.015830
0.015820
0.015810
0.015801
0.015791
0.015781
0.015772
0.015762
0.015753
0.015743
0.015733
0.015724
0.015714
0.015705
0.015695
0.015686
0.015676
0.015667
0.015657
0.015648
0.015638
0.015629
0.015619
0.015610
0.015600
0.015591
0.015581
0.015572
0.015563
0.015553
0.015544
0.015535
0.015525
0.015516
0.015506
0.015497
0.015488
0.015479
0.015469
0.015460
0.015451
0.015441
0.015432
0.015423
0.015414
0.015404
0.015395
0.015386
0.015377
0.015368
0.015358
0.015349
0.015340
0.015331
0.015322
0.015313
0.015304
0.015294
0.015285
0.015276
0.015267
0.015258
0.015249
0.015240
0.015231
0.015222
0.015213
0.015204
0.015195
0.015186
0.015177
0.015168
0.015159
0.015150
0.015141
0.015132
0.015123
0.015114
0.015105
0.015097
0.015088
0.015079
0.015070
0.015061
0.015052
0.015043
0.015035
0.015026
0.015017
0.015008
0.014999
0.014990
0.014982
0.014973
0.014964
0.014955
0.014947
0.014938
0.014929
0.014921
0.014912
0.014903
0.014894
0.014886
0.014877
0.014868
0.014860
0.014851
0.014843
0.014834
0.014825
0.014817
0.014808
0.014800
0.014791
0.014782
0.014774
0.014765
0.014757
0.014748
0.014740
0.014731
0.014723
0.014714
0.014706
0.014697
0.014689
0.014680
0.014672
0.014663
0.014655
0.014647
0.014638
0.014630
0.014621
0.014613
0.014605
0.014596
0.014588
0.014580
0.014571
0.014563
0.014555
0.014546
0.014538
0.014530
0.014521
0.014513
0.014505
0.014496
0.014488
0.014480
0.014472
0.014463
0.014455
0.014447
0.014439
0.014431
0.014422
0.014414
0.014406
0.014398
0.014390
0.014382
0.014373
0.014365
0.014357
0.014349
0.014341
0.014333
0.014325
0.014317
0.014309
0.014301
0.014293
0.014284
0.014276
0.014268
0.014260
0.014252
0.014244
0.014236
0.014228
0.014220
0.014212
0.014204
0.014196
0.014189
0.014181
0.014173
0.014165
0.014157
0.014149
0.014141
0.014133
0.014125
0.014117
0.014109
0.014102
0.014094
0.014086
0.014078
0.014070
0.014062
0.014055
0.014047
0.014039
0.014031
0.014023
0.014016
0.014008
0.014000
0.013992
0.013985
0.013977
0.013969
0.013961
0.013954
0.013946
0.013938
0.013931
0.013923
0.013915
0.013908
0.013900
0.013892
0.013885
0.013877
0.013869
0.013862
0.013854
0.013846
0.013839
0.013831
0.013824
0.013816
0.013809
0.013801
0.013793
0.013786
0.013778
0.013771
0.013763
0.013756
0.013748
0.013741
0.013733
0.013726
0.013718
0.013711
0.013703
0.013696
0.013688
0.013681
0.013674
0.013666
0.013659
0.013651
0.013644
0.013636
0.013629
0.013622
0.013614
0.013607
0.013600
0.013592
0.013585
0.013578
0.013570
0.013563
0.013556
0.013548
0.013541
0.013534
0.013526
0.013519
0.013512
0.013504
0.013497
0.013490
0.013483
0.013475
0.013468
0.013461
0.013454
0.013447
0.013439
0.013432
0.013425
0.013418
0.013411
0.013403
0.013396
0.013389
0.013382
0.013375
0.013368
0.013361
0.013353
0.013346
0.013339
0.013332
0.013325
0.013318
0.013311
0.013304
0.013297
0.013290
0.013283
0.013276
0.013268
0.013261
0.013254
0.013247
0.013240
0.013233
0.013226
0.013219
0.013212
0.013205
0.013198
0.013191
0.013184
0.013178
0.013171
0.013164
0.013157
0.013150
0.013143
0.013136
0.013129
0.013122
0.013115
0.013108
0.013101
0.013095
0.013088
0.013081
0.013074
0.013067
0.013060
0.013053
0.013047
0.013040
0.013033
0.013026
0.013019
0.013013
0.013006
0.012999
0.012992
0.012985
0.012979
0.012972
0.012965
0.012958
0.012952
0.012945
0.012938
0.012932
0.012925
0.012918
0.012911
0.012905
0.012898
0.012891
0.012885
0.012878
0.012871
0.012865
0.012858
0.012851
0.012845
0.012838
0.012831
0.012825
0.012818
0.012812
0.012805
0.012798
0.012792
0.012785
0.012779
0.012772
0.012766
0.012759
0.012752
0.012746
0.012739
0.012733
0.012726
0.012720
0.012713
0.012707
0.012700
0.012694
0.012687
0.012681
0.012674
0.012668
0.012661
0.012655
0.012648
0.012642
0.012635
0.012629
0.012623
0.012616
0.012610
0.012603
0.012597
0.012591
0.012584
0.012578
0.012571
0.012565
0.012559
0.012552
0.012546
0.012540
0.012533
0.012527
0.012521
0.012514
0.012508
0.012502
0.012495
0.012489
0.012483
0.012476
0.012470
0.012464
0.012457
0.012451
0.012445
0.012439
0.012432
0.012426
0.012420
0.012414
0.012407
0.012401
0.012395
0.012389
0.012383
0.012376
0.012370
0.012364
0.012358
0.012352
0.012345
0.012339
0.012333
0.012327
0.012321
0.012315
0.012308
0.012302
0.012296
0.012290
0.012284
0.012278
0.012272
0.012266
0.012259
0.012253
0.012247
0.012241
0.012235
0.012229
0.012223
0.012217
0.012211
0.012205
0.012199
0.012193
0.012187
0.012181
0.012175
0.012169
0.012163
0.012157
0.012151
0.012145
0.012139
0.012133
0.012127
0.012121
0.012115
0.012109
0.012103
0.012097
0.012091
0.012085
0.012079
0.012073
0.012067
0.012061
0.012055
0.012049
0.012043
0.012038
0.012032
0.012026
0.012020
0.012014
0.012008
0.012002
0.011996
0.011991
0.011985
0.011979
0.011973
0.011967
0.011961
0.011955
0.011950
0.011944
0.011938
0.011932
0.011926
0.011921
0.011915
0.011909
0.011903
0.011897
0.011892
0.011886
0.011880
0.011874
0.011869
0.011863
0.011857
0.011851
0.011846
0.011840
0.011834
0.011829
0.011823
0.011817
0.011811
0.011806
0.011800
0.011794
0.011789
0.011783
0.011777
0.011772
0.011766
0.011760
0.011755
0.011749
0.011743
0.011738
0.011732
0.011727
0.011721
0.011715
0.011710
0.011704
0.011698
0.011693
0.011687
0.011682
0.011676
0.011671
0.011665
0.011659
0.011654
0.011648
0.011643
0.011637
0.011632
0.011626
0.011621
0.011615
0.011609
0.011604
0.011598
0.011593
0.011587
0.011582
0.011576
0.011571
0.011565
0.011560
0.011554
0.011549
0.011544
0.011538
0.011533
0.011527
0.011522
0.011516
0.011511
0.011505
0.011500
0.011495
0.011489
0.011484
0.011478
0.011473
0.011467
0.011462
0.011457
0.011451
0.011446
0.011441
0.011435
0.011430
0.011424
0.011419
0.011414
0.011408
0.011403
0.011398
0.011392
0.011387
0.011382
0.011376
0.011371
0.011366
0.011360
0.011355
0.011350
0.011344
0.011339
0.011334
0.011329
0.011323
0.011318
0.011313
0.011308
0.011302
0.011297
0.011292
0.011287
0.011281
0.011276
0.011271
0.011266
0.011260
0.011255
0.011250
0.011245
0.011239
0.011234
0.011229
0.011224
0.011219
0.011213
0.011208
0.011203
0.011198
0.011193
0.011188
0.011182
0.011177
0.011172
0.011167
0.011162
0.011157
0.011152
0.011146
0.011141
0.011136
0.011131
0.011126
0.011121
0.011116
0.011111
0.011106
0.011100
0.011095
0.011090
0.011085
0.011080
0.011075
0.011070
0.011065
0.011060
0.011055
0.011050
0.011045
0.011040
0.011035
0.011030
0.011025
0.011020
0.011015
0.011010
0.011005
0.011000
0.010995
0.010990
0.010985
0.010980
0.010975
0.010970
0.010965
0.010960
0.010955
0.010950
0.010945
0.010940
0.010935
0.010930
0.010925
0.010920
0.010915
0.010910
0.010905
0.010900
0.010895
0.010890
0.010885
0.010881
0.010876
0.010871
0.010866
0.010861
0.010856
0.010851
0.010846
0.010841
0.010837
0.010832
0.010827
0.010822
0.010817
0.010812
0.010807
0.010803
0.010798
0.010793
0.010788
0.010783
0.010778
0.010774
0.010769
0.010764
0.010759
0.010754
0.010749
0.010745
0.010740
0.010735
0.010730
0.010726
0.010721
0.010716
0.010711
0.010706
0.010702
0.010697
0.010692
0.010687
0.010683
0.010678
0.010673
0.010668
0.010664
0.010659
0.010654
0.010650
0.010645
0.010640
0.010635
0.010631
0.010626
0.010621
0.010617
0.010612
0.010607
0.010603
0.010598
0.010593
0.010588
0.010584
0.010579
0.010574
0.010570
0.010565
0.010561
0.010556
0.010551
0.010547
0.010542
0.010537
0.010533
0.010528
0.010523
0.010519
0.010514
0.010510
0.010505
0.010500
0.010496
0.010491
0.010487
0.010482
0.010477
0.010473
0.010468
0.010464
0.010459
0.010455
0.010450
0.010445
0.010441
0.010436
0.010432
0.010427
0.010423
0.010418
0.010414
0.010409
0.010405
0.010400
0.010396
0.010391
0.010387
0.010382
0.010378
0.010373
0.010369
0.010364
0.010360
0.010355
0.010351
0.010346
0.010342
0.010337
0.010333
0.010328
0.010324
0.010319
0.010315
0.010310
0.010306
0.010301
0.010297
0.010293
0.010288
0.010284
0.010279
0.010275
0.010270
0.010266
0.010262
0.010257
0.010253
0.010248
0.010244
0.010240
0.010235
0.010231
0.010226
0.010222
0.010218
0.010213
0.010209
0.010205
0.010200
0.010196
0.010192
0.010187
0.010183
0.010178
0.010174
0.010170
0.010165
0.010161
0.010157
0.010152
0.010148
0.010144
0.010139
0.010135
0.010131
0.010127
0.010122
0.010118
0.010114
0.010109
0.010105
0.010101
0.010096
0.010092
0.010088
0.010084
0.010079
0.010075
0.010071
0.010067
0.010062
0.010058
0.010054
0.010050
0.010045
0.010041
0.010037
0.010033
0.010028
0.010024
0.010020
0.010016
0.010011
0.010007
0.010003
0.009999
0.009995
0.009990
0.009986
0.009982
0.009978
0.009974
0.009969
0.009965
0.009961
0.009957
0.009953
0.009949
0.009944
0.009940
0.009936
0.009932
0.009928
0.009924
0.009919
0.009915
0.009911
0.009907
0.009903
0.009899
0.009895
0.009891
0.009886
0.009882
0.009878
0.009874
0.009870
0.009866
0.009862
0.009858
0.009854
0.009849
0.009845
0.009841
0.009837
0.009833
0.009829
0.009825
0.009821
0.009817
0.009813
0.009809
0.009805
0.009801
0.009796
0.009792
0.009788
0.009784
0.009780
0.009776
0.009772
0.009768
0.009764
0.009760
0.009756
0.009752
0.009748
0.009744
0.009740
0.009736
0.009732
0.009728
0.009724
0.009720
0.009716
0.009712
0.009708
0.009704
0.009700
0.009696
0.009692
0.009688
0.009684
0.009680
0.009676
0.009672
0.009668
0.009664
0.009660
0.009656
0.009653
0.009649
0.009645
0.009641
0.009637
0.009633
0.009629
0.009625
0.009621
0.009617
0.009613
0.009609
0.009605
0.009601
0.009598
0.009594
0.009590
0.009586
0.009582
0.009578
0.009574
0.009570
0.009566
0.009563
0.009559
0.009555
0.009551
0.009547
0.009543
0.009539
0.009535
0.009532
0.009528
0.009524
0.009520
0.009516
0.009512
0.009509
0.009505
0.009501
0.009497
0.009493
0.009489
0.009486
0.009482
0.009478
0.009474
0.009470
0.009466
0.009463
0.009459
0.009455
0.009451
0.009447
0.009444
0.009440
0.009436
0.009432
0.009429
0.009425
0.009421
0.009417
0.009413
0.009410
0.009406
0.009402
0.009398
0.009395
0.009391
0.009387
0.009383
0.009380
0.009376
0.009372
0.009368
0.009365
0.009361
0.009357
0.009354
0.009350
0.009346
0.009342
0.009339
0.009335
0.009331
0.009327
0.009324
0.009320
0.009316
0.009313
0.009309
0.009305
0.009302
0.009298
0.009294
0.009291
0.009287
0.009283
0.009280
0.009276
0.009272
0.009269
0.009265
0.009261
0.009258
0.009254
0.009250
0.009247
0.009243
0.009239
0.009236
0.009232
0.009228
0.009225
0.009221
0.009218
0.009214
0.009210
0.009207
0.009203
0.009199
0.009196
0.009192
0.009189
0.009185
0.009181
0.009178
0.009174
0.009171
0.009167
0.009163
0.009160
0.009156
0.009153
0.009149
0.009145
0.009142
0.009138
0.009135
0.009131
0.009128
0.009124
0.009121
0.009117
0.009113
0.009110
0.009106
0.009103
0.009099
0.009096
0.009092
0.009089
0.009085
0.009082
0.009078
0.009075
0.009071
0.009067
0.009064
0.009060
0.009057
0.009053
0.009050
0.009046
0.009043
0.009039
0.009036
0.009032
0.009029
0.009025
0.009022
0.009018
0.009015
0.009011
0.009008
0.009005
0.009001
0.008998
0.008994
0.008991
0.008987
0.008984
0.008980
0.008977
0.008973
0.008970
0.008966
0.008963
0.008960
0.008956
0.008953
0.008949
0.008946
0.008942
0.008939
0.008935
0.008932
0.008929
0.008925
0.008922
0.008918
0.008915
0.008912
0.008908
0.008905
0.008901
0.008898
0.008895
0.008891
0.008888
0.008884
0.008881
0.008878
0.008874
0.008871
0.008867
0.008864
0.008861
0.008857
0.008854
0.008851
0.008847
0.008844
0.008840
0.008837
0.008834
0.008830
0.008827
0.008824
0.008820
0.008817
0.008814
0.008810
0.008807
0.008804
0.008800
0.008797
0.008794
0.008790
0.008787
0.008784
0.008780
0.008777
0.008774
0.008770
0.008767
0.008764
0.008761
0.008757
0.008754
0.008751
0.008747
0.008744
0.008741
0.008737
0.008734
0.008731
0.008728
0.008724
0.008721
0.008718
0.008714
0.008711
0.008708
0.008705
0.008701
0.008698
0.008695
0.008692
0.008688
0.008685
0.008682
0.008679
0.008675
0.008672
0.008669
0.008666
0.008662
0.008659
0.008656
0.008653
0.008649
0.008646
0.008643
0.008640
0.008637
0.008633
0.008630
0.008627
0.008624
0.008620
0.008617
0.008614
0.008611
0.008608
0.008604
0.008601
0.008598
0.008595
0.008592
0.008589
0.008585
0.008582
0.008579
0.008576
0.008573
0.008569
0.008566
0.008563
0.008560
0.008557
0.008554
0.008550
0.008547
0.008544
0.008541
0.008538
0.008535
0.008531
0.008528
0.008525
0.008522
0.008519
0.008516
0.008513
0.008509
0.008506
0.008503
0.008500
0.008497
0.008494
0.008491
0.008488
0.008484
0.008481
0.008478
0.008475
0.008472
0.008469
0.008466
0.008463
0.008460
0.008457
0.008453
0.008450
0.008447
0.008444
0.008441
0.008438
0.008435
0.008432
0.008429
0.008426
0.008423
0.008420
0.008416
0.008413
0.008410
0.008407
0.008404
0.008401
0.008398
0.008395
0.008392
0.008389
0.008386
0.008383
0.008380
0.008377
0.008374
0.008371
0.008368
0.008365
0.008361
0.008358
0.008355
0.008352
0.008349
0.008346
0.008343
0.008340
0.008337
0.008334
0.008331
0.008328
0.008325
0.008322
0.008319
0.008316
0.008313
0.008310
0.008307
0.008304
0.008301
0.008298
0.008295
0.008292
0.008289
0.008286
0.008283
0.008280
0.008277
0.008274
0.008271
0.008268
0.008265
0.008262
0.008259
0.008256
0.008254
0.008251
0.008248
0.008245
0.008242
0.008239
0.008236
0.008233
0.008230
0.008227
0.008224
0.008221
0.008218
0.008215
0.008212
0.008209
0.008206
0.008203
0.008201
0.008198
0.008195
0.008192
0.008189
0.008186
0.008183
0.008180
0.008177
0.008174
0.008171
0.008168
0.008165
0.008163
0.008160
0.008157
0.008154
0.008151
0.008148
0.008145
0.008142
0.008139
0.008137
0.008134
0.008131
0.008128
0.008125
0.008122
0.008119
0.008116
0.008114
0.008111
0.008108
0.008105
0.008102
0.008099
0.008096
0.008093
0.008091
0.008088
0.008085
0.008082
0.008079
0.008076
0.008073
0.008071
0.008068
0.008065
0.008062
0.008059
0.008056
0.008054
0.008051
0.008048
0.008045
0.008042
0.008039
0.008037
0.008034
0.008031
0.008028
0.008025
0.008023
0.008020
0.008017
0.008014
0.008011
0.008009
0.008006
0.008003
0.008000
0.007997
0.007995
0.007992
0.007989
0.007986
0.007983
0.007981
0.007978
0.007975
0.007972
0.007969
0.007967
0.007964
0.007961
0.007958
0.007956
0.007953
0.007950
0.007947
0.007944
0.007942
0.007939
0.007936
0.007933
0.007931
0.007928
0.007925
0.007922
0.007920
0.007917
0.007914
0.007911
0.007909
0.007906
0.007903
0.007900
0.007898
0.007895
0.007892
0.007890
0.007887
0.007884
0.007881
0.007879
0.007876
0.007873
0.007871
0.007868
0.007865
0.007862
0.007860
0.007857
0.007854
0.007852
0.007849
0.007846
0.007843
0.007841
0.007838
0.007835
0.007833
0.007830
0.007827
0.007825
0.007822
0.007819
0.007817
0.007814
0.007811
0.007808
0.007806
0.007803
0.007800
0.007798
0.007795
0.007792
0.007790
0.007787
0.007784
0.007782
0.007779
0.007776
0.007774
0.007771
0.007769
0.007766
0.007763
0.007761
0.007758
0.007755
0.007753
0.007750
0.007747
0.007745
0.007742
0.007739
0.007737
0.007734
0.007732
0.007729
0.007726
0.007724
0.007721
0.007718
0.007716
0.007713
0.007711
0.007708
0.007705
0.007703
0.007700
0.007698
0.007695
0.007692
0.007690
0.007687
0.007684
0.007682
0.007679
0.007677
0.007674
0.007672
0.007669
0.007666
0.007664
0.007661
0.007659
0.007656
0.007653
0.007651
0.007648
0.007646
0.007643
0.007641
0.007638
0.007635
0.007633
0.007630
0.007628
0.007625
0.007623
0.007620
0.007617
0.007615
0.007612
0.007610
0.007607
0.007605
0.007602
0.007600
0.007597
0.007594
0.007592
0.007589
0.007587
0.007584
0.007582
0.007579
0.007577
0.007574
0.007572
0.007569
0.007567
0.007564
0.007562
0.007559
0.007556
0.007554
0.007551
0.007549
0.007546
0.007544
0.007541
0.007539
0.007536
0.007534
0.007531
0.007529
0.007526
0.007524
0.007521
0.007519
0.007516
0.007514
0.007511
0.007509
0.007506
0.007504
0.007501
0.007499
0.007496
0.007494
0.007491
0.007489
0.007487
0.007484
0.007482
0.007479
0.007477
0.007474
0.007472
0.007469
0.007467
0.007464
0.007462
0.007459
0.007457
0.007454
0.007452
0.007450
0.007447
0.007445
0.007442
0.007440
0.007437
0.007435
0.007432
0.007430
0.007427
0.007425
0.007423
0.007420
0.007418
0.007415
0.007413
0.007410
0.007408
0.007406
0.007403
0.007401
0.007398
0.007396
0.007393
0.007391
0.007389
0.007386
0.007384
0.007381
0.007379
0.007376
0.007374
0.007372
0.007369
0.007367
0.007364
0.007362
0.007360
0.007357
0.007355
0.007352
0.007350
0.007348
0.007345
0.007343
0.007340
0.007338
0.007336
0.007333
0.007331
0.007329
0.007326
0.007324
0.007321
0.007319
0.007317
0.007314
0.007312
0.007310
0.007307
0.007305
0.007302
0.007300
0.007298
0.007295
0.007293
0.007291
0.007288
0.007286
0.007284
0.007281
0.007279
0.007276
0.007274
0.007272
0.007269
0.007267
0.007265
0.007262
0.007260
0.007258
0.007255
0.007253
0.007251
0.007248
0.007246
0.007244
0.007241
0.007239
0.007237
0.007234
0.007232
0.007230
0.007227
0.007225
0.007223
0.007220
0.007218
0.007216
0.007213
0.007211
0.007209
0.007207
0.007204
0.007202
0.007200
0.007197
0.007195
0.007193
0.007190
0.007188
0.007186
0.007183
0.007181
0.007179
0.007177
0.007174
0.007172
0.007170
0.007167
0.007165
0.007163
0.007161
0.007158
0.007156
0.007154
0.007151
0.007149
0.007147
0.007145
0.007142
0.007140
0.007138
0.007136
0.007133
0.007131
0.007129
0.007126
0.007124
0.007122
0.007120
0.007117
0.007115
0.007113
0.007111
0.007108
0.007106
0.007104
0.007102
0.007099
0.007097
0.007095
0.007093
0.007090
0.007088
0.007086
0.007084
0.007081
0.007079
0.007077
0.007075
0.007073
0.007070
0.007068
0.007066
0.007064
0.007061
0.007059
0.007057
0.007055
0.007052
0.007050
0.007048
0.007046
0.007044
0.007041
0.007039
0.007037
0.007035
0.007033
0.007030
0.007028
0.007026
0.007024
0.007022
0.007019
0.007017
0.007015
0.007013
0.007011
0.007008
0.007006
0.007004
0.007002
0.007000
0.006997
0.006995
0.006993
0.006991
0.006989
0.006986
0.006984
0.006982
0.006980
0.006978
0.006976
0.006973
0.006971
0.006969
0.006967
0.006965
0.006962
0.006960
0.006958
0.006956
0.006954
0.006952
0.006949
0.006947
0.006945
0.006943
0.006941
0.006939
0.006937
0.006934
0.006932
0.006930
0.006928
0.006926
0.006924
0.006921
0.006919
0.006917
0.006915
0.006913
0.006911
0.006909
0.006906
0.006904
0.006902
0.006900
0.006898
0.006896
0.006894
0.006892
0.006889
0.006887
0.006885
0.006883
0.006881
0.006879
0.006877
0.006875
0.006872
0.006870
0.006868
0.006866
0.006864
0.006862
0.006860
0.006858
0.006856
0.006853
0.006851
0.006849
0.006847
0.006845
0.006843
0.006841
0.006839
0.006837
0.006835
0.006832
0.006830
0.006828
0.006826
0.006824
0.006822
0.006820
0.006818
0.006816
0.006814
0.006812
0.006809
0.006807
0.006805
0.006803
0.006801
0.006799
0.006797
0.006795
0.006793
0.006791
0.006789
0.006787
0.006785
0.006782
0.006780
0.006778
0.006776
0.006774
0.006772
0.006770
0.006768
0.006766
0.006764
0.006762
0.006760
0.006758
0.006756
0.006754
0.006752
0.006750
0.006748
0.006745
0.006743
0.006741
0.006739
0.006737
0.006735
0.006733
0.006731
0.006729
0.006727
0.006725
0.006723
0.006721
0.006719
0.006717
0.006715
0.006713
0.006711
0.006709
0.006707
0.006705
0.006703
0.006701
0.006699
0.006697
0.006695
0.006693
0.006691
0.006689
0.006687
0.006685
0.006683
0.006681
0.006679
0.006677
0.006675
0.006673
0.006671
0.006669
0.006667
0.006664
0.006662
0.006660
0.006658
0.006657
0.006655
0.006653
0.006651
0.006649
0.006647
0.006645
0.006643
0.006641
0.006639
0.006637
0.006635
0.006633
0.006631
0.006629
0.006627
0.006625
0.006623
0.006621
0.006619
0.006617
0.006615
0.006613
0.006611
0.006609
0.006607
0.006605
0.006603
0.006601
0.006599
0.006597
0.006595
0.006593
0.006591
0.006589
0.006587
0.006585
0.006583
0.006581
0.006579
0.006577
0.006576
0.006574
0.006572
0.006570
0.006568
0.006566
0.006564
0.006562
0.006560
0.006558
0.006556
0.006554
0.006552
0.006550
0.006548
0.006546
0.006544
0.006542
0.006541
0.006539
0.006537
0.006535
0.006533
0.006531
0.006529
0.006527
0.006525
0.006523
0.006521
0.006519
0.006517
0.006516
0.006514
0.006512
0.006510
0.006508
0.006506
0.006504
0.006502
0.006500
0.006498
0.006496
0.006494
0.006493
0.006491
0.006489
0.006487
0.006485
0.006483
0.006481
0.006479
0.006477
0.006475
0.006474
0.006472
0.006470
0.006468
0.006466
0.006464
0.006462
0.006460
0.006458
0.006456
0.006455
0.006453
0.006451
0.006449
0.006447
0.006445
0.006443
0.006441
0.006440
0.006438
0.006436
0.006434
0.006432
0.006430
0.006428
0.006426
0.006425
0.006423
0.006421
0.006419
0.006417
0.006415
0.006413
0.006411
0.006410
0.006408
0.006406
0.006404
0.006402
0.006400
0.006398
0.006397
0.006395
0.006393
0.006391
0.006389
0.006387
0.006385
0.006384
0.006382
0.006380
0.006378
0.006376
0.006374
0.006373
0.006371
0.006369
0.006367
0.006365
0.006363
0.006361
0.006360
0.006358
0.006356
0.006354
0.006352
0.006350
0.006349
0.006347
0.006345
0.006343
0.006341
0.006339
0.006338
0.006336
0.006334
0.006332
0.006330
0.006329
0.006327
0.006325
0.006323
0.006321
0.006319
0.006318
0.006316
0.006314
0.006312
0.006310
0.006309
0.006307
0.006305
0.006303
0.006301
0.006300
0.006298
0.006296
0.006294
0.006292
0.006291
0.006289
0.006287
0.006285
0.006283
0.006282
0.006280
0.006278
0.006276
0.006274
0.006273
0.006271
0.006269
0.006267
0.006265
0.006264
0.006262
0.006260
0.006258
0.006257
0.006255
0.006253
0.006251
0.006249
0.006248
0.006246
0.006244
0.006242
0.006241
0.006239
0.006237
0.006235
0.006233
0.006232
0.006230
0.006228
0.006226
0.006225
0.006223
0.006221
0.006219
0.006218
0.006216
0.006214
0.006212
0.006210
0.006209
0.006207
0.006205
0.006203
0.006202
0.006200
0.006198
0.006196
0.006195
0.006193
0.006191
0.006189
0.006188
0.006186
0.006184
0.006182
0.006181
0.006179
0.006177
0.006176
0.006174
0.006172
0.006170
0.006169
0.006167
0.006165
0.006163
0.006162
0.006160
0.006158
0.006156
0.006155
0.006153
0.006151
0.006150
0.006148
0.006146
0.006144
0.006143
0.006141
0.006139
0.006137
0.006136
0.006134
0.006132
0.006131
0.006129
0.006127
0.006125
0.006124
0.006122
0.006120
0.006119
0.006117
0.006115
0.006113
0.006112
0.006110
0.006108
0.006107
0.006105
0.006103
0.006102
0.006100
0.006098
0.006096
0.006095
0.006093
0.006091
0.006090
0.006088
0.006086
0.006085
0.006083
0.006081
0.006079
0.006078
0.006076
0.006074
0.006073
0.006071
0.006069
0.006068
0.006066
0.006064
0.006063
0.006061
0.006059
0.006058
0.006056
0.006054
0.006053
0.006051
0.006049
0.006048
0.006046
0.006044
0.006042
0.006041
0.006039
0.006037
0.006036
0.006034
0.006032
0.006031
0.006029
0.006027
0.006026
0.006024
0.006022
0.006021
0.006019
0.006018
0.006016
0.006014
0.006013
0.006011
0.006009
0.006008
0.006006
0.006004
0.006003
0.006001
0.005999
0.005998
0.005996
0.005994
0.005993
0.005991
0.005989
0.005988
0.005986
0.005985
0.005983
0.005981
0.005980
0.005978
0.005976
0.005975
0.005973
0.005971
0.005970
0.005968
0.005966
0.005965
0.005963
0.005962
0.005960
0.005958
0.005957
0.005955
0.005953
0.005952
0.005950
0.005949
0.005947
0.005945
0.005944
0.005942
0.005940
0.005939
0.005937
0.005936
0.005934
0.005932
0.005931
0.005929
0.005928
0.005926
0.005924
0.005923
0.005921
0.005919
0.005918
0.005916
0.005915
0.005913
0.005911
0.005910
0.005908
0.005907
0.005905
0.005903
0.005902
0.005900
0.005899
0.005897
0.005895
0.005894
0.005892
0.005891
0.005889
0.005887
0.005886
0.005884
0.005883
0.005881
0.005879
0.005878
0.005876
0.005875
0.005873
0.005872
0.005870
0.005868
0.005867
0.005865
0.005864
0.005862
0.005860
0.005859
0.005857
0.005856
0.005854
0.005853
0.005851
0.005849
0.005848
0.005846
0.005845
0.005843
0.005842
0.005840
0.005838
0.005837
0.005835
0.005834
0.005832
0.005831
0.005829
0.005827
0.005826
0.005824
0.005823
0.005821
0.005820
0.005818
0.005817
0.005815
0.005813
0.005812
0.005810
0.005809
0.005807
0.005806
0.005804
0.005803
0.005801
0.005799
0.005798
0.005796
0.005795
0.005793
0.005792
0.005790
0.005789
0.005787
0.005786
0.005784
0.005782
0.005781
0.005779
0.005778
0.005776
0.005775
0.005773
0.005772
0.005770
0.005769
0.005767
0.005766
0.005764
0.005762
0.005761
0.005759
0.005758
0.005756
0.005755
0.005753
0.005752
0.005750
0.005749
0.005747
0.005746
0.005744
0.005743
0.005741
0.005740
0.005738
0.005737
0.005735
0.005734
0.005732
0.005730
0.005729
0.005727
0.005726
0.005724
0.005723
0.005721
0.005720
0.005718
0.005717
0.005715
0.005714
0.005712
0.005711
0.005709
0.005708
0.005706
0.005705
0.005703
0.005702
0.005700
0.005699
0.005697
0.005696
0.005694
0.005693
0.005691
0.005690
0.005688
0.005687
0.005685
0.005684
0.005682
0.005681
0.005679
0.005678
0.005676
0.005675
0.005673
0.005672
0.005670
0.005669
0.005667
0.005666
0.005664
0.005663
0.005662
0.005660
0.005659
0.005657
0.005656
0.005654
0.005653
0.005651
0.005650
0.005648
0.005647
0.005645
0.005644
0.005642
0.005641
0.005639
0.005638
0.005636
0.005635
0.005633
0.005632
0.005631
0.005629
0.005628
0.005626
0.005625
0.005623
0.005622
0.005620
0.005619
0.005617
0.005616
0.005614
0.005613
0.005612
0.005610
0.005609
0.005607
0.005606
0.005604
0.005603
0.005601
0.005600
0.005598
0.005597
0.005596
0.005594
0.005593
0.005591
0.005590
0.005588
0.005587
0.005585
0.005584
0.005582
0.005581
0.005580
0.005578
0.005577
0.005575
0.005574
0.005572
0.005571
0.005570
0.005568
0.005567
0.005565
0.005564
0.005562
0.005561
0.005559
0.005558
0.005557
0.005555
0.005554
0.005552
0.005551
0.005549
0.005548
0.005547
0.005545
0.005544
0.005542
0.005541
0.005539
0.005538
0.005537
0.005535
0.005534
0.005532
0.005531
0.005530
0.005528
0.005527
0.005525
0.005524
0.005522
0.005521
0.005520
0.005518
0.005517
0.005515
0.005514
0.005513
0.005511
0.005510
0.005508
0.005507
0.005505
0.005504
0.005503
0.005501
0.005500
0.005498
0.005497
0.005496
0.005494
0.005493
0.005491
0.005490
0.005489
0.005487
0.005486
0.005484
0.005483
0.005482
0.005480
0.005479
0.005477
0.005476
0.005475
0.005473
0.005472
0.005470
0.005469
0.005468
0.005466
0.005465
0.005464
0.005462
0.005461
0.005459
0.005458
0.005457
0.005455
0.005454
0.005452
0.005451
0.005450
0.005448
0.005447
0.005446
0.005444
0.005443
0.005441
0.005440
0.005439
0.005437
0.005436
0.005435
0.005433
0.005432
0.005430
0.005429
0.005428
0.005426
0.005425
0.005424
0.005422
0.005421
0.005419
0.005418
0.005417
0.005415
0.005414
0.005413
0.005411
0.005410
0.005409
0.005407
0.005406
0.005404
0.005403
0.005402
0.005400
0.005399
0.005398
0.005396
0.005395
0.005394
0.005392
0.005391
0.005389
0.005388
0.005387
0.005385
0.005384
0.005383
0.005381
0.005380
0.005379
0.005377
0.005376
0.005375
0.005373
0.005372
0.005371
0.005369
0.005368
0.005367
0.005365
0.005364
0.005363
0.005361
0.005360
0.005359
0.005357
0.005356
0.005354
0.005353
0.005352
0.005350
0.005349
0.005348
0.005346
0.005345
0.005344
0.005342
0.005341
0.005340
0.005338
0.005337
0.005336
0.005335
0.005333
0.005332
0.005331
0.005329
0.005328
0.005327
0.005325
0.005324
0.005323
0.005321
0.005320
0.005319
0.005317
0.005316
0.005315
0.005313
0.005312
0.005311
0.005309
0.005308
0.005307
0.005305
0.005304
0.005303
0.005301
0.005300
0.005299
0.005298
0.005296
0.005295
0.005294
0.005292
0.005291
0.005290
0.005288
0.005287
0.005286
0.005284
0.005283
0.005282
0.005281
0.005279
0.005278
0.005277
0.005275
0.005274
0.005273
0.005271
0.005270
0.005269
0.005268
0.005266
0.005265
0.005264
0.005262
0.005261
0.005260
0.005258
0.005257
0.005256
0.005255
0.005253
0.005252
0.005251
0.005249
0.005248
0.005247
0.005246
0.005244
0.005243
0.005242
0.005240
0.005239
0.005238
0.005237
0.005235
0.005234
0.005233
0.005231
0.005230
0.005229
0.005228
0.005226
0.005225
0.005224
0.005222
0.005221
0.005220
0.005219
0.005217
0.005216
0.005215
0.005214
0.005212
0.005211
0.005210
0.005208
0.005207
0.005206
0.005205
0.005203
0.005202
0.005201
0.005200
0.005198
0.005197
0.005196
0.005195
0.005193
0.005192
0.005191
0.005189
0.005188
0.005187
0.005186
0.005184
0.005183
0.005182
0.005181
0.005179
0.005178
0.005177
0.005176
0.005174
0.005173
0.005172
0.005171
0.005169
0.005168
0.005167
0.005166
0.005164
0.005163
0.005162
0.005161
0.005159
0.005158
0.005157
0.005156
0.005154
0.005153
0.005152
0.005151
0.005149
0.005148
0.005147
0.005146
0.005144
0.005143
0.005142
0.005141
0.005139
0.005138
0.005137
0.005136
0.005134
0.005133
0.005132
0.005131
0.005129
0.005128
0.005127
0.005126
0.005125
0.005123
0.005122
0.005121
0.005120
0.005118
0.005117
0.005116
0.005115
0.005113
0.005112
0.005111
0.005110
0.005109
0.005107
0.005106
0.005105
0.005104
0.005102
0.005101
0.005100
0.005099
0.005098
0.005096
0.005095
0.005094
0.005093
0.005091
0.005090
0.005089
0.005088
0.005087
0.005085
0.005084
0.005083
0.005082
0.005080
0.005079
0.005078
0.005077
0.005076
0.005074
0.005073
0.005072
0.005071
0.005070
0.005068
0.005067
0.005066
0.005065
0.005064
0.005062
0.005061
0.005060
0.005059
0.005058
0.005056
0.005055
0.005054
0.005053
0.005052
0.005050
0.005049
0.005048
0.005047
0.005046
0.005044
0.005043
0.005042
0.005041
0.005040
0.005038
0.005037
0.005036
0.005035
0.005034
0.005032
0.005031
0.005030
0.005029
0.005028
0.005026
0.005025
0.005024
0.005023
0.005022
0.005020
0.005019
0.005018
0.005017
0.005016
0.005015
0.005013
0.005012
0.005011
0.005010
0.005009
0.005007
0.005006
0.005005
0.005004
0.005003
0.005002
0.005000
0.004999
0.004998
0.004997
0.004996
0.004994
0.004993
0.004992
0.004991
0.004990
0.004989
0.004987
0.004986
0.004985
0.004984
0.004983
0.004982
0.004980
0.004979
0.004978
0.004977
0.004976
0.004975
0.004973
0.004972
0.004971
0.004970
0.004969
0.004968
0.004966
0.004965
0.004964
0.004963
0.004962
0.004961
0.004959
0.004958
0.004957
0.004956
0.004955
0.004954
0.004952
0.004951
0.004950
0.004949
0.004948
0.004947
0.004945
0.004944
0.004943
0.004942
0.004941
0.004940
0.004939
0.004937
0.004936
0.004935
0.004934
0.004933
0.004932
0.004931
0.004929
0.004928
0.004927
0.004926
0.004925
0.004924
0.004922
0.004921
0.004920
0.004919
0.004918
0.004917
0.004916
0.004914
0.004913
0.004912
0.004911
0.004910
0.004909
0.004908
0.004906
0.004905
0.004904
0.004903
0.004902
0.004901
0.004900
0.004899
0.004897
0.004896
0.004895
0.004894
0.004893
0.004892
0.004891
0.004889
0.004888
0.004887
0.004886
0.004885
0.004884
0.004883
0.004882
0.004880
0.004879
0.004878
0.004877
0.004876
0.004875
0.004874
0.004873
0.004871
0.004870
0.004869
0.004868
0.004867
0.004866
0.004865
0.004864
0.004862
0.004861
0.004860
0.004859
0.004858
0.004857
0.004856
0.004855
0.004854
0.004852
0.004851
0.004850
0.004849
0.004848
0.004847
0.004846
0.004845
0.004843
0.004842
0.004841
0.004840
0.004839
0.004838
0.004837
0.004836
0.004835
0.004834
0.004832
0.004831
0.004830
0.004829
0.004828
0.004827
0.004826
0.004825
0.004824
0.004822
0.004821
0.004820
0.004819
0.004818
0.004817
0.004816
0.004815
0.004814
0.004813
0.004811
0.004810
0.004809
0.004808
0.004807
0.004806
0.004805
0.004804
0.004803
0.004802
0.004800
0.004799
0.004798
0.004797
0.004796
0.004795
0.004794
0.004793
0.004792
0.004791
0.004790
0.004788
0.004787
0.004786
0.004785
0.004784
0.004783
0.004782
0.004781
0.004780
0.004779
0.004778
0.004777
0.004775
0.004774
0.004773
0.004772
0.004771
0.004770
0.004769
0.004768
0.004767
0.004766
0.004765
0.004764
0.004763
0.004761
0.004760
0.004759
0.004758
0.004757
0.004756
0.004755
0.004754
0.004753
0.004752
0.004751
0.004750
0.004749
0.004747
0.004746
0.004745
0.004744
0.004743
0.004742
0.004741
0.004740
0.004739
0.004738
0.004737
0.004736
0.004735
0.004734
0.004733
0.004731
0.004730
0.004729
0.004728
0.004727
0.004726
0.004725
0.004724
0.004723
0.004722
0.004721
0.004720
0.004719
0.004718
0.004717
0.004716
0.004714
0.004713
0.004712
0.004711
0.004710
0.004709
0.004708
0.004707
0.004706
0.004705
0.004704
0.004703
0.004702
0.004701
0.004700
0.004699
0.004698
0.004697
0.004696
0.004694
0.004693
0.004692
0.004691
0.004690
0.004689
0.004688
0.004687
0.004686
0.004685
0.004684
0.004683
0.004682
0.004681
0.004680
0.004679
0.004678
0.004677
0.004676
0.004675
0.004674
0.004673
0.004671
0.004670
0.004669
0.004668
0.004667
0.004666
0.004665
0.004664
0.004663
0.004662
0.004661
0.004660
0.004659
0.004658
0.004657
0.004656
0.004655
0.004654
0.004653
0.004652
0.004651
0.004650
0.004649
0.004648
0.004647
0.004646
0.004645
0.004644
0.004643
0.004642
0.004640
0.004639
0.004638
0.004637
0.004636
0.004635
0.004634
0.004633
0.004632
0.004631
0.004630
0.004629
0.004628
0.004627
0.004626
0.004625
0.004624
0.004623
0.004622
0.004621
0.004620
0.004619
0.004618
0.004617
0.004616
0.004615
0.004614
0.004613
0.004612
0.004611
0.004610
0.004609
0.004608
0.004607
0.004606
0.004605
0.004604
0.004603
0.004602
0.004601
0.004600
0.004599
0.004598
0.004597
0.004596
0.004595
0.004594
0.004593
0.004592
0.004591
0.004590
0.004589
0.004588
0.004587
0.004586
0.004585
0.004584
0.004583
0.004582
0.004581
0.004580
0.004579
0.004578
0.004577
0.004576
0.004575
0.004574
0.004573
0.004572
0.004571
0.004570
0.004569
0.004568
0.004567
0.004566
0.004565
0.004564
0.004563
0.004562
0.004561
0.004560
0.004559
0.004558
0.004557
0.004556
0.004555
0.004554
0.004553
0.004552
0.004551
0.004550
0.004549
0.004548
0.004547
0.004546
0.004545
0.004544
0.004543
0.004542
0.004541
0.004540
0.004539
0.004538
0.004537
0.004536
0.004535
0.004534
0.004533
0.004532
0.004531
0.004530
0.004529
0.004528
0.004527
0.004526
0.004525
0.004524
0.004523
0.004522
0.004521
0.004520
0.004519
0.004518
0.004517
0.004516
0.004515
0.004514
0.004513
0.004512
0.004511
0.004510
0.004509
0.004508
0.004508
0.004507
0.004506
0.004505
0.004504
0.004503
0.004502
0.004501
0.004500
0.004499
0.004498
0.004497
0.004496
0.004495
0.004494
0.004493
0.004492
0.004491
0.004490
0.004489
0.004488
0.004487
0.004486
0.004485
0.004484
0.004483
0.004482
0.004481
0.004480
0.004479
0.004478
0.004478
0.004477
0.004476
0.004475
0.004474
0.004473
0.004472
0.004471
0.004470
0.004469
0.004468
0.004467
0.004466
0.004465
0.004464
0.004463
0.004462
0.004461
0.004460
0.004459
0.004458
0.004457
0.004456
0.004456
0.004455
0.004454
0.004453
0.004452
0.004451
0.004450
0.004449
0.004448
0.004447
0.004446
0.004445
0.004444
0.004443
0.004442
0.004441
0.004440
0.004439
0.004438
0.004437
0.004437
0.004436
0.004435
0.004434
0.004433
0.004432
0.004431
0.004430
0.004429
0.004428
0.004427
0.004426
0.004425
0.004424
0.004423
0.004422
0.004421
0.004421
0.004420
0.004419
0.004418
0.004417
0.004416
0.004415
0.004414
0.004413
0.004412
0.004411
0.004410
0.004409
0.004408
0.004407
0.004406
0.004406
0.004405
0.004404
0.004403
0.004402
0.004401
0.004400
0.004399
0.004398
0.004397
0.004396
0.004395
0.004394
0.004393
0.004393
0.004392
0.004391
0.004390
0.004389
0.004388
0.004387
0.004386
0.004385
0.004384
0.004383
0.004382
0.004381
0.004381
0.004380
0.004379
0.004378
0.004377
0.004376
0.004375
0.004374
0.004373
0.004372
0.004371
0.004370
0.004369
0.004369
0.004368
0.004367
0.004366
0.004365
0.004364
0.004363
0.004362
0.004361
0.004360
0.004359
0.004358
0.004358
0.004357
0.004356
0.004355
0.004354
0.004353
0.004352
0.004351
0.004350
0.004349
0.004348
0.004348
0.004347
0.004346
0.004345
0.004344
0.004343
0.004342
0.004341
0.004340
0.004339
0.004338
0.004338
0.004337
0.004336
0.004335
0.004334
0.004333
0.004332
0.004331
0.004330
0.004329
0.004328
0.004328
0.004327
0.004326
0.004325
0.004324
0.004323
0.004322
0.004321
0.004320
0.004319
0.004319
0.004318
0.004317
0.004316
0.004315
0.004314
0.004313
0.004312
0.004311
0.004310
0.004310
0.004309
0.004308
0.004307
0.004306
0.004305
0.004304
0.004303
0.004302
0.004302
0.004301
0.004300
0.004299
0.004298
0.004297
0.004296
0.004295
0.004294
0.004294
0.004293
0.004292
0.004291
0.004290
0.004289
0.004288
0.004287
0.004286
0.004286
0.004285
0.004284
0.004283
0.004282
0.004281
0.004280
0.004279
0.004278
0.004278
0.004277
0.004276
0.004275
0.004274
0.004273
0.004272
0.004271
0.004271
0.004270
0.004269
0.004268
0.004267
0.004266
0.004265
0.004264
0.004263
0.004263
0.004262
0.004261
0.004260
0.004259
0.004258
0.004257
0.004256
0.004256
0.004255
0.004254
0.004253
0.004252
0.004251
0.004250
0.004249
0.004249
0.004248
0.004247
0.004246
0.004245
0.004244
0.004243
0.004242
0.004242
0.004241
0.004240
0.004239
0.004238
0.004237
0.004236
0.004236
0.004235
0.004234
0.004233
0.004232
0.004231
0.004230
0.004229
0.004229
0.004228
0.004227
0.004226
0.004225
0.004224
0.004223
0.004223
0.004222
0.004221
0.004220
0.004219
0.004218
0.004217
0.004217
0.004216
0.004215
0.004214
0.004213
0.004212
0.004211
0.004211
0.004210
0.004209
0.004208
0.004207
0.004206
0.004205
0.004205
0.004204
0.004203
0.004202
0.004201
0.004200
0.004199
0.004199
0.004198
0.004197
0.004196
0.004195
0.004194
0.004193
0.004193
0.004192
0.004191
0.004190
0.004189
0.004188
0.004187
0.004187
0.004186
0.004185
0.004184
0.004183
0.004182
0.004182
0.004181
0.004180
0.004179
0.004178
0.004177
0.004176
0.004176
0.004175
0.004174
0.004173
0.004172
0.004171
0.004171
0.004170
0.004169
0.004168
0.004167
0.004166
0.004166
0.004165
0.004164
0.004163
0.004162
0.004161
0.004160
0.004160
0.004159
0.004158
0.004157
0.004156
0.004155
0.004155
0.004154
0.004153
0.004152
0.004151
0.004150
0.004150
0.004149
0.004148
0.004147
0.004146
0.004145
0.004145
0.004144
0.004143
0.004142
0.004141
0.004140
0.004140
0.004139
0.004138
0.004137
0.004136
0.004135
0.004135
0.004134
0.004133
0.004132
0.004131
0.004130
0.004130
0.004129
0.004128
0.004127
0.004126
0.004126
0.004125
0.004124
0.004123
0.004122
0.004121
0.004121
0.004120
0.004119
0.004118
0.004117
0.004116
0.004116
0.004115
0.004114
0.004113
0.004112
0.004112
0.004111
0.004110
0.004109
0.004108
0.004107
0.004107
0.004106
0.004105
0.004104
0.004103
0.004102
0.004102
0.004101
0.004100
0.004099
0.004098
0.004098
0.004097
0.004096
0.004095
0.004094
0.004094
0.004093
0.004092
0.004091
0.004090
0.004089
0.004089
0.004088
0.004087
0.004086
0.004085
0.004085
0.004084
0.004083
0.004082
0.004081
0.004081
0.004080
0.004079
0.004078
0.004077
0.004076
0.004076
0.004075
0.004074
0.004073
0.004072
0.004072
0.004071
0.004070
0.004069
0.004068
0.004068
0.004067
0.004066
0.004065
0.004064
0.004064
0.004063
0.004062
0.004061
0.004060
0.004060
0.004059
0.004058
0.004057
0.004056
0.004056
0.004055
0.004054
0.004053
0.004052
0.004052
0.004051
0.004050
0.004049
0.004048
0.004048
0.004047
0.004046
0.004045
0.004044
0.004044
0.004043
0.004042
0.004041
0.004040
0.004040
0.004039
0.004038
0.004037
0.004036
0.004036
0.004035
0.004034
0.004033
0.004032
0.004032
0.004031
0.004030
0.004029
0.004029
0.004028
0.004027
0.004026
0.004025
0.004025
0.004024
0.004023
0.004022
0.004021
0.004021
0.004020
0.004019
0.004018
0.004017
0.004017
0.004016
0.004015
0.004014
0.004014
0.004013
0.004012
0.004011
0.004010
0.004010
0.004009
0.004008
0.004007
0.004007
0.004006
0.004005
0.004004
0.004003
0.004003
0.004002
0.004001
0.004000
0.003999
0.003999
0.003998
0.003997
0.003996
0.003996
0.003995
0.003994
0.003993
0.003992
0.003992
0.003991
0.003990
0.003989
0.003989
0.003988
0.003987
0.003986
0.003985
0.003985
0.003984
0.003983
0.003982
0.003982
0.003981
0.003980
0.003979
0.003979
0.003978
0.003977
0.003976
0.003975
0.003975
0.003974
0.003973
0.003972
0.003972
0.003971
0.003970
0.003969
0.003969
0.003968
0.003967
0.003966
0.003965
0.003965
0.003964
0.003963
0.003962
0.003962
0.003961
0.003960
0.003959
0.003959
0.003958
0.003957
0.003956
0.003955
0.003955
0.003954
0.003953
0.003952
0.003952
0.003951
0.003950
0.003949
0.003949
0.003948
0.003947
0.003946
0.003946
0.003945
0.003944
0.003943
0.003943
0.003942
0.003941
0.003940
0.003939
0.003939
0.003938
0.003937
0.003936
0.003936
0.003935
0.003934
0.003933
0.003933
0.003932
0.003931
0.003930
0.003930
0.003929
0.003928
0.003927
0.003927
0.003926
0.003925
0.003924
0.003924
0.003923
0.003922
0.003921
0.003921
0.003920
0.003919
0.003918
0.003918
0.003917
0.003916
0.003915
0.003915
0.003914
0.003913
0.003912
0.003912
0.003911
0.003910
0.003909
0.003909
0.003908
0.003907
0.003906
0.003906
0.003905
0.003904
0.003903
0.003903
0.003902
0.003901
0.003900
0.003900
0.003899
0.003898
0.003897
0.003897
0.003896
0.003895
0.003894
0.003894
0.003893
0.003892
0.003891
0.003891
0.003890
0.003889
0.003889
0.003888
0.003887
0.003886
0.003886
0.003885
0.003884
0.003883
0.003883
0.003882
0.003881
0.003880
0.003880
0.003879
0.003878
0.003877
0.003877
0.003876
0.003875
0.003875
0.003874
0.003873
0.003872
0.003872
0.003871
0.003870
0.003869
0.003869
0.003868
0.003867
0.003866
0.003866
0.003865
0.003864
0.003864
0.003863
0.003862
0.003861
0.003861
0.003860
0.003859
0.003858
0.003858
0.003857
0.003856
0.003855
0.003855
0.003854
0.003853
0.003853
0.003852
0.003851
0.003850
0.003850
0.003849
0.003848
0.003847
0.003847
0.003846
0.003845
0.003845
0.003844
0.003843
0.003842
0.003842
0.003841
0.003840
0.003840
0.003839
0.003838
0.003837
0.003837
0.003836
0.003835
0.003834
0.003834
0.003833
0.003832
0.003832
0.003831
0.003830
0.003829
0.003829
0.003828
0.003827
0.003827
0.003826
0.003825
0.003824
0.003824
0.003823
0.003822
0.003822
0.003821
0.003820
0.003819
0.003819
0.003818
0.003817
0.003817
0.003816
0.003815
0.003814
0.003814
0.003813
0.003812
0.003812
0.003811
0.003810
0.003809
0.003809
0.003808
0.003807
0.003807
0.003806
0.003805
0.003804
0.003804
0.003803
0.003802
0.003802
0.003801
0.003800
0.003799
0.003799
0.003798
0.003797
0.003797
0.003796
0.003795
0.003794
0.003794
0.003793
0.003792
0.003792
0.003791
0.003790
0.003790
0.003789
0.003788
0.003787
0.003787
0.003786
0.003785
0.003785
0.003784
0.003783
0.003782
0.003782
0.003781
0.003780
0.003780
0.003779
0.003778
0.003778
0.003777
0.003776
0.003775
0.003775
0.003774
0.003773
0.003773
0.003772
0.003771
0.003771
0.003770
0.003769
0.003768
0.003768
0.003767
0.003766
0.003766
0.003765
0.003764
0.003764
0.003763
0.003762
0.003761
0.003761
0.003760
0.003759
0.003759
0.003758
0.003757
0.003757
0.003756
0.003755
0.003755
0.003754
0.003753
0.003752
0.003752
0.003751
0.003750
0.003750
0.003749
0.003748
0.003748
0.003747
0.003746
0.003746
0.003745
0.003744
0.003743
0.003743
0.003742
0.003741
0.003741
0.003740
0.003739
0.003739
0.003738
0.003737
0.003737
0.003736
0.003735
0.003735
0.003734
0.003733
0.003732
0.003732
0.003731
0.003730
0.003730
0.003729
0.003728
0.003728
0.003727
0.003726
0.003726
0.003725
0.003724
0.003724
0.003723
0.003722
0.003721
0.003721
0.003720
0.003719
0.003719
0.003718
0.003717
0.003717
0.003716
0.003715
0.003715
0.003714
0.003713
0.003713
0.003712
0.003711
0.003711
0.003710
0.003709
0.003709
0.003708
0.003707
0.003707
0.003706
0.003705
0.003705
0.003704
0.003703
0.003702
0.003702
0.003701
0.003700
0.003700
0.003699
0.003698
0.003698
0.003697
0.003696
0.003696
0.003695
0.003694
0.003694
0.003693
0.003692
0.003692
0.003691
0.003690
0.003690
0.003689
0.003688
0.003688
0.003687
0.003686
0.003686
0.003685
0.003684
0.003684
0.003683
0.003682
0.003682
0.003681
0.003680
0.003680
0.003679
0.003678
0.003678
0.003677
0.003676
0.003676
0.003675
0.003674
0.003674
0.003673
0.003672
0.003672
0.003671
0.003670
0.003670
0.003669
0.003668
0.003668
0.003667
0.003666
0.003666
0.003665
0.003664
0.003664
0.003663
0.003662
0.003662
0.003661
0.003660
0.003660
0.003659
0.003658
0.003658
0.003657
0.003656
0.003656
0.003655
0.003654
0.003654
0.003653
0.003652
0.003652
0.003651
0.003650
0.003650
0.003649
0.003648
0.003648
0.003647
0.003646
0.003646
0.003645
0.003645
0.003644
0.003643
0.003643
0.003642
0.003641
0.003641
0.003640
0.003639
0.003639
0.003638
0.003637
0.003637
0.003636
0.003635
0.003635
0.003634
0.003633
0.003633
0.003632
0.003631
0.003631
0.003630
0.003629
0.003629
0.003628
0.003628
0.003627
0.003626
0.003626
0.003625
0.003624
0.003624
0.003623
0.003622
0.003622
0.003621
0.003620
0.003620
0.003619
0.003618
0.003618
0.003617
0.003616
0.003616
0.003615
0.003615
0.003614
0.003613
0.003613
0.003612
0.003611
0.003611
0.003610
0.003609
0.003609
0.003608
0.003607
0.003607
0.003606
0.003606
0.003605
0.003604
0.003604
0.003603
0.003602
0.003602
0.003601
0.003600
0.003600
0.003599
0.003598
0.003598
0.003597
0.003597
0.003596
0.003595
0.003595
0.003594
0.003593
0.003593
0.003592
0.003591
0.003591
0.003590
0.003589
0.003589
0.003588
0.003588
0.003587
0.003586
0.003586
0.003585
0.003584
0.003584
0.003583
0.003582
0.003582
0.003581
0.003581
0.003580
0.003579
0.003579
0.003578
0.003577
0.003577
0.003576
0.003576
0.003575
0.003574
0.003574
0.003573
0.003572
0.003572
0.003571
0.003570
0.003570
0.003569
0.003569
0.003568
0.003567
0.003567
0.003566
0.003565
0.003565
0.003564
0.003564
0.003563
0.003562
0.003562
0.003561
0.003560
0.003560
0.003559
0.003558
0.003558
0.003557
0.003557
0.003556
0.003555
0.003555
0.003554
0.003553
0.003553
0.003552
0.003552
0.003551
0.003550
0.003550
0.003549
0.003548
0.003548
0.003547
0.003547
0.003546
0.003545
0.003545
0.003544
0.003543
0.003543
0.003542
0.003542
0.003541
0.003540
0.003540
0.003539
0.003538
0.003538
0.003537
0.003537
0.003536
0.003535
0.003535
0.003534
0.003534
0.003533
0.003532
0.003532
0.003531
0.003530
0.003530
0.003529
0.003529
0.003528
0.003527
0.003527
0.003526
0.003525
0.003525
0.003524
0.003524
0.003523
0.003522
0.003522
0.003521
0.003521
0.003520
0.003519
0.003519
0.003518
0.003517
0.003517
0.003516
0.003516
0.003515
0.003514
0.003514
0.003513
0.003513
0.003512
0.003511
0.003511
0.003510
0.003509
0.003509
0.003508
0.003508
0.003507
0.003506
0.003506
0.003505
0.003505
0.003504
0.003503
0.003503
0.003502
0.003502
0.003501
0.003500
0.003500
0.003499
0.003499
0.003498
0.003497
0.003497
0.003496
0.003495
0.003495
0.003494
0.003494
0.003493
0.003492
0.003492
0.003491
0.003491
0.003490
0.003489
0.003489
0.003488
0.003488
0.003487
0.003486
0.003486
0.003485
0.003485
0.003484
0.003483
0.003483
0.003482
0.003482
0.003481
0.003480
0.003480
0.003479
0.003479
0.003478
0.003477
0.003477
0.003476
0.003476
0.003475
0.003474
0.003474
0.003473
0.003473
0.003472
0.003471
0.003471
0.003470
0.003470
0.003469
0.003468
0.003468
0.003467
0.003467
0.003466
0.003465
0.003465
0.003464
0.003464
0.003463
0.003462
0.003462
0.003461
0.003461
0.003460
0.003459
0.003459
0.003458
0.003458
0.003457
0.003456
0.003456
0.003455
0.003455
0.003454
0.003453
0.003453
0.003452
0.003452
0.003451
0.003450
0.003450
0.003449
0.003449
0.003448
0.003447
0.003447
0.003446
0.003446
0.003445
0.003445
0.003444
0.003443
0.003443
0.003442
0.003442
0.003441
0.003440
0.003440
0.003439
0.003439
0.003438
0.003437
0.003437
0.003436
0.003436
0.003435
0.003435
0.003434
0.003433
0.003433
0.003432
0.003432
0.003431
0.003430
0.003430
0.003429
0.003429
0.003428
0.003427
0.003427
0.003426
0.003426
0.003425
0.003425
0.003424
0.003423
0.003423
0.003422
0.003422
0.003421
0.003420
0.003420
0.003419
0.003419
0.003418
0.003418
0.003417
0.003416
0.003416
0.003415
0.003415
0.003414
0.003413
0.003413
0.003412
0.003412
0.003411
0.003411
0.003410
0.003409
0.003409
0.003408
0.003408
0.003407
0.003406
0.003406
0.003405
0.003405
0.003404
0.003404
0.003403
0.003402
0.003402
0.003401
0.003401
0.003400
0.003400
0.003399
0.003398
0.003398
0.003397
0.003397
0.003396
0.003396
0.003395
0.003394
0.003394
0.003393
0.003393
0.003392
0.003392
0.003391
0.003390
0.003390
0.003389
0.003389
0.003388
0.003387
0.003387
0.003386
0.003386
0.003385
0.003385
0.003384
0.003383
0.003383
0.003382
0.003382
0.003381
0.003381
0.003380
0.003379
0.003379
0.003378
0.003378
0.003377
0.003377
0.003376
0.003375
0.003375
0.003374
0.003374
0.003373
0.003373
0.003372
0.003372
0.003371
0.003370
0.003370
0.003369
0.003369
0.003368
0.003368
0.003367
0.003366
0.003366
0.003365
0.003365
0.003364
0.003364
0.003363
0.003362
0.003362
0.003361
0.003361
0.003360
0.003360
0.003359
0.003358
0.003358
0.003357
0.003357
0.003356
0.003356
0.003355
0.003355
0.003354
0.003353
0.003353
0.003352
0.003352
0.003351
0.003351
0.003350
0.003349
0.003349
0.003348
0.003348
0.003347
0.003347
0.003346
0.003346
0.003345
0.003344
0.003344
0.003343
0.003343
0.003342
0.003342
0.003341
0.003341
0.003340
0.003339
0.003339
0.003338
0.003338
0.003337
0.003337
0.003336
0.003336
0.003335
0.003334
0.003334
0.003333
0.003333
0.003332
0.003332
0.003331
0.003331
0.003330
0.003329
0.003329
0.003328
0.003328
0.003327
0.003327
0.003326
0.003326
0.003325
0.003324
0.003324
0.003323
0.003323
0.003322
0.003322
0.003321
0.003321
0.003320
0.003319
0.003319
0.003318
0.003318
0.003317
0.003317
0.003316
0.003316
0.003315
0.003314
0.003314
0.003313
0.003313
0.003312
0.003312
0.003311
0.003311
0.003310
0.003310
0.003309
0.003308
0.003308
0.003307
0.003307
0.003306
0.003306
0.003305
0.003305
0.003304
0.003303
0.003303
0.003302
0.003302
0.003301
0.003301
0.003300
0.003300
0.003299
0.003299
0.003298
0.003297
0.003297
0.003296
0.003296
0.003295
0.003295
0.003294
0.003294
0.003293
0.003293
0.003292
0.003292
0.003291
0.003290
0.003290
0.003289
0.003289
0.003288
0.003288
0.003287
0.003287
0.003286
0.003286
0.003285
0.003284
0.003284
0.003283
0.003283
0.003282
0.003282
0.003281
0.003281
0.003280
0.003280
0.003279
0.003279
0.003278
0.003277
0.003277
0.003276
0.003276
0.003275
0.003275
0.003274
0.003274
0.003273
0.003273
0.003272
0.003272
0.003271
0.003270
0.003270
0.003269
0.003269
0.003268
0.003268
0.003267
0.003267
0.003266
0.003266
0.003265
0.003265
0.003264
0.003263
0.003263
0.003262
0.003262
0.003261
0.003261
0.003260
0.003260
0.003259
0.003259
0.003258
0.003258
0.003257
0.003257
0.003256
0.003255
0.003255
0.003254
0.003254
0.003253
0.003253
0.003252
0.003252
0.003251
0.003251
0.003250
0.003250
0.003249
0.003249
0.003248
0.003247
0.003247
0.003246
0.003246
0.003245
0.003245
0.003244
0.003244
0.003243
0.003243
0.003242
0.003242
0.003241
0.003241
0.003240
0.003240
0.003239
0.003239
0.003238
0.003237
0.003237
0.003236
0.003236
0.003235
0.003235
0.003234
0.003234
0.003233
0.003233
0.003232
0.003232
0.003231
0.003231
0.003230
0.003230
0.003229
0.003229
0.003228
0.003227
0.003227
0.003226
0.003226
0.003225
0.003225
0.003224
0.003224
0.003223
0.003223
0.003222
0.003222
0.003221
0.003221
0.003220
0.003220
0.003219
0.003219
0.003218
0.003218
0.003217
0.003217
0.003216
0.003215
0.003215
0.003214
0.003214
0.003213
0.003213
0.003212
0.003212
0.003211
0.003211
0.003210
0.003210
0.003209
0.003209
0.003208
0.003208
0.003207
0.003207
0.003206
0.003206
0.003205
0.003205
0.003204
0.003204
0.003203
0.003203
0.003202
0.003201
0.003201
0.003200
0.003200
0.003199
0.003199
0.003198
0.003198
0.003197
0.003197
0.003196
0.003196
0.003195
0.003195
0.003194
0.003194
0.003193
0.003193
0.003192
0.003192
0.003191
0.003191
0.003190
0.003190
0.003189
0.003189
0.003188
0.003188
0.003187
0.003187
0.003186
0.003186
0.003185
0.003185
0.003184
0.003184
0.003183
0.003182
0.003182
0.003181
0.003181
0.003180
0.003180
0.003179
0.003179
0.003178
0.003178
0.003177
0.003177
0.003176
0.003176
0.003175
0.003175
0.003174
0.003174
0.003173
0.003173
0.003172
0.003172
0.003171
0.003171
0.003170
0.003170
0.003169
0.003169
0.003168
0.003168
0.003167
0.003167
0.003166
0.003166
0.003165
0.003165
0.003164
0.003164
0.003163
0.003163
0.003162
0.003162
0.003161
0.003161
0.003160
0.003160
0.003159
0.003159
0.003158
0.003158
0.003157
0.003157
0.003156
0.003156
0.003155
0.003155
0.003154
0.003154
0.003153
0.003153
0.003152
0.003152
0.003151
0.003151
0.003150
0.003150
0.003149
0.003149
0.003148
0.003148
0.003147
0.003147
0.003146
0.003146
0.003145
0.003145
0.003144
0.003144
0.003143
0.003143
0.003142
0.003142
0.003141
0.003141
0.003140
0.003140
0.003139
0.003139
0.003138
0.003138
0.003137
0.003137
0.003136
0.003136
0.003135
0.003135
0.003134
0.003134
0.003133
0.003133
0.003132
0.003132
0.003131
0.003131
0.003130
0.003130
0.003129
0.003129
0.003128
0.003128
0.003127
0.003127
0.003126
0.003126
0.003125
0.003125
0.003124
0.003124
0.003123
0.003123
0.003122
0.003122
0.003121
0.003121
0.003120
0.003120
0.003119
0.003119
0.003118
0.003118
0.003117
0.003117
0.003116
0.003116
0.003115
0.003115
0.003114
0.003114
0.003113
0.003113
0.003112
0.003112
0.003112
0.003111
0.003111
0.003110
0.003110
0.003109
0.003109
0.003108
0.003108
0.003107
0.003107
0.003106
0.003106
0.003105
0.003105
0.003104
0.003104
0.003103
0.003103
0.003102
0.003102
0.003101
0.003101
0.003100
0.003100
0.003099
0.003099
0.003098
0.003098
0.003097
0.003097
0.003096
0.003096
0.003095
0.003095
0.003094
0.003094
0.003094
0.003093
0.003093
0.003092
0.003092
0.003091
0.003091
0.003090
0.003090
0.003089
0.003089
0.003088
0.003088
0.003087
0.003087
0.003086
0.003086
0.003085
0.003085
0.003084
0.003084
0.003083
0.003083
0.003082
0.003082
0.003081
0.003081
0.003080
0.003080
0.003080
0.003079
0.003079
0.003078
0.003078
0.003077
0.003077
0.003076
0.003076
0.003075
0.003075
0.003074
0.003074
0.003073
0.003073
0.003072
0.003072
0.003071
0.003071
0.003070
0.003070
0.003069
0.003069
0.003069
0.003068
0.003068
0.003067
0.003067
0.003066
0.003066
0.003065
0.003065
0.003064
0.003064
0.003063
0.003063
0.003062
0.003062
0.003061
0.003061
0.003060
0.003060
0.003059
0.003059
0.003059
0.003058
0.003058
0.003057
0.003057
0.003056
0.003056
0.003055
0.003055
0.003054
0.003054
0.003053
0.003053
0.003052
0.003052
0.003051
0.003051
0.003050
0.003050
0.003050
0.003049
0.003049
0.003048
0.003048
0.003047
0.003047
0.003046
0.003046
0.003045
0.003045
0.003044
0.003044
0.003043
0.003043
0.003042
0.003042
0.003042
0.003041
0.003041
0.003040
0.003040
0.003039
0.003039
0.003038
0.003038
0.003037
0.003037
0.003036
0.003036
0.003035
0.003035
0.003035
0.003034
0.003034
0.003033
0.003033
0.003032
0.003032
0.003031
0.003031
0.003030
0.003030
0.003029
0.003029
0.003028
0.003028
0.003028
0.003027
0.003027
0.003026
0.003026
0.003025
0.003025
0.003024
0.003024
0.003023
0.003023
0.003022
0.003022
0.003022
0.003021
0.003021
0.003020
0.003020
0.003019
0.003019
0.003018
0.003018
0.003017
0.003017
0.003016
0.003016
0.003015
0.003015
0.003015
0.003014
0.003014
0.003013
0.003013
0.003012
0.003012
0.003011
0.003011
0.003010
0.003010
0.003010
0.003009
0.003009
0.003008
0.003008
0.003007
0.003007
0.003006
0.003006
0.003005
0.003005
0.003004
0.003004
0.003004
0.003003
0.003003
0.003002
0.003002
0.003001
0.003001
0.003000
0.003000
0.002999
0.002999
0.002999
0.002998
0.002998
0.002997
0.002997
0.002996
0.002996
0.002995
0.002995
0.002994
0.002994
0.002993
0.002993
0.002993
0.002992
0.002992
0.002991
0.002991
0.002990
0.002990
0.002989
0.002989
0.002988
0.002988
0.002988
0.002987
0.002987
0.002986
0.002986
0.002985
0.002985
0.002984
0.002984
0.002983
0.002983
0.002983
0.002982
0.002982
0.002981
0.002981
0.002980
0.002980
0.002979
0.002979
0.002979
0.002978
0.002978
0.002977
0.002977
0.002976
0.002976
0.002975
0.002975
0.002974
0.002974
0.002974
0.002973
0.002973
0.002972
0.002972
0.002971
0.002971
0.002970
0.002970
0.002970
0.002969
0.002969
0.002968
0.002968
0.002967
0.002967
0.002966
0.002966
0.002965
0.002965
0.002965
0.002964
0.002964
0.002963
0.002963
0.002962
0.002962
0.002961
0.002961
0.002961
0.002960
0.002960
0.002959
0.002959
0.002958
0.002958
0.002957
0.002957
0.002957
0.002956
0.002956
0.002955
0.002955
0.002954
0.002954
0.002953
0.002953
0.002953
0.002952
0.002952
0.002951
0.002951
0.002950
0.002950
0.002949
0.002949
0.002949
0.002948
0.002948
0.002947
0.002947
0.002946
0.002946
0.002945
0.002945
0.002945
0.002944
0.002944
0.002943
0.002943
0.002942
0.002942
0.002942
0.002941
0.002941
0.002940
0.002940
0.002939
0.002939
0.002938
0.002938
0.002938
0.002937
0.002937
0.002936
0.002936
0.002935
0.002935
0.002934
0.002934
0.002934
0.002933
0.002933
0.002932
0.002932
0.002931
0.002931
0.002931
0.002930
0.002930
0.002929
0.002929
0.002928
0.002928
0.002927
0.002927
0.002927
0.002926
0.002926
0.002925
0.002925
0.002924
0.002924
0.002924
0.002923
0.002923
0.002922
0.002922
0.002921
0.002921
0.002920
0.002920
0.002920
0.002919
0.002919
0.002918
0.002918
0.002917
0.002917
0.002917
0.002916
0.002916
0.002915
0.002915
0.002914
0.002914
0.002914
0.002913
0.002913
0.002912
0.002912
0.002911
0.002911
0.002911
0.002910
0.002910
0.002909
0.002909
0.002908
0.002908
0.002907
0.002907
0.002907
0.002906
0.002906
0.002905
0.002905
0.002904
0.002904
0.002904
0.002903
0.002903
0.002902
0.002902
0.002901
0.002901
0.002901
0.002900
0.002900
0.002899
0.002899
0.002898
0.002898
0.002898
0.002897
0.002897
0.002896
0.002896
0.002895
0.002895
0.002895
0.002894
0.002894
0.002893
0.002893
0.002892
0.002892
0.002892
0.002891
0.002891
0.002890
0.002890
0.002889
0.002889
0.002889
0.002888
0.002888
0.002887
0.002887
0.002886
0.002886
0.002886
0.002885
0.002885
0.002884
0.002884
0.002884
0.002883
0.002883
0.002882
0.002882
0.002881
0.002881
0.002881
0.002880
0.002880
0.002879
0.002879
0.002878
0.002878
0.002878
0.002877
0.002877
0.002876
0.002876
0.002875
0.002875
0.002875
0.002874
0.002874
0.002873
0.002873
0.002873
0.002872
0.002872
0.002871
0.002871
0.002870
0.002870
0.002870
0.002869
0.002869
0.002868
0.002868
0.002867
0.002867
0.002867
0.002866
0.002866
0.002865
0.002865
0.002865
0.002864
0.002864
0.002863
0.002863
0.002862
0.002862
0.002862
0.002861
0.002861
0.002860
0.002860
0.002859
0.002859
0.002859
0.002858
0.002858
0.002857
0.002857
0.002857
0.002856
0.002856
0.002855
0.002855
0.002854
0.002854
0.002854
0.002853
0.002853
0.002852
0.002852
0.002852
0.002851
0.002851
0.002850
0.002850
0.002849
0.002849
0.002849
0.002848
0.002848
0.002847
0.002847
0.002847
0.002846
0.002846
0.002845
0.002845
0.002845
0.002844
0.002844
0.002843
0.002843
0.002842
0.002842
0.002842
0.002841
0.002841
0.002840
0.002840
0.002840
0.002839
0.002839
0.002838
0.002838
0.002837
0.002837
0.002837
0.002836
0.002836
0.002835
0.002835
0.002835
0.002834
0.002834
0.002833
0.002833
0.002833
0.002832
0.002832
0.002831
0.002831
0.002830
0.002830
0.002830
0.002829
0.002829
0.002828
0.002828
0.002828
0.002827
0.002827
0.002826
0.002826
0.002826
0.002825
0.002825
0.002824
0.002824
0.002824
0.002823
0.002823
0.002822
0.002822
0.002821
0.002821
0.002821
0.002820
0.002820
0.002819
0.002819
0.002819
0.002818
0.002818
0.002817
0.002817
0.002817
0.002816
0.002816
0.002815
0.002815
0.002815
0.002814
0.002814
0.002813
0.002813
0.002813
0.002812
0.002812
0.002811
0.002811
0.002811
0.002810
0.002810
0.002809
0.002809
0.002808
0.002808
0.002808
0.002807
0.002807
0.002806
0.002806
0.002806
0.002805
0.002805
0.002804
0.002804
0.002804
0.002803
0.002803
0.002802
0.002802
0.002802
0.002801
0.002801
0.002800
0.002800
0.002800
0.002799
0.002799
0.002798
0.002798
0.002798
0.002797
0.002797
0.002796
0.002796
0.002796
0.002795
0.002795
0.002794
0.002794
0.002794
0.002793
0.002793
0.002792
0.002792
0.002792
0.002791
0.002791
0.002790
0.002790
0.002790
0.002789
0.002789
0.002788
0.002788
0.002788
0.002787
0.002787
0.002786
0.002786
0.002786
0.002785
0.002785
0.002784
0.002784
0.002784
0.002783
0.002783
0.002782
0.002782
0.002782
0.002781
0.002781
0.002780
0.002780
0.002780
0.002779
0.002779
0.002778
0.002778
0.002778
0.002777
0.002777
0.002776
0.002776
0.002776
0.002775
0.002775
0.002774
0.002774
0.002774
0.002773
0.002773
0.002773
0.002772
0.002772
0.002771
0.002771
0.002771
0.002770
0.002770
0.002769
0.002769
0.002769
0.002768
0.002768
0.002767
0.002767
0.002767
0.002766
0.002766
0.002765
0.002765
0.002765
0.002764
0.002764
0.002763
0.002763
0.002763
0.002762
0.002762
0.002762
0.002761
0.002761
0.002760
0.002760
0.002760
0.002759
0.002759
0.002758
0.002758
0.002758
0.002757
0.002757
0.002756
0.002756
0.002756
0.002755
0.002755
0.002754
0.002754
0.002754
0.002753
0.002753
0.002753
0.002752
0.002752
0.002751
0.002751
0.002751
0.002750
0.002750
0.002749
0.002749
0.002749
0.002748
0.002748
0.002747
0.002747
0.002747
0.002746
0.002746
0.002746
0.002745
0.002745
0.002744
0.002744
0.002744
0.002743
0.002743
0.002742
0.002742
0.002742
0.002741
0.002741
0.002740
0.002740
0.002740
0.002739
0.002739
0.002739
0.002738
0.002738
0.002737
0.002737
0.002737
0.002736
0.002736
0.002735
0.002735
0.002735
0.002734
0.002734
0.002734
0.002733
0.002733
0.002732
0.002732
0.002732
0.002731
0.002731
0.002730
0.002730
0.002730
0.002729
0.002729
0.002729
0.002728
0.002728
0.002727
0.002727
0.002727
0.002726
0.002726
0.002725
0.002725
0.002725
0.002724
0.002724
0.002724
0.002723
0.002723
0.002722
0.002722
0.002722
0.002721
0.002721
0.002721
0.002720
0.002720
0.002719
0.002719
0.002719
0.002718
0.002718
0.002717
0.002717
0.002717
0.002716
0.002716
0.002716
0.002715
0.002715
0.002714
0.002714
0.002714
0.002713
0.002713
0.002713
0.002712
0.002712
0.002711
0.002711
0.002711
0.002710
0.002710
0.002710
0.002709
0.002709
0.002708
0.002708
0.002708
0.002707
0.002707
0.002706
0.002706
0.002706
0.002705
0.002705
0.002705
0.002704
0.002704
0.002703
0.002703
0.002703
0.002702
0.002702
0.002702
0.002701
0.002701
0.002700
0.002700
0.002700
0.002699
0.002699
0.002699
0.002698
0.002698
0.002697
0.002697
0.002697
0.002696
0.002696
0.002696
0.002695
0.002695
0.002694
0.002694
0.002694
0.002693
0.002693
0.002693
0.002692
0.002692
0.002691
0.002691
0.002691
0.002690
0.002690
0.002690
0.002689
0.002689
0.002688
0.002688
0.002688
0.002687
0.002687
0.002687
0.002686
0.002686
0.002686
0.002685
0.002685
0.002684
0.002684
0.002684
0.002683
0.002683
0.002683
0.002682
0.002682
0.002681
0.002681
0.002681
0.002680
0.002680
0.002680
0.002679
0.002679
0.002678
0.002678
0.002678
0.002677
0.002677
0.002677
0.002676
0.002676
0.002675
0.002675
0.002675
0.002674
0.002674
0.002674
0.002673
0.002673
0.002673
0.002672
0.002672
0.002671
0.002671
0.002671
0.002670
0.002670
0.002670
0.002669
0.002669
0.002668
0.002668
0.002668
0.002667
0.002667
0.002667
0.002666
0.002666
0.002666
0.002665
0.002665
0.002664
0.002664
0.002664
0.002663
0.002663
0.002663
0.002662
0.002662
0.002662
0.002661
0.002661
0.002660
0.002660
0.002660
0.002659
0.002659
0.002659
0.002658
0.002658
0.002657
0.002657
0.002657
0.002656
0.002656
0.002656
0.002655
0.002655
0.002655
0.002654
0.002654
0.002653
0.002653
0.002653
0.002652
0.002652
0.002652
0.002651
0.002651
0.002651
0.002650
0.002650
0.002649
0.002649
0.002649
0.002648
0.002648
0.002648
0.002647
0.002647
0.002647
0.002646
0.002646
0.002646
0.002645
0.002645
0.002644
0.002644
0.002644
0.002643
0.002643
0.002643
0.002642
0.002642
0.002642
0.002641
0.002641
0.002640
0.002640
0.002640
0.002639
0.002639
0.002639
0.002638
0.002638
0.002638
0.002637
0.002637
0.002636
0.002636
0.002636
0.002635
0.002635
0.002635
0.002634
0.002634
0.002634
0.002633
0.002633
0.002633
0.002632
0.002632
0.002631
0.002631
0.002631
0.002630
0.002630
0.002630
0.002629
0.002629
0.002629
0.002628
0.002628
0.002628
0.002627
0.002627
0.002626
0.002626
0.002626
0.002625
0.002625
0.002625
0.002624
0.002624
0.002624
0.002623
0.002623
0.002623
0.002622
0.002622
0.002621
0.002621
0.002621
0.002620
0.002620
0.002620
0.002619
0.002619
0.002619
0.002618
0.002618
0.002618
0.002617
0.002617
0.002616
0.002616
0.002616
0.002615
0.002615
0.002615
0.002614
0.002614
0.002614
0.002613
0.002613
0.002613
0.002612
0.002612
0.002612
0.002611
0.002611
0.002610
0.002610
0.002610
0.002609
0.002609
0.002609
0.002608
0.002608
0.002608
0.002607
0.002607
0.002607
0.002606
0.002606
0.002606
0.002605
0.002605
0.002604
0.002604
0.002604
0.002603
0.002603
0.002603
0.002602
0.002602
0.002602
0.002601
0.002601
0.002601
0.002600
0.002600
0.002600
0.002599
0.002599
0.002599
0.002598
0.002598
0.002597
0.002597
0.002597
0.002596
0.002596
0.002596
0.002595
0.002595
0.002595
0.002594
0.002594
0.002594
0.002593
0.002593
0.002593
0.002592
0.002592
0.002592
0.002591
0.002591
0.002591
0.002590
0.002590
0.002589
0.002589
0.002589
0.002588
0.002588
0.002588
0.002587
0.002587
0.002587
0.002586
0.002586
0.002586
0.002585
0.002585
0.002585
0.002584
0.002584
0.002584
0.002583
0.002583
0.002583
0.002582
0.002582
0.002581
0.002581
0.002581
0.002580
0.002580
0.002580
0.002579
0.002579
0.002579
0.002578
0.002578
0.002578
0.002577
0.002577
0.002577
0.002576
0.002576
0.002576
0.002575
0.002575
0.002575
0.002574
0.002574
0.002574
0.002573
0.002573
0.002573
0.002572
0.002572
0.002571
0.002571
0.002571
0.002570
0.002570
0.002570
0.002569
0.002569
0.002569
0.002568
0.002568
0.002568
0.002567
0.002567
0.002567
0.002566
0.002566
0.002566
0.002565
0.002565
0.002565
0.002564
0.002564
0.002564
0.002563
0.002563
0.002563
0.002562
0.002562
0.002562
0.002561
0.002561
0.002561
0.002560
0.002560
0.002560
0.002559
0.002559
0.002559
0.002558
0.002558
0.002557
0.002557
0.002557
0.002556
0.002556
0.002556
0.002555
0.002555
0.002555
0.002554
0.002554
0.002554
0.002553
0.002553
0.002553
0.002552
0.002552
0.002552
0.002551
0.002551
0.002551
0.002550
0.002550
0.002550
0.002549
0.002549
0.002549
0.002548
0.002548
0.002548
0.002547
0.002547
0.002547
0.002546
0.002546
0.002546
0.002545
0.002545
0.002545
0.002544
0.002544
0.002544
0.002543
0.002543
0.002543
0.002542
0.002542
0.002542
0.002541
0.002541
0.002541
0.002540
0.002540
0.002540
0.002539
0.002539
0.002539
0.002538
0.002538
0.002538
0.002537
0.002537
0.002537
0.002536
0.002536
0.002536
0.002535
0.002535
0.002535
0.002534
0.002534
0.002534
0.002533
0.002533
0.002533
0.002532
0.002532
0.002532
0.002531
0.002531
0.002531
0.002530
0.002530
0.002530
0.002529
0.002529
0.002529
0.002528
0.002528
0.002528
0.002527
0.002527
0.002527
0.002526
0.002526
0.002526
0.002525
0.002525
0.002525
0.002524
0.002524
0.002524
0.002523
0.002523
0.002523
0.002522
0.002522
0.002522
0.002521
0.002521
0.002521
0.002520
0.002520
0.002520
0.002519
0.002519
0.002519
0.002518
0.002518
0.002518
0.002517
0.002517
0.002517
0.002516
0.002516
0.002516
0.002515
0.002515
0.002515
0.002514
0.002514
0.002514
0.002513
0.002513
0.002513
0.002512
0.002512
0.002512
0.002511
0.002511
0.002511
0.002510
0.002510
0.002510
0.002509
0.002509
0.002509
0.002508
0.002508
0.002508
0.002507
0.002507
0.002507
0.002506
0.002506
0.002506
0.002505
0.002505
0.002505
0.002505
0.002504
0.002504
0.002504
0.002503
0.002503
0.002503
0.002502
0.002502
0.002502
0.002501
0.002501
0.002501
0.002500
0.002500
0.002500
0.002499
0.002499
0.002499
0.002498
0.002498
0.002498
0.002497
0.002497
0.002497
0.002496
0.002496
0.002496
0.002495
0.002495
0.002495
0.002494
0.002494
0.002494
0.002493
0.002493
0.002493
0.002492
0.002492
0.002492
0.002492
0.002491
0.002491
0.002491
0.002490
0.002490
0.002490
0.002489
0.002489
0.002489
0.002488
0.002488
0.002488
0.002487
0.002487
0.002487
0.002486
0.002486
0.002486
0.002485
0.002485
0.002485
0.002484
0.002484
0.002484
0.002483
0.002483
0.002483
0.002482
0.002482
0.002482
0.002482
0.002481
0.002481
0.002481
0.002480
0.002480
0.002480
0.002479
0.002479
0.002479
0.002478
0.002478
0.002478
0.002477
0.002477
0.002477
0.002476
0.002476
0.002476
0.002475
0.002475
0.002475
0.002474
0.002474
0.002474
0.002474
0.002473
0.002473
0.002473
0.002472
0.002472
0.002472
0.002471
0.002471
0.002471
0.002470
0.002470
0.002470
0.002469
0.002469
0.002469
0.002468
0.002468
0.002468
0.002467
0.002467
0.002467
0.002467
0.002466
0.002466
0.002466
0.002465
0.002465
0.002465
0.002464
0.002464
0.002464
