15.873476
15.497961
15.393216
15.324957
15.277208
15.236973
15.195459
15.151746
15.112874
15.078004
15.038297
14.994645
14.962568
14.943608
14.930761
14.920231
14.910253
14.899604
14.886863
14.869658
14.843830
14.806917
14.771861
14.752530
14.743328
14.738086
14.734472
14.731633
14.729209
14.727022
14.724972
14.722995
14.721046
14.719091
14.717102
14.715052
14.712916
14.710669
14.708282
14.705726
14.702966
14.699958
14.696652
14.692987
14.688880
14.684230
14.678896
14.672687
14.665329
14.656412
14.645306
14.630987
14.611794
14.585353
14.550451
14.513455
14.486949
14.472188
14.462688
14.454599
14.446378
14.437313
14.426953
14.414917
14.400821
14.384260
14.364817
14.342092
14.315769
14.285720
14.252191
14.216139
14.179033
14.137757
14.076886
13.983654
13.848632
13.641875
13.309708
12.872853
12.653095
12.741461
12.658955
12.811181
12.652996
11.513857
15.431475
11.257489
12.483279
12.192881
11.423726
11.928336
13.888347
11.887646
11.944123
11.972718
12.655948
11.658134
11.829408
11.177090
12.097192
10.881414
12.196407
12.671817
10.949214
11.222037
10.586775
11.206591
12.362577
10.043575
12.845651
10.250593
11.009306
11.529965
11.182266
11.026061
10.602039
11.678673
10.518338
10.070846
11.111776
12.315039
12.162041
10.802610
11.378317
10.947771
10.132696
10.850062
11.350161
10.992777
10.928665
10.800529
10.801528
10.782306
10.703300
10.744872
10.717561
10.663648
10.530225
10.340532
10.259250
10.142030
9.986892
9.844351
9.599694
10.615239
10.554022
11.783394
10.916965
10.631932
10.376832
10.871853
9.996819
9.289156
10.293118
10.579972
11.575881
10.441047
10.817404
7.664477
11.439432
10.086785
8.836024
7.532843
9.902746
10.434501
10.007499
9.049100
9.155497
10.192225
9.403460
8.725921
9.158459
9.825174
8.039300
9.342313
8.394739
7.901617
8.725921
7.853069
7.951530
7.933849
7.663304
7.229550
6.984243
6.742195
6.970647
6.550697
5.810887
5.887148
10.076019
7.732488
6.216523
5.021184
6.672006
6.493311
6.638710
9.627361
6.163349
4.776101
3.990682
6.333181
7.517966
4.605790
5.606675
5.495601
6.505219
6.571308
6.442964
4.994709
4.784120
6.087973
9.553246
7.840716
4.008247
4.928623
5.528694
4.740109
6.252425
4.820530
5.001417
6.540785
7.179678
6.246384
6.429263
5.651393
6.809309
6.302211
8.032928
4.951012
5.639306
7.108567
7.936444
5.758762
4.639205
5.124646
5.445240
5.191051
8.645016
6.075615
4.824064
5.093068
5.866892
6.350289
9.231568
6.202641
6.116662
4.736979
4.208457
4.543954
4.345862
9.264863
5.649044
4.358688
4.813184
4.605927
6.314371
5.348118
3.739450
4.810795
3.813081
4.436134
5.366330
5.105210
3.571241
4.043747
4.800811
3.585518
4.419880
4.107727
3.364837
3.643785
6.164313
3.474742
3.558564
2.928788
5.933895
3.470725
3.252800
3.519304
2.407689
2.088086
2.261562
1.840818
2.859363
1.960388
3.200033
1.899179
2.514272
2.019963
4.055660
5.470468
7.101945
4.483963
3.155067
3.929109
1.499731
2.474884
1.855336
2.478948
2.431782
1.369521
1.681777
1.668065
1.424154
1.715853
3.507821
2.605717
0.650879
0.616306
0.788980
1.277063
0.864470
0.480495
0.937285
0.547252
1.474351
1.237419
0.992911
0.870586
0.366999
0.481124
0.664443
0.413128
1.001148
0.775425
1.116050
6.097312
3.807947
4.407043
2.252940
1.845158
3.667238
1.394654
0.819042
1.392042
0.909028
0.743769
0.764420
2.092352
1.379230
1.109802
3.005859
3.143097
1.406866
1.174196
0.496782
0.244396
0.894954
2.181473
0.390305
0.147746
0.239439
0.664747
0.734289
3.903926
1.052672
6.237291
3.575571
2.862059
5.242771
1.898337
3.176712
1.777116
2.400536
1.003344
0.534250
0.073005
0.879747
0.706377
0.554684
0.499841
0.508025
0.425729
1.074334
2.499870
0.179011
0.288062
0.356005
2.058101
0.038938
0.055282
0.261212
0.698861
2.693497
0.753926
1.520023
4.086216
0.799533
4.499851
3.007338
2.103948
4.200723
2.266975
0.851317
1.173937
0.991842
0.611200
0.640063
1.679678
2.235628
6.882713
4.737413
2.241918
1.015441
0.524112
0.602265
0.611901
0.688686
0.373530
1.035526
1.334994
3.032629
4.543328
4.052366
4.303892
2.954037
2.410661
2.325537
2.209203
3.696156
2.210711
0.498915
0.049790
0.024111
0.019277
0.016617
0.014670
0.013157
0.011940
0.010936
0.010092
0.009371
0.008749
0.008206
0.007727
0.007302
0.006922
0.006579
0.006270
0.005989
0.005732
0.005496
0.005280
0.005079
0.004894
0.004722
0.004562
0.004412
0.004272
0.004140
0.004017
0.003900
0.003791
0.003687
0.003589
0.003496
0.003408
0.003324
0.003244
0.003168
0.003095
0.003026
0.002960
0.002896
0.002836
0.002778
0.002722
0.002668
0.002617
0.002567
0.002519
0.002473
0.002429
0.002386
0.002345
0.002305
0.002267
0.002229
0.002193
0.002158
0.002125
0.002092
0.002060
0.002029
0.002000
0.001971
0.001942
0.001915
0.001888
0.001863
0.001837
0.001813
0.001789
0.001766
0.001743
0.001721
0.001700
0.001679
0.001658
0.001638
0.001619
0.001600
0.001581
0.001563
0.001545
0.001528
0.001511
0.001494
0.001478
0.001462
0.001447
0.001432
0.001417
0.001402
0.001388
0.001374
0.001360
0.001347
0.001333
0.001321
0.001308
0.001295
0.001283
0.001271
0.001260
0.001248
0.001237
0.001226
0.001215
0.001204
0.001193
0.001183
0.001173
0.001163
0.001153
0.001143
0.001134
0.001124
0.001115
0.001106
0.001097
0.001089
0.001080
0.001071
0.001063
0.001055
0.001047
0.001039
0.001031
0.001023
0.001016
0.001008
0.001001
0.000993
0.000986
0.000979
0.000972
0.000965
0.000959
0.000952
0.000945
0.000939
0.000932
0.000926
0.000920
0.000914
0.000908
0.000902
0.000896
0.000890
0.000884
0.000878
0.000873
0.000867
0.000862
0.000856
0.000851
0.000846
0.000841
0.000835
0.000830
0.000825
0.000820
0.000815
0.000811
0.000806
0.000801
0.000796
0.000792
0.000787
0.000783
0.000778
0.000774
0.000769
0.000765
0.000761
0.000757
0.000753
0.000748
0.000744
0.000740
0.000736
0.000732
0.000728
0.000725
0.000721
0.000717
0.000713
0.000710
0.000706
0.000702
0.000699
0.000695
0.000692
0.000688
0.000685
0.000681
0.000678
0.000674
0.000671
0.000668
0.000665
0.000661
0.000658
0.000655
0.000652
0.000649
0.000646
0.000643
0.000640
0.000637
0.000634
0.000631
0.000628
0.000625
0.000622
0.000619
0.000617
0.000614
0.000611
0.000608
0.000606
0.000603
0.000600
0.000598
0.000595
0.000593
0.000590
0.000587
0.000585
0.000582
0.000580
0.000577
0.000575
0.000573
0.000570
0.000568
0.000566
0.000563
0.000561
0.000559
0.000556
0.000554
0.000552
0.000550
0.000547
0.000545
0.000543
0.000541
0.000539
0.000537
0.000535
0.000532
0.000530
0.000528
0.000526
0.000524
0.000522
0.000520
0.000518
0.000516
0.000514
0.000512
0.000511
0.000509
0.000507
0.000505
0.000503
0.000501
0.000499
0.000498
0.000496
0.000494
0.000492
0.000490
0.000489
0.000487
0.000485
0.000483
0.000482
0.000480
0.000478
0.000477
0.000475
0.000473
0.000472
0.000470
0.000469
0.000467
0.000465
0.000464
0.000462
0.000461
0.000459
0.000458
0.000456
0.000454
0.000453
0.000451
0.000450
0.000449
0.000447
0.000446
0.000444
0.000443
0.000441
0.000440
0.000438
0.000437
0.000436
0.000434
0.000433
0.000432
0.000430
0.000429
0.000427
0.000426
0.000425
0.000423
0.000422
0.000421
0.000420
0.000418
0.000417
0.000416
0.000414
0.000413
0.000412
0.000411
0.000410
0.000408
0.000407
0.000406
0.000405
0.000403
0.000402
0.000401
0.000400
0.000399
0.000398
0.000396
0.000395
0.000394
0.000393
0.000392
0.000391
0.000390
0.000389
0.000387
0.000386
0.000385
0.000384
0.000383
0.000382
0.000381
0.000380
0.000379
0.000378
0.000377
0.000376
0.000375
0.000374
0.000373
0.000372
0.000371
0.000370
0.000369
0.000368
0.000367
0.000366
0.000365
0.000364
0.000363
0.000362
0.000361
0.000360
0.000359
0.000358
0.000357
0.000356
0.000355
0.000354
0.000353
0.000352
0.000352
0.000351
0.000350
0.000349
0.000348
0.000347
0.000346
0.000345
0.000344
0.000344
0.000343
0.000342
0.000341
0.000340
0.000339
0.000338
0.000338
0.000337
0.000336
0.000335
0.000334
0.000333
0.000333
0.000332
0.000331
0.000330
0.000329
0.000329
0.000328
0.000327
0.000326
0.000326
0.000325
0.000324
0.000323
0.000322
0.000322
0.000321
0.000320
0.000319
0.000319
0.000318
0.000317
0.000316
0.000316
0.000315
0.000314
0.000314
0.000313
0.000312
0.000311
0.000311
0.000310
0.000309
0.000309
0.000308
0.000307
0.000306
0.000306
0.000305
0.000304
0.000304
0.000303
0.000302
0.000302
0.000301
0.000300
0.000300
0.000299
0.000298
0.000298
0.000297
0.000296
0.000296
0.000295
0.000295
0.000294
0.000293
0.000293
0.000292
0.000291
0.000291
0.000290
0.000290
0.000289
0.000288
0.000288
0.000287
0.000287
0.000286
0.000285
0.000285
0.000284
0.000284
0.000283
0.000282
0.000282
0.000281
0.000281
0.000280
0.000279
0.000279
0.000278
0.000278
0.000277
0.000277
0.000276
0.000276
0.000275
0.000274
0.000274
0.000273
0.000273
0.000272
0.000272
0.000271
0.000271
0.000270
0.000270
0.000269
0.000268
0.000268
0.000267
0.000267
0.000266
0.000266
0.000265
0.000265
0.000264
0.000264
0.000263
0.000263
0.000262
0.000262
0.000261
0.000261
0.000260
0.000260
0.000259
0.000259
0.000258
0.000258
0.000257
0.000257
0.000256
0.000256
0.000255
0.000255
0.000254
0.000254
0.000253
0.000253
0.000253
0.000252
0.000252
0.000251
0.000251
0.000250
0.000250
0.000249
0.000249
0.000248
0.000248
0.000248
0.000247
0.000247
0.000246
0.000246
0.000245
0.000245
0.000244
0.000244
0.000244
0.000243
0.000243
0.000242
0.000242
0.000241
0.000241
0.000241
0.000240
0.000240
0.000239
0.000239
0.000238
0.000238
0.000238
0.000237
0.000237
0.000236
0.000236
0.000236
0.000235
0.000235
0.000234
0.000234
0.000234
0.000233
0.000233
0.000232
0.000232
0.000232
0.000231
0.000231
0.000230
0.000230
0.000230
0.000229
0.000229
0.000228
0.000228
0.000228
0.000227
0.000227
0.000227
0.000226
0.000226
0.000225
0.000225
0.000225
0.000224
0.000224
0.000224
0.000223
0.000223
0.000222
0.000222
0.000222
0.000221
0.000221
0.000221
0.000220
0.000220
0.000220
0.000219
0.000219
0.000219
0.000218
0.000218
0.000217
0.000217
0.000217
0.000216
0.000216
0.000216
0.000215
0.000215
0.000215
0.000214
0.000214
0.000214
0.000213
0.000213
0.000213
0.000212
0.000212
0.000212
0.000211
0.000211
0.000211
0.000210
0.000210
0.000210
0.000209
0.000209
0.000209
0.000208
0.000208
0.000208
0.000208
0.000207
0.000207
0.000207
0.000206
0.000206
0.000206
0.000205
0.000205
0.000205
0.000204
0.000204
0.000204
0.000203
0.000203
0.000203
0.000203
0.000202
0.000202
0.000202
0.000201
0.000201
0.000201
0.000200
0.000200
0.000200
0.000200
0.000199
0.000199
0.000199
0.000198
0.000198
0.000198
0.000198
0.000197
0.000197
0.000197
0.000196
0.000196
0.000196
0.000196
0.000195
0.000195
0.000195
0.000194
0.000194
0.000194
0.000194
0.000193
0.000193
0.000193
0.000193
0.000192
0.000192
0.000192
0.000191
0.000191
0.000191
0.000191
0.000190
0.000190
0.000190
0.000190
0.000189
0.000189
0.000189
0.000189
0.000188
0.000188
0.000188
0.000188
0.000187
0.000187
0.000187
0.000186
0.000186
0.000186
0.000186
0.000185
0.000185
0.000185
0.000185
0.000184
0.000184
0.000184
0.000184
0.000183
0.000183
0.000183
0.000183
0.000182
0.000182
0.000182
0.000182
0.000182
0.000181
0.000181
0.000181
0.000181
0.000180
0.000180
0.000180
0.000180
0.000179
0.000179
0.000179
0.000179
0.000178
0.000178
0.000178
0.000178
0.000177
0.000177
0.000177
0.000177
0.000177
0.000176
0.000176
0.000176
0.000176
0.000175
0.000175
0.000175
0.000175
0.000175
0.000174
0.000174
0.000174
0.000174
0.000173
0.000173
0.000173
0.000173
0.000173
0.000172
0.000172
0.000172
0.000172
0.000171
0.000171
0.000171
0.000171
0.000171
0.000170
0.000170
0.000170
0.000170
0.000170
0.000169
0.000169
0.000169
0.000169
0.000168
0.000168
0.000168
0.000168
0.000168
0.000167
0.000167
0.000167
0.000167
0.000167
0.000166
0.000166
0.000166
0.000166
0.000166
0.000165
0.000165
0.000165
0.000165
0.000165
0.000164
0.000164
0.000164
0.000164
0.000164
0.000163
0.000163
0.000163
0.000163
0.000163
0.000162
0.000162
0.000162
0.000162
0.000162
0.000161
0.000161
0.000161
0.000161
0.000161
0.000160
0.000160
0.000160
0.000160
0.000160
0.000160
0.000159
0.000159
0.000159
0.000159
0.000159
0.000158
0.000158
0.000158
0.000158
0.000158
0.000158
0.000157
0.000157
0.000157
0.000157
0.000157
0.000156
0.000156
0.000156
0.000156
0.000156
0.000156
0.000155
0.000155
0.000155
0.000155
0.000155
0.000154
0.000154
0.000154
0.000154
0.000154
0.000154
0.000153
0.000153
0.000153
0.000153
0.000153
0.000153
0.000152
0.000152
0.000152
0.000152
0.000152
0.000152
0.000151
0.000151
0.000151
0.000151
0.000151
0.000151
0.000150
0.000150
0.000150
0.000150
0.000150
0.000150
0.000149
0.000149
0.000149
0.000149
0.000149
0.000149
0.000148
0.000148
0.000148
0.000148
0.000148
0.000148
0.000147
0.000147
0.000147
0.000147
0.000147
0.000147
0.000146
0.000146
0.000146
0.000146
0.000146
0.000146
0.000146
0.000145
0.000145
0.000145
0.000145
0.000145
0.000145
0.000144
0.000144
0.000144
0.000144
0.000144
0.000144
0.000144
0.000143
0.000143
0.000143
0.000143
0.000143
0.000143
0.000142
0.000142
0.000142
0.000142
0.000142
0.000142
0.000142
0.000141
0.000141
0.000141
0.000141
0.000141
0.000141
0.000141
0.000140
0.000140
0.000140
0.000140
0.000140
0.000140
0.000140
0.000139
0.000139
0.000139
0.000139
0.000139
0.000139
0.000139
0.000138
0.000138
0.000138
0.000138
0.000138
0.000138
0.000138
0.000137
0.000137
0.000137
0.000137
0.000137
0.000137
0.000137
0.000136
0.000136
0.000136
0.000136
0.000136
0.000136
0.000136
0.000136
0.000135
0.000135
0.000135
0.000135
0.000135
0.000135
0.000135
0.000134
0.000134
0.000134
0.000134
0.000134
0.000134
0.000134
0.000134
0.000133
0.000133
0.000133
0.000133
0.000133
0.000133
0.000133
0.000132
0.000132
0.000132
0.000132
0.000132
0.000132
0.000132
0.000132
0.000131
0.000131
0.000131
0.000131
0.000131
0.000131
0.000131
0.000131
0.000130
0.000130
0.000130
0.000130
0.000130
0.000130
0.000130
0.000130
0.000129
0.000129
0.000129
0.000129
0.000129
0.000129
0.000129
0.000129
0.000128
0.000128
0.000128
0.000128
0.000128
0.000128
0.000128
0.000128
0.000127
0.000127
0.000127
0.000127
0.000127
0.000127
0.000127
0.000127
0.000127
0.000126
0.000126
0.000126
0.000126
0.000126
0.000126
0.000126
0.000126
0.000125
0.000125
0.000125
0.000125
0.000125
0.000125
0.000125
0.000125
0.000125
0.000124
0.000124
0.000124
0.000124
0.000124
0.000124
0.000124
0.000124
0.000124
0.000123
0.000123
0.000123
0.000123
0.000123
0.000123
0.000123
0.000123
0.000123
0.000122
0.000122
0.000122
0.000122
0.000122
0.000122
0.000122
0.000122
0.000122
0.000121
0.000121
0.000121
0.000121
0.000121
0.000121
0.000121
0.000121
0.000121
0.000120
0.000120
0.000120
0.000120
0.000120
0.000120
0.000120
0.000120
0.000120
0.000120
0.000119
0.000119
0.000119
0.000119
0.000119
0.000119
0.000119
0.000119
0.000119
0.000118
0.000118
0.000118
0.000118
0.000118
0.000118
0.000118
0.000118
0.000118
0.000118
0.000117
0.000117
0.000117
0.000117
0.000117
0.000117
0.000117
0.000117
0.000117
0.000117
0.000116
0.000116
0.000116
0.000116
0.000116
0.000116
0.000116
0.000116
0.000116
0.000116
0.000115
0.000115
0.000115
0.000115
0.000115
0.000115
0.000115
0.000115
0.000115
0.000115
0.000114
0.000114
0.000114
0.000114
0.000114
0.000114
0.000114
0.000114
0.000114
0.000114
0.000114
0.000113
0.000113
0.000113
0.000113
0.000113
0.000113
0.000113
0.000113
0.000113
0.000113
0.000112
0.000112
0.000112
0.000112
0.000112
0.000112
0.000112
0.000112
0.000112
0.000112
0.000112
0.000111
0.000111
0.000111
0.000111
0.000111
0.000111
0.000111
0.000111
0.000111
0.000111
0.000111
0.000110
0.000110
0.000110
0.000110
0.000110
0.000110
0.000110
0.000110
0.000110
0.000110
0.000110
0.000109
0.000109
0.000109
0.000109
0.000109
0.000109
0.000109
0.000109
0.000109
0.000109
0.000109
0.000109
0.000108
0.000108
0.000108
0.000108
0.000108
0.000108
0.000108
0.000108
0.000108
0.000108
0.000108
0.000107
0.000107
0.000107
0.000107
0.000107
0.000107
0.000107
0.000107
0.000107
0.000107
0.000107
0.000107
0.000106
0.000106
0.000106
0.000106
0.000106
0.000106
0.000106
0.000106
0.000106
0.000106
0.000106
0.000106
0.000105
0.000105
0.000105
0.000105
0.000105
0.000105
0.000105
0.000105
0.000105
0.000105
0.000105
0.000105
0.000104
0.000104
0.000104
0.000104
0.000104
0.000104
0.000104
0.000104
0.000104
0.000104
0.000104
0.000104
0.000104
0.000103
0.000103
0.000103
0.000103
0.000103
0.000103
0.000103
0.000103
0.000103
0.000103
0.000103
0.000103
0.000103
0.000102
0.000102
0.000102
0.000102
0.000102
0.000102
0.000102
0.000102
0.000102
0.000102
0.000102
0.000102
0.000102
0.000101
0.000101
0.000101
0.000101
0.000101
0.000101
0.000101
0.000101
0.000101
0.000101
0.000101
0.000101
0.000101
0.000100
0.000100
0.000100
0.000100
0.000100
0.000100
0.000100
0.000100
0.000100
0.000100
0.000100
0.000100
0.000100
0.000099
0.000099
0.000099
0.000099
0.000099
0.000099
0.000099
0.000099
0.000099
0.000099
0.000099
0.000099
0.000099
0.000099
0.000098
0.000098
0.000098
0.000098
0.000098
0.000098
0.000098
0.000098
0.000098
0.000098
0.000098
0.000098
0.000098
0.000098
0.000097
0.000097
0.000097
0.000097
0.000097
0.000097
0.000097
0.000097
0.000097
0.000097
0.000097
0.000097
0.000097
0.000097
0.000097
0.000096
0.000096
0.000096
0.000096
0.000096
0.000096
0.000096
0.000096
0.000096
0.000096
0.000096
0.000096
0.000096
0.000096
0.000095
0.000095
0.000095
0.000095
0.000095
0.000095
0.000095
0.000095
0.000095
0.000095
0.000095
0.000095
0.000095
0.000095
0.000095
0.000094
0.000094
0.000094
0.000094
0.000094
0.000094
0.000094
0.000094
0.000094
0.000094
0.000094
0.000094
0.000094
0.000094
0.000094
0.000094
0.000093
0.000093
0.000093
0.000093
0.000093
0.000093
0.000093
0.000093
0.000093
0.000093
0.000093
0.000093
0.000093
0.000093
0.000093
0.000092
0.000092
0.000092
0.000092
0.000092
0.000092
0.000092
0.000092
0.000092
0.000092
0.000092
0.000092
0.000092
0.000092
0.000092
0.000092
0.000091
0.000091
0.000091
0.000091
0.000091
0.000091
0.000091
0.000091
0.000091
0.000091
0.000091
0.000091
0.000091
0.000091
0.000091
0.000091
0.000091
0.000090
0.000090
0.000090
0.000090
0.000090
0.000090
0.000090
0.000090
0.000090
0.000090
0.000090
0.000090
0.000090
0.000090
0.000090
0.000090
0.000089
0.000089
0.000089
0.000089
0.000089
0.000089
0.000089
0.000089
0.000089
0.000089
0.000089
0.000089
0.000089
0.000089
0.000089
0.000089
0.000089
0.000088
0.000088
0.000088
0.000088
0.000088
0.000088
0.000088
0.000088
0.000088
0.000088
0.000088
0.000088
0.000088
0.000088
0.000088
0.000088
0.000088
0.000088
0.000087
0.000087
0.000087
0.000087
0.000087
0.000087
0.000087
0.000087
0.000087
0.000087
0.000087
0.000087
0.000087
0.000087
0.000087
0.000087
0.000087
0.000087
0.000086
0.000086
0.000086
0.000086
0.000086
0.000086
0.000086
0.000086
0.000086
0.000086
0.000086
0.000086
0.000086
0.000086
0.000086
0.000086
0.000086
0.000086
0.000085
0.000085
0.000085
0.000085
0.000085
0.000085
0.000085
0.000085
0.000085
0.000085
0.000085
0.000085
0.000085
0.000085
0.000085
0.000085
0.000085
0.000085
0.000085
0.000084
0.000084
0.000084
0.000084
0.000084
0.000084
0.000084
0.000084
0.000084
0.000084
0.000084
0.000084
0.000084
0.000084
0.000084
0.000084
0.000084
0.000084
0.000084
0.000083
0.000083
0.000083
0.000083
0.000083
0.000083
0.000083
0.000083
0.000083
0.000083
0.000083
0.000083
0.000083
0.000083
0.000083
0.000083
0.000083
0.000083
0.000083
0.000082
0.000082
0.000082
0.000082
0.000082
0.000082
0.000082
0.000082
0.000082
0.000082
0.000082
0.000082
0.000082
0.000082
0.000082
0.000082
0.000082
0.000082
0.000082
0.000082
0.000081
0.000081
0.000081
0.000081
0.000081
0.000081
0.000081
0.000081
0.000081
0.000081
0.000081
0.000081
0.000081
0.000081
0.000081
0.000081
0.000081
0.000081
0.000081
0.000081
0.000081
0.000080
0.000080
0.000080
0.000080
0.000080
0.000080
0.000080
0.000080
0.000080
0.000080
0.000080
0.000080
0.000080
0.000080
0.000080
0.000080
0.000080
0.000080
0.000080
0.000080
0.000080
0.000079
0.000079
0.000079
0.000079
0.000079
0.000079
0.000079
0.000079
0.000079
0.000079
0.000079
0.000079
0.000079
0.000079
0.000079
0.000079
0.000079
0.000079
0.000079
0.000079
0.000079
0.000079
0.000078
0.000078
0.000078
0.000078
0.000078
0.000078
0.000078
0.000078
0.000078
0.000078
0.000078
0.000078
0.000078
0.000078
0.000078
0.000078
0.000078
0.000078
0.000078
0.000078
0.000078
0.000078
0.000077
0.000077
0.000077
0.000077
0.000077
0.000077
0.000077
0.000077
0.000077
0.000077
0.000077
0.000077
0.000077
0.000077
0.000077
0.000077
0.000077
0.000077
0.000077
0.000077
0.000077
0.000077
0.000077
0.000076
0.000076
0.000076
0.000076
0.000076
0.000076
0.000076
0.000076
0.000076
0.000076
0.000076
0.000076
0.000076
0.000076
0.000076
0.000076
0.000076
0.000076
0.000076
0.000076
0.000076
0.000076
0.000076
0.000075
0.000075
0.000075
0.000075
0.000075
0.000075
0.000075
0.000075
0.000075
0.000075
0.000075
0.000075
0.000075
0.000075
0.000075
0.000075
0.000075
0.000075
0.000075
0.000075
0.000075
0.000075
0.000075
0.000075
0.000074
0.000074
0.000074
0.000074
0.000074
0.000074
0.000074
0.000074
0.000074
0.000074
0.000074
0.000074
0.000074
0.000074
0.000074
0.000074
0.000074
0.000074
0.000074
0.000074
0.000074
0.000074
0.000074
0.000074
0.000074
0.000073
0.000073
0.000073
0.000073
0.000073
0.000073
0.000073
0.000073
0.000073
0.000073
0.000073
0.000073
0.000073
0.000073
0.000073
0.000073
0.000073
0.000073
0.000073
0.000073
0.000073
0.000073
0.000073
0.000073
0.000073
0.000072
0.000072
0.000072
0.000072
0.000072
0.000072
0.000072
0.000072
0.000072
0.000072
0.000072
0.000072
0.000072
0.000072
0.000072
0.000072
0.000072
0.000072
0.000072
0.000072
0.000072
0.000072
0.000072
0.000072
0.000072
0.000072
0.000071
0.000071
0.000071
0.000071
0.000071
0.000071
0.000071
0.000071
0.000071
0.000071
0.000071
0.000071
0.000071
0.000071
0.000071
0.000071
0.000071
0.000071
0.000071
0.000071
0.000071
0.000071
0.000071
0.000071
0.000071
0.000071
0.000071
0.000070
0.000070
0.000070
0.000070
0.000070
0.000070
0.000070
0.000070
0.000070
0.000070
0.000070
0.000070
0.000070
0.000070
0.000070
0.000070
0.000070
0.000070
0.000070
0.000070
0.000070
0.000070
0.000070
0.000070
0.000070
0.000070
0.000070
0.000069
0.000069
0.000069
0.000069
0.000069
0.000069
0.000069
0.000069
0.000069
0.000069
0.000069
0.000069
0.000069
0.000069
0.000069
0.000069
0.000069
0.000069
0.000069
0.000069
0.000069
0.000069
0.000069
0.000069
0.000069
0.000069
0.000069
0.000069
0.000068
0.000068
0.000068
0.000068
0.000068
0.000068
0.000068
0.000068
0.000068
0.000068
0.000068
0.000068
0.000068
0.000068
0.000068
0.000068
0.000068
0.000068
0.000068
0.000068
0.000068
0.000068
0.000068
0.000068
0.000068
0.000068
0.000068
0.000068
0.000068
0.000068
0.000067
0.000067
0.000067
0.000067
0.000067
0.000067
0.000067
0.000067
0.000067
0.000067
0.000067
0.000067
0.000067
0.000067
0.000067
0.000067
0.000067
0.000067
0.000067
0.000067
0.000067
0.000067
0.000067
0.000067
0.000067
0.000067
0.000067
0.000067
0.000067
0.000067
0.000066
0.000066
0.000066
0.000066
0.000066
0.000066
0.000066
0.000066
0.000066
0.000066
0.000066
0.000066
0.000066
0.000066
0.000066
0.000066
0.000066
0.000066
0.000066
0.000066
0.000066
0.000066
0.000066
0.000066
0.000066
0.000066
0.000066
0.000066
0.000066
0.000066
0.000066
0.000065
0.000065
0.000065
0.000065
0.000065
0.000065
0.000065
0.000065
0.000065
0.000065
0.000065
0.000065
0.000065
0.000065
0.000065
0.000065
0.000065
0.000065
0.000065
0.000065
0.000065
0.000065
0.000065
0.000065
0.000065
0.000065
0.000065
0.000065
0.000065
0.000065
0.000065
0.000064
0.000064
0.000064
0.000064
0.000064
0.000064
0.000064
0.000064
0.000064
0.000064
0.000064
0.000064
0.000064
0.000064
0.000064
0.000064
0.000064
0.000064
0.000064
0.000064
0.000064
0.000064
0.000064
0.000064
0.000064
0.000064
0.000064
0.000064
0.000064
0.000064
0.000064
0.000064
0.000064
0.000063
0.000063
0.000063
0.000063
0.000063
0.000063
0.000063
0.000063
0.000063
0.000063
0.000063
0.000063
0.000063
0.000063
0.000063
0.000063
0.000063
0.000063
0.000063
0.000063
0.000063
0.000063
0.000063
0.000063
0.000063
0.000063
0.000063
0.000063
0.000063
0.000063
0.000063
0.000063
0.000063
0.000063
0.000062
0.000062
0.000062
0.000062
0.000062
0.000062
0.000062
0.000062
0.000062
0.000062
0.000062
0.000062
0.000062
0.000062
0.000062
0.000062
0.000062
0.000062
0.000062
0.000062
0.000062
0.000062
0.000062
0.000062
0.000062
0.000062
0.000062
0.000062
0.000062
0.000062
0.000062
0.000062
0.000062
0.000062
0.000062
0.000061
0.000061
0.000061
0.000061
0.000061
0.000061
0.000061
0.000061
0.000061
0.000061
0.000061
0.000061
0.000061
0.000061
0.000061
0.000061
0.000061
0.000061
0.000061
0.000061
0.000061
0.000061
0.000061
0.000061
0.000061
0.000061
0.000061
0.000061
0.000061
0.000061
0.000061
0.000061
0.000061
0.000061
0.000061
0.000061
0.000060
0.000060
0.000060
0.000060
0.000060
0.000060
0.000060
0.000060
0.000060
0.000060
0.000060
0.000060
0.000060
0.000060
0.000060
0.000060
0.000060
0.000060
0.000060
0.000060
0.000060
0.000060
0.000060
0.000060
0.000060
0.000060
0.000060
0.000060
0.000060
0.000060
0.000060
0.000060
0.000060
0.000060
0.000060
0.000060
0.000060
0.000060
0.000059
0.000059
0.000059
0.000059
0.000059
0.000059
0.000059
0.000059
0.000059
0.000059
0.000059
0.000059
0.000059
0.000059
0.000059
0.000059
0.000059
0.000059
0.000059
0.000059
0.000059
0.000059
0.000059
0.000059
0.000059
0.000059
0.000059
0.000059
0.000059
0.000059
0.000059
0.000059
0.000059
0.000059
0.000059
0.000059
0.000059
0.000059
0.000058
0.000058
0.000058
0.000058
0.000058
0.000058
0.000058
0.000058
0.000058
0.000058
0.000058
0.000058
0.000058
0.000058
0.000058
0.000058
0.000058
0.000058
0.000058
0.000058
0.000058
0.000058
0.000058
0.000058
0.000058
0.000058
0.000058
0.000058
0.000058
0.000058
0.000058
0.000058
0.000058
0.000058
0.000058
0.000058
0.000058
0.000058
0.000058
0.000058
0.000057
0.000057
0.000057
0.000057
0.000057
0.000057
0.000057
0.000057
0.000057
0.000057
0.000057
0.000057
0.000057
0.000057
0.000057
0.000057
0.000057
0.000057
0.000057
0.000057
0.000057
0.000057
0.000057
0.000057
0.000057
0.000057
0.000057
0.000057
0.000057
0.000057
0.000057
0.000057
0.000057
0.000057
0.000057
0.000057
0.000057
0.000057
0.000057
0.000057
0.000057
0.000057
0.000056
0.000056
0.000056
0.000056
0.000056
0.000056
0.000056
0.000056
0.000056
0.000056
0.000056
0.000056
0.000056
0.000056
0.000056
0.000056
0.000056
0.000056
0.000056
0.000056
0.000056
0.000056
0.000056
0.000056
0.000056
0.000056
0.000056
0.000056
0.000056
0.000056
0.000056
0.000056
0.000056
0.000056
0.000056
0.000056
0.000056
0.000056
0.000056
0.000056
0.000056
0.000056
0.000056
0.000055
0.000055
0.000055
0.000055
0.000055
0.000055
0.000055
0.000055
0.000055
0.000055
0.000055
0.000055
0.000055
0.000055
0.000055
0.000055
0.000055
0.000055
0.000055
0.000055
0.000055
0.000055
0.000055
0.000055
0.000055
0.000055
0.000055
0.000055
0.000055
0.000055
0.000055
0.000055
0.000055
0.000055
0.000055
0.000055
0.000055
0.000055
0.000055
0.000055
0.000055
0.000055
0.000055
0.000055
0.000054
0.000054
0.000054
0.000054
0.000054
0.000054
0.000054
0.000054
0.000054
0.000054
0.000054
0.000054
0.000054
0.000054
0.000054
0.000054
0.000054
0.000054
0.000054
0.000054
0.000054
0.000054
0.000054
0.000054
0.000054
0.000054
0.000054
0.000054
0.000054
0.000054
0.000054
0.000054
0.000054
0.000054
0.000054
0.000054
0.000054
0.000054
0.000054
0.000054
0.000054
0.000054
0.000054
0.000054
0.000054
0.000054
0.000053
0.000053
0.000053
0.000053
0.000053
0.000053
0.000053
0.000053
0.000053
0.000053
0.000053
0.000053
0.000053
0.000053
0.000053
0.000053
0.000053
0.000053
0.000053
0.000053
0.000053
0.000053
0.000053
0.000053
0.000053
0.000053
0.000053
0.000053
0.000053
0.000053
0.000053
0.000053
0.000053
0.000053
0.000053
0.000053
0.000053
0.000053
0.000053
0.000053
0.000053
0.000053
0.000053
0.000053
0.000053
0.000053
0.000053
0.000053
0.000052
0.000052
0.000052
0.000052
0.000052
0.000052
0.000052
0.000052
0.000052
0.000052
0.000052
0.000052
0.000052
0.000052
0.000052
0.000052
0.000052
0.000052
0.000052
0.000052
0.000052
0.000052
0.000052
0.000052
0.000052
0.000052
0.000052
0.000052
0.000052
0.000052
0.000052
0.000052
0.000052
0.000052
0.000052
0.000052
0.000052
0.000052
0.000052
0.000052
0.000052
0.000052
0.000052
0.000052
0.000052
0.000052
0.000052
0.000052
0.000052
0.000052
0.000051
0.000051
0.000051
0.000051
0.000051
0.000051
0.000051
0.000051
0.000051
0.000051
0.000051
0.000051
0.000051
0.000051
0.000051
0.000051
0.000051
0.000051
0.000051
0.000051
0.000051
0.000051
0.000051
0.000051
0.000051
0.000051
0.000051
0.000051
0.000051
0.000051
0.000051
0.000051
0.000051
0.000051
0.000051
0.000051
0.000051
0.000051
0.000051
0.000051
0.000051
0.000051
0.000051
0.000051
0.000051
0.000051
0.000051
0.000051
0.000051
0.000051
0.000051
0.000050
0.000050
0.000050
0.000050
0.000050
0.000050
0.000050
0.000050
0.000050
0.000050
0.000050
0.000050
0.000050
0.000050
0.000050
0.000050
0.000050
0.000050
0.000050
0.000050
0.000050
0.000050
0.000050
0.000050
0.000050
0.000050
0.000050
0.000050
0.000050
0.000050
0.000050
0.000050
0.000050
0.000050
0.000050
0.000050
0.000050
0.000050
0.000050
0.000050
0.000050
0.000050
0.000050
0.000050
0.000050
0.000050
0.000050
0.000050
0.000050
0.000050
0.000050
0.000050
0.000050
0.000050
0.000049
0.000049
0.000049
0.000049
0.000049
0.000049
0.000049
0.000049
0.000049
0.000049
0.000049
0.000049
0.000049
0.000049
0.000049
0.000049
0.000049
0.000049
0.000049
0.000049
0.000049
0.000049
0.000049
0.000049
0.000049
0.000049
0.000049
0.000049
0.000049
0.000049
0.000049
0.000049
0.000049
0.000049
0.000049
0.000049
0.000049
0.000049
0.000049
0.000049
0.000049
0.000049
0.000049
0.000049
0.000049
0.000049
0.000049
0.000049
0.000049
0.000049
0.000049
0.000049
0.000049
0.000049
0.000049
0.000049
0.000048
0.000048
0.000048
0.000048
0.000048
0.000048
0.000048
0.000048
0.000048
0.000048
0.000048
0.000048
0.000048
0.000048
0.000048
0.000048
0.000048
0.000048
0.000048
0.000048
0.000048
0.000048
0.000048
0.000048
0.000048
0.000048
0.000048
0.000048
0.000048
0.000048
0.000048
0.000048
0.000048
0.000048
0.000048
0.000048
0.000048
0.000048
0.000048
0.000048
0.000048
0.000048
0.000048
0.000048
0.000048
0.000048
0.000048
0.000048
0.000048
0.000048
0.000048
0.000048
0.000048
0.000048
0.000048
0.000048
0.000048
0.000048
0.000047
0.000047
0.000047
0.000047
0.000047
0.000047
0.000047
0.000047
0.000047
0.000047
0.000047
0.000047
0.000047
0.000047
0.000047
0.000047
0.000047
0.000047
0.000047
0.000047
0.000047
0.000047
0.000047
0.000047
0.000047
0.000047
0.000047
0.000047
0.000047
0.000047
0.000047
0.000047
0.000047
0.000047
0.000047
0.000047
0.000047
0.000047
0.000047
0.000047
0.000047
0.000047
0.000047
0.000047
0.000047
0.000047
0.000047
0.000047
0.000047
0.000047
0.000047
0.000047
0.000047
0.000047
0.000047
0.000047
0.000047
0.000047
0.000047
0.000047
0.000047
0.000046
0.000046
0.000046
0.000046
0.000046
0.000046
0.000046
0.000046
0.000046
0.000046
0.000046
0.000046
0.000046
0.000046
0.000046
0.000046
0.000046
0.000046
0.000046
0.000046
0.000046
0.000046
0.000046
0.000046
0.000046
0.000046
0.000046
0.000046
0.000046
0.000046
0.000046
0.000046
0.000046
0.000046
0.000046
0.000046
0.000046
0.000046
0.000046
0.000046
0.000046
0.000046
0.000046
0.000046
0.000046
0.000046
0.000046
0.000046
0.000046
0.000046
0.000046
0.000046
0.000046
0.000046
0.000046
0.000046
0.000046
0.000046
0.000046
0.000046
0.000046
0.000046
0.000046
0.000045
0.000045
0.000045
0.000045
0.000045
0.000045
0.000045
0.000045
0.000045
0.000045
0.000045
0.000045
0.000045
0.000045
0.000045
0.000045
0.000045
0.000045
0.000045
0.000045
0.000045
0.000045
0.000045
0.000045
0.000045
0.000045
0.000045
0.000045
0.000045
0.000045
0.000045
0.000045
0.000045
0.000045
0.000045
0.000045
0.000045
0.000045
0.000045
0.000045
0.000045
0.000045
0.000045
0.000045
0.000045
0.000045
0.000045
0.000045
0.000045
0.000045
0.000045
0.000045
0.000045
0.000045
0.000045
0.000045
0.000045
0.000045
0.000045
0.000045
0.000045
0.000045
0.000045
0.000045
0.000045
0.000045
0.000044
0.000044
0.000044
0.000044
0.000044
0.000044
0.000044
0.000044
0.000044
0.000044
0.000044
0.000044
0.000044
0.000044
0.000044
0.000044
0.000044
0.000044
0.000044
0.000044
0.000044
0.000044
0.000044
0.000044
0.000044
0.000044
0.000044
0.000044
0.000044
0.000044
0.000044
0.000044
0.000044
0.000044
0.000044
0.000044
0.000044
0.000044
0.000044
0.000044
0.000044
0.000044
0.000044
0.000044
0.000044
0.000044
0.000044
0.000044
0.000044
0.000044
0.000044
0.000044
0.000044
0.000044
0.000044
0.000044
0.000044
0.000044
0.000044
0.000044
0.000044
0.000044
0.000044
0.000044
0.000044
0.000044
0.000044
0.000044
0.000044
0.000044
0.000043
0.000043
0.000043
0.000043
0.000043
0.000043
0.000043
0.000043
0.000043
0.000043
0.000043
0.000043
0.000043
0.000043
0.000043
0.000043
0.000043
0.000043
0.000043
0.000043
0.000043
0.000043
0.000043
0.000043
0.000043
0.000043
0.000043
0.000043
0.000043
0.000043
0.000043
0.000043
0.000043
0.000043
0.000043
0.000043
0.000043
0.000043
0.000043
0.000043
0.000043
0.000043
0.000043
0.000043
0.000043
0.000043
0.000043
0.000043
0.000043
0.000043
0.000043
0.000043
0.000043
0.000043
0.000043
0.000043
0.000043
0.000043
0.000043
0.000043
0.000043
0.000043
0.000043
0.000043
0.000043
0.000043
0.000043
0.000043
0.000043
0.000043
0.000043
0.000043
0.000042
0.000042
0.000042
0.000042
0.000042
0.000042
0.000042
0.000042
0.000042
0.000042
0.000042
0.000042
0.000042
0.000042
0.000042
0.000042
0.000042
0.000042
0.000042
0.000042
0.000042
0.000042
0.000042
0.000042
0.000042
0.000042
0.000042
0.000042
0.000042
0.000042
0.000042
0.000042
0.000042
0.000042
0.000042
0.000042
0.000042
0.000042
0.000042
0.000042
0.000042
0.000042
0.000042
0.000042
0.000042
0.000042
0.000042
0.000042
0.000042
0.000042
0.000042
0.000042
0.000042
0.000042
0.000042
0.000042
0.000042
0.000042
0.000042
0.000042
0.000042
0.000042
0.000042
0.000042
0.000042
0.000042
0.000042
0.000042
0.000042
0.000042
0.000042
0.000042
0.000042
0.000042
0.000042
0.000042
0.000041
0.000041
0.000041
0.000041
0.000041
0.000041
0.000041
0.000041
0.000041
0.000041
0.000041
0.000041
0.000041
0.000041
0.000041
0.000041
0.000041
0.000041
0.000041
0.000041
0.000041
0.000041
0.000041
0.000041
0.000041
0.000041
0.000041
0.000041
0.000041
0.000041
0.000041
0.000041
0.000041
0.000041
0.000041
0.000041
0.000041
0.000041
0.000041
0.000041
0.000041
0.000041
0.000041
0.000041
0.000041
0.000041
0.000041
0.000041
0.000041
0.000041
0.000041
0.000041
0.000041
0.000041
0.000041
0.000041
0.000041
0.000041
0.000041
0.000041
0.000041
0.000041
0.000041
0.000041
0.000041
0.000041
0.000041
0.000041
0.000041
0.000041
0.000041
0.000041
0.000041
0.000041
0.000041
0.000041
0.000041
0.000041
0.000041
0.000041
0.000040
0.000040
0.000040
0.000040
0.000040
0.000040
0.000040
0.000040
0.000040
0.000040
0.000040
0.000040
0.000040
0.000040
0.000040
0.000040
0.000040
0.000040
0.000040
0.000040
0.000040
0.000040
0.000040
0.000040
0.000040
0.000040
0.000040
0.000040
0.000040
0.000040
0.000040
0.000040
0.000040
0.000040
0.000040
0.000040
0.000040
0.000040
0.000040
0.000040
0.000040
0.000040
0.000040
0.000040
0.000040
0.000040
0.000040
0.000040
0.000040
0.000040
0.000040
0.000040
0.000040
0.000040
0.000040
0.000040
0.000040
0.000040
0.000040
0.000040
0.000040
0.000040
0.000040
0.000040
0.000040
0.000040
0.000040
0.000040
0.000040
0.000040
0.000040
0.000040
0.000040
0.000040
0.000040
0.000040
0.000040
0.000040
0.000040
0.000040
0.000040
0.000040
0.000040
0.000039
0.000039
0.000039
0.000039
0.000039
0.000039
0.000039
0.000039
0.000039
0.000039
0.000039
0.000039
0.000039
0.000039
0.000039
0.000039
0.000039
0.000039
0.000039
0.000039
0.000039
0.000039
0.000039
0.000039
0.000039
0.000039
0.000039
0.000039
0.000039
0.000039
0.000039
0.000039
0.000039
0.000039
0.000039
0.000039
0.000039
0.000039
0.000039
0.000039
0.000039
0.000039
0.000039
0.000039
0.000039
0.000039
0.000039
0.000039
0.000039
0.000039
0.000039
0.000039
0.000039
0.000039
0.000039
0.000039
0.000039
0.000039
0.000039
0.000039
0.000039
0.000039
0.000039
0.000039
0.000039
0.000039
0.000039
0.000039
0.000039
0.000039
0.000039
0.000039
0.000039
0.000039
0.000039
0.000039
0.000039
0.000039
0.000039
0.000039
0.000039
0.000039
0.000039
0.000039
0.000039
0.000039
0.000039
0.000039
0.000038
0.000038
0.000038
0.000038
0.000038
0.000038
0.000038
0.000038
0.000038
0.000038
0.000038
0.000038
0.000038
0.000038
0.000038
0.000038
0.000038
0.000038
0.000038
0.000038
0.000038
0.000038
0.000038
0.000038
0.000038
0.000038
0.000038
0.000038
0.000038
0.000038
0.000038
0.000038
0.000038
0.000038
0.000038
0.000038
0.000038
0.000038
0.000038
0.000038
0.000038
0.000038
0.000038
0.000038
0.000038
0.000038
0.000038
0.000038
0.000038
0.000038
0.000038
0.000038
0.000038
0.000038
0.000038
0.000038
0.000038
0.000038
0.000038
0.000038
0.000038
0.000038
0.000038
0.000038
0.000038
0.000038
0.000038
0.000038
0.000038
0.000038
0.000038
0.000038
0.000038
0.000038
0.000038
0.000038
0.000038
0.000038
0.000038
0.000038
0.000038
0.000038
0.000038
0.000038
0.000038
0.000038
0.000038
0.000038
0.000038
0.000038
0.000038
0.000038
0.000038
0.000037
0.000037
0.000037
0.000037
0.000037
0.000037
0.000037
0.000037
0.000037
0.000037
0.000037
0.000037
0.000037
0.000037
0.000037
0.000037
0.000037
0.000037
0.000037
0.000037
0.000037
0.000037
0.000037
0.000037
0.000037
0.000037
0.000037
0.000037
0.000037
0.000037
0.000037
0.000037
0.000037
0.000037
0.000037
0.000037
0.000037
0.000037
0.000037
0.000037
0.000037
0.000037
0.000037
0.000037
0.000037
0.000037
0.000037
0.000037
0.000037
0.000037
0.000037
0.000037
0.000037
0.000037
0.000037
0.000037
0.000037
0.000037
0.000037
0.000037
0.000037
0.000037
0.000037
0.000037
0.000037
0.000037
0.000037
0.000037
0.000037
0.000037
0.000037
0.000037
0.000037
0.000037
0.000037
0.000037
0.000037
0.000037
0.000037
0.000037
0.000037
0.000037
0.000037
0.000037
0.000037
0.000037
0.000037
0.000037
0.000037
0.000037
0.000037
0.000037
0.000037
0.000037
0.000037
0.000037
0.000037
0.000037
0.000036
0.000036
0.000036
0.000036
0.000036
0.000036
0.000036
0.000036
0.000036
0.000036
0.000036
0.000036
0.000036
0.000036
0.000036
0.000036
0.000036
0.000036
0.000036
0.000036
0.000036
0.000036
0.000036
0.000036
0.000036
0.000036
0.000036
0.000036
0.000036
0.000036
0.000036
0.000036
0.000036
0.000036
0.000036
0.000036
0.000036
0.000036
0.000036
0.000036
0.000036
0.000036
0.000036
0.000036
0.000036
0.000036
0.000036
0.000036
0.000036
0.000036
0.000036
0.000036
0.000036
0.000036
0.000036
0.000036
0.000036
0.000036
0.000036
0.000036
0.000036
0.000036
0.000036
0.000036
0.000036
0.000036
0.000036
0.000036
0.000036
0.000036
0.000036
0.000036
0.000036
0.000036
0.000036
0.000036
0.000036
0.000036
0.000036
0.000036
0.000036
0.000036
0.000036
0.000036
0.000036
0.000036
0.000036
0.000036
0.000036
0.000036
0.000036
0.000036
0.000036
0.000036
0.000036
0.000036
0.000036
0.000036
0.000036
0.000036
0.000036
0.000036
0.000036
0.000035
0.000035
0.000035
0.000035
0.000035
0.000035
0.000035
0.000035
0.000035
0.000035
0.000035
0.000035
0.000035
0.000035
0.000035
0.000035
0.000035
0.000035
0.000035
0.000035
0.000035
0.000035
0.000035
0.000035
0.000035
0.000035
0.000035
0.000035
0.000035
0.000035
0.000035
0.000035
0.000035
0.000035
0.000035
0.000035
0.000035
0.000035
0.000035
0.000035
0.000035
0.000035
0.000035
0.000035
0.000035
0.000035
0.000035
0.000035
0.000035
0.000035
0.000035
0.000035
0.000035
0.000035
0.000035
0.000035
0.000035
0.000035
0.000035
0.000035
0.000035
0.000035
0.000035
0.000035
0.000035
0.000035
0.000035
0.000035
0.000035
0.000035
0.000035
0.000035
0.000035
0.000035
0.000035
0.000035
0.000035
0.000035
0.000035
0.000035
0.000035
0.000035
0.000035
0.000035
0.000035
0.000035
0.000035
0.000035
0.000035
0.000035
0.000035
0.000035
0.000035
0.000035
0.000035
0.000035
0.000035
0.000035
0.000035
0.000035
0.000035
0.000035
0.000035
0.000035
0.000035
0.000035
0.000035
0.000035
0.000035
0.000034
0.000034
0.000034
0.000034
0.000034
0.000034
0.000034
0.000034
0.000034
0.000034
0.000034
0.000034
0.000034
0.000034
0.000034
0.000034
0.000034
0.000034
0.000034
0.000034
0.000034
0.000034
0.000034
0.000034
0.000034
0.000034
0.000034
0.000034
0.000034
0.000034
0.000034
0.000034
0.000034
0.000034
0.000034
0.000034
0.000034
0.000034
0.000034
0.000034
0.000034
0.000034
0.000034
0.000034
0.000034
0.000034
0.000034
0.000034
0.000034
0.000034
0.000034
0.000034
0.000034
0.000034
0.000034
0.000034
0.000034
0.000034
0.000034
0.000034
0.000034
0.000034
0.000034
0.000034
0.000034
0.000034
0.000034
0.000034
0.000034
0.000034
0.000034
0.000034
0.000034
0.000034
0.000034
0.000034
0.000034
0.000034
0.000034
0.000034
0.000034
0.000034
0.000034
0.000034
0.000034
0.000034
0.000034
0.000034
0.000034
0.000034
0.000034
0.000034
0.000034
0.000034
0.000034
0.000034
0.000034
0.000034
0.000034
0.000034
0.000034
0.000034
0.000034
0.000034
0.000034
0.000034
0.000034
0.000034
0.000034
0.000034
0.000034
0.000034
0.000034
0.000034
0.000034
0.000033
0.000033
0.000033
0.000033
0.000033
0.000033
0.000033
0.000033
0.000033
0.000033
0.000033
0.000033
0.000033
0.000033
0.000033
0.000033
0.000033
0.000033
0.000033
0.000033
0.000033
0.000033
0.000033
0.000033
0.000033
0.000033
0.000033
0.000033
0.000033
0.000033
0.000033
0.000033
0.000033
0.000033
0.000033
0.000033
0.000033
0.000033
0.000033
0.000033
0.000033
0.000033
0.000033
0.000033
0.000033
0.000033
0.000033
0.000033
0.000033
0.000033
0.000033
0.000033
0.000033
0.000033
0.000033
0.000033
0.000033
0.000033
0.000033
0.000033
0.000033
0.000033
0.000033
0.000033
0.000033
0.000033
0.000033
0.000033
0.000033
0.000033
0.000033
0.000033
0.000033
0.000033
0.000033
0.000033
0.000033
0.000033
0.000033
0.000033
0.000033
0.000033
0.000033
0.000033
0.000033
0.000033
0.000033
0.000033
0.000033
0.000033
0.000033
0.000033
0.000033
0.000033
0.000033
0.000033
0.000033
0.000033
0.000033
0.000033
0.000033
0.000033
0.000033
0.000033
0.000033
0.000033
0.000033
0.000033
0.000033
0.000033
0.000033
0.000033
0.000033
0.000033
0.000033
0.000033
0.000033
0.000033
0.000033
0.000033
0.000033
0.000033
0.000033
0.000032
0.000032
0.000032
0.000032
0.000032
0.000032
0.000032
0.000032
0.000032
0.000032
0.000032
0.000032
0.000032
0.000032
0.000032
0.000032
0.000032
0.000032
0.000032
0.000032
0.000032
0.000032
0.000032
0.000032
0.000032
0.000032
0.000032
0.000032
0.000032
0.000032
0.000032
0.000032
0.000032
0.000032
0.000032
0.000032
0.000032
0.000032
0.000032
0.000032
0.000032
0.000032
0.000032
0.000032
0.000032
0.000032
0.000032
0.000032
0.000032
0.000032
0.000032
0.000032
0.000032
0.000032
0.000032
0.000032
0.000032
0.000032
0.000032
0.000032
0.000032
0.000032
0.000032
0.000032
0.000032
0.000032
0.000032
0.000032
0.000032
0.000032
0.000032
0.000032
0.000032
0.000032
0.000032
0.000032
0.000032
0.000032
0.000032
0.000032
0.000032
0.000032
0.000032
0.000032
0.000032
0.000032
0.000032
0.000032
0.000032
0.000032
0.000032
0.000032
0.000032
0.000032
0.000032
0.000032
0.000032
0.000032
0.000032
0.000032
0.000032
0.000032
0.000032
0.000032
0.000032
0.000032
0.000032
0.000032
0.000032
0.000032
0.000032
0.000032
0.000032
0.000032
0.000032
0.000032
0.000032
0.000032
0.000032
0.000032
0.000032
0.000032
0.000032
0.000032
0.000032
0.000032
0.000032
0.000032
0.000032
0.000032
0.000031
0.000031
0.000031
0.000031
0.000031
0.000031
0.000031
0.000031
0.000031
0.000031
0.000031
0.000031
0.000031
0.000031
0.000031
0.000031
0.000031
0.000031
0.000031
0.000031
0.000031
0.000031
0.000031
0.000031
0.000031
0.000031
0.000031
0.000031
0.000031
0.000031
0.000031
0.000031
0.000031
0.000031
0.000031
0.000031
0.000031
0.000031
0.000031
0.000031
0.000031
0.000031
0.000031
0.000031
0.000031
0.000031
0.000031
0.000031
0.000031
0.000031
0.000031
0.000031
0.000031
0.000031
0.000031
0.000031
0.000031
0.000031
0.000031
0.000031
0.000031
0.000031
0.000031
0.000031
0.000031
0.000031
0.000031
0.000031
0.000031
0.000031
0.000031
0.000031
0.000031
0.000031
0.000031
0.000031
0.000031
0.000031
0.000031
0.000031
0.000031
0.000031
0.000031
0.000031
0.000031
0.000031
0.000031
0.000031
0.000031
0.000031
0.000031
0.000031
0.000031
0.000031
0.000031
0.000031
0.000031
0.000031
0.000031
0.000031
0.000031
0.000031
0.000031
0.000031
0.000031
0.000031
0.000031
0.000031
0.000031
0.000031
0.000031
0.000031
0.000031
0.000031
0.000031
0.000031
0.000031
0.000031
0.000031
0.000031
0.000031
0.000031
0.000031
0.000031
0.000031
0.000031
0.000031
0.000031
0.000031
0.000031
0.000031
0.000031
0.000031
0.000031
0.000031
0.000031
0.000031
0.000031
0.000031
0.000030
0.000030
0.000030
0.000030
0.000030
0.000030
0.000030
0.000030
0.000030
0.000030
0.000030
0.000030
0.000030
0.000030
0.000030
0.000030
0.000030
0.000030
0.000030
0.000030
0.000030
0.000030
0.000030
0.000030
0.000030
0.000030
0.000030
0.000030
0.000030
0.000030
0.000030
0.000030
0.000030
0.000030
0.000030
0.000030
0.000030
0.000030
0.000030
0.000030
0.000030
0.000030
0.000030
0.000030
0.000030
0.000030
0.000030
0.000030
0.000030
0.000030
0.000030
0.000030
0.000030
0.000030
0.000030
0.000030
0.000030
0.000030
0.000030
0.000030
0.000030
0.000030
0.000030
0.000030
0.000030
0.000030
0.000030
0.000030
0.000030
0.000030
0.000030
0.000030
0.000030
0.000030
0.000030
0.000030
0.000030
0.000030
0.000030
0.000030
0.000030
0.000030
0.000030
0.000030
0.000030
0.000030
0.000030
0.000030
0.000030
0.000030
0.000030
0.000030
0.000030
0.000030
0.000030
0.000030
0.000030
0.000030
0.000030
0.000030
0.000030
0.000030
0.000030
0.000030
0.000030
0.000030
0.000030
0.000030
0.000030
0.000030
0.000030
0.000030
0.000030
0.000030
0.000030
0.000030
0.000030
0.000030
0.000030
0.000030
0.000030
0.000030
0.000030
0.000030
0.000030
0.000030
0.000030
0.000030
0.000030
0.000030
0.000030
0.000030
0.000030
0.000030
0.000030
0.000030
0.000030
0.000030
0.000030
0.000030
0.000030
0.000030
0.000030
0.000030
0.000030
0.000030
0.000030
0.000030
0.000029
0.000029
0.000029
0.000029
0.000029
0.000029
0.000029
0.000029
0.000029
0.000029
0.000029
0.000029
0.000029
0.000029
0.000029
0.000029
0.000029
0.000029
0.000029
0.000029
0.000029
0.000029
0.000029
0.000029
0.000029
0.000029
0.000029
0.000029
0.000029
0.000029
0.000029
0.000029
0.000029
0.000029
0.000029
0.000029
0.000029
0.000029
0.000029
0.000029
0.000029
0.000029
0.000029
0.000029
0.000029
0.000029
0.000029
0.000029
0.000029
0.000029
0.000029
0.000029
0.000029
0.000029
0.000029
0.000029
0.000029
0.000029
0.000029
0.000029
0.000029
0.000029
0.000029
0.000029
0.000029
0.000029
0.000029
0.000029
0.000029
0.000029
0.000029
0.000029
0.000029
0.000029
0.000029
0.000029
0.000029
0.000029
0.000029
0.000029
0.000029
0.000029
0.000029
0.000029
0.000029
0.000029
0.000029
0.000029
0.000029
0.000029
0.000029
0.000029
0.000029
0.000029
0.000029
0.000029
0.000029
0.000029
0.000029
0.000029
0.000029
0.000029
0.000029
0.000029
0.000029
0.000029
0.000029
0.000029
0.000029
0.000029
0.000029
0.000029
0.000029
0.000029
0.000029
0.000029
0.000029
0.000029
0.000029
0.000029
0.000029
0.000029
0.000029
0.000029
0.000029
0.000029
0.000029
0.000029
0.000029
0.000029
0.000029
0.000029
0.000029
0.000029
0.000029
0.000029
0.000029
0.000029
0.000029
0.000029
0.000029
0.000029
0.000029
0.000029
0.000029
0.000029
0.000029
0.000029
0.000029
0.000029
0.000029
0.000029
0.000029
0.000029
0.000029
0.000029
0.000029
0.000029
0.000028
0.000028
0.000028
0.000028
0.000028
0.000028
0.000028
0.000028
0.000028
0.000028
0.000028
0.000028
0.000028
0.000028
0.000028
0.000028
0.000028
0.000028
0.000028
0.000028
0.000028
0.000028
0.000028
0.000028
0.000028
0.000028
0.000028
0.000028
0.000028
0.000028
0.000028
0.000028
0.000028
0.000028
0.000028
0.000028
0.000028
0.000028
0.000028
0.000028
0.000028
0.000028
0.000028
0.000028
0.000028
0.000028
0.000028
0.000028
0.000028
0.000028
0.000028
0.000028
0.000028
0.000028
0.000028
0.000028
0.000028
0.000028
0.000028
0.000028
0.000028
0.000028
0.000028
0.000028
0.000028
0.000028
0.000028
0.000028
0.000028
0.000028
0.000028
0.000028
0.000028
0.000028
0.000028
0.000028
0.000028
0.000028
0.000028
0.000028
0.000028
0.000028
0.000028
0.000028
0.000028
0.000028
0.000028
0.000028
0.000028
0.000028
0.000028
0.000028
0.000028
0.000028
0.000028
0.000028
0.000028
0.000028
0.000028
0.000028
0.000028
0.000028
0.000028
0.000028
0.000028
0.000028
0.000028
0.000028
0.000028
0.000028
0.000028
0.000028
0.000028
0.000028
0.000028
0.000028
0.000028
0.000028
0.000028
0.000028
0.000028
0.000028
0.000028
0.000028
0.000028
0.000028
0.000028
0.000028
0.000028
0.000028
0.000028
0.000028
0.000028
0.000028
0.000028
0.000028
0.000028
0.000028
0.000028
0.000028
0.000028
0.000028
0.000028
0.000028
0.000028
0.000028
0.000028
0.000028
0.000028
0.000028
0.000028
0.000028
0.000028
0.000028
0.000028
0.000028
0.000028
0.000028
0.000028
0.000028
0.000028
0.000028
0.000028
0.000028
0.000028
0.000028
0.000028
0.000028
0.000028
0.000028
0.000027
0.000027
0.000027
0.000027
0.000027
0.000027
0.000027
0.000027
0.000027
0.000027
0.000027
0.000027
0.000027
0.000027
0.000027
0.000027
0.000027
0.000027
0.000027
0.000027
0.000027
0.000027
0.000027
0.000027
0.000027
0.000027
0.000027
0.000027
0.000027
0.000027
0.000027
0.000027
0.000027
0.000027
0.000027
0.000027
0.000027
0.000027
0.000027
0.000027
0.000027
0.000027
0.000027
0.000027
0.000027
0.000027
0.000027
0.000027
0.000027
0.000027
0.000027
0.000027
0.000027
0.000027
0.000027
0.000027
0.000027
0.000027
0.000027
0.000027
0.000027
0.000027
0.000027
0.000027
0.000027
0.000027
0.000027
0.000027
0.000027
0.000027
0.000027
0.000027
0.000027
0.000027
0.000027
0.000027
0.000027
0.000027
0.000027
0.000027
0.000027
0.000027
0.000027
0.000027
0.000027
0.000027
0.000027
0.000027
0.000027
0.000027
0.000027
0.000027
0.000027
0.000027
0.000027
0.000027
0.000027
0.000027
0.000027
0.000027
0.000027
0.000027
0.000027
0.000027
0.000027
0.000027
0.000027
0.000027
0.000027
0.000027
0.000027
0.000027
0.000027
0.000027
0.000027
0.000027
0.000027
0.000027
0.000027
0.000027
0.000027
0.000027
0.000027
0.000027
0.000027
0.000027
0.000027
0.000027
0.000027
0.000027
0.000027
0.000027
0.000027
0.000027
0.000027
0.000027
0.000027
0.000027
0.000027
0.000027
0.000027
0.000027
0.000027
0.000027
0.000027
0.000027
0.000027
0.000027
0.000027
0.000027
0.000027
0.000027
0.000027
0.000027
0.000027
0.000027
0.000027
0.000027
0.000027
0.000027
0.000027
0.000027
0.000027
0.000027
0.000027
0.000027
0.000027
0.000027
0.000027
0.000027
0.000027
0.000027
0.000027
0.000027
0.000027
0.000027
0.000027
0.000027
0.000027
0.000027
0.000027
0.000027
0.000027
0.000026
0.000026
0.000026
0.000026
0.000026
0.000026
0.000026
0.000026
0.000026
0.000026
0.000026
0.000026
0.000026
0.000026
0.000026
0.000026
0.000026
0.000026
0.000026
0.000026
0.000026
0.000026
0.000026
0.000026
0.000026
0.000026
0.000026
0.000026
0.000026
0.000026
0.000026
0.000026
0.000026
0.000026
0.000026
0.000026
0.000026
0.000026
0.000026
0.000026
0.000026
0.000026
0.000026
0.000026
0.000026
0.000026
0.000026
0.000026
0.000026
0.000026
0.000026
0.000026
0.000026
0.000026
0.000026
0.000026
0.000026
0.000026
0.000026
0.000026
0.000026
0.000026
0.000026
0.000026
0.000026
0.000026
0.000026
0.000026
0.000026
0.000026
0.000026
0.000026
0.000026
0.000026
0.000026
0.000026
0.000026
0.000026
0.000026
0.000026
0.000026
0.000026
0.000026
0.000026
0.000026
0.000026
0.000026
0.000026
0.000026
0.000026
0.000026
0.000026
0.000026
0.000026
0.000026
0.000026
0.000026
0.000026
0.000026
0.000026
0.000026
0.000026
0.000026
0.000026
0.000026
0.000026
0.000026
0.000026
0.000026
0.000026
0.000026
0.000026
0.000026
0.000026
0.000026
0.000026
0.000026
0.000026
0.000026
0.000026
0.000026
0.000026
0.000026
0.000026
0.000026
0.000026
0.000026
0.000026
0.000026
0.000026
0.000026
0.000026
0.000026
0.000026
0.000026
0.000026
0.000026
0.000026
0.000026
0.000026
0.000026
0.000026
0.000026
0.000026
0.000026
0.000026
0.000026
0.000026
0.000026
0.000026
0.000026
0.000026
0.000026
0.000026
0.000026
0.000026
0.000026
0.000026
0.000026
0.000026
0.000026
0.000026
0.000026
0.000026
0.000026
0.000026
0.000026
0.000026
0.000026
0.000026
0.000026
0.000026
0.000026
0.000026
0.000026
0.000026
0.000026
0.000026
0.000026
0.000026
0.000026
0.000026
0.000026
0.000026
0.000026
0.000026
0.000026
0.000026
0.000026
0.000026
0.000026
0.000026
0.000026
0.000026
0.000026
0.000026
0.000026
0.000025
0.000025
0.000025
0.000025
0.000025
0.000025
0.000025
0.000025
0.000025
0.000025
0.000025
0.000025
0.000025
0.000025
0.000025
0.000025
0.000025
0.000025
0.000025
0.000025
0.000025
0.000025
0.000025
0.000025
0.000025
0.000025
0.000025
0.000025
0.000025
0.000025
0.000025
0.000025
0.000025
0.000025
0.000025
0.000025
0.000025
0.000025
0.000025
0.000025
0.000025
0.000025
0.000025
0.000025
0.000025
0.000025
0.000025
0.000025
0.000025
0.000025
0.000025
0.000025
0.000025
0.000025
0.000025
0.000025
0.000025
0.000025
0.000025
0.000025
0.000025
0.000025
0.000025
0.000025
0.000025
0.000025
0.000025
0.000025
0.000025
0.000025
0.000025
0.000025
0.000025
0.000025
0.000025
0.000025
0.000025
0.000025
0.000025
0.000025
0.000025
0.000025
0.000025
0.000025
0.000025
0.000025
0.000025
0.000025
0.000025
0.000025
0.000025
0.000025
0.000025
0.000025
0.000025
0.000025
0.000025
0.000025
0.000025
0.000025
0.000025
0.000025
0.000025
0.000025
0.000025
0.000025
0.000025
0.000025
0.000025
0.000025
0.000025
0.000025
0.000025
0.000025
0.000025
0.000025
0.000025
0.000025
0.000025
0.000025
0.000025
0.000025
0.000025
0.000025
0.000025
0.000025
0.000025
0.000025
0.000025
0.000025
0.000025
0.000025
0.000025
0.000025
0.000025
0.000025
0.000025
0.000025
0.000025
0.000025
0.000025
0.000025
0.000025
0.000025
0.000025
0.000025
0.000025
0.000025
0.000025
0.000025
0.000025
0.000025
0.000025
0.000025
0.000025
0.000025
0.000025
0.000025
0.000025
0.000025
0.000025
0.000025
0.000025
0.000025
0.000025
0.000025
0.000025
0.000025
0.000025
0.000025
0.000025
0.000025
0.000025
0.000025
0.000025
0.000025
0.000025
0.000025
0.000025
0.000025
0.000025
0.000025
0.000025
0.000025
0.000025
0.000025
0.000025
0.000025
0.000025
0.000025
0.000025
0.000025
0.000025
0.000025
0.000025
0.000025
0.000025
0.000025
0.000025
0.000025
0.000025
0.000025
0.000025
0.000025
0.000025
0.000025
0.000025
0.000025
0.000025
0.000025
0.000025
0.000025
0.000024
0.000024
0.000024
0.000024
0.000024
0.000024
0.000024
0.000024
0.000024
0.000024
0.000024
0.000024
0.000024
0.000024
0.000024
0.000024
0.000024
0.000024
0.000024
0.000024
0.000024
0.000024
0.000024
0.000024
0.000024
0.000024
0.000024
0.000024
0.000024
0.000024
0.000024
0.000024
0.000024
0.000024
0.000024
0.000024
0.000024
0.000024
0.000024
0.000024
0.000024
0.000024
0.000024
0.000024
0.000024
0.000024
0.000024
0.000024
0.000024
0.000024
0.000024
0.000024
0.000024
0.000024
0.000024
0.000024
0.000024
0.000024
0.000024
0.000024
0.000024
0.000024
0.000024
0.000024
0.000024
0.000024
0.000024
0.000024
0.000024
0.000024
0.000024
0.000024
0.000024
0.000024
0.000024
0.000024
0.000024
0.000024
0.000024
0.000024
0.000024
0.000024
0.000024
0.000024
0.000024
0.000024
0.000024
0.000024
0.000024
0.000024
0.000024
0.000024
0.000024
0.000024
0.000024
0.000024
0.000024
0.000024
0.000024
0.000024
0.000024
0.000024
0.000024
0.000024
0.000024
0.000024
0.000024
0.000024
0.000024
0.000024
0.000024
0.000024
0.000024
0.000024
0.000024
0.000024
0.000024
0.000024
0.000024
0.000024
0.000024
0.000024
0.000024
0.000024
0.000024
0.000024
0.000024
0.000024
0.000024
0.000024
0.000024
0.000024
0.000024
0.000024
0.000024
0.000024
0.000024
0.000024
0.000024
0.000024
0.000024
0.000024
0.000024
0.000024
0.000024
0.000024
0.000024
0.000024
0.000024
0.000024
0.000024
0.000024
0.000024
0.000024
0.000024
0.000024
0.000024
0.000024
0.000024
0.000024
0.000024
0.000024
0.000024
0.000024
0.000024
0.000024
0.000024
0.000024
0.000024
0.000024
0.000024
0.000024
0.000024
0.000024
0.000024
0.000024
0.000024
0.000024
0.000024
0.000024
0.000024
0.000024
0.000024
0.000024
0.000024
0.000024
0.000024
0.000024
0.000024
0.000024
0.000024
0.000024
0.000024
0.000024
0.000024
0.000024
0.000024
0.000024
0.000024
0.000024
0.000024
0.000024
0.000024
0.000024
0.000024
0.000024
0.000024
0.000024
0.000024
0.000024
0.000024
0.000024
0.000024
0.000024
0.000024
0.000024
0.000024
0.000024
0.000024
0.000024
0.000024
0.000024
0.000024
0.000024
0.000024
0.000024
0.000024
0.000024
0.000024
0.000024
0.000024
0.000023
0.000023
0.000023
0.000023
0.000023
0.000023
0.000023
0.000023
0.000023
0.000023
0.000023
0.000023
0.000023
0.000023
0.000023
0.000023
0.000023
0.000023
0.000023
0.000023
0.000023
0.000023
0.000023
0.000023
0.000023
0.000023
0.000023
0.000023
0.000023
0.000023
0.000023
0.000023
0.000023
0.000023
0.000023
0.000023
0.000023
0.000023
0.000023
0.000023
0.000023
0.000023
0.000023
0.000023
0.000023
0.000023
0.000023
0.000023
0.000023
0.000023
0.000023
0.000023
0.000023
0.000023
0.000023
0.000023
0.000023
0.000023
0.000023
0.000023
0.000023
0.000023
0.000023
0.000023
0.000023
0.000023
0.000023
0.000023
0.000023
0.000023
0.000023
0.000023
0.000023
0.000023
0.000023
0.000023
0.000023
0.000023
0.000023
0.000023
0.000023
0.000023
0.000023
0.000023
0.000023
0.000023
0.000023
0.000023
0.000023
0.000023
0.000023
0.000023
0.000023
0.000023
0.000023
0.000023
0.000023
0.000023
0.000023
0.000023
0.000023
0.000023
0.000023
0.000023
0.000023
0.000023
0.000023
0.000023
0.000023
0.000023
0.000023
0.000023
0.000023
0.000023
0.000023
0.000023
0.000023
0.000023
0.000023
0.000023
0.000023
0.000023
0.000023
0.000023
0.000023
0.000023
0.000023
0.000023
0.000023
0.000023
0.000023
0.000023
0.000023
0.000023
0.000023
0.000023
0.000023
0.000023
0.000023
0.000023
0.000023
0.000023
0.000023
0.000023
0.000023
0.000023
0.000023
0.000023
0.000023
0.000023
0.000023
0.000023
0.000023
0.000023
0.000023
0.000023
0.000023
0.000023
0.000023
0.000023
0.000023
0.000023
0.000023
0.000023
0.000023
0.000023
0.000023
0.000023
0.000023
0.000023
0.000023
0.000023
0.000023
0.000023
0.000023
0.000023
0.000023
0.000023
0.000023
0.000023
0.000023
0.000023
0.000023
0.000023
0.000023
0.000023
0.000023
0.000023
0.000023
0.000023
0.000023
0.000023
0.000023
0.000023
0.000023
0.000023
0.000023
0.000023
0.000023
0.000023
0.000023
0.000023
0.000023
0.000023
0.000023
0.000023
0.000023
0.000023
0.000023
0.000023
0.000023
0.000023
0.000023
0.000023
0.000023
0.000023
0.000023
0.000023
0.000023
0.000023
0.000023
0.000023
0.000023
0.000023
0.000023
0.000023
0.000023
0.000023
0.000023
0.000023
0.000023
0.000023
0.000023
0.000023
0.000023
0.000023
0.000023
0.000023
0.000023
0.000023
0.000023
0.000023
0.000023
0.000023
0.000023
0.000023
0.000023
0.000023
0.000023
0.000023
0.000023
0.000022
0.000022
0.000022
0.000022
0.000022
0.000022
0.000022
0.000022
0.000022
0.000022
0.000022
0.000022
0.000022
0.000022
0.000022
0.000022
0.000022
0.000022
0.000022
0.000022
0.000022
0.000022
0.000022
0.000022
0.000022
0.000022
0.000022
0.000022
0.000022
0.000022
0.000022
0.000022
0.000022
0.000022
0.000022
0.000022
0.000022
0.000022
0.000022
0.000022
0.000022
0.000022
0.000022
0.000022
0.000022
0.000022
0.000022
0.000022
0.000022
0.000022
0.000022
0.000022
0.000022
0.000022
0.000022
0.000022
0.000022
0.000022
0.000022
0.000022
0.000022
0.000022
0.000022
0.000022
0.000022
0.000022
0.000022
0.000022
0.000022
0.000022
0.000022
0.000022
0.000022
0.000022
0.000022
0.000022
0.000022
0.000022
0.000022
0.000022
0.000022
0.000022
0.000022
0.000022
0.000022
0.000022
0.000022
0.000022
0.000022
0.000022
0.000022
0.000022
0.000022
0.000022
0.000022
0.000022
0.000022
0.000022
0.000022
0.000022
0.000022
0.000022
0.000022
0.000022
0.000022
0.000022
0.000022
0.000022
0.000022
0.000022
0.000022
0.000022
0.000022
0.000022
0.000022
0.000022
0.000022
0.000022
0.000022
0.000022
0.000022
0.000022
0.000022
0.000022
0.000022
0.000022
0.000022
0.000022
0.000022
0.000022
0.000022
0.000022
0.000022
0.000022
0.000022
0.000022
0.000022
0.000022
0.000022
0.000022
0.000022
0.000022
0.000022
0.000022
0.000022
0.000022
0.000022
0.000022
0.000022
0.000022
0.000022
0.000022
0.000022
0.000022
0.000022
0.000022
0.000022
0.000022
0.000022
0.000022
0.000022
0.000022
0.000022
0.000022
0.000022
0.000022
0.000022
0.000022
0.000022
0.000022
0.000022
0.000022
0.000022
0.000022
0.000022
0.000022
0.000022
0.000022
0.000022
0.000022
0.000022
0.000022
0.000022
0.000022
0.000022
0.000022
0.000022
0.000022
0.000022
0.000022
0.000022
0.000022
0.000022
0.000022
0.000022
0.000022
0.000022
0.000022
0.000022
0.000022
0.000022
0.000022
0.000022
0.000022
0.000022
0.000022
0.000022
0.000022
0.000022
0.000022
0.000022
0.000022
0.000022
0.000022
0.000022
0.000022
0.000022
0.000022
0.000022
0.000022
0.000022
0.000022
0.000022
0.000022
0.000022
0.000022
0.000022
0.000022
0.000022
0.000022
0.000022
0.000022
0.000022
0.000022
0.000022
0.000022
0.000022
0.000022
0.000022
0.000022
0.000022
0.000022
0.000022
0.000022
0.000022
0.000022
0.000022
0.000022
0.000022
0.000022
0.000022
0.000022
0.000022
0.000022
0.000022
0.000022
0.000022
0.000022
0.000022
0.000022
0.000022
0.000022
0.000022
0.000022
0.000022
0.000022
0.000022
0.000022
0.000022
0.000022
0.000022
0.000022
0.000022
0.000022
0.000021
0.000021
0.000021
0.000021
0.000021
0.000021
0.000021
0.000021
0.000021
0.000021
0.000021
0.000021
0.000021
0.000021
0.000021
0.000021
0.000021
0.000021
0.000021
0.000021
0.000021
0.000021
0.000021
0.000021
0.000021
0.000021
0.000021
0.000021
0.000021
0.000021
0.000021
0.000021
0.000021
0.000021
0.000021
0.000021
0.000021
0.000021
0.000021
0.000021
0.000021
0.000021
0.000021
0.000021
0.000021
0.000021
0.000021
0.000021
0.000021
0.000021
0.000021
0.000021
0.000021
0.000021
0.000021
0.000021
0.000021
0.000021
0.000021
0.000021
0.000021
0.000021
0.000021
0.000021
0.000021
0.000021
0.000021
0.000021
0.000021
0.000021
0.000021
0.000021
0.000021
0.000021
0.000021
0.000021
0.000021
0.000021
0.000021
0.000021
0.000021
0.000021
0.000021
0.000021
0.000021
0.000021
0.000021
0.000021
0.000021
0.000021
0.000021
0.000021
0.000021
0.000021
0.000021
0.000021
0.000021
0.000021
0.000021
0.000021
0.000021
0.000021
0.000021
0.000021
0.000021
0.000021
0.000021
0.000021
0.000021
0.000021
0.000021
0.000021
0.000021
0.000021
0.000021
0.000021
0.000021
0.000021
0.000021
0.000021
0.000021
0.000021
0.000021
0.000021
0.000021
0.000021
0.000021
0.000021
0.000021
0.000021
0.000021
0.000021
0.000021
0.000021
0.000021
0.000021
0.000021
0.000021
0.000021
0.000021
0.000021
0.000021
0.000021
0.000021
0.000021
0.000021
0.000021
0.000021
0.000021
0.000021
0.000021
0.000021
0.000021
0.000021
0.000021
0.000021
0.000021
0.000021
0.000021
0.000021
0.000021
0.000021
0.000021
0.000021
0.000021
0.000021
0.000021
0.000021
0.000021
0.000021
0.000021
0.000021
0.000021
0.000021
0.000021
0.000021
0.000021
0.000021
0.000021
0.000021
0.000021
0.000021
0.000021
0.000021
0.000021
0.000021
0.000021
0.000021
0.000021
0.000021
0.000021
0.000021
0.000021
0.000021
0.000021
0.000021
0.000021
0.000021
0.000021
0.000021
0.000021
0.000021
0.000021
0.000021
0.000021
0.000021
0.000021
0.000021
0.000021
0.000021
0.000021
0.000021
0.000021
0.000021
0.000021
0.000021
0.000021
0.000021
0.000021
0.000021
0.000021
0.000021
0.000021
0.000021
0.000021
0.000021
0.000021
0.000021
0.000021
0.000021
0.000021
0.000021
0.000021
0.000021
0.000021
0.000021
0.000021
0.000021
0.000021
0.000021
0.000021
0.000021
0.000021
0.000021
0.000021
0.000021
0.000021
0.000021
0.000021
0.000021
0.000021
0.000021
0.000021
0.000021
0.000021
0.000021
0.000021
0.000021
0.000021
0.000021
0.000021
0.000021
0.000021
0.000021
0.000021
0.000021
0.000021
0.000021
0.000021
0.000021
0.000021
0.000021
0.000021
0.000021
0.000021
0.000021
0.000021
0.000021
0.000021
0.000021
0.000021
0.000021
0.000021
0.000021
0.000021
0.000021
0.000021
0.000021
0.000021
0.000021
0.000021
0.000021
0.000021
0.000021
0.000021
0.000021
0.000021
0.000021
0.000021
0.000021
0.000021
0.000020
0.000020
0.000020
0.000020
0.000020
0.000020
0.000020
0.000020
0.000020
0.000020
0.000020
0.000020
0.000020
0.000020
0.000020
0.000020
0.000020
0.000020
0.000020
0.000020
0.000020
0.000020
0.000020
0.000020
0.000020
0.000020
0.000020
0.000020
0.000020
0.000020
0.000020
0.000020
0.000020
0.000020
0.000020
0.000020
0.000020
0.000020
0.000020
0.000020
0.000020
0.000020
0.000020
0.000020
0.000020
0.000020
0.000020
0.000020
0.000020
0.000020
0.000020
0.000020
0.000020
0.000020
0.000020
0.000020
0.000020
0.000020
0.000020
0.000020
0.000020
0.000020
0.000020
0.000020
0.000020
0.000020
0.000020
0.000020
0.000020
0.000020
0.000020
0.000020
0.000020
0.000020
0.000020
0.000020
0.000020
0.000020
0.000020
0.000020
0.000020
0.000020
0.000020
0.000020
0.000020
0.000020
0.000020
0.000020
0.000020
0.000020
0.000020
0.000020
0.000020
0.000020
0.000020
0.000020
0.000020
0.000020
0.000020
0.000020
0.000020
0.000020
0.000020
0.000020
0.000020
0.000020
0.000020
0.000020
0.000020
0.000020
0.000020
0.000020
0.000020
0.000020
0.000020
0.000020
0.000020
0.000020
0.000020
0.000020
0.000020
0.000020
0.000020
0.000020
0.000020
0.000020
0.000020
0.000020
0.000020
0.000020
0.000020
0.000020
0.000020
0.000020
0.000020
0.000020
0.000020
0.000020
0.000020
0.000020
0.000020
0.000020
0.000020
0.000020
0.000020
0.000020
0.000020
0.000020
0.000020
0.000020
0.000020
0.000020
0.000020
0.000020
0.000020
0.000020
0.000020
0.000020
0.000020
0.000020
0.000020
0.000020
0.000020
0.000020
0.000020
0.000020
0.000020
0.000020
0.000020
0.000020
0.000020
0.000020
0.000020
0.000020
0.000020
0.000020
0.000020
0.000020
0.000020
0.000020
0.000020
0.000020
0.000020
0.000020
0.000020
0.000020
0.000020
0.000020
0.000020
0.000020
0.000020
0.000020
0.000020
0.000020
0.000020
0.000020
0.000020
0.000020
0.000020
0.000020
0.000020
0.000020
0.000020
0.000020
0.000020
0.000020
0.000020
0.000020
0.000020
0.000020
0.000020
0.000020
0.000020
0.000020
0.000020
0.000020
0.000020
0.000020
0.000020
0.000020
0.000020
0.000020
0.000020
0.000020
0.000020
0.000020
0.000020
0.000020
0.000020
0.000020
0.000020
0.000020
0.000020
0.000020
0.000020
0.000020
0.000020
0.000020
0.000020
0.000020
0.000020
0.000020
0.000020
0.000020
0.000020
0.000020
0.000020
0.000020
0.000020
0.000020
0.000020
0.000020
0.000020
0.000020
0.000020
0.000020
0.000020
0.000020
0.000020
0.000020
0.000020
0.000020
0.000020
0.000020
0.000020
0.000020
0.000020
0.000020
0.000020
0.000020
0.000020
0.000020
0.000020
0.000020
0.000020
0.000020
0.000020
0.000020
0.000020
0.000020
0.000020
0.000020
0.000020
0.000020
0.000020
0.000020
0.000020
0.000020
0.000020
0.000020
0.000020
0.000020
0.000020
0.000020
0.000020
0.000020
0.000020
0.000020
0.000020
0.000020
0.000020
0.000020
0.000020
0.000020
0.000020
0.000020
0.000020
0.000020
0.000020
0.000020
0.000020
0.000020
0.000020
0.000020
0.000020
0.000020
0.000020
0.000020
0.000020
0.000020
0.000020
0.000020
0.000020
0.000020
0.000020
0.000020
0.000020
0.000020
0.000020
0.000020
0.000020
0.000019
0.000019
0.000019
0.000019
0.000019
0.000019
0.000019
0.000019
0.000019
0.000019
0.000019
0.000019
0.000019
0.000019
0.000019
0.000019
0.000019
0.000019
0.000019
0.000019
0.000019
0.000019
0.000019
0.000019
0.000019
0.000019
0.000019
0.000019
0.000019
0.000019
0.000019
0.000019
0.000019
0.000019
0.000019
0.000019
0.000019
0.000019
0.000019
0.000019
0.000019
0.000019
0.000019
0.000019
0.000019
0.000019
0.000019
0.000019
0.000019
0.000019
0.000019
0.000019
0.000019
0.000019
0.000019
0.000019
0.000019
0.000019
0.000019
0.000019
0.000019
0.000019
0.000019
0.000019
0.000019
0.000019
0.000019
0.000019
0.000019
0.000019
0.000019
0.000019
0.000019
0.000019
0.000019
0.000019
0.000019
0.000019
0.000019
0.000019
0.000019
0.000019
0.000019
0.000019
0.000019
0.000019
0.000019
0.000019
0.000019
0.000019
0.000019
0.000019
0.000019
0.000019
0.000019
0.000019
0.000019
0.000019
0.000019
0.000019
0.000019
0.000019
0.000019
0.000019
0.000019
0.000019
0.000019
0.000019
0.000019
0.000019
0.000019
0.000019
0.000019
0.000019
0.000019
0.000019
0.000019
0.000019
0.000019
0.000019
0.000019
0.000019
0.000019
0.000019
0.000019
0.000019
0.000019
0.000019
0.000019
0.000019
0.000019
0.000019
0.000019
0.000019
0.000019
0.000019
0.000019
0.000019
0.000019
0.000019
0.000019
0.000019
0.000019
0.000019
0.000019
0.000019
0.000019
0.000019
0.000019
0.000019
0.000019
0.000019
0.000019
0.000019
0.000019
0.000019
0.000019
0.000019
0.000019
0.000019
0.000019
0.000019
0.000019
0.000019
0.000019
0.000019
0.000019
0.000019
0.000019
0.000019
0.000019
0.000019
0.000019
0.000019
0.000019
0.000019
0.000019
0.000019
0.000019
0.000019
0.000019
0.000019
0.000019
0.000019
0.000019
0.000019
0.000019
0.000019
0.000019
0.000019
0.000019
0.000019
0.000019
0.000019
0.000019
0.000019
0.000019
0.000019
0.000019
0.000019
0.000019
0.000019
0.000019
0.000019
0.000019
0.000019
0.000019
0.000019
0.000019
0.000019
0.000019
0.000019
0.000019
0.000019
0.000019
0.000019
0.000019
0.000019
0.000019
0.000019
0.000019
0.000019
0.000019
0.000019
0.000019
0.000019
0.000019
0.000019
0.000019
0.000019
0.000019
0.000019
0.000019
0.000019
0.000019
0.000019
0.000019
0.000019
0.000019
0.000019
0.000019
0.000019
0.000019
0.000019
0.000019
0.000019
0.000019
0.000019
0.000019
0.000019
0.000019
0.000019
0.000019
0.000019
0.000019
0.000019
0.000019
0.000019
0.000019
0.000019
0.000019
0.000019
0.000019
0.000019
0.000019
0.000019
0.000019
0.000019
0.000019
0.000019
0.000019
0.000019
0.000019
0.000019
0.000019
0.000019
0.000019
0.000019
0.000019
0.000019
0.000019
0.000019
0.000019
0.000019
0.000019
0.000019
0.000019
0.000019
0.000019
0.000019
0.000019
0.000019
0.000019
0.000019
0.000019
0.000019
0.000019
0.000019
0.000019
0.000019
0.000019
0.000019
0.000019
0.000019
0.000019
0.000019
0.000019
0.000019
0.000019
0.000019
0.000019
0.000019
0.000019
0.000019
0.000019
0.000019
0.000019
0.000019
0.000019
0.000019
0.000019
0.000019
0.000019
0.000019
0.000019
0.000019
0.000019
0.000019
0.000019
0.000019
0.000019
0.000019
0.000019
0.000019
0.000019
0.000019
0.000019
0.000019
0.000019
0.000019
0.000019
0.000019
0.000019
0.000019
0.000019
0.000019
0.000019
0.000019
0.000019
0.000019
0.000019
0.000019
0.000019
0.000019
0.000019
0.000019
0.000019
0.000019
0.000019
0.000019
0.000019
0.000019
0.000019
0.000019
0.000019
0.000019
0.000019
0.000018
0.000018
0.000018
0.000018
0.000018
0.000018
0.000018
0.000018
0.000018
0.000018
0.000018
0.000018
0.000018
0.000018
0.000018
0.000018
0.000018
0.000018
0.000018
0.000018
0.000018
0.000018
0.000018
0.000018
0.000018
0.000018
0.000018
0.000018
0.000018
0.000018
0.000018
0.000018
0.000018
0.000018
0.000018
0.000018
0.000018
0.000018
0.000018
0.000018
0.000018
0.000018
0.000018
0.000018
0.000018
0.000018
0.000018
0.000018
0.000018
0.000018
0.000018
0.000018
0.000018
0.000018
0.000018
0.000018
0.000018
0.000018
0.000018
0.000018
0.000018
0.000018
0.000018
0.000018
0.000018
0.000018
0.000018
0.000018
0.000018
0.000018
0.000018
0.000018
0.000018
0.000018
0.000018
0.000018
0.000018
0.000018
0.000018
0.000018
0.000018
0.000018
0.000018
0.000018
0.000018
0.000018
0.000018
0.000018
0.000018
0.000018
0.000018
0.000018
0.000018
0.000018
0.000018
0.000018
0.000018
0.000018
0.000018
0.000018
0.000018
0.000018
0.000018
0.000018
0.000018
0.000018
0.000018
0.000018
0.000018
0.000018
0.000018
0.000018
0.000018
0.000018
0.000018
0.000018
0.000018
0.000018
0.000018
0.000018
0.000018
0.000018
0.000018
0.000018
0.000018
0.000018
0.000018
0.000018
0.000018
0.000018
0.000018
0.000018
0.000018
0.000018
0.000018
0.000018
0.000018
0.000018
0.000018
0.000018
0.000018
0.000018
0.000018
0.000018
0.000018
0.000018
0.000018
0.000018
0.000018
0.000018
0.000018
0.000018
0.000018
0.000018
0.000018
0.000018
0.000018
0.000018
0.000018
0.000018
0.000018
0.000018
0.000018
0.000018
0.000018
0.000018
0.000018
0.000018
0.000018
0.000018
0.000018
0.000018
0.000018
0.000018
0.000018
0.000018
0.000018
0.000018
0.000018
0.000018
0.000018
0.000018
0.000018
0.000018
0.000018
0.000018
0.000018
0.000018
0.000018
0.000018
0.000018
0.000018
0.000018
0.000018
0.000018
0.000018
0.000018
0.000018
0.000018
0.000018
0.000018
0.000018
0.000018
0.000018
0.000018
0.000018
0.000018
0.000018
0.000018
0.000018
0.000018
0.000018
0.000018
0.000018
0.000018
0.000018
0.000018
0.000018
0.000018
0.000018
0.000018
0.000018
0.000018
0.000018
0.000018
0.000018
0.000018
0.000018
0.000018
0.000018
0.000018
0.000018
0.000018
0.000018
0.000018
0.000018
0.000018
0.000018
0.000018
0.000018
0.000018
0.000018
0.000018
0.000018
0.000018
0.000018
0.000018
0.000018
0.000018
0.000018
0.000018
0.000018
0.000018
0.000018
0.000018
0.000018
0.000018
0.000018
0.000018
0.000018
0.000018
0.000018
0.000018
0.000018
0.000018
0.000018
0.000018
0.000018
0.000018
0.000018
0.000018
0.000018
0.000018
0.000018
0.000018
0.000018
0.000018
0.000018
0.000018
0.000018
0.000018
0.000018
0.000018
0.000018
0.000018
0.000018
0.000018
0.000018
0.000018
0.000018
0.000018
0.000018
0.000018
0.000018
0.000018
0.000018
0.000018
0.000018
0.000018
0.000018
0.000018
0.000018
0.000018
0.000018
0.000018
0.000018
0.000018
0.000018
0.000018
0.000018
0.000018
0.000018
0.000018
0.000018
0.000018
0.000018
0.000018
0.000018
0.000018
0.000018
0.000018
0.000018
0.000018
0.000018
0.000018
0.000018
0.000018
0.000018
0.000018
0.000018
0.000018
0.000018
0.000018
0.000018
0.000018
0.000018
0.000018
0.000018
0.000018
0.000018
0.000018
0.000018
0.000018
0.000018
0.000018
0.000018
0.000018
0.000018
0.000018
0.000018
0.000018
0.000018
0.000018
0.000018
0.000018
0.000018
0.000018
0.000018
0.000018
0.000018
0.000018
0.000018
0.000018
0.000018
0.000018
0.000018
0.000018
0.000018
0.000018
0.000018
0.000018
0.000018
0.000018
0.000018
0.000018
0.000018
0.000018
0.000018
0.000018
0.000018
0.000018
0.000018
0.000018
0.000018
0.000018
0.000018
0.000018
0.000018
0.000018
0.000018
0.000018
0.000018
0.000018
0.000018
0.000018
0.000018
0.000018
0.000018
0.000018
0.000018
0.000018
0.000018
0.000018
0.000018
0.000018
0.000018
0.000018
0.000018
0.000017
0.000017
0.000017
0.000017
0.000017
0.000017
0.000017
0.000017
0.000017
0.000017
0.000017
0.000017
0.000017
0.000017
0.000017
0.000017
0.000017
0.000017
0.000017
0.000017
0.000017
0.000017
0.000017
0.000017
0.000017
0.000017
0.000017
0.000017
0.000017
0.000017
0.000017
0.000017
0.000017
0.000017
0.000017
0.000017
0.000017
0.000017
0.000017
0.000017
0.000017
0.000017
0.000017
0.000017
0.000017
0.000017
0.000017
0.000017
0.000017
0.000017
0.000017
0.000017
0.000017
0.000017
0.000017
0.000017
0.000017
0.000017
0.000017
0.000017
0.000017
0.000017
0.000017
0.000017
0.000017
0.000017
0.000017
0.000017
0.000017
0.000017
0.000017
0.000017
0.000017
0.000017
0.000017
0.000017
0.000017
0.000017
0.000017
0.000017
0.000017
0.000017
0.000017
0.000017
0.000017
0.000017
0.000017
0.000017
0.000017
0.000017
0.000017
0.000017
0.000017
0.000017
0.000017
0.000017
0.000017
0.000017
0.000017
0.000017
0.000017
0.000017
0.000017
0.000017
0.000017
0.000017
0.000017
0.000017
0.000017
0.000017
0.000017
0.000017
0.000017
0.000017
0.000017
0.000017
0.000017
0.000017
0.000017
0.000017
0.000017
0.000017
0.000017
0.000017
0.000017
0.000017
0.000017
0.000017
0.000017
0.000017
0.000017
0.000017
0.000017
0.000017
0.000017
0.000017
0.000017
0.000017
0.000017
0.000017
0.000017
0.000017
0.000017
0.000017
0.000017
0.000017
0.000017
0.000017
0.000017
0.000017
0.000017
0.000017
0.000017
0.000017
0.000017
0.000017
0.000017
0.000017
0.000017
0.000017
0.000017
0.000017
0.000017
0.000017
0.000017
0.000017
0.000017
0.000017
0.000017
0.000017
0.000017
0.000017
0.000017
0.000017
0.000017
0.000017
0.000017
0.000017
0.000017
0.000017
0.000017
0.000017
0.000017
0.000017
0.000017
0.000017
0.000017
0.000017
0.000017
0.000017
0.000017
0.000017
0.000017
0.000017
0.000017
0.000017
0.000017
0.000017
0.000017
0.000017
0.000017
0.000017
0.000017
0.000017
0.000017
0.000017
0.000017
0.000017
0.000017
0.000017
0.000017
0.000017
0.000017
0.000017
0.000017
0.000017
0.000017
0.000017
0.000017
0.000017
0.000017
0.000017
0.000017
0.000017
0.000017
0.000017
0.000017
0.000017
0.000017
0.000017
0.000017
0.000017
0.000017
0.000017
0.000017
0.000017
0.000017
0.000017
0.000017
0.000017
0.000017
0.000017
0.000017
0.000017
0.000017
0.000017
0.000017
0.000017
0.000017
0.000017
0.000017
0.000017
0.000017
0.000017
0.000017
0.000017
0.000017
0.000017
0.000017
0.000017
0.000017
0.000017
0.000017
0.000017
0.000017
0.000017
0.000017
0.000017
0.000017
0.000017
0.000017
0.000017
0.000017
0.000017
0.000017
0.000017
0.000017
0.000017
0.000017
0.000017
0.000017
0.000017
0.000017
0.000017
0.000017
0.000017
0.000017
0.000017
0.000017
0.000017
0.000017
0.000017
0.000017
0.000017
0.000017
0.000017
0.000017
0.000017
0.000017
0.000017
0.000017
0.000017
0.000017
0.000017
0.000017
0.000017
0.000017
0.000017
0.000017
0.000017
0.000017
0.000017
0.000017
0.000017
0.000017
0.000017
0.000017
0.000017
0.000017
0.000017
0.000017
0.000017
0.000017
0.000017
0.000017
0.000017
0.000017
0.000017
0.000017
0.000017
0.000017
0.000017
0.000017
0.000017
0.000017
0.000017
0.000017
0.000017
0.000017
0.000017
0.000017
0.000017
0.000017
0.000017
0.000017
0.000017
0.000017
0.000017
0.000017
0.000017
0.000017
0.000017
0.000017
0.000017
0.000017
0.000017
0.000017
0.000017
0.000017
0.000017
0.000017
0.000017
0.000017
0.000017
0.000017
0.000017
0.000017
0.000017
0.000017
0.000017
0.000017
0.000017
0.000017
0.000017
0.000017
0.000017
0.000017
0.000017
0.000017
0.000017
0.000017
0.000017
0.000017
0.000017
0.000017
0.000017
0.000017
0.000017
0.000017
0.000017
0.000017
0.000017
0.000017
0.000017
0.000017
0.000017
0.000017
0.000017
0.000017
0.000017
0.000017
0.000017
0.000017
0.000017
0.000017
0.000017
0.000017
0.000017
0.000017
0.000017
0.000017
0.000017
0.000017
0.000017
0.000017
0.000017
0.000017
0.000017
0.000017
0.000017
0.000017
0.000017
0.000017
0.000017
0.000017
0.000017
0.000017
0.000017
0.000017
0.000017
0.000017
0.000017
0.000017
0.000017
0.000017
0.000017
0.000017
0.000017
0.000017
0.000017
0.000017
0.000017
0.000017
0.000017
0.000017
0.000017
0.000017
0.000017
0.000017
0.000017
0.000017
0.000017
0.000017
0.000017
0.000017
0.000017
0.000017
0.000016
0.000016
0.000016
0.000016
0.000016
0.000016
0.000016
0.000016
0.000016
0.000016
0.000016
0.000016
0.000016
0.000016
0.000016
0.000016
0.000016
0.000016
0.000016
0.000016
0.000016
0.000016
0.000016
0.000016
0.000016
0.000016
0.000016
0.000016
0.000016
0.000016
0.000016
0.000016
0.000016
0.000016
0.000016
0.000016
0.000016
0.000016
0.000016
0.000016
0.000016
0.000016
0.000016
0.000016
0.000016
0.000016
0.000016
0.000016
0.000016
0.000016
0.000016
0.000016
0.000016
0.000016
0.000016
0.000016
0.000016
0.000016
0.000016
0.000016
0.000016
0.000016
0.000016
0.000016
0.000016
0.000016
0.000016
0.000016
0.000016
0.000016
0.000016
0.000016
0.000016
0.000016
0.000016
0.000016
0.000016
0.000016
0.000016
0.000016
0.000016
0.000016
0.000016
0.000016
0.000016
0.000016
0.000016
0.000016
0.000016
0.000016
0.000016
0.000016
0.000016
0.000016
0.000016
0.000016
0.000016
0.000016
0.000016
0.000016
0.000016
0.000016
0.000016
0.000016
0.000016
0.000016
0.000016
0.000016
0.000016
0.000016
0.000016
0.000016
0.000016
0.000016
0.000016
0.000016
0.000016
0.000016
0.000016
0.000016
0.000016
0.000016
0.000016
0.000016
0.000016
0.000016
0.000016
0.000016
0.000016
0.000016
0.000016
0.000016
0.000016
0.000016
0.000016
0.000016
0.000016
0.000016
0.000016
0.000016
0.000016
0.000016
0.000016
0.000016
0.000016
0.000016
0.000016
0.000016
0.000016
0.000016
0.000016
0.000016
0.000016
0.000016
0.000016
0.000016
0.000016
0.000016
0.000016
0.000016
0.000016
0.000016
0.000016
0.000016
0.000016
0.000016
0.000016
0.000016
0.000016
0.000016
0.000016
0.000016
0.000016
0.000016
0.000016
0.000016
0.000016
0.000016
0.000016
0.000016
0.000016
0.000016
0.000016
0.000016
0.000016
0.000016
0.000016
0.000016
0.000016
0.000016
0.000016
0.000016
0.000016
0.000016
0.000016
0.000016
0.000016
0.000016
0.000016
0.000016
0.000016
0.000016
0.000016
0.000016
0.000016
0.000016
0.000016
0.000016
0.000016
0.000016
0.000016
0.000016
0.000016
0.000016
0.000016
0.000016
0.000016
0.000016
0.000016
0.000016
0.000016
0.000016
0.000016
0.000016
0.000016
0.000016
0.000016
0.000016
0.000016
0.000016
0.000016
0.000016
0.000016
0.000016
0.000016
0.000016
0.000016
0.000016
0.000016
0.000016
0.000016
0.000016
0.000016
0.000016
0.000016
0.000016
0.000016
0.000016
0.000016
0.000016
0.000016
0.000016
0.000016
0.000016
0.000016
0.000016
0.000016
0.000016
0.000016
0.000016
0.000016
0.000016
0.000016
0.000016
0.000016
0.000016
0.000016
0.000016
0.000016
0.000016
0.000016
0.000016
0.000016
0.000016
0.000016
0.000016
0.000016
0.000016
0.000016
0.000016
0.000016
0.000016
0.000016
0.000016
0.000016
0.000016
0.000016
0.000016
0.000016
0.000016
0.000016
0.000016
0.000016
0.000016
0.000016
0.000016
0.000016
0.000016
0.000016
0.000016
0.000016
0.000016
0.000016
0.000016
0.000016
0.000016
0.000016
0.000016
0.000016
0.000016
0.000016
0.000016
0.000016
0.000016
0.000016
0.000016
0.000016
0.000016
0.000016
0.000016
0.000016
0.000016
0.000016
0.000016
0.000016
0.000016
0.000016
0.000016
0.000016
0.000016
0.000016
0.000016
0.000016
0.000016
0.000016
0.000016
0.000016
0.000016
0.000016
0.000016
0.000016
0.000016
0.000016
0.000016
0.000016
0.000016
0.000016
0.000016
0.000016
0.000016
0.000016
0.000016
0.000016
0.000016
0.000016
0.000016
0.000016
0.000016
0.000016
0.000016
0.000016
0.000016
0.000016
0.000016
0.000016
0.000016
0.000016
0.000016
0.000016
0.000016
0.000016
0.000016
0.000016
0.000016
0.000016
0.000016
0.000016
0.000016
0.000016
0.000016
0.000016
0.000016
0.000016
0.000016
0.000016
0.000016
0.000016
0.000016
0.000016
0.000016
0.000016
0.000016
0.000016
0.000016
0.000016
0.000016
0.000016
0.000016
0.000016
0.000016
0.000016
0.000016
0.000016
0.000016
0.000016
0.000016
0.000016
0.000016
0.000016
0.000016
0.000016
0.000016
0.000016
0.000016
0.000016
0.000016
0.000016
0.000016
0.000016
0.000016
0.000016
0.000016
0.000016
0.000016
0.000016
0.000016
0.000016
0.000016
0.000016
0.000016
0.000016
0.000016
0.000016
0.000016
0.000016
0.000016
0.000016
0.000016
0.000016
0.000016
0.000016
0.000016
0.000016
0.000016
0.000016
0.000016
0.000016
0.000016
0.000016
0.000016
0.000016
0.000016
0.000016
0.000016
0.000016
0.000016
0.000016
0.000016
0.000016
0.000016
0.000016
0.000016
0.000016
0.000016
0.000016
0.000016
0.000016
0.000016
0.000016
0.000016
0.000016
0.000016
0.000016
0.000016
0.000016
0.000016
0.000016
0.000016
0.000016
0.000016
0.000016
0.000016
0.000016
0.000016
0.000016
0.000016
0.000016
0.000016
0.000016
0.000016
0.000016
0.000016
0.000016
0.000016
0.000016
0.000016
0.000016
0.000016
0.000016
0.000016
0.000016
0.000016
0.000016
0.000016
0.000016
0.000016
0.000016
0.000016
0.000016
0.000016
0.000016
0.000016
0.000016
0.000016
0.000016
0.000016
0.000015
0.000015
0.000015
0.000015
0.000015
0.000015
0.000015
0.000015
0.000015
0.000015
0.000015
0.000015
0.000015
0.000015
0.000015
0.000015
0.000015
0.000015
0.000015
0.000015
0.000015
0.000015
0.000015
0.000015
0.000015
0.000015
0.000015
0.000015
0.000015
0.000015
0.000015
0.000015
0.000015
0.000015
0.000015
0.000015
0.000015
0.000015
0.000015
0.000015
0.000015
0.000015
0.000015
0.000015
0.000015
0.000015
0.000015
0.000015
0.000015
0.000015
0.000015
0.000015
0.000015
0.000015
0.000015
0.000015
0.000015
0.000015
0.000015
0.000015
0.000015
0.000015
0.000015
0.000015
0.000015
0.000015
0.000015
0.000015
0.000015
0.000015
0.000015
0.000015
0.000015
0.000015
0.000015
0.000015
0.000015
0.000015
0.000015
0.000015
0.000015
0.000015
0.000015
0.000015
0.000015
0.000015
0.000015
0.000015
0.000015
0.000015
0.000015
0.000015
0.000015
0.000015
0.000015
0.000015
0.000015
0.000015
0.000015
0.000015
0.000015
0.000015
0.000015
0.000015
0.000015
0.000015
0.000015
0.000015
0.000015
0.000015
0.000015
0.000015
0.000015
0.000015
0.000015
0.000015
0.000015
0.000015
0.000015
0.000015
0.000015
0.000015
0.000015
0.000015
0.000015
0.000015
0.000015
0.000015
0.000015
0.000015
0.000015
0.000015
0.000015
0.000015
0.000015
0.000015
0.000015
0.000015
0.000015
0.000015
0.000015
0.000015
0.000015
0.000015
0.000015
0.000015
0.000015
0.000015
0.000015
0.000015
0.000015
0.000015
0.000015
0.000015
0.000015
0.000015
0.000015
0.000015
0.000015
0.000015
0.000015
0.000015
0.000015
0.000015
0.000015
0.000015
0.000015
0.000015
0.000015
0.000015
0.000015
0.000015
0.000015
0.000015
0.000015
0.000015
0.000015
0.000015
0.000015
0.000015
0.000015
0.000015
0.000015
0.000015
0.000015
0.000015
0.000015
0.000015
0.000015
0.000015
0.000015
0.000015
0.000015
0.000015
0.000015
0.000015
0.000015
0.000015
0.000015
0.000015
0.000015
0.000015
0.000015
0.000015
0.000015
0.000015
0.000015
0.000015
0.000015
0.000015
0.000015
0.000015
0.000015
0.000015
0.000015
0.000015
0.000015
0.000015
0.000015
0.000015
0.000015
0.000015
0.000015
0.000015
0.000015
0.000015
0.000015
0.000015
0.000015
0.000015
0.000015
0.000015
0.000015
0.000015
0.000015
0.000015
0.000015
0.000015
0.000015
0.000015
0.000015
0.000015
0.000015
0.000015
0.000015
0.000015
0.000015
0.000015
0.000015
0.000015
0.000015
0.000015
0.000015
0.000015
0.000015
0.000015
0.000015
0.000015
0.000015
0.000015
0.000015
0.000015
0.000015
0.000015
0.000015
0.000015
0.000015
0.000015
0.000015
0.000015
0.000015
0.000015
0.000015
0.000015
0.000015
0.000015
0.000015
0.000015
0.000015
0.000015
0.000015
0.000015
0.000015
0.000015
0.000015
0.000015
0.000015
0.000015
0.000015
0.000015
0.000015
0.000015
0.000015
0.000015
0.000015
0.000015
0.000015
0.000015
0.000015
0.000015
0.000015
0.000015
0.000015
0.000015
0.000015
0.000015
0.000015
0.000015
0.000015
0.000015
0.000015
0.000015
0.000015
0.000015
0.000015
0.000015
0.000015
0.000015
0.000015
0.000015
0.000015
0.000015
0.000015
0.000015
0.000015
0.000015
0.000015
0.000015
0.000015
0.000015
0.000015
0.000015
0.000015
0.000015
0.000015
0.000015
0.000015
0.000015
0.000015
0.000015
0.000015
0.000015
0.000015
0.000015
0.000015
0.000015
0.000015
0.000015
0.000015
0.000015
0.000015
0.000015
0.000015
0.000015
0.000015
0.000015
0.000015
0.000015
0.000015
0.000015
0.000015
0.000015
0.000015
0.000015
0.000015
0.000015
0.000015
0.000015
0.000015
0.000015
0.000015
0.000015
0.000015
0.000015
0.000015
0.000015
0.000015
0.000015
0.000015
0.000015
0.000015
0.000015
0.000015
0.000015
0.000015
0.000015
0.000015
0.000015
0.000015
0.000015
0.000015
0.000015
0.000015
0.000015
0.000015
0.000015
0.000015
0.000015
0.000015
0.000015
0.000015
0.000015
0.000015
0.000015
0.000015
0.000015
0.000015
0.000015
0.000015
0.000015
0.000015
0.000015
0.000015
0.000015
0.000015
0.000015
0.000015
0.000015
0.000015
0.000015
0.000015
0.000015
0.000015
0.000015
0.000015
0.000015
0.000015
0.000015
0.000015
0.000015
0.000015
0.000015
0.000015
0.000015
0.000015
0.000015
0.000015
0.000015
0.000015
0.000015
0.000015
0.000015
0.000015
0.000015
0.000015
0.000015
0.000015
0.000015
0.000015
0.000015
0.000015
0.000015
0.000015
0.000015
0.000015
0.000015
0.000015
0.000015
0.000015
0.000015
0.000015
0.000015
0.000015
0.000015
0.000015
0.000015
0.000015
0.000015
0.000015
0.000015
0.000015
0.000015
0.000015
0.000015
0.000015
0.000015
0.000015
0.000015
0.000015
0.000015
0.000015
0.000015
0.000015
0.000015
0.000015
0.000015
0.000015
0.000015
0.000015
0.000015
0.000015
0.000015
0.000015
0.000015
0.000015
0.000015
0.000015
0.000015
0.000015
0.000015
0.000015
0.000015
0.000015
0.000015
0.000015
0.000015
0.000015
0.000015
0.000015
0.000015
0.000015
0.000015
0.000015
0.000015
0.000015
0.000015
0.000015
0.000015
0.000015
0.000015
0.000015
0.000015
0.000015
0.000015
0.000015
0.000015
0.000015
0.000015
0.000015
0.000015
0.000015
0.000015
0.000015
0.000015
0.000015
0.000015
0.000015
0.000015
0.000015
0.000015
0.000015
0.000015
0.000015
0.000015
0.000015
0.000015
0.000015
0.000015
0.000015
0.000015
0.000015
0.000015
0.000015
0.000015
0.000015
0.000015
0.000015
0.000015
0.000015
0.000015
0.000015
0.000015
0.000015
0.000015
0.000015
0.000015
0.000015
0.000015
0.000015
0.000015
0.000015
0.000015
0.000015
0.000015
0.000015
0.000015
0.000015
0.000015
0.000015
0.000015
0.000015
0.000015
0.000015
0.000015
0.000015
0.000015
0.000014
0.000014
0.000014
0.000014
0.000014
0.000014
0.000014
0.000014
0.000014
0.000014
0.000014
0.000014
0.000014
0.000014
0.000014
0.000014
0.000014
0.000014
0.000014
0.000014
0.000014
0.000014
0.000014
0.000014
0.000014
0.000014
0.000014
0.000014
0.000014
0.000014
0.000014
0.000014
0.000014
0.000014
0.000014
0.000014
0.000014
0.000014
0.000014
0.000014
0.000014
0.000014
0.000014
0.000014
0.000014
0.000014
0.000014
0.000014
0.000014
0.000014
0.000014
0.000014
0.000014
0.000014
0.000014
0.000014
0.000014
0.000014
0.000014
0.000014
0.000014
0.000014
0.000014
0.000014
0.000014
0.000014
0.000014
0.000014
0.000014
0.000014
0.000014
0.000014
0.000014
0.000014
0.000014
0.000014
0.000014
0.000014
0.000014
0.000014
0.000014
0.000014
0.000014
0.000014
0.000014
0.000014
0.000014
0.000014
0.000014
0.000014
0.000014
0.000014
0.000014
0.000014
0.000014
0.000014
0.000014
0.000014
0.000014
0.000014
0.000014
0.000014
0.000014
0.000014
0.000014
0.000014
0.000014
0.000014
0.000014
0.000014
0.000014
0.000014
0.000014
0.000014
0.000014
0.000014
0.000014
0.000014
0.000014
0.000014
0.000014
0.000014
0.000014
0.000014
0.000014
0.000014
0.000014
0.000014
0.000014
0.000014
0.000014
0.000014
0.000014
0.000014
0.000014
0.000014
0.000014
0.000014
0.000014
0.000014
0.000014
0.000014
0.000014
0.000014
0.000014
0.000014
0.000014
0.000014
0.000014
0.000014
0.000014
0.000014
0.000014
0.000014
0.000014
0.000014
0.000014
0.000014
0.000014
0.000014
0.000014
0.000014
0.000014
0.000014
0.000014
0.000014
0.000014
0.000014
0.000014
0.000014
0.000014
0.000014
0.000014
0.000014
0.000014
0.000014
0.000014
0.000014
0.000014
0.000014
0.000014
0.000014
0.000014
0.000014
0.000014
0.000014
0.000014
0.000014
0.000014
0.000014
0.000014
0.000014
0.000014
0.000014
0.000014
0.000014
0.000014
0.000014
0.000014
0.000014
0.000014
0.000014
0.000014
0.000014
0.000014
0.000014
0.000014
0.000014
0.000014
0.000014
0.000014
0.000014
0.000014
0.000014
0.000014
0.000014
0.000014
0.000014
0.000014
0.000014
0.000014
0.000014
0.000014
0.000014
0.000014
0.000014
0.000014
0.000014
0.000014
0.000014
0.000014
0.000014
0.000014
0.000014
0.000014
0.000014
0.000014
0.000014
0.000014
0.000014
0.000014
0.000014
0.000014
0.000014
0.000014
0.000014
0.000014
0.000014
0.000014
0.000014
0.000014
0.000014
0.000014
0.000014
0.000014
0.000014
0.000014
0.000014
0.000014
0.000014
0.000014
0.000014
0.000014
0.000014
0.000014
0.000014
0.000014
0.000014
0.000014
0.000014
0.000014
0.000014
0.000014
0.000014
0.000014
0.000014
0.000014
0.000014
0.000014
0.000014
0.000014
0.000014
0.000014
0.000014
0.000014
0.000014
0.000014
0.000014
0.000014
0.000014
0.000014
0.000014
0.000014
0.000014
0.000014
0.000014
0.000014
0.000014
0.000014
0.000014
0.000014
0.000014
0.000014
0.000014
0.000014
0.000014
0.000014
0.000014
0.000014
0.000014
0.000014
0.000014
0.000014
0.000014
0.000014
0.000014
0.000014
0.000014
0.000014
0.000014
0.000014
0.000014
0.000014
0.000014
0.000014
0.000014
0.000014
0.000014
0.000014
0.000014
0.000014
0.000014
0.000014
0.000014
0.000014
0.000014
0.000014
0.000014
0.000014
0.000014
0.000014
0.000014
0.000014
0.000014
0.000014
0.000014
0.000014
0.000014
0.000014
0.000014
0.000014
0.000014
0.000014
0.000014
0.000014
0.000014
0.000014
0.000014
0.000014
0.000014
0.000014
0.000014
0.000014
0.000014
0.000014
0.000014
0.000014
0.000014
0.000014
0.000014
0.000014
0.000014
0.000014
0.000014
0.000014
