17.445904
15.480732
15.425321
15.387904
15.360539
15.337371
15.313973
15.286429
15.250912
15.205822
15.156820
15.113396
15.076493
15.039762
14.998142
14.954703
14.914387
14.873386
14.827565
14.784188
14.752575
14.730607
14.712767
14.695330
14.675584
14.650603
14.616103
14.564905
14.485508
14.368197
14.230077
14.111664
14.027955
13.970894
13.931262
13.902890
13.881875
13.865781
13.853084
13.842808
13.834309
13.827151
13.821031
13.815728
13.811083
13.806974
13.803311
13.800020
13.797046
13.794342
13.791872
13.789606
13.787517
13.785586
13.783793
13.782126
13.780569
13.779113
13.777746
13.776462
13.775253
13.774112
13.773033
13.772011
13.771042
13.770122
13.769246
13.768413
13.767618
13.766859
13.766133
13.765439
13.764775
13.764138
13.763526
13.762939
13.762375
13.761832
13.761310
13.760806
13.760321
13.759853
13.759401
13.758965
13.758543
13.758135
13.757740
13.757358
13.756987
13.756629
13.756281
13.755943
13.755616
13.755298
13.754989
13.754688
13.754397
13.754113
13.753836
13.753568
13.753306
13.753051
13.752803
13.752560
13.752324
13.752094
13.751869
13.751650
13.751436
13.751227
13.751023
13.750824
13.750629
13.750438
13.750252
13.750070
13.749892
13.749717
13.749547
13.749380
13.749216
13.749056
13.748899
13.748745
13.748594
13.748447
13.748302
13.748160
13.748020
13.747884
13.747750
13.747618
13.747489
13.747362
13.747238
13.747115
13.746995
13.746877
13.746761
13.746647
13.746535
13.746425
13.746317
13.746211
13.746106
13.746003
13.745902
13.745803
13.745705
13.745608
13.745513
13.745420
13.745328
13.745237
13.745148
13.745060
13.744974
13.744888
13.744804
13.744722
13.744640
13.744560
13.744481
13.744402
13.744325
13.744250
13.744175
13.744101
13.744028
13.743956
13.743885
13.743815
13.743746
13.743678
13.743611
13.743545
13.743479
13.743414
13.743350
13.743287
13.743225
13.743164
13.743103
13.743043
13.742984
13.742925
13.742867
13.742810
13.742753
13.742697
13.742642
13.742588
13.742534
13.742480
13.742427
13.742375
13.742324
13.742273
13.742222
13.742172
13.742123
13.742074
13.742025
13.741978
13.741930
13.741883
13.741837
13.741791
13.741745
13.741700
13.741656
13.741612
13.741568
13.741525
13.741482
13.741439
13.741397
13.741355
13.741314
13.741273
13.741233
13.741192
13.741153
13.741113
13.741074
13.741035
13.740997
13.740959
13.740921
13.740883
13.740846
13.740809
13.740773
13.740736
13.740700
13.740665
13.740629
13.740594
13.740559
13.740525
13.740490
13.740456
13.740422
13.740389
13.740355
13.740322
13.740289
13.740257
13.740224
13.740192
13.740160
13.740128
13.740097
13.740065
13.740034
13.740003
13.739972
13.739942
13.739911
13.739881
13.739851
13.739821
13.739792
13.739762
13.739733
13.739703
13.739674
13.739646
13.739617
13.739588
13.739560
13.739531
13.739503
13.739475
13.739447
13.739420
13.739392
13.739364
13.739337
13.739310
13.739282
13.739255
13.739228
13.739202
13.739175
13.739148
13.739121
13.739095
13.739069
13.739042
13.739016
13.738990
13.738964
13.738938
13.738912
13.738886
13.738860
13.738834
13.738809
13.738783
13.738757
13.738732
13.738706
13.738681
13.738655
13.738630
13.738605
13.738579
13.738554
13.738529
13.738503
13.738478
13.738453
13.738428
13.738402
13.738377
13.738352
13.738327
13.738301
13.738276
13.738251
13.738226
13.738200
13.738175
13.738150
13.738124
13.738099
13.738073
13.738048
13.738022
13.737997
13.737971
13.737945
13.737919
13.737893
13.737867
13.737841
13.737815
13.737789
13.737763
13.737736
13.737710
13.737683
13.737657
13.737630
13.737603
13.737576
13.737548
13.737521
13.737493
13.737466
13.737438
13.737410
13.737382
13.737353
13.737325
13.737296
13.737267
13.737238
13.737209
13.737179
13.737150
13.737120
13.737089
13.737059
13.737028
13.736997
13.736966
13.736934
13.736902
13.736870
13.736838
13.736805
13.736771
13.736738
13.736704
13.736670
13.736635
13.736600
13.736565
13.736529
13.736492
13.736456
13.736418
13.736381
13.736342
13.736304
13.736264
13.736224
13.736184
13.736143
13.736101
13.736059
13.736016
13.735973
13.735928
13.735883
13.735838
13.735791
13.735744
13.735696
13.735647
13.735597
13.735546
13.735494
13.735442
13.735388
13.735333
13.735277
13.735220
13.735162
13.735102
13.735042
13.734980
13.734916
13.734851
13.734785
13.734717
13.734648
13.734576
13.734504
13.734429
13.734352
13.734274
13.734193
13.734110
13.734025
13.733938
13.733848
13.733756
13.733661
13.733563
13.733462
13.733358
13.733251
13.733141
13.733027
13.732909
13.732788
13.732662
13.732532
13.732398
13.732259
13.732114
13.731965
13.731809
13.731648
13.731480
13.731306
13.731125
13.730936
13.730739
13.730534
13.730320
13.730096
13.729862
13.729617
13.729360
13.729091
13.728809
13.728512
13.728199
13.727871
13.727524
13.727158
13.726772
13.726363
13.725930
13.725470
13.724982
13.724463
13.723911
13.723322
13.722692
13.722019
13.721298
13.720525
13.719694
13.718800
13.717836
13.716796
13.715673
13.714457
13.713139
13.711710
13.710158
13.708471
13.706637
13.704642
13.702473
13.700116
13.697556
13.694783
13.691784
13.688553
13.685082
13.681370
13.677410
13.673185
13.668647
13.663691
13.658128
13.651672
13.643967
13.634659
13.623466
13.610225
13.594890
13.577508
13.558179
13.537016
13.514108
13.489469
13.462909
13.433723
13.399825
13.355699
13.289375
13.181638
13.015669
12.779273
12.586704
12.622202
12.882011
13.212444
13.159031
13.265827
13.405386
13.481852
13.426329
13.418291
13.376507
13.448406
13.355883
13.535616
13.348565
12.904762
12.869659
12.652501
12.529744
12.829747
12.836341
12.766459
12.632930
12.818666
13.031689
13.554180
13.773375
12.913542
13.719101
13.604664
12.653619
12.761907
11.099295
11.307922
11.356051
11.412936
10.907097
10.455689
10.553017
9.822557
10.121962
10.393473
9.869110
9.780228
11.565876
9.010591
8.938212
11.730071
11.755182
12.615092
11.778538
12.489783
11.815619
11.754246
11.859368
11.894188
11.668078
9.387193
11.093669
11.466030
10.357025
10.769424
13.220172
12.363234
10.883732
10.450826
11.891457
11.336276
10.443372
11.610867
10.631951
9.156271
9.649614
9.355020
9.481259
9.470793
10.306592
10.701019
10.174546
11.982542
11.070868
8.249842
8.914158
10.048917
10.142997
7.666555
9.114167
8.438254
9.248393
9.981900
9.789750
8.708089
10.730350
7.354990
7.910812
10.511553
7.479792
9.593824
7.221785
8.443598
8.769099
6.959050
11.886854
8.741506
7.278031
9.166641
5.508443
8.356050
7.617346
6.284071
9.555121
8.147093
9.200146
6.365696
5.734967
6.728357
7.423460
7.476308
6.738534
13.158039
10.390740
9.282735
9.566778
7.946964
6.684441
7.775887
6.248632
8.334828
5.829641
6.231428
6.981080
7.435682
10.453321
6.835480
6.444710
8.961868
8.058408
6.721486
12.504381
9.443565
6.677391
8.447099
6.785418
6.664526
8.113220
4.530660
5.771847
4.891234
5.866957
7.014656
9.251576
6.257500
10.398025
11.445152
8.642163
5.142955
4.779949
8.234928
5.848125
5.086540
7.377301
5.018590
8.459087
8.207543
6.135100
6.477689
6.873512
9.083561
6.104645
5.894172
8.501863
6.770897
4.987734
6.977958
5.584367
7.279917
6.109599
5.491457
8.092635
5.633605
5.870851
5.729130
4.886391
4.328834
5.880569
4.199809
4.320040
8.462865
5.138729
8.241228
10.142273
4.942180
7.420932
4.958465
6.692708
8.596029
8.279172
5.887477
6.729957
7.134661
5.148998
9.260372
10.128276
7.596290
5.574087
7.181744
8.711391
7.202147
5.918843
6.351146
5.255904
4.517762
4.625713
6.230721
12.143476
5.125766
5.872640
5.536432
6.781663
4.761327
6.485602
5.291849
4.981827
6.727607
6.428675
8.603928
3.897071
7.853610
5.548054
6.797395
7.393188
8.961339
6.822987
5.844490
4.470022
5.817723
7.335358
4.142634
5.801508
4.772447
4.345081
6.525386
7.112400
7.024729
5.477389
4.097272
4.463431
6.809030
10.552429
5.743054
4.316048
5.167902
10.010586
7.506291
5.458632
6.247841
6.238233
4.198051
4.003484
6.760341
7.997140
4.800291
6.922240
5.039497
8.049281
8.671859
5.543497
4.900382
3.586932
5.763314
4.274094
7.559368
5.987167
4.965974
3.762303
5.949687
4.714885
4.236835
7.912935
7.001589
7.982306
4.672625
6.381178
4.862803
8.382513
6.525048
5.061551
4.035064
3.369679
3.473006
7.571040
5.947634
5.403183
4.955048
3.235362
6.041128
6.585732
5.013425
4.496465
4.272960
6.394617
11.497807
8.802671
6.020324
5.689436
7.443194
6.422918
4.261615
5.854050
3.123530
4.778534
5.411749
3.816783
6.047087
4.187408
6.099089
9.645232
8.246556
5.899565
4.538085
8.343752
6.178981
6.687220
4.777056
7.222861
5.962683
5.520084
4.013055
3.472648
8.179590
12.148899
7.945182
5.492960
5.682957
5.057609
6.985479
7.415199
5.423876
3.952464
4.769661
5.734417
5.584388
5.869336
5.703590
4.248226
6.773760
6.132620
10.041317
9.051827
9.001078
5.895426
5.888106
4.979619
6.526588
5.250481
8.274923
6.942464
4.834936
3.780307
6.233020
5.145240
4.039884
3.262161
7.494438
9.735021
7.786876
6.113106
6.373227
5.011016
4.144923
4.212920
5.614793
3.830484
3.759346
5.559980
4.713614
3.436322
7.075739
3.589270
6.760387
4.661398
4.130395
4.551817
5.786972
4.948796
3.376534
6.028209
11.305424
8.379102
4.125835
6.318375
4.084483
5.432847
4.666481
3.914758
5.418707
4.444070
5.448454
5.474796
3.911314
4.384249
6.291158
6.040003
3.738759
4.897690
4.582942
8.070654
5.057770
3.728355
5.224519
5.287134
6.145209
2.999444
3.091568
9.764194
6.091058
4.063636
4.074940
4.220159
3.936320
6.242564
4.841688
3.836370
4.248943
9.919536
8.333885
7.236939
6.428678
8.469400
3.874563
6.880879
7.495781
3.816418
4.080744
6.226683
5.282430
5.406562
5.351413
3.716941
5.110827
7.599265
3.262096
4.099773
3.964737
4.852609
5.423214
5.029854
4.629468
3.434030
3.051282
3.359909
6.459556
8.706677
6.399241
6.883333
3.209878
7.312637
5.555679
2.799920
5.296339
3.521466
4.518690
7.912443
3.350429
10.324228
7.999000
5.675180
6.279021
3.649262
4.338138
5.216837
5.450324
4.172503
3.497941
5.151220
5.370482
5.615240
4.601604
4.998586
4.320544
7.423314
2.945687
5.092027
3.265612
2.878376
3.160710
6.851539
3.644642
5.549723
4.346149
5.883809
2.883291
5.157960
5.536095
4.628129
3.218997
4.529844
7.724576
3.623334
3.998033
2.229899
5.938698
3.773520
5.520831
3.133493
3.136391
4.664122
3.728381
2.503665
3.661192
6.167276
3.552291
4.766200
7.339900
5.293381
6.912380
8.324532
6.990484
6.141419
6.472323
5.288629
6.040496
3.197609
3.674187
1.965787
9.862281
6.772465
6.751888
9.783150
5.830390
8.552476
6.927990
3.426097
3.953611
5.946786
4.037503
4.817003
5.386627
2.550930
7.525336
7.070193
5.017202
5.286366
5.985250
3.345376
2.113602
3.941397
3.683726
5.285863
6.803227
7.040529
4.894996
6.161777
7.649718
4.107710
3.007958
6.638554
4.832868
2.849904
5.819839
4.434142
4.596073
3.811828
4.738856
3.238621
3.134706
2.415730
4.218433
4.614788
3.252206
3.907795
12.050584
10.031825
8.059793
6.780191
5.188405
3.190772
5.274286
4.801411
4.023245
5.157239
4.456313
2.489311
4.907955
7.147148
4.102908
9.182307
5.674010
5.902121
3.323338
3.564398
4.122174
4.182114
3.744960
2.597127
8.972572
7.273303
4.013174
9.880937
5.219485
4.231544
3.039293
4.074122
3.633485
1.863806
6.864699
6.284791
5.043698
3.223003
2.987710
8.396665
7.638567
8.424740
6.236594
6.093754
5.790125
6.252437
7.012399
5.104159
3.091849
2.950605
6.091774
3.487843
3.465718
3.635279
2.214943
12.236444
11.212138
9.062441
7.894327
5.960591
7.709122
6.858920
6.596950
4.656019
3.034710
2.637430
3.763721
2.910896
2.700561
6.868220
6.862495
5.178859
4.307409
4.516031
5.124247
3.020003
3.458434
4.420033
4.114412
3.466994
5.786371
4.288206
2.524010
2.873088
1.828710
12.979826
14.834557
11.639415
11.266901
9.756735
7.556999
6.491974
4.997507
2.279827
2.883188
5.145301
4.654712
5.901792
4.150683
2.627827
3.924550
10.966661
10.231476
5.542161
3.182004
2.086961
5.481841
5.364618
4.642124
4.333718
2.637229
3.149339
5.729586
7.230529
11.490676
10.519919
6.745588
5.527365
5.710999
4.970249
4.580702
5.585192
4.482579
3.675655
7.550655
7.295101
5.734926
5.945776
4.470612
6.114090
6.584206
7.049771
6.109078
7.222579
6.412701
6.236465
3.697433
5.500225
5.255942
2.853927
7.292756
7.534832
6.222218
4.055595
4.158703
3.864513
9.961374
12.812462
10.602840
10.444152
8.642658
7.493971
6.147956
6.935005
5.497914
4.139897
3.052662
6.023940
5.947388
4.246174
4.925167
7.415933
3.577186
5.030200
4.688936
4.509057
5.742243
7.076136
4.713249
4.510688
3.238177
7.443138
3.535709
6.860161
5.083308
5.095001
5.606742
7.005368
4.950818
2.142023
4.529515
6.458137
4.998175
2.412413
6.052886
5.869470
3.324398
6.578883
9.731438
4.039962
5.077008
5.276307
9.464838
10.861196
9.446977
7.700537
6.568504
6.745768
6.093456
8.064155
8.816761
5.870930
6.183190
8.105747
13.238505
10.558189
11.410105
8.119007
4.779165
6.664167
3.532655
6.487197
4.548246
4.894255
6.596049
9.901095
8.360674
6.425651
4.755256
6.179702
10.563633
9.183834
9.306272
6.110684
6.962437
5.431978
4.215160
5.207185
5.463833
3.352066
4.626851
6.373675
5.862412
6.215553
6.943010
4.688346
4.335307
4.610560
5.988348
3.809225
3.226049
5.625780
3.710784
2.833852
6.261774
12.793962
5.498994
4.525267
8.278791
8.995969
4.502709
5.721471
6.193534
6.111513
5.253934
2.955224
3.209931
4.930336
6.509869
4.944780
6.139878
6.799027
10.096350
7.317208
6.257751
7.519878
3.371517
2.875602
10.542259
8.080357
6.864940
9.173462
7.599377
6.180264
4.608353
3.622164
3.994191
5.734746
3.203146
7.623379
5.166392
4.542546
3.519430
6.618804
5.230193
6.069891
5.532391
8.109434
4.186191
2.924381
6.111111
9.067951
6.834549
5.914600
5.235114
6.637705
6.062008
3.880740
4.263274
4.411206
3.211311
8.579608
6.910736
6.851602
4.051763
5.721820
4.187898
3.208932
10.140042
7.853608
7.074823
5.248161
3.885653
5.099885
5.261517
3.642663
2.721249
4.217389
5.182821
7.051139
10.708027
8.418493
4.745624
4.671128
5.386935
11.270249
7.933237
4.035081
2.799155
4.709918
9.690905
9.066927
4.861198
6.889221
4.574133
3.304328
7.135198
8.227974
6.535183
5.632426
5.601790
4.295007
3.272036
4.393490
3.448928
3.343537
3.722617
6.086675
6.348280
8.815593
5.654704
4.482677
3.827456
2.484011
7.430921
4.007587
5.359274
5.276912
4.243100
9.484761
3.905440
4.006690
2.976257
3.419571
2.770949
4.440839
4.632289
3.643401
4.577357
2.980712
8.585623
11.661897
6.136972
3.750733
3.928103
2.373280
6.227909
8.322896
4.916281
3.100049
2.205275
2.151683
9.547859
5.953896
8.001766
5.168024
4.524711
3.032952
4.403195
3.390137
3.847528
3.133962
3.225980
2.427834
4.426767
5.888010
5.438853
1.939677
5.201882
6.567088
10.358227
4.956027
2.516227
2.117862
7.259710
6.271709
3.354944
2.855572
3.895041
3.276229
8.501632
4.049113
3.394486
4.352191
5.151601
3.877450
5.052748
5.529283
8.029725
7.755053
3.498062
5.136349
5.140014
4.832545
4.881803
3.490827
3.868373
1.981293
1.947708
4.923956
8.780286
2.982405
7.135424
11.134113
10.483391
6.239821
9.414565
4.353548
4.251309
6.863884
4.008940
5.530115
8.021840
8.251792
5.066841
6.290840
4.345643
5.628380
5.120255
4.804487
4.950167
2.551660
3.806910
4.372243
6.194381
3.574896
6.060629
4.590098
3.848974
4.132913
6.494532
5.694060
4.549588
4.749263
3.635969
5.692166
10.691736
5.523137
4.870532
4.293718
4.197158
4.878643
5.977357
6.792898
3.860944
2.607683
5.553670
4.219862
4.925715
3.768042
1.915520
7.207000
11.426207
8.322144
9.337453
6.329896
9.352553
5.976192
4.874145
4.789463
3.194531
4.530016
7.345880
2.813298
2.074245
2.913966
5.946390
3.117482
5.632440
9.645156
7.423406
6.218975
6.421552
4.093833
4.058123
4.255890
4.030459
3.890143
2.958858
4.319745
6.194185
3.316567
4.238917
11.617007
8.159129
7.062936
4.979484
5.663832
8.184997
7.117685
5.574651
5.314490
8.179785
4.293666
4.027873
3.628654
3.702311
3.540586
3.876605
6.092946
3.092605
6.462473
6.404633
5.159012
4.685066
7.324860
4.584028
6.095720
5.578691
4.528916
3.520674
2.933522
4.989131
8.797268
8.458438
4.572770
9.216680
2.656523
4.324461
2.123685
4.849587
5.001516
5.000360
3.372245
3.935105
3.679234
2.712397
2.129190
6.818085
7.501220
3.230107
2.105097
2.910387
6.035823
2.786935
4.386763
5.525414
8.636639
4.976966
4.998841
4.575194
7.350211
3.453974
5.110302
3.008124
5.850728
4.234493
3.126740
4.123824
4.665865
2.673200
3.282212
2.277677
3.715516
3.091862
4.053064
4.877125
6.370304
5.248582
2.958077
2.628360
1.952408
5.801477
4.034048
2.964688
2.137919
5.299779
4.112466
3.541000
5.729292
7.729271
3.543985
2.945630
4.956355
4.358725
2.434444
2.263423
3.335321
5.888328
3.289681
2.627129
2.469366
2.598636
5.371181
7.597844
4.286127
2.740106
3.438881
4.179320
4.888546
4.602147
2.801787
7.973959
12.005989
8.512558
4.654731
4.609219
6.566573
5.039371
3.022416
6.690312
11.215230
4.035302
2.920457
1.979968
5.041071
5.450556
4.212552
3.683830
3.767383
5.544407
4.153488
4.002754
2.834891
3.596240
2.157390
3.282523
2.147881
4.309632
2.930132
4.314822
2.118356
5.240720
4.306785
3.869159
4.150697
3.940799
2.705804
6.734136
5.937857
4.496712
5.319197
3.006186
2.901065
1.962375
2.815907
2.732198
4.796244
9.777827
5.730475
4.814917
3.810237
2.388271
2.521255
2.368287
1.829889
2.865267
6.753488
3.807749
3.953637
3.009922
11.363893
6.652499
5.124181
5.939009
6.635023
3.863751
8.486292
7.262813
3.525139
2.935950
2.161309
1.789012
3.155262
5.690401
5.427269
3.528616
8.070826
4.793998
3.131331
3.207411
5.490313
4.507310
3.325171
3.024220
2.061632
4.125794
9.602932
9.329093
4.435619
6.341296
3.303692
5.362208
2.984481
5.720690
6.437614
2.892582
3.843819
2.955793
3.762761
5.675451
6.325818
6.105474
6.176345
3.127149
10.932047
8.085044
5.414218
7.261934
4.910455
3.652736
2.217543
3.158013
4.390814
4.644373
3.511318
4.424288
4.194434
7.536775
3.569029
4.657119
5.552756
5.395075
5.387649
6.449265
6.310225
6.620261
6.234539
6.700541
5.821865
4.852848
2.770649
5.472020
3.002344
5.855254
6.584405
3.744764
5.431993
3.818388
3.389566
2.718298
3.245045
3.691785
3.105246
3.007639
2.956240
2.239664
2.398330
3.578267
2.844526
5.202856
5.636554
3.285158
2.174911
3.874523
3.675159
3.776143
2.299642
8.121138
8.225667
4.264567
5.017423
5.112054
5.747184
4.953467
5.366779
5.457631
4.483400
2.843941
2.537989
2.311376
7.180530
3.025316
2.162738
2.638636
4.778253
4.832676
2.268081
4.829777
6.888595
8.366497
3.558734
2.803354
5.499435
3.514851
3.637119
2.621198
2.280892
7.140137
7.885461
4.013328
4.537181
5.184318
4.775164
3.166365
2.375315
5.140586
3.159524
3.962137
3.222699
4.009067
13.022739
8.837467
5.347224
3.193970
1.794577
6.489532
5.305206
4.936946
5.345507
4.825764
3.744054
3.511451
3.194911
5.747664
2.175033
2.552547
2.702945
3.568273
1.477441
2.765325
1.702291
7.391120
3.588713
8.303647
8.565571
6.819356
4.490427
3.745237
4.606938
2.903565
3.261621
3.846974
5.686431
7.888805
4.302121
5.005483
3.391291
6.260740
4.086870
4.291527
4.427876
2.811348
2.064723
1.582860
7.263322
7.795739
2.618458
2.136432
1.791487
1.980495
1.587606
6.445889
7.487037
2.544467
1.919764
5.341642
2.908034
5.606537
6.766260
3.733183
7.042889
5.175887
4.647037
2.775515
2.514515
2.075677
5.619477
7.832475
6.502820
4.417718
5.213473
3.695682
7.974242
3.464133
1.828853
1.450763
4.325329
1.696029
4.823096
4.186990
3.575790
6.202148
5.777894
5.512497
5.885216
4.929623
4.306908
3.833156
4.428439
3.764427
2.947882
3.836322
5.009769
3.498656
7.200333
3.011318
2.512467
4.918276
6.618908
5.467189
4.941774
6.066207
4.865839
4.471952
7.473133
7.209701
6.827504
4.465958
3.985465
5.194178
3.500379
3.242743
3.675491
3.869213
3.205225
4.975290
5.309160
1.983097
4.015547
3.325294
7.396680
8.794024
5.190026
3.322478
3.582785
4.975302
7.165964
4.700968
3.561630
3.395965
5.188905
5.139280
3.590948
4.770029
6.067302
7.813448
4.485128
1.873985
2.994997
2.091883
3.695721
7.122970
3.173435
6.826571
6.905247
3.588002
4.573425
2.928003
3.467499
6.895053
4.856975
4.871706
3.755929
2.954154
1.948693
3.897847
5.751127
5.141783
5.377252
3.370369
6.745795
5.900295
5.693997
3.675509
2.720423
3.350089
4.259032
3.745315
3.604704
2.398213
5.101119
3.827086
4.593123
3.643414
4.432812
4.869124
4.704548
3.850430
3.849904
4.922178
3.579083
7.566747
4.798524
4.570266
3.064729
4.375499
2.139236
2.613963
3.867460
4.884745
3.760875
2.170515
6.681207
5.792470
6.937739
5.620018
4.489861
6.603486
5.345578
3.788467
3.226080
7.252514
11.200161
9.885615
12.793531
13.336245
12.057523
10.291505
7.159086
6.889766
5.728574
5.551912
6.261155
4.763350
6.530476
4.995383
2.970147
4.515165
3.177910
4.458716
9.927497
5.553693
4.016391
4.739988
3.219545
6.271297
5.163669
5.856908
2.743380
3.888204
5.270729
3.370117
3.243388
6.316815
7.312684
3.310559
3.238721
1.591796
1.664759
6.156694
5.287847
3.114810
4.432493
2.159833
5.116009
4.629459
8.943749
10.558329
8.007619
5.438985
11.137752
8.250957
7.346213
4.863425
4.814234
5.732711
7.685076
4.702869
4.187555
4.412179
2.643554
2.342603
1.936912
2.119537
1.979972
5.495169
7.160095
7.881806
5.305586
4.098971
4.127259
7.417861
6.415362
3.257404
2.687094
1.719395
1.663324
4.519357
4.255078
3.291514
2.013485
1.713269
1.947460
8.103745
8.981335
4.815548
3.462617
3.008217
2.893563
6.889122
7.179593
11.836428
7.300574
6.457510
3.600688
3.203266
2.929563
2.186692
5.974399
4.382221
4.632230
2.706377
2.358970
2.609457
9.644141
4.609617
2.504970
1.853746
2.286702
1.954212
1.671063
1.671809
2.180529
1.647182
6.773579
11.760254
13.370200
12.195876
8.798095
5.433553
3.158315
3.801785
2.811471
6.947440
5.568048
5.948499
6.760735
5.165823
3.791436
2.917174
3.804159
3.340914
4.824595
3.413504
2.993136
2.073186
4.151353
3.772846
1.784993
2.346931
2.045457
2.790359
9.596121
5.816802
3.578069
3.141156
2.524817
6.374209
4.403991
4.070537
6.523248
4.266073
4.188249
3.369201
4.033140
2.571974
3.702786
2.595644
5.949392
5.696790
5.424859
4.983142
1.641128
1.811755
5.467452
3.749003
4.222705
6.061919
8.025060
3.879440
2.320182
2.790840
2.000768
2.262642
4.846332
6.073737
4.384711
3.992431
6.076966
5.868445
4.953888
3.944604
3.772159
9.411052
5.900415
4.565211
2.518563
2.813078
3.513643
6.987108
4.135910
2.055481
10.082925
7.810924
5.628658
3.508691
3.766827
2.944562
3.306812
3.086627
4.650468
4.915586
2.221218
3.168739
2.930652
3.521987
5.265549
4.595287
2.797225
2.206747
2.525821
1.548189
2.197483
1.999823
4.242591
5.678252
6.232548
2.236886
8.276377
5.061223
4.294425
3.486023
2.050341
2.182595
2.000249
5.054412
5.446606
5.737436
8.072007
4.407476
5.677948
3.990081
5.485683
5.685953
2.523591
2.245834
3.611484
3.081400
9.636119
6.641684
3.865220
2.301819
2.750700
1.767869
1.406417
2.498969
1.685199
1.445664
1.235910
1.611984
1.209701
5.833138
9.285240
5.632105
2.714575
2.759689
2.103062
1.371053
6.583968
4.971055
6.079175
5.846333
3.881727
2.974353
4.894354
8.053583
6.419589
2.995194
2.456006
1.844821
3.752405
7.412700
3.239495
2.211970
1.702115
4.504336
4.962764
1.847930
4.259945
3.120606
2.098270
1.835390
2.067281
1.896638
1.884140
4.539537
4.359631
3.560500
4.013949
5.449971
2.710031
2.825705
3.753857
1.680616
5.665880
4.225804
3.115635
4.061941
5.082539
6.314197
7.017842
5.535015
2.554525
2.685324
3.076426
4.426330
3.257989
3.117888
7.721060
3.961933
6.406625
2.832043
1.675482
4.608884
4.938886
3.766230
1.849141
1.690516
1.864795
1.641710
1.372706
2.853859
5.482179
11.019793
3.450788
3.770020
2.014213
4.135647
3.803934
6.450275
7.912618
7.517247
5.897978
7.265557
4.329702
4.083112
2.935256
2.457403
2.999622
2.159524
2.449487
7.444876
6.502489
3.816980
4.014321
3.016608
1.923170
2.337749
1.946193
4.475664
3.154943
4.758353
5.399315
2.991736
2.173304
2.779960
3.999140
6.529690
4.502631
5.930934
2.935017
2.473873
2.287409
6.989042
11.091074
5.264761
2.757827
2.624270
4.735707
2.919201
2.619361
2.333555
5.620577
6.581785
5.174168
5.983798
4.859121
2.149514
2.590103
1.392561
5.309165
4.182914
3.589083
7.088361
3.505310
3.490466
3.507941
2.309921
2.588705
5.546105
3.477924
1.658350
6.340021
8.366371
5.430396
2.453004
3.837070
3.761620
4.454905
4.438665
4.007399
2.710575
4.814335
7.295394
4.852855
4.809245
3.358421
1.672364
4.219308
4.940818
4.613779
11.831228
8.457009
7.409879
6.836357
4.779818
4.549560
2.569198
6.592661
4.037491
7.129064
7.727743
7.377466
5.323121
3.357142
4.352893
2.602114
4.038241
4.673940
2.195923
4.950169
7.670368
3.076554
4.811059
4.501603
2.563003
3.852648
2.289310
2.609680
6.213851
5.121588
3.045188
2.967198
3.385588
2.567449
5.639431
4.978286
4.356668
4.208494
2.283530
1.817809
7.065114
8.587327
8.096845
5.986380
3.816059
1.811984
1.922605
1.893228
2.140442
1.006902
3.271017
6.464285
6.037346
4.543447
3.769913
4.681128
3.889004
3.785964
2.407507
1.189781
2.752524
1.511464
1.685612
6.371635
7.780936
3.856709
4.718458
3.890214
2.309059
2.488544
1.824958
1.859766
8.320223
4.958078
5.373056
4.419372
3.983494
2.040595
3.540778
4.111896
5.503236
3.717771
1.549030
1.579215
3.596371
2.950863
4.868326
4.731304
6.615628
5.410852
4.632874
2.796818
6.447316
5.365074
3.945304
4.725379
2.485543
2.048092
4.599150
3.735903
6.957690
5.421450
7.707044
8.720900
6.293998
3.809840
3.517686
1.927233
7.172425
8.221714
6.503259
5.907843
5.861418
5.094506
4.509549
5.191550
5.984852
3.982139
3.712196
3.353677
4.232513
4.655339
3.677082
3.408821
4.113347
4.161383
5.714924
5.025911
4.774294
3.989520
2.847103
2.465156
1.819027
3.392818
5.996730
4.978248
3.216438
3.977509
1.993769
2.880939
1.692739
6.768769
7.329435
6.205015
3.271196
5.200200
6.004133
2.316931
1.598079
4.965046
5.861573
2.418621
2.802095
3.010786
3.651033
3.303584
2.281182
5.217926
6.794729
3.926760
1.867225
1.188078
0.870285
1.182502
1.389368
3.815191
7.108408
4.478498
9.937568
6.273042
4.782057
5.670714
5.069661
2.882539
4.736828
1.925550
4.928499
1.788440
2.021600
1.478313
2.495548
2.568131
7.247607
5.148500
3.963592
4.495568
2.826058
2.878911
1.583140
3.877044
5.166560
5.407025
4.685977
3.144156
2.100269
2.003238
3.228437
3.833332
3.317630
5.768141
2.126090
6.941129
6.612522
3.784063
4.815046
2.241340
2.108853
4.032062
3.361884
2.372526
4.305051
3.672915
2.244019
3.897405
2.117728
2.333117
5.004510
3.846359
1.484028
4.935356
5.412468
9.510467
8.014547
5.573073
5.491344
5.390578
5.638637
6.667231
4.084273
2.957652
2.152695
5.261873
4.263412
4.945741
6.162892
3.376210
2.692702
3.236725
2.904629
1.626495
3.632305
4.451461
2.064437
4.699622
5.882175
6.742324
6.264659
5.930953
6.078313
5.702127
4.073925
4.244389
3.241225
3.322716
2.338286
3.175753
3.567602
4.118311
4.760740
4.575886
3.218128
4.231178
5.240570
4.700518
3.987913
4.145670
7.068938
8.567824
8.772332
6.785122
5.811636
3.250984
4.899593
4.697964
2.455342
6.593871
7.857274
8.143972
3.863681
3.302673
4.318898
2.717620
3.922728
6.844653
4.354295
3.407948
2.605829
8.070131
4.251537
3.247794
2.813582
5.440219
2.120014
1.973708
1.149198
2.253789
4.249413
6.575591
4.054375
4.713387
6.227322
7.859913
3.305505
5.279378
2.637216
2.256659
5.395589
4.182945
3.155309
3.126785
2.632037
3.473779
1.963364
2.955871
2.267318
2.521944
1.093584
2.405558
2.257835
4.845610
2.732714
2.347745
1.876092
4.516673
4.806320
3.847148
6.471956
4.879433
2.962135
7.057314
3.969830
3.572317
3.738627
3.149654
7.530383
8.851497
3.462984
4.530598
3.210225
3.557068
3.121547
2.925738
1.624505
1.591070
1.384586
1.251581
0.817672
9.410519
5.540638
2.699012
1.458878
1.248655
2.523101
4.459341
5.754767
5.827523
3.867919
4.053922
4.763620
5.530166
2.708122
3.642983
4.301331
3.289295
5.130515
6.044942
2.888634
2.962025
2.152745
2.942220
4.065445
1.854582
3.141003
2.175727
2.359605
7.759202
4.443490
7.860348
4.229526
2.978670
3.019479
6.796523
6.481306
2.979863
3.160480
2.744772
6.091851
2.995059
1.469576
6.015379
18.371634
15.744757
13.587681
13.184180
13.121100
12.973238
12.934642
12.895509
12.875298
12.853170
12.813191
12.757559
12.687769
12.513138
12.512521
12.486866
12.561417
12.255488
11.698066
11.753538
11.740100
11.733646
11.662655
11.893989
11.623873
11.635740
11.605630
11.618562
11.588361
11.606589
11.798408
11.434004
11.565906
11.556411
11.546276
11.535131
11.522371
11.509785
11.751494
11.470768
11.490983
11.462190
11.448635
11.485718
11.569527
11.413268
11.402348
11.508811
11.390711
11.381161
11.391843
11.363008
11.461093
11.346790
11.466557
11.341703
11.332381
11.440817
11.390149
11.319316
11.309975
11.417320
11.346388
11.313397
11.311539
11.353446
11.365296
11.276114
11.346095
11.488952
11.529603
11.169794
11.475168
11.347561
11.301958
11.125104
11.138487
10.931847
10.895944
10.896842
10.851431
10.784753
10.736382
10.792562
10.568719
10.270920
9.645141
9.560180
9.459254
11.581030
10.700120
10.728850
9.562009
10.269812
9.338994
9.355080
9.377173
10.193620
9.866575
9.725818
11.519674
11.450270
11.636949
10.596888
10.417961
9.805093
9.792189
8.986061
10.043121
9.206023
10.596062
9.699503
10.259025
9.770146
9.103886
9.046427
8.990068
8.862228
8.839664
8.883159
8.884743
8.806726
8.734212
8.722520
8.695181
8.812115
8.825076
8.718201
8.657963
8.979415
8.607663
9.002203
10.933347
13.134152
10.800499
10.136590
9.811149
10.244503
10.387362
9.562588
9.336133
11.225894
9.541954
9.723427
13.008797
10.564327
10.658563
11.026926
9.766391
9.475984
9.207400
9.179146
9.099311
9.074331
8.990761
9.211250
10.688106
10.572176
10.767048
9.082656
9.287464
8.979138
8.999638
9.247827
11.124182
10.918101
10.760395
11.108493
10.603874
10.505461
10.407757
10.409299
10.459313
10.489859
10.268592
8.964703
8.957671
8.929584
9.510815
9.224921
9.080485
9.563319
8.945194
8.956977
10.218105
9.909810
8.866984
8.872221
11.144559
9.076315
8.536219
8.981112
10.825403
10.727698
11.284096
10.510081
10.353188
10.185134
10.195641
10.310560
10.113192
9.903537
9.997476
10.746967
10.451561
9.810090
10.128674
10.826832
9.662290
9.146912
8.974836
9.273196
8.993523
8.947398
8.752067
9.128183
8.848871
11.167071
10.738324
13.289726
11.428165
12.101634
13.124142
12.381629
12.151244
12.020528
11.925296
11.915235
11.910809
11.907375
11.904847
11.902922
11.901426
11.900232
11.899253
11.898431
11.897724
11.897105
11.896555
11.896057
11.895602
11.895180
11.894785
11.894411
11.894053
11.893707
11.893371
11.893039
11.892710
11.892380
11.892046
11.891705
11.891353
11.890986
11.890600
11.890190
11.889750
11.889271
11.888745
11.888159
11.887498
11.886740
11.885857
11.884810
11.883548
11.881994
11.880050
11.877582
11.874429
11.870409
11.865347
11.859116
11.851699
11.843247
11.834078
11.824605
11.815214
11.806184
11.797670
11.789735
11.782385
11.775600
11.769348
11.763591
11.758295
11.753422
11.748939
11.744814
11.741016
11.737517
11.734292
11.731316
11.728567
11.726024
11.723669
11.721485
11.719457
11.717570
11.715812
11.714171
11.712637
11.711200
11.709851
11.708583
11.707387
11.706258
11.705188
11.704172
11.703205
11.702280
11.701392
11.700536
11.699705
11.698894
11.698095
11.697299
11.696494
11.695664
11.694782
11.693805
11.692650
11.691132
11.688709
11.682831
11.736740
11.692026
11.690951
11.689702
11.688055
11.685432
11.679281
11.683040
11.957217
14.276800
13.832563
13.818745
13.808507
13.800559
13.794177
13.788920
13.784500
13.780723
13.777452
13.774585
13.772048
13.769783
13.767747
13.765904
13.764227
13.762692
13.761280
13.759978
13.758770
13.757648
13.756601
13.755622
13.754704
13.753841
13.753028
13.752261
13.751535
13.750848
13.750196
13.749577
13.748989
13.748428
13.747894
13.747384
13.746898
13.746433
13.745988
13.745562
13.745155
13.744765
13.744391
13.744033
13.743690
13.743360
13.743045
13.742742
13.742451
13.742172
13.741904
13.741648
13.741402
13.741166
13.740939
13.740722
13.740514
13.740315
13.740124
13.739941
13.739765
13.739598
13.739437
13.739284
13.739137
13.738997
13.738863
13.738735
13.738613
13.738496
13.738385
13.738279
13.738178
13.738082
13.737991
13.737903
13.737821
13.737742
13.737667
13.737595
13.737527
13.737463
13.737402
13.737344
13.737289
13.737236
13.737186
13.737139
13.737094
13.737052
13.737011
13.736973
13.736936
13.736902
13.736869
13.736837
13.736808
13.736779
13.736752
13.736726
13.736702
13.736678
13.736656
13.736634
13.736613
13.736594
13.736575
13.736557
13.736539
13.736522
13.736506
13.736490
13.736475
13.736460
13.736446
13.736432
13.736419
13.736406
13.736393
13.736381
13.736369
13.736357
13.736345
13.736334
13.736323
13.736312
13.736301
13.736291
13.736280
13.736270
13.736260
13.736250
13.736240
13.736230
13.736221
13.736211
13.736201
13.736192
13.736183
13.736174
13.736165
13.736155
13.736146
13.736138
13.736129
13.736120
13.736111
13.736102
13.736094
13.736085
13.736077
13.736068
13.736060
13.736051
13.736043
13.736034
13.736026
13.736018
13.736010
13.736002
13.735993
13.735985
13.735977
13.735969
13.735961
13.735953
13.735945
13.735938
13.735930
13.735922
13.735914
13.735907
13.735899
13.735891
13.735884
13.735876
13.735869
13.735861
13.735854
13.735846
13.735839
13.735832
13.735824
13.735817
13.735810
13.735803
13.735795
13.735788
13.735781
13.735774
13.735767
13.735760
13.735753
13.735746
13.735740
13.735733
13.735726
13.735719
13.735712
13.735706
13.735699
13.735693
13.735686
13.735679
13.735673
13.735666
13.735660
13.735654
13.735647
13.735641
13.735635
13.735628
13.735622
13.735616
13.735610
13.735604
13.735598
13.735592
13.735586
13.735580
13.735574
13.735568
13.735562
13.735556
13.735550
13.735544
13.735539
13.735533
13.735527
13.735521
13.735516
13.735510
13.735505
13.735499
13.735494
13.735488
13.735483
13.735477
13.735472
13.735466
13.735461
13.735456
13.735450
13.735445
13.735440
13.735435
13.735429
13.735424
13.735419
13.735414
13.735409
13.735404
13.735399
13.735394
13.735389
13.735384
13.735379
13.735374
13.735369
13.735364
13.735360
13.735355
13.735350
13.735345
13.735340
13.735336
13.735331
13.735326
13.735322
13.735317
13.735312
13.735308
13.735303
13.735299
13.735294
13.735290
13.735285
13.735281
13.735276
13.735272
13.735268
13.735263
13.735259
13.735255
13.735250
13.735246
13.735242
13.735237
13.735233
13.735229
13.735225
13.735221
13.735216
13.735212
13.735208
13.735204
13.735200
13.735196
13.735192
13.735188
13.735184
13.735180
13.735176
13.735172
13.735168
13.735164
13.735160
13.735156
13.735152
13.735148
13.735144
13.735141
13.735137
13.735133
13.735129
13.735125
13.735122
13.735118
13.735114
13.735110
13.735107
13.735103
13.735099
13.735096
13.735092
13.735088
13.735085
13.735081
13.735078
13.735074
13.735070
13.735067
13.735063
13.735060
13.735056
13.735053
13.735049
13.735046
13.735042
13.735039
13.735035
13.735032
13.735028
13.735025
13.735022
13.735018
13.735015
13.735012
13.735008
13.735005
13.735001
13.734998
13.734995
13.734992
13.734988
13.734985
13.734982
13.734978
13.734975
13.734972
13.734969
13.734965
13.734962
13.734959
13.734956
13.734953
13.734949
13.734946
13.734943
13.734940
13.734937
13.734934
13.734931
13.734927
13.734924
13.734921
13.734918
13.734915
13.734912
13.734909
13.734906
13.734903
13.734900
13.734897
13.734894
13.734891
13.734888
13.734885
13.734882
13.734879
13.734876
13.734873
13.734870
13.734867
13.734864
13.734861
13.734858
13.734855
13.734852
13.734849
13.734846
13.734843
13.734841
13.734838
13.734835
13.734832
13.734829
13.734826
13.734823
13.734820
13.734818
13.734815
13.734812
13.734809
13.734806
13.734803
13.734801
13.734798
13.734795
13.734792
13.734789
13.734787
13.734784
13.734781
13.734778
13.734775
13.734773
13.734770
13.734767
13.734764
13.734762
13.734759
13.734756
13.734753
13.734751
13.734748
13.734745
13.734742
13.734740
13.734737
13.734734
13.734732
13.734729
13.734726
13.734723
13.734721
13.734718
13.734715
13.734713
13.734710
13.734707
13.734705
13.734702
13.734699
13.734697
13.734694
13.734691
13.734689
13.734686
13.734683
13.734681
13.734678
13.734675
13.734673
13.734670
13.734667
13.734665
13.734662
13.734659
13.734657
13.734654
13.734652
13.734649
13.734646
13.734644
13.734641
13.734638
13.734636
13.734633
13.734630
13.734628
13.734625
13.734623
13.734620
13.734617
13.734615
13.734612
13.734609
13.734607
13.734604
13.734602
13.734599
13.734596
13.734594
13.734591
13.734588
13.734586
13.734583
13.734580
13.734578
13.734575
13.734573
13.734570
13.734567
13.734565
13.734562
13.734559
13.734557
13.734554
13.734551
13.734549
13.734546
13.734543
13.734541
13.734538
13.734535
13.734533
13.734530
13.734527
13.734525
13.734522
13.734519
13.734517
13.734514
13.734511
13.734509
13.734506
13.734503
13.734501
13.734498
13.734495
13.734492
13.734490
13.734487
13.734484
13.734481
13.734479
13.734476
13.734473
13.734470
13.734468
13.734465
13.734462
13.734459
13.734457
13.734454
13.734451
13.734448
13.734445
13.734442
13.734440
13.734437
13.734434
13.734431
13.734428
13.734425
13.734423
13.734420
13.734417
13.734414
13.734411
13.734408
13.734405
13.734402
13.734399
13.734396
13.734393
13.734390
13.734387
13.734384
13.734381
13.734378
13.734375
13.734372
13.734369
13.734366
13.734363
13.734360
13.734357
13.734354
13.734351
13.734347
13.734344
13.734341
13.734338
13.734335
13.734332
13.734328
13.734325
13.734322
13.734319
13.734315
13.734312
13.734309
13.734305
13.734302
13.734299
13.734295
13.734292
13.734288
13.734285
13.734281
13.734278
13.734274
13.734271
13.734267
13.734264
13.734260
13.734256
13.734253
13.734249
13.734245
13.734242
13.734238
13.734234
13.734230
13.734227
13.734223
13.734219
13.734215
13.734211
13.734207
13.734203
13.734199
13.734195
13.734191
13.734187
13.734183
13.734179
13.734174
13.734170
13.734166
13.734161
13.734157
13.734153
13.734148
13.734144
13.734139
13.734135
13.734130
13.734125
13.734121
13.734116
13.734111
13.734106
13.734102
13.734097
13.734092
13.734087
13.734081
13.734076
13.734071
13.734066
13.734061
13.734055
13.734050
13.734044
13.734039
13.734033
13.734027
13.734022
13.734016
13.734010
13.734004
13.733998
13.733992
13.733986
13.733979
13.733973
13.733967
13.733960
13.733954
13.733947
13.733940
13.733933
13.733926
13.733919
13.733912
13.733905
13.733897
13.733890
13.733882
13.733874
13.733866
13.733858
13.733850
13.733842
13.733834
13.733825
13.733816
13.733808
13.733799
13.733789
13.733780
13.733771
13.733761
13.733751
13.733741
13.733731
13.733721
13.733710
13.733699
13.733689
13.733677
13.733666
13.733654
13.733642
13.733630
13.733618
13.733605
13.733592
13.733579
13.733566
13.733552
13.733538
13.733523
13.733509
13.733494
13.733478
13.733462
13.733446
13.733430
13.733413
13.733395
13.733377
13.733359
13.733340
13.733321
13.733301
13.733281
13.733260
13.733239
13.733217
13.733194
13.733171
13.733147
13.733122
13.733097
13.733070
13.733043
13.733016
13.732987
13.732957
13.732927
13.732895
13.732863
13.732829
13.732794
13.732759
13.732721
13.732683
13.732643
13.732602
13.732559
13.732515
13.732469
13.732421
13.732372
13.732320
13.732267
13.732211
13.732153
13.732093
13.732030
13.731965
13.731897
13.731826
13.731751
13.731674
13.731593
13.731507
13.731418
13.731325
13.731227
13.731124
13.731015
13.730901
13.730781
13.730654
13.730519
13.730377
13.730226
13.730065
13.729894
13.729711
13.729516
13.729306
13.729081
13.728837
13.728574
13.728287
13.727975
13.727633
13.727257
13.726840
13.726378
13.725861
13.725280
13.724623
13.723874
13.723013
13.722012
13.720835
13.719426
13.717700
13.715518
13.712648
13.708676
13.702753
13.692024
13.653384
13.263920
12.613067
12.587766
12.577615
12.570096
12.564176
12.559316
12.555203
12.551644
12.548510
12.545710
12.543182
12.540877
12.538758
12.536798
12.534974
12.533267
12.531663
12.530150
12.528716
12.527353
12.526054
12.524811
12.523620
12.522476
12.521374
12.520310
12.519280
12.518283
12.517315
12.516373
12.515456
12.514561
12.513687
12.512831
12.511993
12.511171
12.510363
12.509568
12.508786
12.508014
12.507253
12.506501
12.505758
12.505022
12.504292
12.503569
12.502852
12.502139
12.501430
12.500725
12.500024
12.499325
12.498628
12.497933
12.497240
12.496547
12.495856
12.495165
12.494474
12.493783
12.493092
12.492400
12.491708
12.491016
12.490323
12.489629
12.488934
12.488239
12.487543
12.486847
12.486151
12.485455
12.484760
12.484066
12.483373
12.482682
12.481994
12.481309
12.480628
12.479952
12.479282
12.478618
12.477963
12.477316
12.476679
12.476053
12.475440
12.474840
12.474256
12.473688
12.473137
12.472605
12.472093
12.471602
12.471133
12.470687
12.470264
12.469865
12.469490
12.469140
12.468815
12.468513
12.468236
12.467981
12.467749
12.467538
12.467347
12.467176
12.467022
12.466885
12.466762
12.466654
12.466558
12.466473
12.466399
12.466333
12.466274
12.466222
12.466176
12.466135
12.466099
12.466065
12.466035
12.466007
12.465981
12.465957
12.465934
12.465912
12.465891
12.465871
12.465851
12.465832
12.465812
12.465794
12.465775
12.465756
12.465737
12.465719
12.465700
12.465682
12.465663
12.465644
12.465626
12.465607
12.465588
12.465569
12.465551
12.465532
12.465513
12.465494
12.465476
12.465457
12.465438
12.465419
12.465401
12.465382
12.465363
12.465345
12.465326
12.465308
12.465289
12.465271
12.465252
12.465234
12.465215
12.465197
12.465179
12.465161
12.465142
12.465124
12.465106
12.465088
12.465070
12.465052
12.465034
12.465016
12.464998
12.464980
12.464962
12.464944
12.464926
12.464908
12.464890
12.464872
12.464854
12.464836
12.464817
12.464799
12.464781
12.464763
12.464744
12.464726
12.464708
12.464689
12.464670
12.464652
12.464633
12.464614
12.464595
12.464575
12.464556
12.464536
12.464517
12.464497
12.464476
12.464456
12.464435
12.464414
12.464393
12.464372
12.464350
12.464328
12.464305
12.464282
12.464259
12.464235
12.464211
12.464186
12.464161
12.464135
12.464109
12.464082
12.464054
12.464025
12.463995
12.463965
12.463933
12.463901
12.463867
12.463832
12.463796
12.463758
12.463718
12.463676
12.463633
12.463587
12.463538
12.463486
12.463431
12.463372
12.463307
12.463238
12.463161
12.463075
12.462979
12.462870
12.462741
12.462586
12.462392
12.462137
12.461773
12.461190
12.460066
12.457374
12.453800
12.452418
12.445121
12.460692
12.458545
12.438598
12.667185
12.610755
12.539358
12.463972
12.463936
12.463901
12.463864
12.463826
12.463788
12.463749
12.463708
12.463666
12.463623
12.463579
12.463533
12.463485
12.463434
12.463382
12.463327
12.463269
12.463207
12.463142
12.463073
12.462998
12.462918
12.462830
12.462735
12.462630
12.462512
12.462379
12.462226
12.462048
12.461833
12.461566
12.461221
12.460746
12.460033
12.458820
12.456351
12.451377
12.450495
12.446063
12.443343
12.434765
12.423832
12.404114
12.408724
12.453826
12.396479
12.395142
12.367528
12.456222
12.424807
12.734165
12.422337
12.276380
12.270157
12.266324
12.263300
12.260800
12.258695
12.256902
12.255354
12.254002
12.252805
12.251735
12.250772
12.249899
12.249104
12.248379
12.247713
12.247101
12.246537
12.246014
12.245530
12.245079
12.244659
12.244266
12.243899
12.243554
12.243229
12.242924
12.242636
12.242363
12.242105
12.241860
12.241628
12.241406
12.241196
12.240994
12.240802
12.240617
12.240440
12.240271
12.240107
12.239949
12.239797
12.239650
12.239507
12.239368
12.239233
12.239102
12.238972
12.238846
12.238721
12.238598
12.238475
12.238353
12.238230
12.238107
12.237981
12.237852
12.237719
12.237580
12.237433
12.237275
12.237102
12.236908
12.236687
12.236426
12.236106
12.235691
12.235114
12.234211
12.232468
12.227282
12.246215
12.228475
12.212030
15.123295
15.562359
13.798053
13.794325
13.791078
13.788220
13.785682
13.783410
13.781363
13.779507
13.777814
13.776263
13.774835
13.773516
13.772292
13.771153
13.770089
13.769093
13.768158
13.767278
13.766448
13.765663
13.764919
13.764212
13.763541
13.762901
13.762291
13.761707
13.761149
13.760614
13.760101
13.759608
13.759133
13.758676
13.758236
13.757811
13.757400
13.757003
13.756619
13.756247
13.755886
13.755536
13.755197
13.754866
13.754545
13.754233
13.753929
13.753632
13.753343
13.753061
13.752786
13.752517
13.752254
13.751997
13.751746
13.751500
13.751259
13.751023
13.750792
13.750565
13.750343
13.750124
13.749910
13.749699
13.749492
13.749289
13.749089
13.748892
13.748699
13.748508
13.748321
13.748136
13.747954
13.747775
13.747598
13.747424
13.747252
13.747082
13.746915
13.746750
13.746586
13.746425
13.746266
13.746109
13.745954
13.745800
13.745648
13.745498
13.745350
13.745203
13.745058
13.744914
13.744772
13.744631
13.744492
13.744354
13.744217
13.744082
13.743948
13.743815
13.743683
13.743553
13.743424
13.743295
13.743169
13.743043
13.742918
13.742794
13.742672
13.742550
13.742429
13.742310
13.742191
13.742073
13.741957
13.741841
13.741726
13.741612
13.741498
13.741386
13.741275
13.741164
13.741054
13.740945
13.740837
13.740730
13.740624
13.740518
13.740413
13.740309
13.740206
13.740103
13.740001
13.739900
13.739800
13.739700
13.739602
13.739504
13.739406
13.739310
13.739214
13.739119
13.739024
13.738931
13.738838
13.738746
13.738654
13.738563
13.738473
13.738384
13.738295
13.738207
13.738120
13.738033
13.737948
13.737862
13.737778
13.737694
13.737611
13.737529
13.737447
13.737366
13.737286
13.737207
13.737128
13.737050
13.736972
13.736896
13.736820
13.736744
13.736670
13.736596
13.736523
13.736450
13.736378
13.736307
13.736237
13.736167
13.736098
13.736029
13.735961
13.735894
13.735828
13.735762
13.735697
13.735633
13.735569
13.735506
13.735443
13.735381
13.735320
13.735259
13.735199
13.735139
13.735081
13.735022
13.734964
13.734907
13.734851
13.734794
13.734739
13.734684
13.734629
13.734575
13.734521
13.734468
13.734415
13.734363
13.734311
13.734259
13.734208
13.734157
13.734106
13.734055
13.734005
13.733955
13.733905
13.733855
13.733806
13.733756
13.733706
13.733657
13.733607
13.733557
13.733507
13.733457
13.733406
13.733355
13.733303
13.733251
13.733199
13.733145
13.733091
13.733036
13.732980
13.732923
13.732865
13.732805
13.732744
13.732681
13.732617
13.732550
13.732481
13.732409
13.732334
13.732257
13.732176
13.732091
13.732003
13.731909
13.731811
13.731707
13.731597
13.731479
13.731355
13.731221
13.731078
13.730924
13.730757
13.730577
13.730382
13.730168
13.729935
13.729678
13.729394
13.729080
13.728731
13.728340
13.727900
13.727403
13.726839
13.726195
13.725455
13.724600
13.723608
13.722448
13.721087
13.719481
13.717577
13.715312
13.712609
13.709380
13.705540
13.701051
13.695970
13.690300
13.683587
13.675019
13.663720
13.648480
13.627404
13.597514
13.554164
13.490367
13.397461
13.268402
13.100268
12.886353
12.713706
12.610045
12.545461
12.501569
12.444703
12.544227
12.515243
12.509463
12.519340
12.441139
12.489264
12.488402
12.473172
12.460557
13.690899
12.475571
12.464112
12.463244
12.457926
12.453895
12.450429
12.447282
12.444355
12.441601
12.438995
12.436517
12.434152
12.431885
12.429702
12.427591
12.425535
12.423515
12.421505
12.419468
12.417334
12.414959
12.411963
12.406899
13.330691
13.732196
13.624688
12.551844
12.536304
12.407102
12.942302
13.257499
13.248750
13.114786
12.418977
13.401231
12.644259
12.708872
12.522355
13.543004
12.390277
13.015029
12.651272
12.648166
12.646119
12.644593
12.643363
12.642317
12.641390
12.640544
12.639750
12.638991
12.638251
12.637512
12.636750
12.635915
12.634844
12.632343
12.402919
12.693325
12.374868
12.596037
12.396738
12.383028
12.382032
12.381043
12.380055
12.379066
12.378072
12.377071
12.376062
12.375042
12.374011
12.372966
12.371907
12.370832
12.369741
12.368632
12.367505
12.366360
12.365195
12.364011
12.362807
12.361583
12.360341
12.359080
12.357803
12.356510
12.355205
12.353889
12.352568
12.351244
12.349924
12.348613
12.347318
12.346048
12.344809
12.343611
12.342463
12.341374
12.340351
12.339402
12.338532
12.337745
12.337043
12.336425
12.335887
12.335425
12.335033
12.334703
12.334426
12.334194
12.334000
12.333835
12.333695
12.333573
12.333465
12.333367
12.333276
12.333191
12.333110
12.333032
12.332955
12.332880
12.332806
12.332732
12.332659
12.332587
12.332516
12.332444
12.332374
12.332304
12.332235
12.332167
12.332099
12.332032
12.331967
12.331901
12.331837
12.331774
12.331711
12.331650
12.331589
12.331529
12.331470
12.331412
12.331355
12.331299
12.331244
12.331189
12.331136
12.331083
12.331031
12.330980
12.330929
12.330880
12.330831
12.330783
12.330736
12.330689
12.330644
12.330599
12.330554
12.330511
12.330468
12.330425
12.330384
12.330343
12.330302
12.330263
12.330223
12.330185
12.330147
12.330109
12.330072
12.330036
12.330000
12.329965
12.329930
12.329896
12.329862
12.329829
12.329796
12.329763
12.329731
12.329700
12.329669
12.329638
12.329608
12.329578
12.329548
12.329519
12.329491
12.329462
12.329434
12.329406
12.329379
12.329352
12.329325
12.329299
12.329273
12.329247
12.329222
12.329197
12.329172
12.329147
12.329123
12.329099
12.329075
12.329052
12.329029
12.329006
12.328983
12.328960
12.328938
12.328916
12.328894
12.328873
12.328851
12.328830
12.328809
12.328789
12.328768
12.328748
12.328727
12.328708
12.328688
12.328668
12.328649
12.328630
12.328610
12.328592
12.328573
12.328554
12.328536
12.328518
12.328500
12.328482
12.328464
12.328446
12.328429
12.328411
12.328394
12.328377
12.328360
12.328343
12.328327
12.328310
12.328294
12.328277
12.328261
12.328245
12.328229
12.328213
12.328198
12.328182
12.328167
12.328151
12.328136
12.328121
12.328106
12.328091
12.328076
12.328061
12.328047
12.328032
12.328018
12.328003
12.327989
12.327975
12.327961
12.327947
12.327933
12.327919
12.327905
12.327892
12.327878
12.327865
12.327851
12.327838
12.327825
12.327812
12.327798
12.327785
12.327772
12.327760
12.327747
12.327734
12.327721
12.327709
12.327696
12.327684
12.327672
12.327659
12.327647
12.327635
12.327623
12.327611
12.327599
12.327587
12.327575
12.327563
12.327551
12.327540
12.327528
12.327517
12.327505
12.327494
12.327482
12.327471
12.327460
12.327448
12.327437
12.327426
12.327415
12.327404
12.327393
12.327382
12.327371
12.327361
12.327350
12.327339
12.327329
12.327318
12.327307
12.327297
12.327286
12.327276
12.327266
12.327255
12.327245
12.327235
12.327225
12.327215
12.327204
12.327194
12.327184
12.327174
12.327165
12.327155
12.327145
12.327135
12.327125
12.327116
12.327106
12.327096
12.327087
12.327077
12.327068
12.327058
12.327049
12.327039
12.327030
12.327021
12.327011
12.327002
12.326993
12.326984
12.326975
12.326965
12.326956
12.326947
12.326938
12.326929
12.326920
12.326912
12.326903
12.326894
12.326885
12.326876
12.326868
12.326859
12.326850
12.326842
12.326833
12.326825
12.326816
12.326807
12.326799
12.326791
12.326782
12.326774
12.326765
12.326757
12.326749
12.326741
12.326732
12.326724
12.326716
12.326708
12.326700
12.326692
12.326684
12.326675
12.326667
12.326659
12.326652
12.326644
12.326636
12.326628
12.326620
12.326612
12.326604
12.326597
12.326589
12.326581
12.326573
12.326566
12.326558
12.326550
12.326543
12.326535
12.326528
12.326520
12.326512
12.326505
12.326497
12.326490
12.326482
12.326475
12.326468
12.326460
12.326453
12.326445
12.326438
12.326431
12.326423
12.326416
12.326409
12.326402
12.326394
12.326387
12.326380
12.326373
12.326366
12.326358
12.326351
12.326344
12.326337
12.326330
12.326323
12.326316
12.326308
12.326301
12.326294
12.326287
12.326280
12.326273
12.326266
12.326259
12.326252
12.326245
12.326238
12.326231
12.326224
12.326217
12.326210
12.326203
12.326196
12.326189
12.326182
12.326175
12.326168
12.326161
12.326154
12.326147
12.326139
12.326132
12.326125
12.326118
12.326111
12.326104
12.326097
12.326090
12.326083
12.326076
12.326068
12.326061
12.326054
12.326047
12.326040
12.326032
12.326025
12.326018
12.326010
12.326003
12.325996
12.325988
12.325981
12.325973
12.325966
12.325958
12.325951
12.325943
12.325935
12.325927
12.325920
12.325912
12.325904
12.325896
12.325888
12.325880
12.325871
12.325863
12.325855
12.325846
12.325838
12.325829
12.325820
12.325811
12.325803
12.325793
12.325784
12.325775
12.325766
12.325756
12.325746
12.325736
12.325726
12.325716
12.325706
12.325695
12.325684
12.325673
12.325662
12.325650
12.325639
12.325627
12.325614
12.325601
12.325588
12.325575
12.325561
12.325547
12.325532
12.325517
12.325502
12.325485
12.325469
12.325451
12.325433
12.325414
12.325394
12.325374
12.325352
12.325329
12.325305
12.325280
12.325253
12.325225
12.325195
12.325162
12.325128
12.325091
12.325051
12.325007
12.324960
12.324908
12.324851
12.324787
12.324716
12.324636
12.324545
12.324440
12.324317
12.324170
12.323993
12.323773
12.323491
12.323112
12.322571
12.321722
12.320142
12.315770
12.036609
12.984637
13.421644
13.292163
13.285259
13.277986
12.222567
13.790979
13.680327
13.673610
13.668130
13.663460
13.659152
13.653629
12.496486
13.051227
12.865007
12.742151
12.735922
12.735876
12.735833
12.735791
12.735750
12.735710
12.735670
12.735629
12.735588
12.735544
12.735497
12.735445
12.735385
12.735313
12.735221
12.735093
12.734889
12.734474
12.732970
12.627174
12.469960
12.469509
12.469085
12.468688
12.468317
12.467970
12.467648
12.467348
12.467071
12.466816
12.466582
12.466367
12.466171
12.465993
12.465831
12.465686
12.465554
12.465437
12.465331
12.465237
12.465154
12.465080
12.465014
12.464956
12.464904
12.464859
12.464819
12.464783
12.464752
12.464724
12.464699
12.464676
12.464656
12.464637
12.464620
12.464604
12.464589
12.464574
12.464559
12.464544
12.464529
12.464513
12.464496
12.464477
12.464456
12.464432
12.464403
12.464367
12.464321
12.464257
12.464160
12.463987
12.463571
12.461166
12.327089
12.326824
12.326641
12.326493
12.326371
12.326268
12.326181
12.326107
12.326044
12.325990
12.325945
12.325906
12.325873
12.325844
12.325819
12.325797
12.325778
12.325760
12.325745
12.325731
12.325718
12.325706
12.325694
12.325684
12.325673
12.325663
12.325653
12.325644
12.325635
12.325625
12.325616
12.325607
12.325598
12.325589
12.325580
12.325571
12.325562
12.325553
12.325544
12.325535
12.325526
12.325516
12.325507
12.325498
12.325489
12.325479
12.325470
12.325460
12.325451
12.325441
12.325431
12.325421
12.325411
12.325401
12.325391
12.325381
12.325371
12.325360
12.325350
12.325339
12.325328
12.325317
12.325305
12.325294
12.325282
12.325270
12.325258
12.325246
12.325233
12.325220
12.325207
12.325193
12.325179
12.325164
12.325149
12.325134
12.325118
12.325102
12.325084
12.325067
12.325048
12.325029
12.325009
12.324987
12.324965
12.324942
12.324917
12.324890
12.324862
12.324832
12.324800
12.324766
12.324728
12.324688
12.324643
12.324594
12.324539
12.324479
12.324410
12.324332
12.324241
12.324135
12.324008
12.323853
12.323658
12.323404
12.323056
12.322543
12.321692
12.319937
12.313282
11.874865
13.777464
12.531594
14.629510
12.881168
12.763182
12.605288
12.736296
12.420774
11.973601
11.503237
12.234488
12.085940
12.044308
11.660139
12.139668
11.626796
11.335880
12.363529
12.334323
12.330160
12.326167
12.317509
11.626065
12.014257
11.934746
11.594638
11.653871
12.307567
11.431314
11.568513
10.055722
12.089627
10.118116
11.470362
10.101010
10.529819
9.494133
9.260288
10.185465
13.341638
12.946626
11.420970
10.733779
10.606731
10.407989
10.320929
9.979027
11.917842
12.520645
11.152987
10.582849
9.655301
9.696864
10.608151
10.688847
12.542081
13.135755
11.551657
11.708170
13.121668
12.485836
13.052893
13.672596
13.418340
13.494450
12.697850
11.834445
12.179550
11.866498
11.616383
11.502945
11.939667
11.144229
11.092230
10.536248
11.039787
10.988876
10.945660
12.287508
10.485385
10.172246
10.250613
10.120993
10.497221
10.610129
10.782792
10.407041
9.979929
11.495182
10.120774
10.049707
11.930210
10.558013
12.024869
11.452756
11.309402
11.159670
10.128457
9.709176
10.268153
11.570986
9.530886
10.506795
9.632348
10.087522
9.808536
11.071147
10.323038
9.786080
11.052251
10.195906
10.184487
10.640906
12.806436
11.247327
10.478849
10.967019
10.990884
11.395270
10.795441
10.786680
10.784099
10.781112
10.773881
10.402861
11.627474
12.081254
10.824579
11.861363
11.745293
11.316945
11.310728
11.325154
11.187979
11.027634
11.258894
11.002836
11.510498
10.110497
9.319727
10.322691
11.653342
12.148497
12.727006
12.295606
11.669275
12.471618
12.527595
12.507294
12.495769
12.488491
12.483562
12.480053
12.477459
12.475483
12.473942
12.472715
12.471721
12.470904
12.470223
12.469649
12.469160
12.468739
12.468372
12.468050
12.467765
12.467511
12.467281
12.467073
12.466882
12.466705
12.466539
12.466383
12.466233
12.466088
12.465945
12.465802
12.465656
12.465502
12.465334
12.465144
12.464914
12.464609
12.464132
12.463070
12.470685
12.461346
12.330570
12.330037
12.328876
12.327271
12.322866
12.189478
11.380630
11.063248
12.509968
13.245002
12.711198
11.165821
11.152412
11.142562
11.135303
11.130237
11.126822
11.124542
11.122995
11.121907
11.121106
11.120488
11.119990
11.119577
11.119223
11.118915
11.118641
11.118396
11.118173
11.117968
11.117779
11.117603
11.117439
11.117283
11.117136
11.116996
11.116862
11.116734
11.116609
11.116488
11.116371
11.116256
11.116142
11.116030
11.115919
11.115807
11.115695
11.115583
11.115469
11.115352
11.115233
11.115111
11.114986
11.114856
11.114722
11.114583
11.114439
11.114290
11.114135
11.113975
11.113809
11.113636
11.113458
11.113274
11.113084
11.112888
11.112686
11.112478
11.112264
11.112044
11.111818
11.111585
11.111345
11.111097
11.110841
11.110576
11.110301
11.110014
11.109713
11.109394
11.109053
11.108685
11.108246
11.107919
11.106366
11.141831
12.477460
14.887906
13.506947
13.645873
11.607467
13.665999
12.944473
12.753679
12.273402
12.152131
12.017605
12.036315
12.195078
12.384714
12.338937
12.530944
13.215801
12.272358
12.298674
12.349788
12.123209
12.686929
12.774025
12.512436
13.013440
12.804536
12.321850
11.906894
11.789586
12.100236
12.013060
11.965278
12.083163
11.840314
11.662879
12.321990
11.692031
11.642692
11.631390
12.828324
12.546106
12.616232
11.628902
11.578116
11.572900
11.568668
11.564288
11.569849
11.570089
11.566484
11.568111
11.568307
11.567160
11.565512
11.563115
11.560411
11.558262
11.554836
11.568592
11.575520
11.564028
11.560327
11.560725
11.561982
11.559566
11.556608
11.555578
11.556300
11.557421
11.560403
11.559508
11.557587
11.554309
11.554378
11.555924
11.552828
11.546428
11.568899
11.588603
11.548326
11.549488
11.564080
11.557372
11.555241
11.553026
11.555378
11.551845
11.552080
11.555190
11.551785
11.556002
11.559929
11.559543
11.559062
11.558496
11.557874
11.557203
11.556460
11.555583
11.554416
11.552525
11.548909
11.551787
11.555230
11.555056
11.554633
11.554024
11.553227
11.552166
11.550609
11.547855
11.542368
11.539634
11.542049
11.909040
11.894028
11.893314
11.892729
11.892059
11.891192
11.889883
11.887297
11.885637
11.886724
11.883347
11.883305
11.883233
11.888532
11.885258
11.882696
11.884112
11.883910
11.888232
11.887917
11.887064
11.885203
11.881509
11.882422
11.886313
11.885361
11.883389
11.879377
11.877399
11.876944
11.874759
11.872811
11.875383
11.874356
11.875110
11.881320
11.876250
11.877058
11.878016
11.871430
11.866724
11.982869
12.867551
11.930792
12.220063
12.618546
12.165958
12.520374
12.112919
11.936884
11.547519
11.503839
12.103911
11.728728
11.356447
11.287677
11.741192
13.559460
13.250988
13.159592
13.550789
13.050106
13.125720
12.855349
12.829708
12.737650
12.721413
12.599586
12.655215
12.593450
12.547713
12.548536
12.520819
12.240453
12.195556
12.081023
12.794513
11.984110
11.251618
11.085045
10.586377
10.526202
10.487340
10.415673
10.383510
10.284774
10.233390
10.353701
11.616802
10.900772
11.492637
11.296637
11.351909
12.045981
12.655840
12.637870
12.627971
12.621691
12.617389
12.614287
12.611965
12.610177
12.608767
12.607635
12.606711
12.605946
12.605307
12.604767
12.604306
12.603911
12.603568
12.603269
12.603008
12.602777
12.602573
12.602392
12.602229
12.602084
12.601953
12.601834
12.601727
12.601629
12.601540
12.601459
12.601384
12.601315
12.601252
12.601193
12.601139
12.601088
12.601041
12.600998
12.600957
12.600919
12.600883
12.600849
12.600817
12.600788
12.600759
12.600733
12.600708
12.600684
12.600661
12.600639
12.600619
12.600599
12.600581
12.600563
12.600546
12.600529
12.600514
12.600499
12.600484
12.600470
12.600457
12.600444
12.600432
12.600420
12.600408
12.600397
12.600386
12.600376
12.600366
12.600356
12.600346
12.600337
12.600328
12.600319
12.600311
12.600303
12.600295
12.600287
12.600279
12.600272
12.600265
12.600257
12.600251
12.600244
12.600237
12.600231
12.600225
12.600218
12.600212
12.600207
12.600201
12.600195
12.600190
12.600184
12.600179
12.600174
12.600169
12.600164
12.600159
12.600154
12.600149
12.600144
12.600140
12.600135
12.600131
12.600126
12.600122
12.600118
12.600114
12.600110
12.600106
12.600102
12.600098
12.600094
12.600090
12.600086
12.600083
12.600079
12.600075
12.600072
12.600068
12.600065
12.600061
12.600058
12.600055
12.600052
12.600048
12.600045
12.600042
12.600039
12.600036
12.600033
12.600030
12.600027
12.600024
12.600021
12.600018
12.600015
12.600012
12.600009
12.600007
12.600004
12.600001
12.599999
12.599996
12.599993
12.599991
12.599988
12.599986
12.599983
12.599981
12.599978
12.599976
12.599973
12.599971
12.599968
12.599966
12.599964
12.599961
12.599959
12.599957
12.599955
12.599952
12.599950
12.599948
12.599946
12.599944
12.599942
12.599939
12.599937
12.599935
12.599933
12.599931
12.599929
12.599927
12.599925
12.599923
12.599921
12.599919
12.599917
12.599915
12.599913
12.599911
12.599909
12.599908
12.599906
12.599904
12.599902
12.599900
12.599898
12.599897
12.599895
12.599893
12.599891
12.599889
12.599888
12.599886
12.599884
12.599883
12.599881
12.599879
12.599878
12.599876
12.599874
12.599873
12.599871
12.599869
12.599868
12.599866
12.599865
12.599863
12.599861
12.599860
12.599858
12.599857
12.599855
12.599854
12.599852
12.599851
12.599849
12.599848
12.599846
12.599845
12.599843
12.599842
12.599840
12.599839
12.599838
12.599836
12.599835
12.599833
12.599832
12.599831
12.599829
12.599828
12.599827
12.599825
12.599824
12.599822
12.599821
12.599820
12.599818
12.599817
12.599816
12.599815
12.599813
12.599812
12.599811
12.599809
12.599808
12.599807
12.599806
12.599804
12.599803
12.599802
12.599801
12.599799
12.599798
12.599797
12.599796
12.599795
12.599793
12.599792
12.599791
12.599790
12.599789
12.599788
12.599786
12.599785
12.599784
12.599783
12.599782
12.599781
12.599780
12.599778
12.599777
12.599776
12.599775
12.599774
12.599773
12.599772
12.599771
12.599770
12.599769
12.599767
12.599766
12.599765
12.599764
12.599763
12.599762
12.599761
12.599760
12.599759
12.599758
12.599757
12.599756
12.599755
12.599754
12.599753
12.599752
12.599751
12.599750
12.599749
12.599748
12.599747
12.599746
12.599745
12.599744
12.599743
12.599742
12.599741
12.599740
12.599739
12.599738
12.599737
12.599736
12.599735
12.599734
12.599733
12.599732
12.599731
12.599730
12.599730
12.599729
12.599728
12.599727
12.599726
12.599725
12.599724
12.599723
12.599722
12.599721
12.599720
12.599720
12.599719
12.599718
12.599717
12.599716
12.599715
12.599714
12.599713
12.599712
12.599712
12.599711
12.599710
12.599709
12.599708
12.599707
12.599706
12.599706
12.599705
12.599704
12.599703
12.599702
12.599701
12.599701
12.599700
12.599699
12.599698
12.599697
12.599696
12.599696
12.599695
12.599694
12.599693
12.599692
12.599692
12.599691
12.599690
12.599689
12.599688
12.599688
12.599687
12.599686
12.599685
12.599684
12.599684
12.599683
12.599682
12.599681
12.599681
12.599680
12.599679
12.599678
12.599677
12.599677
12.599676
12.599675
12.599674
12.599674
12.599673
12.599672
12.599671
12.599671
12.599670
12.599669
12.599668
12.599668
12.599667
12.599666
12.599665
12.599665
12.599664
12.599663
12.599663
12.599662
12.599661
12.599660
12.599660
12.599659
12.599658
12.599657
12.599657
12.599656
12.599655
12.599655
12.599654
12.599653
12.599653
12.599652
12.599651
12.599650
12.599650
12.599649
12.599648
12.599648
12.599647
12.599646
12.599646
12.599645
12.599644
12.599644
12.599643
12.599642
12.599641
12.599641
12.599640
12.599639
12.599639
12.599638
12.599637
12.599637
12.599636
12.599635
12.599635
12.599634
12.599633
12.599633
12.599632
12.599631
12.599631
12.599630
12.599630
12.599629
12.599628
12.599628
12.599627
12.599626
12.599626
12.599625
12.599624
12.599624
12.599623
12.599622
12.599622
12.599621
12.599621
12.599620
12.599619
12.599619
12.599618
12.599617
12.599617
12.599616
12.599615
12.599615
12.599614
12.599614
12.599613
12.599612
12.599612
12.599611
12.599611
12.599610
12.599609
12.599609
12.599608
12.599607
12.599607
12.599606
12.599606
12.599605
12.599604
12.599604
12.599603
12.599603
12.599602
12.599601
12.599601
12.599600
12.599600
12.599599
12.599598
12.599598
12.599597
12.599597
12.599596
12.599595
12.599595
12.599594
12.599594
12.599593
12.599593
12.599592
12.599591
12.599591
12.599590
12.599590
12.599589
12.599588
12.599588
12.599587
12.599587
12.599586
12.599586
12.599585
12.599584
12.599584
12.599583
12.599583
12.599582
12.599582
12.599581
12.599580
12.599580
12.599579
12.599579
12.599578
12.599578
12.599577
12.599577
12.599576
12.599575
12.599575
12.599574
12.599574
12.599573
12.599573
12.599572
12.599571
12.599571
12.599570
12.599570
12.599569
12.599569
12.599568
12.599568
12.599567
12.599567
12.599566
12.599565
12.599565
12.599564
12.599564
12.599563
12.599563
12.599562
12.599562
12.599561
12.599561
12.599560
12.599559
12.599559
12.599558
12.599558
12.599557
12.599557
12.599556
12.599556
12.599555
12.599555
12.599554
12.599554
12.599553
12.599553
12.599552
12.599552
12.599551
12.599550
12.599550
12.599549
12.599549
12.599548
12.599548
12.599547
12.599547
12.599546
12.599546
12.599545
12.599545
12.599544
12.599544
12.599543
12.599543
12.599542
12.599542
12.599541
12.599541
12.599540
12.599540
12.599539
12.599539
12.599538
12.599538
12.599537
12.599536
12.599536
12.599535
12.599535
12.599534
12.599534
12.599533
12.599533
12.599532
12.599532
12.599531
12.599531
12.599530
12.599530
12.599529
12.599529
12.599528
12.599528
12.599527
12.599527
12.599526
12.599526
12.599525
12.599525
12.599524
12.599524
12.599523
12.599523
12.599522
12.599522
12.599521
12.599521
12.599520
12.599520
12.599519
12.599519
12.599518
12.599518
12.599517
12.599517
12.599517
12.599516
12.599516
12.599515
12.599515
12.599514
12.599514
12.599513
12.599513
12.599512
12.599512
12.599511
12.599511
12.599510
12.599510
12.599509
12.599509
12.599508
12.599508
12.599507
12.599507
12.599506
12.599506
12.599505
12.599505
12.599504
12.599504
12.599503
12.599503
12.599503
12.599502
12.599502
12.599501
12.599501
12.599500
12.599500
12.599499
12.599499
12.599498
12.599498
12.599497
12.599497
12.599496
12.599496
12.599495
12.599495
12.599494
12.599494
12.599494
12.599493
12.599493
12.599492
12.599492
12.599491
12.599491
12.599490
12.599490
12.599489
12.599489
12.599488
12.599488
12.599487
12.599487
12.599487
12.599486
12.599486
12.599485
12.599485
12.599484
12.599484
12.599483
12.599483
12.599482
12.599482
12.599481
12.599481
12.599481
12.599480
12.599480
12.599479
12.599479
12.599478
12.599478
12.599477
12.599477
12.599476
12.599476
12.599475
12.599475
12.599475
12.599474
12.599474
12.599473
12.599473
12.599472
12.599472
12.599471
12.599471
12.599471
12.599470
12.599470
12.599469
12.599469
12.599468
12.599468
12.599467
12.599467
12.599466
12.599466
12.599466
12.599465
12.599465
12.599464
12.599464
12.599463
12.599463
12.599462
12.599462
12.599462
12.599461
12.599461
12.599460
12.599460
12.599459
12.599459
12.599458
12.599458
12.599458
12.599457
12.599457
12.599456
12.599456
12.599455
12.599455
12.599454
12.599454
12.599454
12.599453
12.599453
12.599452
12.599452
12.599451
12.599451
12.599450
12.599450
12.599450
12.599449
12.599449
12.599448
12.599448
12.599447
12.599447
12.599447
12.599446
12.599446
12.599445
12.599445
12.599444
12.599444
12.599443
12.599443
12.599443
12.599442
12.599442
12.599441
12.599441
12.599440
12.599440
12.599440
12.599439
12.599439
12.599438
12.599438
12.599437
12.599437
12.599437
12.599436
12.599436
12.599435
12.599435
12.599434
12.599434
12.599434
12.599433
12.599433
12.599432
12.599432
12.599431
12.599431
12.599431
12.599430
12.599430
12.599429
12.599429
12.599428
12.599428
12.599428
12.599427
12.599427
12.599426
12.599426
12.599425
12.599425
12.599425
12.599424
12.599424
12.599423
12.599423
12.599422
12.599422
12.599422
12.599421
12.599421
12.599420
12.599420
12.599419
12.599419
12.599419
12.599418
12.599418
12.599417
12.599417
12.599416
12.599416
12.599416
12.599415
12.599415
12.599414
12.599414
12.599414
12.599413
12.599413
12.599412
12.599412
12.599411
12.599411
12.599411
12.599410
12.599410
12.599409
12.599409
12.599409
12.599408
12.599408
12.599407
12.599407
12.599406
12.599406
12.599406
12.599405
12.599405
12.599404
12.599404
12.599404
12.599403
12.599403
12.599402
12.599402
12.599401
12.599401
12.599401
12.599400
12.599400
12.599399
12.599399
12.599399
12.599398
12.599398
12.599397
12.599397
12.599396
12.599396
12.599396
12.599395
12.599395
12.599394
12.599394
12.599394
12.599393
12.599393
12.599392
12.599392
12.599392
12.599391
12.599391
12.599390
12.599390
12.599389
12.599389
12.599389
12.599388
12.599388
12.599387
12.599387
12.599387
12.599386
12.599386
12.599385
12.599385
12.599385
12.599384
12.599384
12.599383
12.599383
12.599383
12.599382
12.599382
12.599381
12.599381
12.599380
12.599380
12.599380
12.599379
12.599379
12.599378
12.599378
12.599378
12.599377
12.599377
12.599376
12.599376
12.599376
12.599375
12.599375
12.599374
12.599374
12.599374
12.599373
12.599373
12.599372
12.599372
12.599372
12.599371
12.599371
12.599370
12.599370
12.599370
12.599369
12.599369
12.599368
12.599368
12.599367
12.599367
12.599367
12.599366
12.599366
12.599365
12.599365
12.599365
12.599364
12.599364
12.599363
12.599363
12.599363
12.599362
12.599362
12.599361
12.599361
12.599361
12.599360
12.599360
12.599359
12.599359
12.599359
12.599358
12.599358
12.599357
12.599357
12.599357
12.599356
12.599356
12.599355
12.599355
12.599355
12.599354
12.599354
12.599353
12.599353
12.599353
12.599352
12.599352
12.599351
12.599351
12.599351
12.599350
12.599350
12.599349
12.599349
12.599349
12.599348
12.599348
12.599347
12.599347
12.599347
12.599346
12.599346
12.599345
12.599345
12.599345
12.599344
12.599344
12.599343
12.599343
12.599343
12.599342
12.599342
12.599342
12.599341
12.599341
12.599340
12.599340
12.599340
12.599339
12.599339
12.599338
12.599338
12.599338
12.599337
12.599337
12.599336
12.599336
12.599336
12.599335
12.599335
12.599334
12.599334
12.599334
12.599333
12.599333
12.599332
12.599332
12.599332
12.599331
12.599331
12.599330
12.599330
12.599330
12.599329
12.599329
12.599328
12.599328
12.599328
12.599327
12.599327
12.599326
12.599326
12.599326
12.599325
12.599325
12.599325
12.599324
12.599324
12.599323
12.599323
12.599323
12.599322
12.599322
12.599321
12.599321
12.599321
12.599320
12.599320
12.599319
12.599319
12.599319
12.599318
12.599318
12.599317
12.599317
12.599317
12.599316
12.599316
12.599316
12.599315
12.599315
12.599314
12.599314
12.599314
12.599313
12.599313
12.599312
12.599312
12.599312
12.599311
12.599311
12.599310
12.599310
12.599310
12.599309
12.599309
12.599308
12.599308
12.599308
12.599307
12.599307
12.599307
12.599306
12.599306
12.599305
12.599305
12.599305
12.599304
12.599304
12.599303
12.599303
12.599303
12.599302
12.599302
12.599301
12.599301
12.599301
12.599300
12.599300
12.599300
12.599299
12.599299
12.599298
12.599298
12.599298
12.599297
12.599297
12.599296
12.599296
12.599296
12.599295
12.599295
12.599294
12.599294
12.599294
12.599293
12.599293
12.599293
12.599292
12.599292
12.599291
12.599291
12.599291
12.599290
12.599290
12.599289
12.599289
12.599289
12.599288
12.599288
12.599288
12.599287
12.599287
12.599286
12.599286
12.599286
12.599285
12.599285
12.599284
12.599284
12.599284
12.599283
12.599283
12.599282
12.599282
12.599282
12.599281
12.599281
12.599281
12.599280
12.599280
12.599279
12.599279
12.599279
12.599278
12.599278
12.599277
12.599277
12.599277
12.599276
12.599276
12.599276
12.599275
12.599275
12.599274
12.599274
12.599274
12.599273
12.599273
12.599272
12.599272
12.599272
12.599271
12.599271
12.599271
12.599270
12.599270
12.599269
12.599269
12.599269
12.599268
12.599268
12.599267
12.599267
12.599267
12.599266
12.599266
12.599266
12.599265
12.599265
12.599264
12.599264
12.599264
12.599263
12.599263
12.599262
12.599262
12.599262
12.599261
12.599261
12.599260
12.599260
12.599260
12.599259
12.599259
12.599259
12.599258
12.599258
12.599257
12.599257
12.599257
12.599256
12.599256
12.599256
12.599255
12.599255
12.599254
12.599254
12.599254
12.599253
12.599253
12.599252
12.599252
12.599252
12.599251
12.599251
12.599251
12.599250
12.599250
12.599249
12.599249
12.599249
12.599248
12.599248
12.599247
12.599247
12.599247
12.599246
12.599246
12.599246
12.599245
12.599245
12.599244
12.599244
12.599244
12.599243
12.599243
12.599242
12.599242
12.599242
12.599241
12.599241
12.599241
12.599240
12.599240
12.599239
12.599239
12.599239
12.599238
12.599238
12.599237
12.599237
12.599237
12.599236
12.599236
12.599236
12.599235
12.599235
12.599234
12.599234
12.599234
12.599233
12.599233
12.599232
12.599232
12.599232
12.599231
12.599231
12.599231
12.599230
12.599230
12.599229
12.599229
12.599229
12.599228
12.599228
12.599227
12.599227
12.599227
12.599226
12.599226
12.599226
12.599225
12.599225
12.599224
12.599224
12.599224
12.599223
12.599223
12.599223
12.599222
12.599222
12.599221
12.599221
12.599221
12.599220
12.599220
12.599219
12.599219
12.599219
12.599218
12.599218
12.599218
12.599217
12.599217
12.599216
12.599216
12.599216
12.599215
12.599215
12.599214
12.599214
12.599214
12.599213
12.599213
12.599213
12.599212
12.599212
12.599211
12.599211
12.599211
12.599210
12.599210
12.599209
12.599209
12.599209
12.599208
12.599208
12.599208
12.599207
12.599207
12.599206
12.599206
12.599206
12.599205
12.599205
12.599205
12.599204
12.599204
12.599203
12.599203
12.599203
12.599202
12.599202
12.599201
12.599201
12.599201
12.599200
12.599200
12.599200
12.599199
12.599199
12.599198
12.599198
12.599198
12.599197
12.599197
12.599196
12.599196
12.599196
12.599195
12.599195
12.599195
12.599194
12.599194
12.599193
12.599193
12.599193
12.599192
12.599192
12.599191
12.599191
12.599191
12.599190
12.599190
12.599190
12.599189
12.599189
12.599188
12.599188
12.599188
12.599187
12.599187
12.599187
12.599186
12.599186
12.599185
12.599185
12.599185
12.599184
12.599184
12.599183
12.599183
12.599183
12.599182
12.599182
12.599182
12.599181
12.599181
12.599180
12.599180
12.599180
12.599179
12.599179
12.599178
12.599178
12.599178
12.599177
12.599177
12.599177
12.599176
12.599176
12.599175
12.599175
12.599175
12.599174
12.599174
12.599173
12.599173
12.599173
12.599172
12.599172
12.599172
12.599171
12.599171
12.599170
12.599170
12.599170
12.599169
12.599169
12.599168
12.599168
12.599168
12.599167
12.599167
12.599167
12.599166
12.599166
12.599165
12.599165
12.599165
12.599164
12.599164
12.599163
12.599163
12.599163
12.599162
12.599162
12.599162
12.599161
12.599161
12.599160
12.599160
12.599160
12.599159
12.599159
12.599158
12.599158
12.599158
12.599157
12.599157
12.599157
12.599156
12.599156
12.599155
12.599155
12.599155
12.599154
12.599154
12.599153
12.599153
12.599153
12.599152
12.599152
12.599152
12.599151
12.599151
12.599150
12.599150
12.599150
12.599149
12.599149
12.599148
12.599148
12.599148
12.599147
12.599147
12.599147
12.599146
12.599146
12.599145
12.599145
12.599145
12.599144
12.599144
12.599143
12.599143
12.599143
12.599142
12.599142
12.599142
12.599141
12.599141
12.599140
12.599140
12.599140
12.599139
12.599139
12.599138
12.599138
12.599138
12.599137
12.599137
12.599136
12.599136
12.599136
12.599135
12.599135
12.599135
12.599134
12.599134
12.599133
12.599133
12.599133
12.599132
12.599132
12.599131
12.599131
12.599131
12.599130
12.599130
12.599130
12.599129
12.599129
12.599128
12.599128
12.599128
12.599127
12.599127
12.599126
12.599126
12.599126
12.599125
12.599125
12.599124
12.599124
12.599124
12.599123
12.599123
12.599123
12.599122
12.599122
12.599121
12.599121
12.599121
12.599120
12.599120
12.599119
12.599119
12.599119
12.599118
12.599118
12.599117
12.599117
12.599117
12.599116
12.599116
12.599116
12.599115
12.599115
12.599114
12.599114
12.599114
12.599113
12.599113
12.599112
12.599112
12.599112
12.599111
12.599111
12.599110
12.599110
12.599110
12.599109
12.599109
12.599109
12.599108
12.599108
12.599107
12.599107
12.599107
12.599106
12.599106
12.599105
12.599105
12.599105
12.599104
12.599104
12.599103
12.599103
12.599103
12.599102
12.599102
12.599102
12.599101
12.599101
12.599100
12.599100
12.599100
12.599099
12.599099
12.599098
12.599098
12.599098
12.599097
12.599097
12.599096
12.599096
12.599096
12.599095
12.599095
12.599094
12.599094
12.599094
12.599093
12.599093
12.599093
12.599092
12.599092
12.599091
12.599091
12.599091
12.599090
12.599090
12.599089
12.599089
12.599089
12.599088
12.599088
12.599087
12.599087
12.599087
12.599086
12.599086
12.599085
12.599085
12.599085
12.599084
12.599084
12.599083
12.599083
12.599083
12.599082
12.599082
12.599082
12.599081
12.599081
12.599080
12.599080
12.599080
12.599079
12.599079
12.599078
12.599078
12.599078
12.599077
12.599077
12.599076
12.599076
12.599076
12.599075
12.599075
12.599074
12.599074
12.599074
12.599073
12.599073
12.599072
12.599072
12.599072
12.599071
12.599071
12.599070
12.599070
12.599070
12.599069
12.599069
12.599069
12.599068
12.599068
12.599067
12.599067
12.599067
12.599066
12.599066
12.599065
12.599065
12.599065
12.599064
12.599064
12.599063
12.599063
12.599063
12.599062
12.599062
12.599061
12.599061
12.599061
12.599060
12.599060
12.599059
12.599059
12.599059
12.599058
12.599058
12.599057
12.599057
12.599057
12.599056
12.599056
12.599055
12.599055
12.599055
12.599054
12.599054
12.599053
12.599053
12.599053
12.599052
12.599052
12.599051
12.599051
12.599051
12.599050
12.599050
12.599049
12.599049
12.599049
12.599048
12.599048
12.599047
12.599047
12.599047
12.599046
12.599046
12.599045
12.599045
12.599045
12.599044
12.599044
12.599044
12.599043
12.599043
12.599042
12.599042
12.599042
12.599041
12.599041
12.599040
12.599040
12.599040
12.599039
12.599039
12.599038
12.599038
12.599038
12.599037
12.599037
12.599036
12.599036
12.599036
12.599035
12.599035
12.599034
12.599034
12.599033
12.599033
12.599033
12.599032
12.599032
12.599031
12.599031
12.599031
12.599030
12.599030
12.599029
12.599029
12.599029
12.599028
12.599028
12.599027
12.599027
12.599027
12.599026
12.599026
12.599025
12.599025
12.599025
12.599024
12.599024
12.599023
12.599023
12.599023
12.599022
12.599022
12.599021
12.599021
12.599021
12.599020
12.599020
12.599019
12.599019
12.599019
12.599018
12.599018
12.599017
12.599017
12.599017
12.599016
12.599016
12.599015
12.599015
12.599015
12.599014
12.599014
12.599013
12.599013
12.599013
12.599012
12.599012
12.599011
12.599011
12.599011
12.599010
12.599010
12.599009
12.599009
12.599008
12.599008
12.599008
12.599007
12.599007
12.599006
12.599006
12.599006
12.599005
12.599005
12.599004
12.599004
12.599004
12.599003
12.599003
12.599002
12.599002
12.599002
12.599001
12.599001
12.599000
12.599000
12.599000
12.598999
12.598999
12.598998
12.598998
12.598998
12.598997
12.598997
12.598996
12.598996
12.598995
12.598995
12.598995
12.598994
12.598994
12.598993
12.598993
12.598993
12.598992
12.598992
12.598991
12.598991
12.598991
12.598990
12.598990
12.598989
12.598989
12.598989
12.598988
12.598988
12.598987
12.598987
12.598986
12.598986
12.598986
12.598985
12.598985
12.598984
12.598984
12.598984
12.598983
12.598983
12.598982
12.598982
12.598982
12.598981
12.598981
12.598980
12.598980
12.598979
12.598979
12.598979
12.598978
12.598978
12.598977
12.598977
12.598977
12.598976
12.598976
12.598975
12.598975
12.598975
12.598974
12.598974
12.598973
12.598973
12.598972
12.598972
12.598972
12.598971
12.598971
12.598970
12.598970
12.598970
12.598969
12.598969
12.598968
12.598968
12.598968
12.598967
12.598967
12.598966
12.598966
12.598965
12.598965
12.598965
12.598964
12.598964
12.598963
12.598963
12.598963
12.598962
12.598962
12.598961
12.598961
12.598960
12.598960
12.598960
12.598959
12.598959
12.598958
12.598958
12.598958
12.598957
12.598957
12.598956
12.598956
12.598955
12.598955
12.598955
12.598954
12.598954
12.598953
12.598953
12.598953
12.598952
12.598952
12.598951
12.598951
12.598950
12.598950
12.598950
12.598949
12.598949
12.598948
12.598948
12.598948
12.598947
12.598947
12.598946
12.598946
12.598945
12.598945
12.598945
12.598944
12.598944
12.598943
12.598943
12.598943
12.598942
12.598942
12.598941
12.598941
12.598940
12.598940
12.598940
12.598939
12.598939
12.598938
12.598938
12.598937
12.598937
12.598937
12.598936
12.598936
12.598935
12.598935
12.598935
12.598934
12.598934
12.598933
12.598933
12.598932
12.598932
12.598932
12.598931
12.598931
12.598930
12.598930
12.598929
12.598929
12.598929
12.598928
12.598928
12.598927
12.598927
12.598927
12.598926
12.598926
12.598925
12.598925
12.598924
12.598924
12.598924
12.598923
12.598923
12.598922
12.598922
12.598921
12.598921
12.598921
12.598920
12.598920
12.598919
12.598919
12.598918
12.598918
12.598918
12.598917
12.598917
12.598916
12.598916
12.598915
12.598915
12.598915
12.598914
12.598914
12.598913
12.598913
12.598912
12.598912
12.598912
12.598911
12.598911
12.598910
12.598910
12.598910
12.598909
12.598909
12.598908
12.598908
12.598907
12.598907
12.598907
12.598906
12.598906
12.598905
12.598905
12.598904
12.598904
12.598904
12.598903
12.598903
12.598902
12.598902
12.598901
12.598901
12.598901
12.598900
12.598900
12.598899
12.598899
12.598898
12.598898
12.598898
12.598897
12.598897
12.598896
12.598896
12.598895
12.598895
12.598894
12.598894
12.598894
12.598893
12.598893
12.598892
12.598892
12.598891
12.598891
12.598891
12.598890
12.598890
12.598889
12.598889
12.598888
12.598888
12.598888
12.598887
12.598887
12.598886
12.598886
12.598885
12.598885
12.598885
12.598884
12.598884
12.598883
12.598883
12.598882
12.598882
12.598882
12.598881
12.598881
12.598880
12.598880
12.598879
12.598879
12.598879
12.598878
12.598878
12.598877
12.598877
12.598876
12.598876
12.598875
12.598875
12.598875
12.598874
12.598874
12.598873
12.598873
12.598872
12.598872
12.598872
12.598871
12.598871
12.598870
12.598870
12.598869
12.598869
12.598869
12.598868
12.598868
12.598867
12.598867
12.598866
12.598866
12.598865
12.598865
12.598865
12.598864
12.598864
12.598863
12.598863
12.598862
12.598862
12.598862
12.598861
12.598861
12.598860
12.598860
12.598859
12.598859
12.598858
12.598858
12.598858
12.598857
12.598857
12.598856
12.598856
12.598855
12.598855
12.598854
12.598854
12.598854
12.598853
12.598853
12.598852
12.598852
12.598851
12.598851
12.598851
12.598850
12.598850
12.598849
12.598849
12.598848
12.598848
12.598847
12.598847
12.598847
12.598846
12.598846
12.598845
12.598845
12.598844
12.598844
12.598843
12.598843
12.598843
12.598842
12.598842
12.598841
12.598841
12.598840
12.598840
12.598839
12.598839
12.598839
12.598838
12.598838
12.598837
12.598837
12.598836
12.598836
12.598836
12.598835
12.598835
12.598834
12.598834
12.598833
12.598833
12.598832
12.598832
12.598832
12.598831
12.598831
12.598830
12.598830
12.598829
12.598829
12.598828
12.598828
12.598827
12.598827
12.598827
12.598826
12.598826
12.598825
12.598825
12.598824
12.598824
12.598823
12.598823
12.598823
12.598822
12.598822
12.598821
12.598821
12.598820
12.598820
12.598819
12.598819
12.598819
12.598818
12.598818
12.598817
12.598817
12.598816
12.598816
12.598815
12.598815
12.598815
12.598814
12.598814
12.598813
12.598813
12.598812
12.598812
12.598811
12.598811
12.598811
12.598810
12.598810
12.598809
12.598809
12.598808
12.598808
12.598807
12.598807
12.598806
12.598806
12.598806
12.598805
12.598805
12.598804
12.598804
12.598803
12.598803
12.598802
12.598802
12.598801
12.598801
12.598801
12.598800
12.598800
12.598799
12.598799
12.598798
12.598798
12.598797
12.598797
12.598797
12.598796
12.598796
12.598795
12.598795
12.598794
12.598794
12.598793
12.598793
12.598792
12.598792
12.598792
12.598791
12.598791
12.598790
12.598790
12.598789
12.598789
12.598788
12.598788
12.598787
12.598787
12.598787
12.598786
12.598786
12.598785
12.598785
12.598784
12.598784
12.598783
12.598783
12.598782
12.598782
12.598782
12.598781
12.598781
12.598780
12.598780
12.598779
12.598779
12.598778
12.598778
12.598777
12.598777
12.598777
12.598776
12.598776
12.598775
12.598775
12.598774
12.598774
12.598773
12.598773
12.598772
12.598772
12.598772
12.598771
12.598771
12.598770
12.598770
12.598769
12.598769
12.598768
12.598768
12.598767
12.598767
12.598766
12.598766
12.598766
12.598765
12.598765
12.598764
12.598764
12.598763
12.598763
12.598762
12.598762
12.598761
12.598761
12.598761
12.598760
12.598760
12.598759
12.598759
12.598758
12.598758
12.598757
12.598757
12.598756
12.598756
12.598755
12.598755
12.598755
12.598754
12.598754
12.598753
12.598753
12.598752
12.598752
12.598751
12.598751
12.598750
12.598750
12.598749
12.598749
12.598749
12.598748
12.598748
12.598747
12.598747
12.598746
12.598746
12.598745
12.598745
12.598744
12.598744
12.598743
12.598743
12.598743
12.598742
12.598742
12.598741
12.598741
12.598740
12.598740
12.598739
12.598739
12.598738
12.598738
12.598737
12.598737
12.598737
12.598736
12.598736
12.598735
12.598735
12.598734
12.598734
12.598733
12.598733
12.598732
12.598732
12.598731
12.598731
12.598731
12.598730
12.598730
12.598729
12.598729
12.598728
12.598728
12.598727
12.598727
12.598726
12.598726
12.598725
12.598725
12.598724
12.598724
12.598724
12.598723
12.598723
12.598722
12.598722
12.598721
12.598721
12.598720
12.598720
12.598719
12.598719
12.598718
12.598718
12.598717
12.598717
12.598717
12.598716
12.598716
12.598715
12.598715
12.598714
12.598714
12.598713
12.598713
12.598712
12.598712
12.598711
12.598711
12.598710
12.598710
12.598710
12.598709
12.598709
12.598708
12.598708
12.598707
12.598707
12.598706
12.598706
12.598705
12.598705
12.598704
12.598704
12.598703
12.598703
12.598703
12.598702
12.598702
12.598701
12.598701
12.598700
12.598700
12.598699
12.598699
12.598698
12.598698
12.598697
12.598697
12.598696
12.598696
12.598696
12.598695
12.598695
12.598694
12.598694
12.598693
12.598693
12.598692
12.598692
12.598691
12.598691
12.598690
12.598690
12.598689
12.598689
12.598688
12.598688
12.598688
12.598687
12.598687
12.598686
12.598686
12.598685
12.598685
12.598684
12.598684
12.598683
12.598683
12.598682
12.598682
12.598681
12.598681
12.598680
12.598680
12.598680
12.598679
12.598679
12.598678
12.598678
12.598677
12.598677
12.598676
12.598676
12.598675
12.598675
12.598674
12.598674
12.598673
12.598673
12.598672
12.598672
12.598672
12.598671
12.598671
12.598670
12.598670
12.598669
12.598669
12.598668
12.598668
12.598667
12.598667
12.598666
12.598666
12.598665
12.598665
12.598664
12.598664
12.598663
12.598663
12.598663
12.598662
12.598662
12.598661
12.598661
12.598660
12.598660
12.598659
12.598659
12.598658
12.598658
12.598657
12.598657
12.598656
12.598656
12.598655
12.598655
12.598654
12.598654
12.598654
12.598653
12.598653
12.598652
12.598652
12.598651
12.598651
12.598650
12.598650
12.598649
12.598649
12.598648
12.598648
12.598647
12.598647
12.598646
12.598646
12.598646
12.598645
12.598645
12.598644
12.598644
12.598643
12.598643
12.598642
12.598642
12.598641
12.598641
12.598640
12.598640
12.598639
12.598639
12.598638
12.598638
12.598637
12.598637
12.598637
12.598636
12.598636
12.598635
12.598635
12.598634
12.598634
12.598633
12.598633
12.598632
12.598632
12.598631
12.598631
12.598630
12.598630
12.598629
12.598629
12.598628
12.598628
12.598627
12.598627
12.598627
12.598626
12.598626
12.598625
12.598625
12.598624
12.598624
12.598623
12.598623
12.598622
12.598622
12.598621
12.598621
12.598620
12.598620
12.598619
12.598619
12.598618
12.598618
12.598618
12.598617
12.598617
12.598616
12.598616
12.598615
12.598615
12.598614
12.598614
12.598613
12.598613
12.598612
12.598612
12.598611
12.598611
12.598610
12.598610
12.598609
12.598609
12.598609
12.598608
12.598608
12.598607
12.598607
12.598606
12.598606
12.598605
12.598605
12.598604
12.598604
12.598603
12.598603
12.598602
12.598602
12.598601
12.598601
12.598600
12.598600
12.598599
12.598599
12.598599
12.598598
12.598598
12.598597
12.598597
12.598596
12.598596
12.598595
12.598595
12.598594
12.598594
12.598593
12.598593
12.598592
12.598592
12.598591
12.598591
12.598590
12.598590
12.598590
12.598589
12.598589
12.598588
12.598588
12.598587
12.598587
12.598586
12.598586
12.598585
12.598585
12.598584
12.598584
12.598583
12.598583
12.598582
12.598582
12.598581
12.598581
12.598581
12.598580
12.598580
12.598579
12.598579
12.598578
12.598578
12.598577
12.598577
12.598576
12.598576
12.598575
12.598575
12.598574
12.598574
12.598573
12.598573
12.598572
12.598572
12.598572
12.598571
12.598571
12.598570
12.598570
12.598569
12.598569
12.598568
12.598568
12.598567
12.598567
12.598566
12.598566
12.598565
12.598565
12.598564
12.598564
12.598563
12.598563
12.598563
12.598562
12.598562
12.598561
12.598561
12.598560
12.598560
12.598559
12.598559
12.598558
12.598558
12.598557
12.598557
12.598556
12.598556
12.598555
12.598555
12.598555
12.598554
12.598554
12.598553
12.598553
12.598552
12.598552
12.598551
12.598551
12.598550
12.598550
12.598549
12.598549
12.598548
12.598548
12.598547
12.598547
12.598547
12.598546
12.598546
12.598545
12.598545
12.598544
12.598544
12.598543
12.598543
12.598542
12.598542
12.598541
12.598541
12.598540
12.598540
12.598539
12.598539
12.598539
12.598538
12.598538
12.598537
12.598537
12.598536
12.598536
12.598535
12.598535
12.598534
12.598534
12.598533
12.598533
12.598532
12.598532
12.598532
12.598531
12.598531
12.598530
12.598530
12.598529
12.598529
12.598528
12.598528
12.598527
12.598527
12.598526
12.598526
12.598525
12.598525
12.598524
12.598524
12.598524
12.598523
12.598523
12.598522
12.598522
12.598521
12.598521
12.598520
12.598520
12.598519
12.598519
12.598518
12.598518
12.598518
12.598517
12.598517
12.598516
12.598516
12.598515
12.598515
12.598514
12.598514
12.598513
12.598513
12.598512
12.598512
12.598511
12.598511
12.598511
12.598510
12.598510
12.598509
12.598509
12.598508
12.598508
12.598507
12.598507
12.598506
12.598506
12.598505
12.598505
12.598505
12.598504
12.598504
12.598503
12.598503
12.598502
12.598502
12.598501
12.598501
12.598500
12.598500
12.598499
12.598499
12.598498
12.598498
12.598498
12.598497
12.598497
12.598496
12.598496
12.598495
12.598495
12.598494
12.598494
12.598493
12.598493
12.598493
12.598492
12.598492
12.598491
12.598491
12.598490
12.598490
12.598489
12.598489
12.598488
12.598488
12.598487
12.598487
12.598487
12.598486
12.598486
12.598485
12.598485
12.598484
12.598484
12.598483
12.598483
12.598482
12.598482
12.598482
12.598481
12.598481
12.598480
12.598480
12.598479
12.598479
12.598478
12.598478
12.598477
12.598477
12.598476
12.598476
12.598476
12.598475
12.598475
12.598474
12.598474
12.598473
12.598473
12.598472
12.598472
12.598471
12.598471
12.598471
12.598470
12.598470
12.598469
12.598469
12.598468
12.598468
12.598467
12.598467
12.598467
12.598466
12.598466
12.598465
12.598465
12.598464
12.598464
12.598463
12.598463
12.598462
12.598462
12.598462
12.598461
12.598461
12.598460
12.598460
12.598459
12.598459
12.598458
12.598458
12.598457
12.598457
12.598457
12.598456
12.598456
12.598455
12.598455
12.598454
12.598454
12.598453
12.598453
12.598453
12.598452
12.598452
12.598451
12.598451
12.598450
12.598450
12.598449
12.598449
12.598449
12.598448
12.598448
12.598447
12.598447
12.598446
12.598446
12.598445
12.598445
12.598445
12.598444
12.598444
12.598443
12.598443
12.598442
12.598442
12.598441
12.598441
12.598441
12.598440
12.598440
12.598439
12.598439
12.598438
12.598438
12.598437
12.598437
12.598437
12.598436
12.598436
12.598435
12.598435
12.598434
12.598434
12.598433
12.598433
12.598433
12.598432
12.598432
12.598431
12.598431
12.598430
12.598430
12.598430
12.598429
12.598429
12.598428
12.598428
12.598427
12.598427
12.598426
12.598426
12.598426
12.598425
12.598425
12.598424
12.598424
12.598423
12.598423
12.598423
12.598422
12.598422
12.598421
12.598421
12.598420
12.598420
12.598419
12.598419
12.598419
12.598418
12.598418
12.598417
12.598417
12.598416
12.598416
12.598416
12.598415
12.598415
12.598414
12.598414
12.598413
12.598413
12.598413
12.598412
12.598412
12.598411
12.598411
12.598410
12.598410
12.598410
12.598409
12.598409
12.598408
12.598408
12.598407
12.598407
12.598407
12.598406
12.598406
12.598405
12.598405
12.598404
12.598404
12.598404
12.598403
12.598403
12.598402
12.598402
12.598401
12.598401
12.598401
12.598400
12.598400
12.598399
12.598399
12.598398
12.598398
12.598398
12.598397
12.598397
12.598396
12.598396
12.598395
12.598395
12.598395
12.598394
12.598394
12.598393
12.598393
12.598393
12.598392
12.598392
12.598391
12.598391
12.598390
12.598390
12.598390
12.598389
12.598389
12.598388
12.598388
12.598388
12.598387
12.598387
12.598386
12.598386
12.598385
12.598385
12.598385
12.598384
12.598384
12.598383
12.598383
12.598383
12.598382
12.598382
12.598381
12.598381
12.598380
12.598380
12.598380
12.598379
12.598379
12.598378
12.598378
12.598378
12.598377
12.598377
12.598376
12.598376
12.598375
12.598375
12.598375
12.598374
12.598374
12.598373
12.598373
12.598373
12.598372
12.598372
12.598371
12.598371
12.598371
12.598370
12.598370
12.598369
12.598369
12.598368
12.598368
12.598368
12.598367
12.598367
12.598366
12.598366
12.598366
12.598365
12.598365
12.598364
12.598364
12.598364
12.598363
12.598363
12.598362
12.598362
12.598362
12.598361
12.598361
12.598360
12.598360
12.598360
12.598359
12.598359
12.598358
12.598358
12.598358
12.598357
12.598357
12.598356
12.598356
12.598356
12.598355
12.598355
12.598354
12.598354
12.598354
12.598353
12.598353
12.598352
12.598352
12.598352
12.598351
12.598351
12.598350
12.598350
12.598350
12.598349
12.598349
12.598348
12.598348
12.598348
12.598347
12.598347
12.598346
12.598346
12.598346
12.598345
12.598345
12.598344
12.598344
12.598344
12.598343
12.598343
12.598342
12.598342
12.598342
12.598341
12.598341
12.598341
12.598340
12.598340
12.598339
12.598339
12.598339
12.598338
12.598338
12.598337
12.598337
12.598337
12.598336
12.598336
12.598335
12.598335
12.598335
12.598334
12.598334
12.598334
12.598333
12.598333
12.598332
12.598332
12.598332
12.598331
12.598331
12.598330
12.598330
12.598330
12.598329
12.598329
12.598329
12.598328
12.598328
12.598327
12.598327
12.598327
12.598326
12.598326
12.598325
12.598325
12.598325
12.598324
12.598324
12.598324
12.598323
12.598323
12.598322
12.598322
12.598322
12.598321
12.598321
12.598321
12.598320
12.598320
12.598319
12.598319
12.598319
12.598318
12.598318
12.598318
12.598317
12.598317
12.598316
12.598316
12.598316
12.598315
12.598315
12.598315
12.598314
12.598314
12.598313
12.598313
12.598313
12.598312
12.598312
12.598312
12.598311
12.598311
12.598310
12.598310
12.598310
12.598309
12.598309
12.598309
12.598308
12.598308
12.598307
12.598307
12.598307
12.598306
12.598306
12.598306
12.598305
12.598305
12.598305
12.598304
12.598304
12.598303
12.598303
12.598303
12.598302
12.598302
12.598302
12.598301
12.598301
12.598300
12.598300
12.598300
12.598299
12.598299
12.598299
12.598298
12.598298
12.598298
12.598297
12.598297
12.598296
12.598296
12.598296
12.598295
12.598295
12.598295
12.598294
12.598294
12.598294
12.598293
12.598293
12.598293
12.598292
12.598292
12.598291
12.598291
12.598291
12.598290
12.598290
12.598290
12.598289
12.598289
12.598289
12.598288
12.598288
12.598288
12.598287
12.598287
12.598286
12.598286
12.598286
12.598285
12.598285
12.598285
12.598284
12.598284
12.598284
12.598283
12.598283
12.598283
12.598282
12.598282
12.598282
12.598281
12.598281
12.598280
12.598280
12.598280
12.598279
12.598279
12.598279
12.598278
12.598278
12.598278
12.598277
12.598277
12.598277
12.598276
12.598276
12.598276
12.598275
12.598275
12.598275
12.598274
12.598274
12.598273
12.598273
12.598273
12.598272
12.598272
12.598272
12.598271
12.598271
12.598271
12.598270
12.598270
12.598270
12.598269
12.598269
12.598269
12.598268
12.598268
12.598268
12.598267
12.598267
12.598267
12.598266
12.598266
12.598266
12.598265
12.598265
12.598265
12.598264
12.598264
12.598264
12.598263
12.598263
12.598263
12.598262
12.598262
12.598262
12.598261
12.598261
12.598261
12.598260
12.598260
12.598260
12.598259
12.598259
12.598259
12.598258
12.598258
12.598258
12.598257
12.598257
12.598256
12.598256
12.598256
12.598255
12.598255
12.598255
12.598254
12.598254
12.598254
12.598254
12.598253
12.598253
12.598253
12.598252
12.598252
12.598252
12.598251
12.598251
12.598251
12.598250
12.598250
12.598250
12.598249
12.598249
12.598249
12.598248
12.598248
12.598248
12.598247
12.598247
12.598247
12.598246
12.598246
12.598246
12.598245
12.598245
12.598245
12.598244
12.598244
12.598244
12.598243
12.598243
12.598243
12.598242
12.598242
12.598242
12.598241
12.598241
12.598241
12.598240
12.598240
12.598240
12.598239
12.598239
12.598239
12.598238
12.598238
12.598238
12.598238
12.598237
12.598237
12.598237
12.598236
12.598236
12.598236
12.598235
12.598235
12.598235
12.598234
12.598234
12.598234
12.598233
12.598233
12.598233
12.598232
12.598232
12.598232
12.598231
12.598231
12.598231
12.598231
12.598230
12.598230
12.598230
12.598229
12.598229
12.598229
12.598228
12.598228
12.598228
12.598227
12.598227
12.598227
12.598226
12.598226
12.598226
12.598225
12.598225
12.598225
12.598225
12.598224
12.598224
12.598224
12.598223
12.598223
12.598223
12.598222
12.598222
12.598222
12.598221
12.598221
12.598221
12.598220
12.598220
12.598220
12.598220
12.598219
12.598219
12.598219
12.598218
12.598218
12.598218
12.598217
12.598217
12.598217
12.598216
12.598216
12.598216
12.598216
12.598215
12.598215
12.598215
12.598214
12.598214
12.598214
12.598213
12.598213
12.598213
12.598213
12.598212
12.598212
12.598212
12.598211
12.598211
12.598211
12.598210
12.598210
12.598210
12.598209
12.598209
12.598209
12.598209
12.598208
12.598208
12.598208
12.598207
12.598207
12.598207
12.598206
12.598206
12.598206
12.598206
12.598205
12.598205
12.598205
12.598204
12.598204
12.598204
12.598203
12.598203
12.598203
12.598203
12.598202
12.598202
12.598202
12.598201
12.598201
12.598201
12.598200
12.598200
12.598200
12.598200
12.598199
12.598199
12.598199
12.598198
12.598198
12.598198
12.598198
12.598197
12.598197
12.598197
12.598196
12.598196
12.598196
12.598195
12.598195
12.598195
12.598195
12.598194
12.598194
12.598194
12.598193
12.598193
12.598193
12.598193
12.598192
12.598192
12.598192
12.598191
12.598191
12.598191
12.598190
12.598190
12.598190
12.598190
12.598189
12.598189
12.598189
12.598188
12.598188
12.598188
12.598188
12.598187
12.598187
12.598187
12.598186
12.598186
12.598186
12.598186
12.598185
12.598185
12.598185
12.598184
12.598184
12.598184
12.598184
12.598183
12.598183
12.598183
12.598182
12.598182
12.598182
12.598181
12.598181
12.598181
12.598181
12.598180
12.598180
12.598180
12.598179
12.598179
12.598179
12.598179
12.598178
12.598178
12.598178
12.598178
12.598177
12.598177
12.598177
12.598176
12.598176
12.598176
12.598176
12.598175
12.598175
12.598175
12.598174
12.598174
12.598174
12.598174
12.598173
12.598173
12.598173
12.598172
12.598172
12.598172
12.598172
12.598171
12.598171
12.598171
12.598170
12.598170
12.598170
12.598170
12.598169
12.598169
12.598169
12.598168
12.598168
12.598168
12.598168
12.598167
12.598167
12.598167
12.598167
12.598166
12.598166
12.598166
12.598165
12.598165
12.598165
12.598165
12.598164
12.598164
12.598164
12.598163
12.598163
12.598163
12.598163
12.598162
12.598162
12.598162
12.598162
12.598161
12.598161
12.598161
12.598160
12.598160
12.598160
12.598160
12.598159
12.598159
12.598159
12.598158
12.598158
12.598158
12.598158
12.598157
12.598157
12.598157
12.598157
12.598156
12.598156
